4.4529052518913303516 -9.3171672821044921875
4.6235192343100806056 -7.2125356070710466838
2.3317508976461027714 -5.5480162633085727819
4.058524102491997354 -2.9944785083372877921
2.6744649416028671851 -1.2695793837854303376
2.0615733945801970606 0.76468844075087005763
0.1098079136783951526 1.9518835646013918961
-0.31591784369631170648 4.2652441809009751239
-1.3118555993745673049 6.3300940641486480587
-3.6390052752610149156 6.8714379453939038456
-4.8134291020969328656 9.0205451995303391755
-7.4884014640127176676 8.4541760025767089815
-9.5446669839726592244 8.7058830068462391694
-11.105116778329882976 10.892030377373309591
-13.375500765840714124 9.9514201560308066519
-15.400712966918945313 -1.0140357358964298129
-16.030563135935871344 -3.3245392597667615675
-16.317673958096509779 -5.0031996111955825413
-17.341121539455802036 -3.3452106714922553721
-18.216364465201561273 -2.9931140008640237937
-19.846216752588272669 -1.6173263944826352656
-19.983984477433523352 -3.0088364157699807322
-21.216006085570171535 -2.858633542269650718
-23.224304874709368107 -2.2727722178442633094
-31.482915875972494746 2.3672348756013583682
-34.54754176734154214 1.7372612203944051146
-33.33269119505764877 -1.3333352615427500609
-34.14851711254808464 -3.225635451589904612
-32.71251434993720153 -5.6374304626651561279
-34.237607198911732098 -7.3373299075127551561
-35.339183674495160403 -9.3171672821044921875
-36.738206302278328508 -11.559828214695897941
-36.288396164432143109 -13.75698019390607918
-35.301879573515471122 -15.783449105306299742
-33.44937708034815671 -17.352949916661888352
-34.03377417300853125 -20.074972007255858841
-31.740833185901394131 -21.188956095039714
-25.238404987429362336 -18.175062170186819799
-23.062650395092173738 -17.826611571773771203
-21.603893417097260965 -17.855113849464949283
-20.447943784281751078 -18.059229641945030664
-18.991822489926896367 -17.38293023956663319
-17.538478072865590462 -15.896530853096706437
-17.509368979372652575 -19.23761244731348441
-16.19660118285615269 -16.889505776133049153
-15.400712966918945313 -17.969861406362241496
-13.371018804297728266 -28.628395840778978254
-11.103492790585320904 -29.534004220126771401
-9.2524139949661403648 -28.239679483290856865
-7.2052205132779789665 -27.72454638103172897
-5.0886882084746627442 -27.178117034492203175
-2.7414224985092552345 -26.741188448662089883
-1.234769795689587113 -25.050040077336859667
0.26347721790373768158 -23.421268437412791741
-0.87890408249971585519 -19.8678758862670648
2.9347444765211072593 -19.903148689930617365
1.5412326240463762872 -16.860206416979877986
3.750139226188334618 -15.539655505380777001
3.0710970297528419337 -13.243470250036732949
2.7844932164960063403 -11.228509528139777984
