-80.881582074723056053 -97.156915954547912406
-81.063097257282620944 -95.791093189885614834
-82.066373138570995138 -94.800300587164016974
-82.663101592857259448 -93.792398696468950448
-82.030733987924506323 -92.557082508867921433
-81.873747076402906941 -91.36598890993518296
-82.420906209992352842 -90.100330897424967702
-83.044222215079770422 -88.750892359956367272
-83.831843840144387059 -87.549272628382624362
-84.964903209444642584 -86.60516735852034742
-85.523708096738317863 -85.280971352784703754
-86.268807079874434862 -84.106107677954980772
-87.263293086358771689 -83.126753702551098968
-88.290457489926438939 -82.245674217365802861
-89.402521824926949989 -81.416874500048450614
-90.489615085281045026 -80.714801462876977212
-91.500046284240909245 -80.146825288951276889
-92.788346447425553265 -79.98549177738941296
-94.284898689767402402 -79.854685800000623885
-95.462304211866396031 -79.057019454307550177
-96.501155735985705064 -78.323331489702610497
-97.722888129269918522 -78.148625539493352221
-99.001020074121413472 -78.14919619735916001
-100.07187692357015862 -77.870813050920773435
-101.03379975640714861 -77.859363427564488802
-102.01656717585470346 -77.895484646085151326
-102.98978807019021531 -79.036208346792335533
-103.97796394278609 -80.164109903316870032
-105.15750004534159245 -80.388375172965893967
-106.53241945698017901 -79.898100280015640351
-108.00260989935104305 -79.922018470534794687
-109.50399125173254333 -79.93393810343837913
-110.59251170119696894 -80.424395462524074674
-111.58079776193397947 -81.018167669990958757
-112.37974430177435181 -82.151666111186898434
-113.52821810209279363 -83.09755852262573228
-114.8736638804424075 -83.804925942907019021
-115.918902990361957 -84.775808254356562088
-116.82060045324351449 -85.897711424615636133
-117.50109414042402989 -86.868510960662860043
-118.01399704172524707 -87.691185962971857748
-118.45283491589763969 -88.474238572174314754
-118.89858130973996708 -89.366208703541403224
-119.10147645144996886 -90.725007816027158469
-119.2158755243075916 -92.100064819102811953
-118.59973656786840479 -93.400315825311636786
-118.61164868617335344 -94.634914494308006283
-119.51244672171492311 -95.831142500590331679
-120.33000919762437775 -97.136552105490380882
-120.7820468578985782 -98.449862057871314391
-120.70837968969109966 -99.671834061933537896
-120.5445808665998868 -100.98654864081376559
-120.27310668106319724 -102.37896033390433104
-119.90683192615883002 -103.73816716142880523
-119.47357055467347209 -104.99612544578573647
-118.96441382075789761 -106.20774419897550445
-118.4307136826066511 -107.28305490914189591
-117.86292640246966812 -108.27627624876656398
-117.17113161749873029 -109.33329800712125746
-116.34924174731682456 -110.4251140939329332
-115.45928774494640834 -111.45331847972255446
-114.45799344599573999 -112.45953397577103772
-113.33814705886146612 -113.43236393600331269
-112.13576467947679305 -114.32883122874848425
-110.89135472372358038 -115.11995518697116836
-109.64037724458827938 -115.79347070041347934
-108.19774340414166147 -115.78133827033215653
-106.85052393664912529 -115.56588036100241368
-106.11543989491455875 -116.44929963741607537
-105.53684665740375692 -117.28660653999229169
-104.8046476336430004 -117.45097544965048542
-103.91480458688219812 -117.61239701945721947
-102.78878537601798371 -117.46635026868518992
-101.49464529192471218 -117.84549881529486015
-100.17507459806274994 -117.8484067802948374
-98.821306663474231868 -117.29763520529539278
-97.439960895458696655 -116.85832087338158658
-96.813198963473254821 -115.88135163475699585
-96.81965303447958604 -114.38826780215067913
-96.856302341130401601 -112.87055727514486136
-96.892951647781245583 -111.3528467481390436
-96.916390505617016515 -109.83789840713519936
-96.88865830142505331 -108.33364947485071639
-96.812246001796964379 -106.83396133058964494
-96.530039922367677718 -105.38122776595584185
-96.116758878565249802 -104.0241686391987912
-96.08344024391072935 -102.59361257908079779
-96.634771089680171485 -101.32641538888938726
-96.949152379411771108 -100.61520218198471355
-95.86732539074172621 -101.00306543363846856
-94.499003619617170102 -101.61065793762527676
-93.734418034619409354 -101.56213733131902188
-93.160887396989195963 -101.07187687866189663
-91.745515050268323876 -101.21818503175090598
-90.249481712371277808 -101.42107950954437001
-88.750928382590956289 -101.48979747776510862
-87.249658186561561024 -101.41385639660269646
-85.75165535321205823 -101.31620307655902025
-84.353131006422643168 -100.92783313689467661
-83.111878495708594983 -100.10059826459978183
