114.69480342121440231 96.878550546004973398
114.51328730842125481 98.244369128913618283
113.51000797443803947 99.235161121094606074
112.9132777976828379 100.24306312683150111
113.5456484252232201 101.47837906315528755
113.70264024688869142 102.66947482656765089
113.15547930044255054 103.93513628954340788
112.53216328325551387 105.28457665174393298
111.74454165790257321 106.48619642679324215
110.61148228860230347 107.43030169665547646
110.05267740130865661 108.75449770239116276
109.30757841817244014 109.92936137722080048
108.31309272402943122 110.90871506580342043
107.28593001133569373 111.78979323387980571
106.17386615701315122 112.61859283459490655
105.08677112493711547 113.32066716435862475
104.0763392295364298 113.88864375797271578
102.78803903658548791 114.04997637217363149
101.29148673539489778 114.18077822756563933
100.11408123064347819 114.97844210401088105
99.075230661140651023 115.71213736804148198
97.853493444717003058 115.88683997278559445
96.575359727190516423 115.88627243211357154
95.504505953581784183 116.16465609852811269
94.542586628660302495 116.17610563838893256
93.559822741885767527 116.13998468047394397
92.586603058914079156 114.99925928826461075
91.59842390939657264 113.87135385458734049
90.418885737808523118 113.64708641893570018
89.043966146597412603 114.13736192607126441
87.573775636416016255 114.11344771911171847
86.072394248411953299 114.10153079180018665
84.983873609996180676 113.61107348759618674
83.995586199805003957 113.01730040080110484
83.196640006148541602 111.88379738312133327
82.04816276789752294 110.93790860714609892
80.702721699406808398 110.23054314297111489
79.657484601606412866 109.25966322222599558
78.75578538026275055 108.13775808016420399
78.075290340324812632 107.1669565476242667
77.562386840610500371 106.34428035506235233
77.123549466837758359 105.56122838374741946
76.677803762118784903 104.66925944282492367
76.474909025372795668 103.3104577851652266
76.360511462247572467 101.93539729269083693
76.976653925890389019 100.63514607231287812
76.964739642668561714 99.40054750977181186
76.418332067220958947 98.365962064558715383
77.329511968604862204 97.84674947574643511
78.804097065348187812 97.51229813655740486
80.28103704274086283 97.178619049195418711
81.75797702013355206 96.844939961833404141
83.234300672267409027 96.511091927775154886
84.209551888955957111 96.0398902296684156
83.725468196125149234 95.06382342342112679
83.63203131974836424 93.707950444671496371
84.324379267221374334 92.446251339632723898
84.603717670298564713 91.334427995495360619
83.971145270852815656 90.122300197595833993
84.247388692874565663 89.035103101080721899
84.389958839519536582 87.742640087633404278
83.919887582382386881 86.306182070250414995
83.243213589552780718 84.96337101533251257
82.531768850675831573 83.638270822474353849
81.82076839163049442 82.313255707990350629
81.568063736893350324 81.167672623545641386
82.552180299949853293 80.355317950747746636
83.771494018660590086 79.4835708537025738
85.016593401222081638 78.725734274905960319
86.289386463747604239 78.127098523553769382
87.767636335399089376 78.351028407601560843
88.990761264270801689 78.36097308062117861
89.578939262585436154 77.20675509476740217
90.229871222997985569 76.703353812697685044
90.989973818351515433 76.541049377068674175
91.928581132336461224 76.38269403577763228
93.124289710613354032 76.543968900994826754
94.435712381441248908 76.180642132710175929
95.75013993257445577 76.277905793634005249
96.67551656022439488 77.24800060104161048
96.819714216705136778 78.675853114155628987
96.823420007274762611 80.183774445226603689
96.827125797844345811 81.691695776297578391
96.830831588413943223 83.199617107368567304
96.834537378983526423 84.707538438439542006
96.8395637806016083 86.216364007666882685
96.851933360137564932 87.73021753851099902
96.97418198955804769 89.121033793773904108
97.937087981222205713 89.438361006469392578
99.381458760890296844 88.917438338429150235
100.81347888666135759 88.686329906387442179
102.17540393965880696 89.033607683063252125
102.39642749788134779 90.009958743809619364
102.71936981828008584 90.597398014929837018
104.05276216432133651 90.181712583290831731
105.48853727298070737 89.665084970204347314
106.93490875853674993 89.206293288635293948
108.42232562166009302 88.971530788855801575
109.92465532697475794 88.818163857403064299
111.40820342035233637 88.765754558026458199
