-77.775907331070683881 -84.168131164508864117
-77.957422513630262983 -82.802308399846523912
-78.960698394918665599 -81.811515797124940264
-79.557426849204901487 -80.803613906429887948
-78.925059268565220805 -79.568297718925705908
-78.7680724970544901 -78.377203641122790145
-79.315236792187860715 -77.111546128623260188
-79.938551080901888213 -75.762107518020727071
-80.72616941944066582 -74.56048581424438737
-81.859229011645339824 -73.616377112830861051
-82.418037435442741412 -72.29218326592133792
-83.163133921876251975 -71.117321213451106132
-84.157615991600863481 -70.137971071519302768
-85.18478068297434902 -69.256891079365232144
-86.296847773903849088 -68.428089230242065355
-87.383943246239454083 -67.726014927472164118
-88.394377024689916311 -67.158037622096088626
-89.682677300516928653 -66.996700338691098864
-91.179226436819035939 -66.865898242927102046
-92.356629595262518251 -66.068231822160143452
-93.395482934858264912 -65.334546273098567326
-94.617217343499945059 -65.159833171199295521
-95.895351013544697594 -65.160405140529022106
-96.966204891403307897 -64.882028163350085492
-97.928124111268914476 -64.870578626572040548
-98.910887747902776823 -64.906699568415149315
-99.88410779362514802 -66.047416355811449762
-100.87228712477080705 -67.175317700008108091
-102.05182530733188173 -67.399585351319856841
-103.42674401965990683 -66.909313547983074955
-104.89693071962084048 -66.933228982446905775
-106.39831161852312391 -66.945145885574987688
-107.48683291133981754 -67.435608397571655814
-108.4751210836678581 -68.029381640355424565
-109.2740708171031514 -69.162880596596608029
-110.42254801660151031 -70.108773666773458899
-111.76798905581705412 -70.816141031388298188
-112.81322521719167185 -71.787019960989070455
-113.71492266713956099 -72.908922556889862676
-114.39541847834108523 -73.879724774071831916
-114.90832345865631225 -74.70240313905216567
-115.34716128083367437 -75.485455868734987916
-115.79290688141662713 -76.377424585914269528
-115.99580174443937608 -77.736223029882381752
-116.11019934988682678 -79.111280062714030237
-115.49405695664539451 -80.411531151592726019
-115.50597124420809791 -81.646129810000502403
-116.4067764341686626 -82.842357707042523884
-117.22433748263804887 -84.147767166160818419
-117.67637218627397999 -85.461074835419907458
-117.60270554746655591 -86.68304266806104863
-117.43890729467590006 -87.997756452696378915
-117.16743336783480345 -89.390169379849808706
-116.80115905683865662 -90.749376278177123822
-116.36789712162621413 -92.007337225526555358
-115.85873952334196701 -93.218958437695306429
-115.32504010490306712 -94.294267936942475217
-114.75725401471341058 -95.287487598232047503
-114.06546007558594624 -96.3445086468283165
-113.24356925530997842 -97.436326516319454072
-112.35361418935431743 -98.464532407853084806
-111.35232170622025194 -99.470746374093906184
-110.23247644383603472 -100.44357581979862459
-109.03009357958990222 -101.34004392893432112
-107.7856827146101466 -102.13116879687242999
-106.53470189651564226 -102.80468620860045803
-105.0920635054604162 -102.79254586113970049
-103.74484765319971302 -102.57708798621949597
-103.00976504004529488 -103.46050725182570318
-102.43117364046008788 -104.29782132815370232
-101.69897356870772853 -104.46219052056950716
-100.80912730299294822 -104.62361263113321286
-99.683104808636457506 -104.47755877808677383
-98.411619895734844476 -104.85590361110249091
-97.464090619726007958 -104.59656292130050304
-96.895428026761706519 -103.27088360610160578
-96.347070539620204954 -101.88983419227766092
-95.515433325879811832 -101.33699029406854208
-94.257645815126195998 -101.84071211015626091
-92.874653672982432795 -101.68643322173026888
-91.414447424141286547 -101.51815142759326704
-89.910041116143915474 -101.69596745350000333
-88.383663348907745672 -101.93368050914217804
-87.053005711406399314 -101.80893214596397911
-86.076682487168113767 -101.15541061906085929
-85.030558794098766384 -100.35657173195565406
-83.955582753605312973 -99.412121359858758751
-83.015289833869388758 -98.463058712205054235
-82.425796580371738287 -97.723942450928689141
-82.846769613389454889 -96.31272716814891055
-82.459865567880768822 -95.500228566786290685
-81.055781019012471234 -95.439302352492475734
-80.403640723503627896 -94.936374176606278752
-79.997153066822733081 -94.2037315067826313
-80.401011141451093067 -92.91272255694030946
-79.834383377042613006 -91.891496233798534377
-78.871377047416245887 -90.95714927167558983
-78.971150101568440505 -89.593523409546378389
-79.301992498246960395 -88.090485738175019037
-79.207164762172254768 -86.675267165159979754
