-20.190956518738552461 -5.3261976242065429688
-20.020342059614314678 -3.2215657095017542488
-26.770875919789915542 -2.5047868422984778114
-24.561895644688686247 -0.29556995069436897694
-25.195730208765162672 1.2849340706353489239
-24.858221518121972338 3.4416463980192748551
-25.669820983891224131 5.1176691496667530146
-24.959779254307729701 8.2562138361439014744
-25.955717615371696638 10.321063728303204954
-28.282867284389183737 10.862407603349762297
-29.457290896978882699 13.011515825104542188
-32.132263690910036757 12.445146604990746653
-34.188526923072728891 12.696853643053543692
-36.118137297700513955 13.146244665012588371
-38.236322513282182456 11.878149360771629972
-40.044574737548828125 13.985964264103568411
-41.831519861759566936 11.675460740259570258
-43.301574084389159225 9.9968003768795377084
-45.562029157832483861 11.654789196241672755
-47.761759494531787595 12.006885940423977388
-50.554186542103380475 12.876983912961328826
-51.430586446096612008 10.345306653558637322
-53.104269915664367829 9.1780656377912155364
-55.159832691596520249 8.2836423692687741749
-56.126775743938267738 6.3582047654701874251
-59.19140549015627073 5.7282309198430532149
-57.976554868004498644 2.657634526865805924
-58.792376978446526437 0.76533419825315363028
-57.356378021217821583 -1.6464606540467880968
-58.881467064609623208 -3.3463600341890575862
-59.983047352473676028 -5.3261976242065429688
-61.382066167649711019 -7.5688580600744597149
-60.932259834860445835 -9.766011525203404986
-59.945739428369961388 -11.792479473343245644
-58.093240758798835088 -13.361981211377756296
-58.67763788712199613 -16.084002286770346046
-56.384693038197156056 -17.197987405936316918
-55.65720333730882885 -19.383871176593046926
-53.721267401596982438 -20.515706127069773146
-52.05828297295087026 -21.861652252413566799
-50.367446129723198567 -23.205933311727118706
-48.127183213260202876 -23.480033355987707466
-45.70391232350982591 -22.743858919893757076
-44.572149277217050667 -26.62676308433596617
-42.070981466872240162 -24.606140508387461807
-40.044574737548828125 -25.796058076894464506
-38.014883350661186512 -24.637427127591070786
-35.747353583525189435 -25.543035510798446808
-33.896273865738834274 -24.248710781501340961
-31.84908275577700465 -23.73357385989892876
-29.732549966219384174 -23.187146415480686557
-27.385284554409704327 -22.750219778478413701
-25.878631840203187409 -21.05907140504618269
-24.380384160899055246 -19.430297787858446412
-25.522765921632228014 -15.876907112251688048
-21.709118140798327801 -15.91217905320616488
-23.102628885259001379 -12.869237661308694953
-20.893727554492272702 -11.54868585751781751
-21.572764730059443394 -9.252501494920283065
-21.859368081993082455 -7.2375394380875812672
