5.0908399366447500967 -7.4837851524353027344
5.1337926913438760579 -5.9088270581363762091
3.1695099220037121768 -4.7162039117362688501
5.4381043757354934343 -2.5160766518420345506
4.8042697857610363599 -0.95886768966474278386
5.1417784858464532505 1.1722610533161681445
4.3301789968093267191 2.8193946591708485272
5.2218995455317376297 6.0878545255621006049
4.2379195089401751062 8.1634757307401599746
1.9107700866304604403 8.704819598315516771
0.73634632518995601913 10.853927828574139625
-1.938626313810438262 10.287558597237264735
-3.9948913535545163001 10.539265603609933919
-5.5553416816722140936 12.725412035931299215
-7.8257251522122572851 11.784801807475975721
-9.8509368896484375 14.002178634831107473
-11.854845636455500824 11.582113206104200032
-13.477098255857990594 9.5759678577175861847
-14.725374431669665753 7.5181944443977197778
-14.780451590024622277 3.5880927038527978823
-15.509611588687640449 2.3173324243566373326
-14.630308827059694821 -0.90554003687588835447
-14.67708493380520629 -2.1238015587194079004
-15.638353090883525098 -2.2727722414879849566
-16.61238862107298786 -2.5713020240817625606
-20.309428368105365337 -1.4455713853657492507
-20.705774298575274628 -2.6509005585196696586
-28.598746747961609316 -1.3922536507357206048
-27.16274016494821808 -3.804048500529349397
-28.687831121641227838 -5.5039477778435657029
-29.789409504573281851 -7.4837851524353027344
-31.188430228614098638 -9.7264455738781094851
-30.738621993526752618 -11.923598545701144857
-29.75210923708740296 -13.950067394624458217
-27.899602913053605846 -15.519569211603098324
-28.484000023574719052 -18.241590318937468851
-23.796848167680984432 -17.616085885763201446
-21.72479966381885319 -18.175062398764936233
-19.16365783843665227 -17.826611588164158917
-17.386144717740400267 -17.855113891160549144
-15.95666985365467383 -18.059229671171756593
-14.947877214468050511 -18.931708757010405009
-14.479001534300589782 -21.727511052023352534
-14.378510403210466251 -28.784350151123433648
-11.877342698813036392 -26.763729463605070436
-9.8509368896484375 -27.953645128286066068
-7.8212431829132658123 -26.795016093093529719
-5.5537177007287477082 -27.700622574466315484
-3.7026383886638063458 -26.406299735900507386
-1.6554453916564071392 -25.891162821730222987
0.46108726287866907967 -25.344733471407220549
2.8083528100936323568 -24.907806834636055271
4.3150052831991683178 -23.216658464759582614
5.8012946477551725621 -21.57711590813017466
3.3414671204086356937 -17.06862613291731634
6.0149496153227026696 -16.643957080033203511
3.6710374660496967181 -13.504154989090313421
5.1297194891553186125 -12.351293372584082775
3.9088560552127429304 -10.408518813921924462
3.2947666728945019798 -8.865454300617690464
