81.327398597216543408 65.809502514637216564
80.363670188449432885 67.000119030134982268
80.603317348812751675 67.999729595510615354
82.044822033631731983 69.075002068345696671
83.470446395356006519 70.206022899642832158
84.860348878275175366 71.380722181742569887
86.180700138694035672 72.57710666541625244
86.480570622727483965 74.061208106400286511
85.513250642591657424 75.459624728298066998
84.313276085686894135 76.696696574314856321
83.68160637879385888 78.30808194206761641
82.514838603458414923 79.511353789148813576
81.288625406798132644 80.582848983701936163
79.955052083852152123 81.567462908247605924
78.90879074942075988 82.228657681210549413
78.267424645038914832 81.691662671581056543
77.277481827676140824 80.172897647338388083
76.287539010313352605 78.654132623095762256
75.297596192950592808 77.135367598853108007
74.307653375587804589 75.616602574610482179
73.317710558225030582 74.097837550367856352
72.326145633833462512 72.580217020853723398
71.267465871355398122 71.122195048894610636
70.319029654371291826 70.645033353312655322
69.569899255888174139 70.507743979127880607
68.950277450770130372 70.992294789388679987
68.548429503895135895 70.766348723034752766
68.252404307487992696 69.050031540174572342
67.807519376942849476 68.602585458690143128
66.752766266335882506 69.936770830928196574
65.452015908910240682 71.266492905619514886
64.23719436396487481 72.627363872973901948
63.061693365551349189 73.998834827005467218
61.890124509921875529 75.371351308342767084
60.718555654292380552 76.74386778968008116
59.546986798662906892 78.116384271017366814
58.375200431945394541 79.487326327308267082
57.120379207377041553 80.25723162212628381
55.61853718643230593 79.53338395676578898
54.101026811018101625 78.612953400305869422
52.979882783587342487 77.296520836286134681
52.10142297243633891 76.0780468365277045
51.521006973396325179 75.151766996595725345
51.201387661195362 74.588635884876140381
51.964132572806072119 73.524456164936012215
53.13420120857037432 72.177755273254618373
53.659418095476183908 70.541880941099236679
54.432803542938728469 69.018259324873000082
55.114848154057000329 67.684677432741722214
54.245796317341863357 66.287076302230332203
53.047464310867503912 65.006687898110243395
51.426572911943708277 64.269532222065208771
49.727589166409217114 63.628768912329661589
48.852048176657049794 63.007077154142884012
49.007783479507025959 61.814465682856507556
49.34777388513724361 60.156396432599102297
49.815617090682941637 58.565661487444586442
50.384374918829067269 57.086692328446659417
51.023644544389327393 55.742669392866048383
51.702088961289035751 54.545537170188239884
52.413543558967468527 53.46516260583951663
53.92983223592185027 54.029108509811152317
55.490561458856433319 54.956483400311995524
57.051290681791002157 55.883858290812824521
58.612019904725585207 56.811233181313674834
60.172749127660139834 57.738608071814510936
61.776475011311589469 58.571767957755973555
63.535331875490328457 58.881166109274658993
65.3025717211286576 58.721468623197587533
66.693098518789398099 59.258247526374788094
66.953022178337832315 58.196837329204605282
66.914898659084201427 56.550325578058973974
67.581853231906023893 56.500650383624154927
68.064773158855047086 55.590053921006372661
68.252221814042982828 53.791177742694337383
68.437924206808048666 51.98708130522638271
68.631546340133894546 50.199206568603941037
69.317075168032317833 49.407694101915630824
70.79770614959983277 49.549543418818188911
72.365530219726309724 49.051198370599955467
74.069302427000877742 49.35505773579242117
75.901931750925058395 49.22479941559225125
77.710680953522256686 48.889708385030310467
79.45484199796489122 48.326931865156183221
80.470064350748103266 48.791243755860016051
81.662680229935318721 49.724163217102699264
82.917577290974122661 50.880047166410832915
83.842086405078532607 51.87271594814794895
83.650943259922613038 53.328263317809806665
84.036469952314732268 54.36145221514274084
85.724851487751337231 54.431279276246215204
86.206050408701031529 55.233202428296294784
86.169986342393656287 56.478360520166638992
86.441195619658302007 57.827070264793370313
87.554675842508430605 58.959909689265572297
87.271536973840852625 60.541232927312648826
85.952377249449213537 61.580049871085371649
84.265157247786774519 62.264605057108056485
82.574169996612852174 62.945534227186485055
81.130303964866584465 63.699927440741852536
