-12.802340320948028207 -6.9742455186116503185
-12.983857201075629462 -5.6084223458560433784
-13.995968439178431808 -4.6181702586458248661
-15.162529699829777385 -3.6451091596851030729
-16.272854543308184816 -2.6738204332147081921
-17.656949771527788329 -2.4214181032797839066
-19.167378136155779345 -2.4887903620359113077
-20.679103806124864207 -2.549756083373040827
-22.192439318378756496 -2.5176559165669996077
-23.709834752100093169 -2.4561383342589997447
-25.052377348965492843 -2.3850483192560703039
-25.175771981396557919 -1.4742632985379537924
-24.687220246470943152 -0.025923653687306261878
-24.479324814655491593 1.4549331662337958715
-24.789682501041795604 2.8807373930645527871
-24.773129507324224363 4.3668210137049765507
-24.558650187994292224 5.8861527999011657997
-24.667279797064214364 7.3818987922931489365
-25.203909907093297704 8.7917635100672324455
-26.19662738270643132 9.874417532803365205
-27.263115212252049702 10.950291754863435756
-28.269063934996633947 11.825146106086901199
-29.465149101278601762 12.059543331158721458
-30.768134312541793207 11.963435656932940532
-31.856887574391986817 12.306512583482707157
-32.829156666422456112 12.324437161688763354
-33.800213528731468671 12.295132083468949702
-34.780955179056988413 11.305235922410796334
-35.76146606752356405 10.143558605774705583
-36.905117053369778546 9.7488240094943456882
-38.264419643889695521 10.239669018448374516
-39.723427200780221824 10.284494908486989218
-41.224933255285627354 10.228738782803130647
-42.380076529360373172 9.8324932078350713027
-43.367548972883938063 9.2496180498074096477
-44.183113079640698118 8.1867357079754192739
-45.277385180985774582 7.1934336058993002538
-46.613385176812542454 6.4665735578001735107
-47.713195228820850957 5.5516928516607446653
-48.630708325195527664 4.4318443036467751739
-49.344134558097003662 3.4314337356453883388
-49.87236426889694485 2.5964445699772653597
-50.316125478336395815 1.8158058777196153244
-50.756206825950130224 0.94980289742475498826
-50.970783100803991772 -0.35429980980333120044
-51.175875009725707798 -1.7392951579810336238
-50.602324151390838836 -3.046900528643530226
-50.454698694885024679 -4.2932275853628860673
-51.309759471338701076 -5.4838897804837980487
-52.148704527694782485 -6.7754498437359984564
-52.707093881145652858 -8.0981849376552830222
-52.643330371964054848 -9.3259157601751940803
-52.493628900734449871 -10.619707598244279012
-52.235772767162039543 -12.011734906107095711
-51.880901564251253433 -13.379304238132895932
-51.456176374939602169 -14.649427972305741008
-50.95619949544244065 -15.86871349760628469
-50.422747535497265403 -16.965754347309022876
-49.865037548130246137 -17.959109682346500847
-49.192703463203599767 -19.00536006383407539
-48.384201402576053397 -20.099730362783162718
-47.503632756843373386 -21.136078506988180692
-46.519928031831454973 -22.14342932677574538
-45.413669630988081849 -23.123731217653848091
-44.220736813238801233 -24.031836866142185727
-42.977929210120137782 -24.839185382551193015
-41.728435720788340291 -25.527278016438913255
-40.3144385517551882 -25.639766291948550503
-38.924438844308184571 -25.367076407169324881
-38.101452848957187314 -26.088463152609151052
-37.553842809812280734 -27.080174359938862239
-36.829166742456195038 -27.246762101994818295
-35.964482152812763616 -27.408907696519190011
-34.87475630718802222 -27.307176795978708839
-33.592234721914891793 -27.611688752344868192
-32.272825504285933107 -27.670404221677149081
-30.936664449900248997 -27.278236543118886459
-29.550764391799457798 -27.423870962618540403
-28.266514357148725622 -27.174999398338979262
-26.909696840196083656 -26.815183283233896105
-25.727207002926864021 -25.822427429530868892
-24.973746327823693747 -24.591598377120988062
-24.795586202550786936 -23.098071907709826434
-24.627949309715386761 -21.58559597920304185
-24.234896228253958839 -20.130819278837343234
-23.447912029423505942 -18.89506226356077434
-22.145560378390477752 -18.312280505494193505
-21.089444689628994212 -17.696350243179303163
-20.594624085707028627 -16.664980792002658916
-19.401543567325312267 -16.715219428123962331
-17.956263244384718547 -17.134525427207289994
-16.510672712582426414 -17.55428538368665059
-15.412809440921918736 -17.71279601834885753
-15.095566278361463475 -17.019306790507197746
-15.465030095406614663 -15.655244654127111303
-14.784046074269868498 -14.641806911451023865
-13.871499229309224077 -13.685701839772535848
-14.024297403947786123 -12.299830135518261542
-14.34231263846378468 -10.796855962807503815
-14.196729419995243404 -9.3959837504100409689
