2.2729688428947483203 -9.6026964187622070313
2.4435825868073060008 -7.4980647428951820999
0.15181461123400552538 -5.8335454158453323714
1.8785827946811117783 -3.2800078488406274602
0.49452859379544378271 -1.5551085240020174894
-0.11836310595791132982 0.47915930779031690179
-2.0701284816783722675 1.6663544091700828176
-2.4958543773039529867 3.9797148118239569214
-3.4917922690198466285 6.0445644706698615778
-5.8189414459623129972 6.5859083319886124741
-6.9933655652253641222 8.7350165709628200261
-9.6683383075150999275 8.1686478007461786888
-15.59713722096639188 -3.4980793095276565552
-15.933559236415671734 -1.8537553603646070854
-16.899479379591276995 -3.121850601715492779
-17.580643809466216965 -1.0140357358966447521
-18.240505446945146417 -3.3245393067477397864
-18.55829970699814524 -5.0031996892955215017
-19.613827104616021302 -3.3452108297396190295
-20.52341937703813457 -2.9931141754751671158
-22.190998269282218303 -1.6173261872623161395
-22.3713634449318306 -3.0088366154756327475
-23.653027506466241192 -2.8586336911991114818
-32.695904456453121156 4.0071433501629076801
-33.662851331294760371 2.0817057389436435244
-36.727481137919227194 1.4517319095648737459
-35.512630453370491068 -1.6188643719067989935
-36.328456376326371924 -3.5111648074576224943
-34.892453600981468753 -5.9229595100512426598
-36.417542654233997723 -7.6228590441704699998
-37.519122944514691653 -9.6026964187622070313
-38.918141757600594133 -11.845357351353612785
-38.468335432484636272 -14.042510293492302509
-37.481818847421067176 -16.068979183678241185
-35.629316347001690701 -17.638480014554072994
-36.213713546591726811 -20.36050001086172756
-33.920768636745421531 -21.474486191535511637
-33.193275071574639412 -23.66037001899159975
-24.985492378340566688 -17.826611610048534118
-23.576377951750284723 -17.855113888676456213
-22.463026998544521007 -18.059229698944207598
-21.044629379084636156 -17.382930224023844801
-19.625636863515801167 -15.896530662198284034
-19.628607829063852819 -19.237612650822903504
-18.346522874542596782 -16.88950574728712084
-17.580644380583059672 -17.969861406362184653
-16.811482074807152287 -16.920792407673381774
-15.763033621525554651 -18.153884832815123218
-11.432350398037296912 -28.525209571697601518
-9.3851574053821629207 -28.010074566806910212
-7.2686246269038345957 -27.463645222921510225
-4.9213587399279568046 -27.026718590462891711
-3.4147065093983055561 -25.335570227359877293
-1.9164593106333391859 -23.706796620764031047
-3.0588404112379841138 -20.153405866132978019
0.75480798703518559023 -20.188676857468230708
-0.6387036888122388234 -17.145736425256721702
1.5701979238954599793 -15.825185613303064613
0.89116075279507711571 -13.52900028001054622
0.60455657019749864389 -11.514038654173237575
