4.8536182188102801049 0.26933106822548941173
5.1337926927811539102 0.90532433447696558648
3.1695098867093705053 1.138004842910755432
5.4381043895746570271 2.3343187466206720693
4.804269763720166786 2.8167261770739262516
5.1417785049344297832 3.7675259319064160479
4.3301789235059766625 4.0818282889644557088
5.2218996014808256589 5.7970658129116126034
5.7062449968466575356 7.6254950739508258195
5.0060044835192467616 8.4220236902031828663
5.5872840189754393592 11.535554990595716873
4.7775795560830331965 13.060174120744223458
4.6757041729677188968 17.482742319340530912
3.3783205141815111361 20.478529593079695559
1.1079366606603335832 19.537920323082541785
-0.91727536916732788086 21.755295242497123098
-2.9211839492439359844 19.335231719848824383
-4.5434363731016400578 17.329085407376396688
-6.8229914471107075968 18.445251754143711764
-8.8324582160791820229 18.04712528189928733
-11.426887242838740022 18.472513463743858608
-12.303287131190515424 15.940836214286207451
-13.976972484091383819 14.773595221208090322
-16.032532425116283292 13.879171930017914605
-16.999477387142174933 11.953734800912741321
-20.064107176732374427 11.32376040392793648
-18.849254609324177068 8.2531645515079041786
-19.665084335770352197 6.3608640225520236555
-18.229077763911412546 3.94906923565128265
-13.946454233192298489 1.6387527664242345082
-14.938472614924846127 0.26933104333665630614
-16.447053338029789415 -1.3629142344328006864
-16.324731124633764523 -3.0056244544827173115
-15.880038900989104533 -4.5923652120035276525
-14.777757679290669302 -5.9017541678524922943
-16.312556011255775701 -8.6191400938525148945
-15.159778472069163513 -10.078453888240927583
-15.749732485136865634 -13.085877682153286727
-14.593970030878509192 -14.920175589469863553
-12.930983671561904202 -16.266121737097218869
-11.240146791140299243 -17.610405680009865392
-8.9998839140272490766 -17.884507610161342939
-6.5766182567983166862 -17.148327612225823913
-5.4448484155045431265 -21.031233554083605952
-2.9436810014279903847 -19.010610948389672359
-0.91727536916732788086 -20.200530427968683256
1.1124186236694457719 -19.041897579331894974
3.3799444909013383054 -19.94750596350612426
5.2310235425067306281 -18.653179315663205529
7.278221339226968567 -18.138048110371983057
9.3947493109630197949 -17.59161878479597263
11.74201477424388429 -17.154689254088392403
5.7833306459373918784 -7.1724451821773946847
5.8012947155868799243 -5.7800934901135283539
3.3414670903404326552 -2.8248245805221352533
6.0149495863727953093 -3.7329893033326602136
3.6710375163328965442 -1.7735163721240723156
5.1297194851886063205 -1.6954552528877702144
3.9088560882389344897 -0.75649415102334782723
3.2947666854894706034 -0.17337150747335816625
