-80.847454474060810981 -96.51778411865234375
-80.676838106614184198 -94.413153405305152432
-82.968605029038229759 -92.748633027266521367
-81.241834930839402773 -90.195091698943116398
-82.625890698082656627 -88.470186162001496655
-83.238783345463517094 -86.435928286419169808
-85.190549998081678496 -85.2487306852005986
-85.616281007346543674 -82.93537839920679744
-86.612213682835275108 -80.870519887570821993
-88.939361424433812431 -80.329176030494750194
-90.113788925057349388 -78.180067766312504318
-92.788765335127422418 -78.746436130768486805
-94.845024834274653358 -78.494730004704877047
-96.405475552500092817 -76.308581690400728803
-98.675863251948712218 -77.249192876421346909
-100.70107269287109375 -75.031819854548771787
-102.70497871445422788 -77.451881482851476335
-104.32723503249339103 -79.458025867486242078
-106.60679058593754576 -78.341861424954373661
-108.61625180385281908 -78.739986062056402716
-111.2106844342919203 -78.314599684011255931
-112.08708070802371992 -80.846277067995316656
-113.76077166917824002 -82.013517980769876203
-115.81632685153336126 -82.907949868670897331
-116.78327751284058422 -84.833379343252104832
-119.8478995302230885 -85.463355400430913278
-118.63304908935711524 -88.533942135316735289
-119.44888256779746882 -90.426248734176397193
-118.01287217802835983 -92.838047343848828064
-119.53796882585747596 -94.537947637270775658
-120.63954530779594165 -96.51778411865234375
-122.0385680020081054 -98.760435836143898314
-121.58875406938612684 -100.95758994848628731
-120.6022450986635306 -102.98406188971350161
-118.74973492003114472 -104.55357052056173472
-119.33413195547709051 -107.27558890639127753
-117.04119484362237813 -108.38956908327875794
-116.3136975113852003 -110.57545286551574293
-114.37776918664839343 -111.7072954690037534
-112.71477710854431109 -113.0532339821434249
-111.02394412504469301 -114.39751692205639699
-108.78367737201348575 -114.67161888868795927
-106.36041720835289937 -113.93544087337075155
-105.22864742203300636 -117.81833904808615898
-102.72747571417322376 -115.7977241305982119
-100.70107269287109375 -116.98764552501458525
-98.67138131464429307 -115.82901076192420931
-96.761014139202004003 -115.05432131917916649
-96.932044246402924159 -108.11766828946686303
-96.839240884094721196 -105.1916083963226356
-96.58797679186369578 -103.64187551722426406
-95.996208267458783325 -102.99347535444988466
-95.431734289994579967 -102.36997682242630958
-94.366468244011329602 -102.22148899859151072
-95.502175776560349618 -100.29500512622283281
-91.056667431172442662 -102.08598117247861126
-90.839803693874756618 -100.90830738826478807
-85.237681649112602145 -101.54214844567476916
-82.229258966422548838 -100.44408081038446312
-82.515864203998120274 -98.429118530665036246
