-27.541290733547686642 -1.0893421073998328374
-27.722807199539506229 0.27648103527585188299
-28.726084132427480711 1.2672732785555287371
-29.322812715858912469 2.2751742216973913635
-28.690443535795520091 3.5104886797814884858
-28.533452468737795726 4.7015825295124757943
-29.080617011549918516 5.967240051449846483
-29.703933041396314962 7.316680082343165914
-30.491553826477279188 8.518302059641806423
-31.624613033243292648 9.4624093810210077038
-32.183417898032310234 10.786603127232982757
-32.928512901635521359 11.961465558982242285
-33.861733686064717119 12.884324336110832832
-34.596845253158541311 13.402879347895041207
-36.017237155882774857 12.899792492784618148
-37.39550236390964244 12.846734230302908841
-38.711646679133004056 13.212275770161877375
-40.051679163327619904 12.70858262067856792
-41.438488222102428438 12.027292601978469833
-42.842858967516875168 11.773277671902523167
-43.888499284460110061 12.492028925903143843
-44.94772272528074808 12.608195045610580465
-46.079101295676721861 12.331093593155546984
-46.988675080260584593 13.239932206983036522
-47.814526713827035564 13.288589316706737264
-48.605825501873177075 12.104978722733417129
-49.415839774117024774 10.866519432105526732
-50.367308202675893369 10.495767665922816292
-51.53531722883999322 11.315208726384931026
-52.889685519748653064 11.893695510387619407
-54.145020282780038201 12.597085467719697505
-55.213330471116321974 13.64136345205305112
-56.269790878602471196 14.707327040605404633
-57.265798501082848304 15.635535597444448541
-57.876554454644377756 15.277132393703311664
-58.718141026660148896 14.407198097515255597
-59.685106854157901068 13.308713465389754305
-60.987171533221058439 12.528439446331145035
-62.19761972081632706 11.719790808408577121
-63.136406060870797319 10.617459853287501303
-63.917540131087022814 9.5603297824732091925
-64.481446709891017122 8.6952664034309137264
-64.940062691378400928 7.9110133886589562024
-65.373755523553853664 7.0842271640231491148
-65.628769199054332262 5.9071722165205944322
-65.935819569298388387 4.5071094362251740151
-65.528802438761459825 3.1817847294367500588
-65.107219510070393653 1.914780768102530617
-65.791434392674091214 0.72306509309308986122
-66.679932093128499559 -0.53572245718951883031
-67.450366225132171394 -1.8676497095365762746
-67.406402281848016855 -3.1179404043300440463
-67.283055111913242285 -4.3730220553696144137
-67.053287917024647413 -5.7565869403469909216
-66.722879716705733699 -7.1359649459420682049
-66.31447864201376774 -8.4349283745560050818
-65.835532824339395574 -9.663759412934982862
-65.303676682686287336 -10.805004209399642789
-64.760251789921795762 -11.808948264731986555
-64.12556164944402326 -12.833087111193830054
-63.348491786276518667 -13.925154381248500357
-62.484085936522696159 -14.980907617825749867
-61.534460557250895363 -15.990401698732961577
-60.457565733565992616 -16.982964926098539138
-59.284710088325724087 -17.913335903079431688
-58.049095610154459735 -18.75115405618848996
-56.802592244322994475 -19.469076833249602032
-55.447883899301565691 -19.814718480477914397
-54.002465027879480886 -19.510289555498033565
-52.993077296668431586 -19.888075713434393066
-52.489302349708005124 -21.145174339500641736
-51.76698043721128073 -21.318962741533166394
-50.952931178506240428 -21.481252909722005739
-49.938213243592343815 -21.537803113446820191
-48.681045928743699847 -21.568302918147562508
-47.362700690782233437 -21.790120932671172227
-46.034950455891589627 -21.505180746532040814
-44.662360416477966396 -21.440511437407405282
-43.350661926336321983 -21.365583799264310727
-42.014799741287568224 -21.037469134022707351
-40.612047701009416301 -20.5609546528500573
-39.215071222718606236 -20.016049741131091366
-37.879327872742607042 -19.351417406813581579
-36.654147186387724844 -18.625943376344295643
-35.532834054852777683 -17.851722845776272663
-34.431466633785582587 -16.972683765787657251
-33.38042686189260877 -16.004130898477676226
-32.54078371503226208 -15.120725969873012318
-32.342079367593484562 -14.165737798542274106
-32.637596147943249036 -12.849017648197724739
-31.808641055752481464 -12.363141525319743863
-30.431661080021434884 -12.295483201576271171
-30.038182753211692955 -11.629554530388727329
-29.874698758627051376 -10.716647112300988098
-30.135147539101559744 -9.4459903562420901579
-29.205931733974871634 -8.5319234027166057643
-28.565576266671907746 -7.4664544422834211446
-28.865880641744396939 -6.0146607053562606282
-29.115470129934980292 -4.5178055555751175376
-28.751222446227643559 -3.1805451569353251351
