115.26985408538203615 97.572422904371492791
115.0121319635371151 99.000245916541217639
113.90680816555504862 100.03360211126590684
113.56574386666932241 101.16310175800857962
114.32041728656624002 102.50276882558566172
114.11478434492418899 103.76421906321337474
113.42260699960382908 105.14589231741527442
112.78385092286157487 106.58275595221975607
111.64863038192056877 107.64946237406036289
110.7679785866436788 108.87079837732889587
110.16506593159824945 110.26675996172835426
109.11987374960145303 111.33479774785401162
108.03592803622169072 112.2906863800901931
106.85928525038582393 113.18446139195816613
105.69481654905223422 113.94390095841859534
104.61505298634203598 114.55095406320121754
103.20912910661822082 114.68983336528209804
101.63820883132474648 114.90812135681713357
100.4657702203076326 115.89683738781076272
99.298189918249690322 116.43019710907582009
97.929256085157561529 116.41265915372001416
96.672477888941259039 116.77888718158823167
95.587355191180691349 116.82080089159708791
94.570742611946712941 116.80660238804716755
93.515503397572999233 116.07916037223287731
92.475301704118905377 114.81899343817858039
91.290297907091328966 114.23230996153188244
89.851738377579550843 114.71982331631667762
88.296300619203393012 114.77599042469910273
86.695056004210883316 114.74229564272405923
85.523578959655409903 114.23702122042161022
84.466233515491794037 113.59601344564168812
83.60455614379370104 112.3477341758032253
82.314233974299000351 111.40308670367669208
80.901858364243437904 110.6428373198229167
79.885818593118202102 109.49505754939019653
79.003868387582457444 108.33444723714548275
78.378077460105728846 107.38967487843554238
77.88320773679679121 106.54952326078525005
77.419819598849912268 105.66588577325012466
77.150102663567309946 104.37833010049996574
76.883250418414419869 102.8933343527172326
77.442785893369361361 101.49342378190397085
77.590097172023774874 100.16475362652232661
76.668410159579366336 98.889382979931355067
75.876895823015004794 97.537204420551603334
76.326785582785660722 96.717889354090260667
77.863613804223817283 96.437188786760970061
79.459581354101516126 96.185809684492639349
81.055548903979143915 95.934430582224280215
82.602909609360210652 95.634634046801934915
83.491265841942706061 94.647503008604658703
84.115184567734914367 93.185561662113286729
84.6770607367381416 91.995628435435307324
84.072242767341009539 90.70907985642013216
84.149849783090061806 89.484236062541199885
84.423579076422626599 88.115147962441469076
83.98782489806056617 86.561702270851910157
83.328416627106633996 85.075620835445363355
82.625759804016752241 83.606596044769176501
82.03891995120167735 82.163651575359565982
82.782970848155045474 81.270197564389377476
84.054543029276018729 80.322841611142678175
85.381585993240918242 79.488159257126085322
86.715616631725026764 78.785907880540918313
88.291615601549807479 78.983520272068773238
89.587828893744784864 78.975834990050316264
90.194065888695845956 77.705677372613195075
90.922126935721152563 77.320299952116357645
91.766219920742670979 77.147326123239523099
92.831003121265027289 77.048589706420699486
94.169207457077789059 77.02392083432930292
95.262970894800702126 76.88088967613587954
95.64375372511739215 78.1985257353251626
95.890666258495912189 79.795303339284501476
96.137578791874418016 81.392080943243854563
96.384491325252923843 82.98885854720322186
96.614073120892030033 84.58897926671002665
96.778218638375278715 86.201722705581801165
96.927898047577187413 87.816210317089854698
97.406168601036412724 89.223945672685729846
98.732965615020162886 89.474853792005291098
100.31596853324766982 88.933463365104159948
101.89846942517343109 88.681982734688560299
103.39206247995102217 88.998718142187058788
103.78094952020612141 89.967697610874964198
104.18030709277464041 90.534154577881452042
105.54983184787946016 89.96705060678439736
107.00572274894767588 89.300070691364254571
108.46161365001589161 88.633090775944111783
109.91750455108412154 87.966110860523940573
111.37339545215233727 87.299130945103797785
112.64116669617449418 86.757264581021274807
112.87878779600066537 87.17684763956751226
112.76765563194884123 88.303601984219852739
112.90902145456990979 89.532530233331712566
114.0234355187653108 90.48510615218090436
114.13511050854503992 91.850810596934380214
113.766613868622116 93.450463955793281912
113.82490668820332758 94.971109242120689942
