-20.994232580750271211 -4.8879446983337402344
-20.823623843478678452 -2.7833132623047744936
-26.830490074370715092 -1.9084619291671041097
-24.561895632576955961 0.40368291549101709137
-25.19573021207428809 2.080829535335524838
-24.858221516936474416 4.3436728108371482904
-25.669820928043122876 6.1395415932452035435
-25.763055294359801906 8.6944672144652024315
-26.758999442505430721 10.75931621612475908
-29.086143345009812577 11.300660051374723736
-30.260566778841337054 13.449768170130937506
-32.935539844812737442 12.883399094938898344
-35.496185819159585151 11.582802695648517499
-37.014568181246275458 13.146244646798081135
-39.085664853552316345 11.878149360149279801
-40.8478546142578125 13.985964264103568411
-42.588737281236035415 11.67546073897205261
-44.011705838826088666 9.9968005563707116323
-46.22291393061997411 11.65478922366171588
-48.369917582974473191 12.006885950721926548
-51.357462468836260427 13.315236440100232329
-52.23386631567481686 10.783559107775095853
-53.907553550515189045 9.6163181377495963176
-55.963112564279491323 8.7218957764500739671
-56.930051813943741479 6.7964576803405361005
-59.994681429838323083 6.16648453443415967
-58.779830943366263796 3.0958876611724823746
-59.595660663108105837 1.2035867872560679359
-58.159654100809945021 -1.2082078704879317677
-59.684743126203443353 -2.9081075811773056117
-60.786323414485394778 -4.8879446983337402344
-62.185342226629153117 -7.1306051630518823004
-61.735535892272515923 -9.3277581441331243184
-60.749023130146007077 -11.354226992392661089
-58.896516826331719585 -12.923727796267062473
-59.48091389251069927 -15.645748982134309202
-57.187969089433465797 -16.759734018057422134
-56.460483225978535415 -18.94561776059935454
-54.524551144508876632 -20.077452677983920637
-52.861562854636382269 -21.423398846087945202
-51.170722079361055989 -22.767681881244861586
-48.930463093374989114 -23.041781859110020747
-46.507192188405198863 -22.305605521022268789
-45.375429162539376193 -26.188509679795181739
-42.874257649252946578 -24.16788900037483856
-40.8478546142578125 -25.357804674184503568
-38.818163223039753973 -24.199175631774597406
-36.550629520302365449 -25.104782081469050325
-34.699557539982492926 -23.810457373214916288
-32.652358797979601945 -23.295322355718010243
-30.535825958287858839 -22.748894879737598274
-28.188560407082949411 -22.311966223675153032
-26.68191367203862896 -20.620818045355562731
-25.183660118046358178 -18.992044268684733055
-26.326047661385700849 -15.438653648562290499
-22.512394134827371062 -15.473925532746752864
-23.905905006060937268 -12.430984390643740056
-21.697003614975464814 -11.110433403777848937
-22.37604651492715746 -8.8142480960215294772
-22.662649864264054145 -6.7992864952159743908
