96.553615167052527113 81.878166065386039918
96.833789632664093006 82.772507980103185332
94.869507335535374182 83.269316646294967654
97.138101275995040851 84.74182087284748377
96.504266766197815741 85.51995667468962381
96.841775367508105887 86.795524766125353722
96.03017631168941648 87.476549668300705775
96.921896304296879521 89.619156711247768499
102.41351241316672827 97.52542300062887648
100.08636489322809382 98.066759028605730464
98.911945022696556862 100.21587492167577693
96.236975990416709692 99.649499039846702431
94.180701728532966399 99.901204974462814334
92.620250524723644503 102.08736104884245322
90.349863277532477923 101.14674215998266504
88.3246612548828125 103.36413046283404071
86.320755266177698672 100.94405357919789878
84.698498915260515219 98.937916820502039172
85.121305539687938335 91.737064699592551165
85.066228349221958638 89.196712982716178431
84.337067848993058305 88.784872305834497297
85.216371285066145447 86.156347774303213782
84.726380535858552889 85.874452084860550372
83.235667596842276339 86.46031351439043533
82.428751022820108574 86.161783664993407683
78.955384121051068291 87.287514281034844998
78.882263187474663368 86.082185063035268513
69.576851412175983569 87.969686423578934864
71.012853999738211996 85.557902312097382946
69.487765121896430287 83.857995050717505592
68.386188639957964597 81.8781585693359375
68.482695161476925705 79.792687248587043314
70.663519480482577251 78.124174318347655799
71.951389503219886024 76.55816693726809774
73.30161095604758259 75.189471357339712654
71.006283693384631306 71.87939514365328364
71.98453910413152812 70.006373604709523306
72.712028826034028839 67.820482171909901581
74.647964677736908357 66.688654923444488531
76.310949179845849244 65.342701098224239331
78.001789929373799737 63.998418074954514623
83.269644534936887226 70.524418373262506066
85.398288081258286297 72.87171850157281483
85.745496381686621135 69.744153360399891994
87.288469764379669869 72.019460313021227194
88.3246612548828125 70.590082746469789754
89.483358562716929896 70.853797212725936561
92.621874529042813151 61.661319675830924325
94.47295452581091979 62.955650189677044182
96.520157067190808675 63.470779479672543744
98.636685961786469079 64.017204972493971127
100.98394732684207042 64.454133338633994299
102.49059838400218325 66.145289515286890492
103.98885566161112592 67.774055561743736575
102.84646431896844376 71.327453808666732016
106.66011398105248986 71.29217704354316254
105.26660320950392702 74.335123114248403908
107.47551415606591263 75.655666509264889896
95.608852883654677157 80.329860100915936982
94.994763542187001804 81.177105525617250237
