4.8536182188102818813 -0.00034054043568917160547
5.1337926955426960163 0.53933313302787500021
3.1695097255806801151 0.6735427246429156467
5.4381043937137851785 1.7668871647823081172
4.8042697562476224249 2.1390418867591627361
5.141778530797290081 2.9687623735455139773
4.3301788813097701336 3.1463448913846390198
5.2218996166998215003 4.702253879657875224
5.7062452219284560684 6.3380426503694087259
5.006004485866384357 6.8910168754485701115
5.587284486228640823 9.678603960939005546
4.7775795861107361873 10.732213139357440923
4.6757040561177616311 14.392643022590618784
4.2947316824160290949 20.208857197832976738
2.0243477024820903942 19.268247929324882506
-0.00086425780318677425385 21.485624756046927786
-2.0047727865190587693 19.065559326186857447
-3.6270254067807954357 17.059413022784809755
-5.9065800486980908346 18.175579359880675412
-7.9160468340566838563 17.777454787515647894
-10.510475849149292671 18.202841066393254721
-11.386875725645845492 15.67116382463111357
-13.060561090196847189 14.50392377572908309
-15.116121021602369368 13.609500493972245039
-16.083066937336056412 11.684062412122742103
-19.147694782471891273 11.054089034375587985
-17.932844155750228055 7.9834921743453772791
-18.74866817322258683 6.0911920881548970996
-17.312667307377441972 3.6793973674624202985
-13.94645424063921979 1.4654006924739382267
-14.938472614924846127 -0.00034057115982323463241
-16.447053341280241767 -1.728904246193259775
-16.324731107750903192 -3.4700863373465709039
-15.880038855792333763 -5.1597996620179120697
-14.777757687374858619 -6.5794398873049777521
-16.312556016826508909 -9.4179019288387308961
-15.159778474129932846 -11.013936864225325252
-15.613491620559271311 -14.0580140745981641
-13.677558608608929802 -15.189848957137511931
-12.014572289311667319 -16.535791257092437689
-10.323735400096390791 -17.880076161380880961
-8.0834725130408155991 -18.154178097121381086
-5.6602068982390738583 -17.417999992611289173
-4.5284375633530231653 -21.300902118124984241
-2.0272698379229012744 -19.28028143505873615
-0.00086425780318677425385 -20.470200914418878568
2.0288296644571288674 -19.31156806593194375
4.2963556745639310819 -20.21717453788046015
6.147434467580328743 -18.922851708789629299
8.1946279459039299553 -18.4077186078606303
10.311165612768295574 -17.861289194116547918
5.9035878728763746537 -8.1271132945909680956
5.7833307862961857992 -6.4243371456415063747
5.8012947668415684177 -5.2246243970871137918
3.3414669063391788661 -2.4286837815321362655
6.0149497287734243756 -3.4735689002085585741
3.6710375136229700388 -1.6351754281984589579
5.1297194848817895263 -1.6673669226095237939
3.9088560540073653549 -0.8313758657200993607
3.2947667005676963825 -0.34672464861117358037
