4.8536182188102774404 -6.8471603343152773746
5.1337926909293507549 -5.377536999871161072
3.1695099089038514251 -4.2926036532678839563
5.4381043483583777487 -2.205083373003846603
4.8042698033761777054 -0.76844811491395681458
5.1417784817507126149 1.2302657973105279865
4.3301791086749297222 2.7278825404030584423
5.2218995198449977835 5.8220965165229792149
5.2401217632775729527 8.8001019906087556421
2.9129721203954090925 9.3414458420751174117
1.738548523456127981 11.490552147404425654
-0.93642411476913256507 10.924182939610386001
-2.992689334264714951 11.175889944631133943
-4.553139162174362653 13.362038277680994725
-6.8235231151161794827 12.421428050741514681
-8.8487348556518554688 14.638802971073783254
-10.85264360656867666 12.218739449263555485
-12.474896246678124356 10.212594096033942748
-14.725374241452135138 11.23926670316360088
-14.780451441364375498 6.4756908077603192453
-15.509611904575864472 4.6898145417832015625
-14.630308650125128267 1.1104927874448318192
-14.677084768028279882 -0.37412368897354575381
-15.252362041392256486 -1.0813104921637570754
-15.042641633735685858 -2.347024505436943187
-18.204560510699664633 -1.4455715200759273742
-18.273689256026415251 -2.6509005465765547171
-21.954595062622551893 -2.5888081993499536537
-26.160539085461611108 -3.1674229761252501447
-27.685628134522250576 -4.8673224931777667734
-28.787206516902383413 -6.8471598625183105469
-30.186227240185129261 -9.0898202911736714071
-29.736420915996074399 -11.286973242650770288
-28.749902413652353772 -13.313442169544675409
-26.897399922991461096 -14.882942973382615293
-27.481798961319924501 -17.604964997726696652
-23.670896442111050817 -17.616085828783955236
-21.429645196093545678 -18.175062283474606062
-18.734678003479636743 -17.826611553318333137
-16.846481481268696712 -17.855113834237673842
-15.457529321068552264 -18.293923078965768525
-14.947877172292781012 -20.546054326325148054
-14.479001079115368711 -24.175329956025503719
-13.37630836921388422 -28.14772486120644146
-10.875140658730668264 -26.127102266979086664
-8.8487348556518554688 -27.317021745717706693
-6.8190411546905842499 -26.158388896434768611
-4.5515151746458517579 -27.06399728130801563
-2.700436357573494206 -25.769672539579190129
-0.65324318302485551158 -25.254539441022458846
1.4632894083538161567 -24.70811010190538326
3.8105548440902143881 -24.271181544719063083
5.3172075633214337387 -22.580033167903081903
5.8012945659404877574 -20.038106904756304516
3.3414672572039911813 -15.703860777398322313
6.0149495665765435604 -15.428711917576823254
3.6710376383553544599 -12.421325126682727813
5.1297194784238246967 -11.38903697403263493
3.9088560621695034314 -9.5588693518716461028
3.2947666785896441155 -8.1234937209193347485
