-19.197076360144414764 -4.6853751336129629834
-19.442991468160364832 -3.4956188271624291097
-20.696959971243028775 -3.1652756907772183759
-22.211170049361900425 -3.0568007987520759983
-23.725380127480775627 -2.9483259067269336207
-25.237161443291391549 -2.8389465004053424657
-26.167861376852652455 -2.513162048658414971
-25.503233878255667122 -1.5908369998392233313
-24.869034821516301292 -0.41272077376552879224
-25.045791965865028317 1.0183841526157502155
-25.012007624581414689 2.5174458690410195238
-25.359777031109192791 3.9315747596969310429
-25.376302098731859047 5.3588066711766959571
-24.994423713949750265 6.8307659918510603703
-24.864397931694462329 8.3305672931124430391
-25.524485246954778717 9.2957195292554501975
-26.46573658970829257 10.113511813130738659
-27.567727683747314416 10.950465872285747082
-28.665621937702702837 11.673044002526097529
-29.680023165522236184 12.253839941431120764
-30.902471944079927368 12.502241202772676587
-32.426934977257154458 12.545085692933787058
-33.95426389982141302 12.827522788181836333
-35.412788659380538547 12.860625438701170253
-36.743935968180167606 12.296222289291375063
-37.890084880328259942 12.619336713578519493
-38.895850467590058486 13.499932475470721727
-39.847667606654717076 13.01882439115340695
-40.785926364874242722 11.841427181495204124
-41.775144337856183085 10.724875747372477619
-42.853943860431812141 10.486346354619810128
-44.026234889859829025 11.314940483351792366
-45.349011643059625953 11.888567820389200236
-46.84269615188644309 12.075750010668718559
-48.298118013364415901 12.3768627976697978
-49.247855583050593964 11.852235172869065138
-50.203405691268450539 11.173737432530138847
-51.032863987387877103 9.9660791785413707089
-52.282424780855841107 9.1202402710969003863
-53.594945844071190777 8.4010250492018112567
-54.547597591105223103 7.3249365427013373164
-55.390979875326074477 6.2247485161497095874
-55.999554109565750082 5.3199433071763468917
-56.479329670236595007 4.5223916381824587063
-56.912264834077674891 3.7214228913326543591
-57.259989800109956093 2.6875284563550465577
-57.53910361938358875 1.2801313936397209492
-57.365127278948833123 -0.066802861176053399128
-56.777016520821042889 -1.3500097466608653729
-57.192824790976004579 -2.5563005877919464659
-58.118623605863966475 -3.7819985862993501513
-58.900254839553277009 -5.1096709448224544303
-59.08079695618540228 -6.3900131845704306599
-58.98099583608340879 -7.6185190194659124785
-58.780462080800454316 -8.9796163029193198923
-58.475801139922467087 -10.366787956978463114
-58.084466574617842127 -11.695849365355011074
-57.627214164309620514 -12.93318705970725091
-57.101455252875609858 -14.112858021958420096
-56.565149882986311525 -15.141599210496522687
-55.964200603423677194 -16.146756795307354082
-55.223579056348810923 -17.227265813381226423
-54.375307603448270299 -18.302628395941397343
-53.455802346078137077 -19.317021924938647004
-52.411277182240382899 -20.317810203665970903
-51.260403950548592888 -21.2686638364262528
-50.037094297487520578 -22.134103582152647505
-48.791959499946237599 -22.883694788424886468
-47.501953875509897784 -23.435172674316714136
-46.028223867059992358 -23.1875850198595721
-44.843647923266402699 -23.246018571690722609
-44.284371586178423286 -24.453507920574498513
-43.614250496229637122 -24.870889844982805528
-42.844790160243960031 -25.033048797401942664
-41.893908643879555598 -25.190354542899132895
-40.68193620402315247 -25.039518986138869394
-39.368108829955723138 -25.383896755333342554
-38.046288399793304791 -25.254627413115724011
-36.690458754143740805 -24.960311278677178137
-35.346660445757628111 -25.029114511461163062
-34.037861690168142559 -24.732800697728112738
-32.643972488871973781 -24.289298907021947826
-31.236968078689869799 -23.772506318768428457
-29.882797490539804386 -23.131935248042797326
-28.623538750614766712 -22.418444202608029059
-27.482774696660005276 -21.661358412925249439
-26.382100355614333864 -20.816152787236088528
-25.361870005044298892 -19.914824999055365851
-24.455649484735879184 -19.00054151000338365
-24.367062656444609559 -17.576970752442839796
-24.298152818169878486 -16.285829726508911364
-23.17759575789420623 -15.950770389485915857
-22.006725135126970372 -15.759314290932415759
-21.613130423708486916 -15.080888441449923576
-21.648193694670698761 -14.037942256765186144
-21.690544393626787212 -12.833071138396427102
-20.641922540353835558 -11.95063959065954684
-20.240951486198802911 -10.789631708740888172
-20.590777326813917369 -9.3093038414668356495
-20.76777335051720641 -7.8250728482620619531
