-74.906341534512947078 -71.212809933069266322
-75.021928005119860927 -69.91364885804453877
-75.893984695091930348 -68.95743926767553944
-76.683182453673296664 -68.059134133452317883
-76.30082076920238876 -66.945459248299229671
-75.759163185205665059 -65.783549463947565528
-76.152866704006129339 -64.665433996474504852
-76.793246420952542053 -63.452189654572897837
-77.329457115475321416 -62.17999330349505982
-78.284221365035293161 -61.217759398452123776
-79.228092130308525043 -60.263847629586564381
-79.623918332101624173 -58.939626954134887171
-80.452719069677897323 -57.942931118789772427
-81.38539553367758117 -57.04131324963307037
-82.347915585188403043 -56.223250886298394846
-83.38692511049403322 -55.448919923950185762
-84.407669719278757725 -54.783664452658591415
-85.353069681722374185 -54.24249874640990754
-86.458310030233718635 -53.962265437156098358
-87.871999748081719872 -53.956710318818018379
-89.107881183967961647 -53.448909186052738107
-90.026629148963792204 -52.445127649779031742
-91.110428309935372226 -52.209696726671808165
-92.332394667352858164 -52.297529134921049376
-93.425801768011581316 -51.912216408615023511
-94.391151272843558218 -51.868527380365236468
-95.276519035250785805 -51.869475125646644642
-96.202284385942888889 -52.057016975371013245
-97.108604807632801226 -53.161640146289180109
-98.033113803714925893 -54.205267068477539283
-99.134321181709808002 -54.413142554973546794
-100.41172571869158503 -53.932766711038802043
-101.77419798094875603 -53.898043247599204619
-103.17591345185141449 -53.97367678835424698
-104.31213027032784169 -54.264211552982743569
-105.23678242238409553 -54.795613044421621396
-106.05438185777998683 -55.624775531908191795
-106.92626999717047909 -56.675013811038567724
-108.12238936441916337 -57.431179542326354692
-109.33372848969079882 -58.111565508171977967
-110.22289580222188476 -59.115851463253100917
-111.02514845271170429 -60.153077897018398801
-111.61609824914241074 -61.018040996096239326
-112.08160462497723131 -61.775697928619720756
-112.48883366123764915 -62.50755210094415304
-112.90350852586179542 -63.336902499220684604
-113.08189360049576067 -64.590257855998274295
-113.28946513726425849 -65.883907314321547233
-112.76984521383931792 -67.107323921393415844
-112.48213217896464755 -68.281586997983637843
-113.18678688832298462 -69.389903123001332119
-114.01618977034972602 -70.564924033369152312
-114.73540525446790639 -71.809555996358227503
-114.78072086472147362 -72.989884474225746658
-114.68266810666715116 -74.138664795483833814
-114.49530314573011935 -75.411561924842615667
-114.21705967717804242 -76.707683561424147456
-113.86010481518124493 -77.962133505310092119
-113.44771313844796623 -79.125375810822148992
-112.96799548995426221 -80.253100052335383907
-112.47024509956614224 -81.255661350405688381
-111.94607572215633695 -82.180980487186701566
-111.31858371934461616 -83.157757814647112582
-110.57017501751712985 -84.180482053207313697
-109.75643597016973274 -85.156069708411394004
-108.86259346614367871 -86.097604784767852948
-107.85720692180835556 -87.024361398137372703
-106.76732230616376285 -87.897822590456655689
-105.61860384820147374 -88.693428503761651882
-104.4564588444382025 -89.385298069312028701
-103.25815269648227002 -89.916974269740563841
-101.87817389716239802 -89.703694893545801392
-100.69544496018696123 -89.619434795190912268
-100.0908357538236686 -90.594134998590831742
-99.534691192024013162 -91.298602098801225679
-98.853486868071499316 -91.451582663515509353
-98.033382125177780608 -91.60302296662223398
-97.017224994053250953 -91.498402704342154834
-95.824870842819308336 -91.739954560811284523
-94.593434222184029636 -91.862890936488071247
-93.352482066994426191 -91.557416082185568484
-92.071325020958212804 -91.49807264712758581
-90.841136325614129987 -91.465845396007139811
-89.607699602468301237 -91.174987603882129861
-88.304669055894805751 -90.747689003574336652
-86.989570182171306101 -90.270687787702968308
-85.721570607235491934 -89.678585502327138101
-84.530659139748678399 -89.018831599424686374
-83.44845284088953008 -88.321914632986533888
-82.416528278741623126 -87.559362738496403722
-81.398602325819652492 -86.698819194910413444
-80.453717494691716183 -85.786278617007269531
-79.755743163159280584 -85.028289192602940716
-79.781179108777152464 -83.999418914985639617
-79.988952481142788997 -82.820757710791028217
-79.126622467297778485 -82.432766393730190657
-77.807245388662778396 -82.391371234752796227
-77.440039686489257065 -81.773681702877212274
-77.131498653520935704 -81.020812303415809197
-77.543991518947066766 -79.783768374456812467
