101.02692754498215777 75.9676361083984375
101.19754391242878455 78.072266821745628818
96.902206414769338494 79.31091448453140913
97.13810128205818728 81.154914421081585374
96.504266769726115172 82.793424684343051467
96.841775383927156895 85.013839862198480546
96.030176054614770464 86.761782566078679224
96.258108635449787016 89.55004946350366879
95.262160484455790765 91.61490053969137648
92.935020594609156319 92.156244196556031056
91.760593093985619362 94.305352460738276932
89.085624139217017614 93.738984173793497234
84.184462687457184416 85.235006352055776802
83.492656532317994333 86.879330347790087785
82.186884414764335816 85.611234930170070356
81.173309326171875 87.719049896427790713
80.181030479029999469 85.408546371194901781
79.523395754066200425 83.729885922713378932
78.112485916918089401 85.387874927420369886
76.822385132328562918 85.73997158814205477
74.736939854751028633 87.115759250338868469
69.787301311019248828 91.639143159055464594
68.113610349864728732 90.471902246280905047
66.058055231925791873 89.577478059315822634
65.091104506202384528 87.652040883798676418
62.026478573564432395 87.022064652448037236
63.241329179282665507 83.951470606746241288
71.442665582261597024 79.129316125638212043
74.638189585884390453 77.356722303305403443
73.884874997872117319 76.733688284982363825
73.095768107731402097 75.9676361083984375
71.634947289674187232 74.965119851531881068
71.648924284194023926 73.943175336639043849
71.732120774830846699 72.900009371845897022
71.742399203814500197 71.768725555517164594
62.540246176598706995 65.209831445834637975
64.83318717542059062 64.095851143772023306
65.560684603343574395 61.909963440567921111
67.496612790710273089 60.778128610277008192
69.159604950310878735 59.432182401284833873
70.850437947330576094 58.087899459505692334
73.090704637947339961 57.81379752770918401
75.51396462167203083 58.549971785701217186
76.645734803730348972 54.66706969093305446
79.146906292698190555 56.687692283034593288
81.173309326171875 55.497774702036196004
81.859297008865283374 69.4408409781513285
82.641147120947167082 69.062027078276187808
82.997925532266123128 70.352043011342999534
83.595390519177783517 70.527553615743997284
84.382131478340056674 70.409798509332148342
85.5435103591897672 69.952569566494318565
86.074841876876291735 70.523928482978703869
86.952685247185527828 70.763870925381084476
85.924687739507561446 72.51556311198983451
99.50876979350317697 65.381654776191936662
98.115258818381988704 68.424600447112169377
100.32416222735497513 69.745144048327389896
99.645115528161397833 72.041332280955103329
99.358517883039908725 74.056294713922554251
