-78.993080119289103891 -88.63682353832211902
-79.108666587472598053 -87.337665952088599397
-79.980723278754481953 -86.381454467749179571
-80.769921035123175557 -85.483146863922911507
-80.387559332359614928 -84.369473991548900926
-79.845900094069733655 -83.207565951029351936
-80.239604692537795927 -82.089446776738853373
-80.879984993446214503 -80.876198700501049643
-81.416195703051826627 -79.604003888359542884
-82.370959987060842877 -78.641772386507369674
-83.314830767058296601 -77.68786230751241817
-83.710657141581990004 -76.36364198502859324
-84.539457122984174475 -75.366942899172727266
-85.472135401525704879 -74.465323319340754438
-86.434654325565361432 -73.647261994080196246
-87.473662156069195817 -72.872932226902506159
-88.494406611015307362 -72.207676715469276019
-89.439806671076084399 -71.666510834195321422
-90.545048625297994249 -71.386280276046747417
-91.95873835351297032 -71.380723547857954259
-93.194619768246795388 -70.872921391656959145
-94.113367134426624716 -69.869139028355078835
-95.197166217810462285 -69.633708084948978012
-96.419133256898959417 -69.721544043681575431
-97.512540184430079648 -69.336227650899061814
-98.477890121890865771 -69.292538605300890708
-99.363261240926178175 -69.293486440120801717
-100.28903288658428039 -69.481030779656194341
-101.19535422204603492 -70.585655004348879515
-102.11985630293531813 -71.629281987678254495
-103.22105763702597869 -71.837156403355692191
-104.49845888745643663 -71.356779013515463816
-105.86093307923809448 -71.322056524544052536
-107.26265163466520391 -71.397691631757666642
-108.39887045775148522 -71.688223647605155975
-109.32352270380410175 -72.21962531008624353
-110.14112042199261055 -73.048790557550177027
-111.01300853345934172 -74.099028816217114013
-112.20912791903374739 -74.8551945609934819
-113.42046898489863338 -75.535578754124884426
-114.30963626169665304 -76.539864957921665223
-115.11188862090999407 -77.577091317292243389
-115.70283765978068402 -78.442053503508631707
-116.16834329280504789 -79.199709298431400839
-116.57557169330073066 -79.931562284109133998
-116.99024612182810756 -80.760911628354620007
-117.1686321897467451 -82.014269837614705239
-117.37620370177835127 -83.307923917448306383
-116.85658378576638938 -84.531338536037949893
-116.56887075608355531 -85.705599979406784428
-117.27352544752010033 -86.813919039432661862
-118.10292833080313812 -87.988939733601355897
-118.82214383506462241 -89.233568229991121257
-118.86745945087876919 -90.41389570945666776
-118.76940669309293241 -91.562676025952598025
-118.5820417321559006 -92.835573155311379878
-118.30379826360382367 -94.131694791892925878
-117.94684340160702618 -95.386144735778856329
-117.53445172487373327 -96.549387041290898992
-117.05473407638004346 -97.677111282804119696
-116.55698368599192349 -98.679672580874452592
-116.03281430858210399 -99.604991717655465777
-115.40532211086976133 -100.58176932997102426
-114.65691098493351774 -101.60449663446817681
-113.84316883659795394 -102.58008736979823539
-112.94932864493662805 -103.52161937897233202
-111.94394512685494192 -104.4483729567668604
-110.8540608925895441 -105.32183382092540569
-109.7053424024177275 -106.11743975491225456
-108.54319663482999658 -106.80930973793397243
-107.34489091029196572 -107.3409910074707625
-105.96490949853522068 -107.12771037948854769
-104.78217781148137533 -107.04344680238588694
-104.17756967807615354 -108.01814610860425603
-103.62142778877735338 -108.72261381272683423
-102.94022662211240515 -108.87559365309593318
-102.1201274884620176 -109.02703309125860187
-101.1039753289068841 -108.92241397347018506
-99.913047075306209877 -109.16230701265305925
-98.758942041012360846 -109.28760959378296036
-97.761098136951616766 -108.56070933273538515
-97.01940851618424233 -107.43439164696783905
-96.726220788430381958 -106.08684129736018065
-96.527117136896535499 -104.69288206714062994
-96.322632024356863667 -103.30236782568356091
-95.826169187240552105 -102.10310273020631655
-94.671855271821215183 -101.55952343559252427
-93.266725436780490099 -101.68012991371138298
-91.882304111803577484 -101.97542504458667167
-90.523142113770163064 -102.33653073976869052
-89.162186823103255051 -102.61011587609387163
-87.769079731579921599 -102.4986332234573041
-86.34323449302880249 -102.33118069302713593
-85.029204559376736938 -102.10864427945216448
-84.472329692670911072 -101.12482602482498351
-84.029985485946866675 -100.06025350848156563
-82.821791497268719695 -99.85319951935048266
-81.786767593882842675 -99.640187293541544022
-81.420139824696860842 -99.008363891398730061
-81.385183971109526624 -98.076574807182879567
