5.0146628164360098623 2.5916697978973388672
5.1337926929546782162 3.5591061044858367524
3.1695099025642825552 4.1306365613413875693
5.4381043905167469887 5.6812852487718767946
4.8042697766646860202 6.5430867074635452596
5.1417785018764767813 7.9105286856923289207
4.3301789186501391526 8.6953060025571264902
5.2218995855110588167 10.958814239919091094
5.7469041316458575608 13.495284508654536992
5.0060044835605150837 15.084760582873395052
5.5872840888810806348 19.319886271951961731
3.8415493587690860977 20.363013315074223186
1.7852843207267348191 20.61472127296780954
0.22483419125566861396 22.800867698186376487
-2.0455495911735019909 21.860258427330883535
-4.0707616806030273438 24.077633346745169973
-6.0746704346021687115 21.657569824610977349
-7.696923065425117727 19.651423519349751956
-9.9764777087321121485 20.76758985521068368
-11.985944474931287118 20.369463383021361835
-14.580373479896435285 20.794851576521310221
-14.740381889517509606 17.277149411173233773
-17.130457802545073775 17.095933307180686711
-19.186018671713320316 16.201510040078929364
-20.152963637980697342 14.27607195285257724
-23.21759340113858272 13.646098555677214748
-22.002740858667699797 10.575501707668724549
-22.818570588060769211 8.6832016485491472224
-21.382564006972305748 6.2714064274853846825
-22.907654955535026176 4.5715064894534727102
-24.009233341853555288 2.5916697978973388672
-16.447053342499053485 1.2908686526328372324
-16.32473111981753533 -0.012992743723776456477
-15.880038903296554764 -1.2453975673630162113
-14.777757677666196301 -2.175393373619037618
-16.312556004489000117 -4.4761359265720592759
-15.159778473508985996 -5.4649737951642141098
-15.749732477167556866 -7.9241273743842253197
-15.294082303349835428 -9.873095612847084368
-15.258005201563952014 -12.806259078047991906
-14.393633049444519045 -15.28806757202453781
-12.153370162558370993 -15.562168553708200847
-9.7301045464000157637 -14.825991403053979667
-8.5983351898583855188 -18.70889544012478467
-6.0971674905283492762 -16.688274751611054114
-4.0707616806030273438 -17.878190416372003568
-2.041067625818552056 -16.719561382186213905
0.22645817562584191762 -17.625167858490581096
2.0775372924396293683 -16.330843118190646379
4.1247302938900656244 -15.815709063640117193
6.2412630681773890728 -15.269280675325550334
8.5885284763928755325 -14.832353090624422975
10.095186201711818796 -13.141201642149665574
5.8012948095579996988 -6.2971646328488102284
3.3414668831840099728 -2.7936263640616907367
6.0149496793744887668 -3.2313156822422426373
3.6710374232126312677 -0.85519997856873519737
5.1297194939077090936 -0.39774531399142887267
3.9088560478336669135 0.89555031277734609141
3.2947666653100142753 1.817521873100859775
