96.553615167052470269 83.559356689453125
96.833789642775059292 84.347604014274992323
94.869507069411767475 84.735946926623256559
97.138101298553138463 86.095031252639586228
96.504266752052672018 86.751722453530433654
96.841775446220722756 87.893913301666188431
96.030176057838986026 88.424342070918285685
104.41889812519588077 97.14177004455835629
103.42296567770551974 99.206620720323286378
101.09581008435525007 99.747964777610718556
99.921382777748277704 101.89706530038291987
97.246421006753365646 101.33069723747517799
95.190146674514409142 101.5824108034005917
93.629696007543913083 103.76855147741564167
91.359308256840350282 102.82794793168412184
89.33409881591796875 105.04532095355669696
87.330200110915697564 102.62525929237602895
85.707943370195678767 100.61910715489067059
83.428388245604224949 101.73527928351714422
85.066228022914472717 93.145161018587074864
84.337067890643936607 92.214468277147261688
85.216370838641438468 89.226926978765192189
85.169594727255756084 88.184510475923588046
84.594317875655391958 87.827081476870645815
84.944818504657604308 86.748354373020319485
82.807664511310761668 87.327402015144883762
83.667739812887646167 86.082184930165823289
81.378525298248661102 86.144277478529787118
79.00633111206602166 85.754589254109987451
70.497210307910734173 85.539193128825161239
69.395626200993120847 83.559356689453125
67.9966112576408932 81.316688557505898416
69.313498238943338947 79.303845991401360038
71.407848667997114944 77.734764165108643397
73.222631414300053621 76.386065706934630271
71.620236571645932599 73.332252696480594523
72.99398435641614924 71.68756401029615688
73.721474188775459879 69.501680100655534034
75.657410044125427362 68.3698452557331251
77.320394479869179349 67.023899138717013102
79.011227490408955987 65.679616195071702123
83.662993170691947853 70.821842715533264823
85.907542151549776577 73.013503294725069281
86.391813877160515744 69.716969622110298133
88.096544656434105036 71.784810661031585255
89.33409881591796875 69.977190595590883504
90.868627120790918639 68.959319304693266872
93.631319963458992106 63.342517847808984754
95.482399692087369658 64.63684067255184118
97.52960229459191055 65.151973801553211274
99.646123522821625329 65.698403092611158627
101.99339290109114131 66.135331737612176539
103.50005147501674685 67.826480250190471111
104.99829322264628217 69.455253681860924075
103.85590961109153341 73.008644439358377554
107.66955928324927072 72.973375357246624162
95.371034542789132615 80.871538620747202231
96.829716429869492345 81.123882461790998377
95.608852899459250807 82.225619757790369135
94.994763758410812216 82.964392433920323811
