-77.484288982203423757 -82.80836199054343183
-77.665804179934866625 -81.442543390151385552
-78.669080127586482831 -80.451751333270266286
-79.265808608478039332 -79.443849295131713006
-78.633440924911624847 -78.208533439173081092
-78.476451640184677672 -77.017439225755083498
-79.02361312802140958 -75.751781534681242647
-79.646929138369642942 -74.402339469764214641
-80.434550750775287042 -73.200716471147714515
-81.567610769928961645 -72.25661149228747604
-82.126419051362276491 -70.932419101584542886
-82.871510745785499807 -69.757554584321837865
-83.865990760978164076 -68.778205664046168977
-84.89315650076346742 -67.89712402284189352
-86.00522562359792289 -67.068320136067569592
-87.092321529739891162 -66.366245223570729195
-88.102755522429731627 -65.798267548659040926
-89.391059001597923839 -65.636936222991451473
-90.887608188585218727 -65.506134108368698321
-92.065011304773904044 -64.708467702426517576
-93.103862992118280317 -63.97477489495947367
-94.32559898611971505 -63.800069060037891688
-95.603732682763720163 -63.800640368948890568
-96.674586342710099984 -63.522256442083268269
-97.636504626308891375 -63.510806884231854497
-98.61926531617945102 -63.54692758909570216
-99.592482559252317742 -64.687652111475600236
-100.58066173335795668 -65.815553716684021879
-101.76019988057477406 -66.039821376391742547
-103.13511832294997816 -65.54954952781163513
-104.6053050527686139 -65.573464936475971854
-106.10668823435626962 -65.585381847156511981
-107.19521686503496483 -66.075837962679031534
-108.18350618171621136 -66.669612119349366708
-108.98245238558016013 -67.803116431188556135
-110.13092913470940459 -68.749009490302583458
-111.47636685117730337 -69.456376894524282761
-112.52160756298574995 -70.427249033813211554
-113.42330499521830234 -71.549151733382558405
-114.10379977553226638 -72.519952504774067847
-114.61670382902619281 -73.342629237945075715
-115.05554289290842007 -74.125684063505431709
-115.50129044129508316 -75.017656924012115383
-115.70417979002289144 -76.376458763309983624
-115.81857381441652421 -77.751515781337900535
-115.20243088032020751 -79.051766592449382642
-115.21434516203376575 -80.286365159331339214
-116.11515123566735497 -81.482592414848497242
-116.93271608097752789 -82.787998349619741134
-117.38475376153880347 -84.101305726386812012
-117.31108659090457991 -85.323277630849730713
-117.14728758634794303 -86.63799331829402206
-116.8758129486654127 -88.030406580047042553
-116.50953794497627314 -89.389613537324763115
-116.07627573256147002 -90.6475734585027908
-115.56711846857132286 -91.859192602320774768
-115.03341953926378949 -92.934500360461385071
-114.46563268288616655 -93.92772076053603314
-113.77383642259744079 -94.984744491989971493
-112.95194419713807576 -96.076563096134833586
-112.061990007522013 -97.104766974512855882
-111.06070119878374669 -98.110976667596446532
-109.9408561094182204 -99.083805692280904509
-108.73847183503545466 -99.98027454049140772
-107.49406043823299228 -100.77139936745322757
-106.24307677359686863 -101.44491782329534146
-104.80043800006062327 -101.4327816701159577
-103.45322225438187047 -101.21732369454781519
-102.71813936242945431 -102.10074302889489672
-102.13954634397867949 -102.93805178577017045
-101.40734638902438292 -103.10242060148030419
-100.51750030699156468 -103.26384227034836272
-99.391479911656617219 -103.1177937241639313
-98.11300908120205122 -103.49638482168336395
-97.048248694297541306 -103.2869700686147354
-96.241932962490324144 -102.06163827948525125
-95.3138505661994202 -101.29620467689532859
-94.047687529169209597 -101.74155782131079206
-92.647128746205581251 -101.80490877065378186
-91.16297666596457816 -101.50835746475135579
-89.631755579204565265 -101.5680368785380665
-88.209925809077233794 -101.2762005153771554
-86.985720589599452524 -100.58790748891973976
-85.844056538544521118 -99.837526414146537945
-84.739869848207973746 -98.997559356617031767
-83.663962864795763608 -98.052348175933417451
-82.723673954101684558 -97.103289646370726018
-82.13417822177898131 -96.364178305728216856
-82.555151042026110986 -94.952962687618409632
-82.168246927130795143 -94.140462702825686847
-80.764162505477159471 -94.079533808141960094
-80.112022751184326808 -93.576603091556449954
-79.705535255199208677 -92.843960793058258218
-80.109386770732342598 -91.552956871858796717
-79.54276049570640339 -90.531731957723295068
-78.579757815348884264 -89.59738512837161295
-78.679531704429763295 -88.233759064421818152
-79.010374074192270655 -86.730721143097895265
-78.915546355970988657 -85.315501335271562766
-78.073789413538619897 -84.12095999574403038
