-7.4928759790351833203 -10.624927520751953125
-7.3222619967215685222 -8.5202958447182126633
-9.6140298616596240322 -6.8557769542520770045
-7.8872568910239593265 -4.302238982300949921
-9.2713155742238484436 -2.5773399797105138731
-9.8842072409511843034 -0.54307209479170559518
-16.833307455512841244 -2.9866532963179945881
-18.100945924581381519 -2.3002007866326206198
-19.324530140499106778 -1.7156360759093800539
-21.437383503973769905 -2.491735539719652337
-22.06828157201099927 -1.4827944668939370132
-23.951462322688136908 -2.9995641161063044677
-25.030838699051894736 -3.4980793215861627488
-24.862636524744051059 1.0607032720369726775
-25.321281493539853358 8.6436589609353013941
-27.346492767333984375 10.861035789677298879
-29.350402426658771304 8.4409703652761294279
-30.972654958055983343 6.4348250400179765052
-33.252210610583432526 7.550991374435287895
-35.261675559271296265 7.1528658270180116574
-37.856104592933114361 7.5782530505915062236
-38.732504461620216318 5.0465758137005369832
-40.40619169786996423 3.8793348436457932848
-42.461750725407682694 2.9849119914148687371
-43.428697578707811999 1.0594742862469654909
-46.493323538991461419 0.42950057306949140923
-45.278472894502939994 -2.6410958391346959218
-46.094302626150586377 -4.5333959013924820525
-44.658296037054284966 -6.9451910810152011067
-46.183385093081980699 -8.6450901566626043859
-47.284965382258832278 -10.624927520751953125
-48.683984186616036993 -12.867589490065672209
-48.234177864645602085 -15.064741421748815142
-47.247665121256673615 -17.091209266149107293
-45.395158792894321209 -18.660712051916330978
-45.979555979494705298 -21.382730167562293389
-43.686614891215853618 -22.496718244406864073
-42.959121391015429481 -24.682600092896677779
-41.023189302795586286 -25.814435018873385985
-39.360201012689081779 -27.160381188053342782
-37.669364146175283281 -28.504664169644698291
-35.429101245315891333 -28.778764205196527115
-33.005837424579333117 -28.042589951454463204
-31.874067324228896325 -31.925492023545412934
-29.372899499700292125 -29.904871358287365979
-27.346492767333984375 -31.094787019765558256
-25.316799525145711414 -29.936157983281262318
-24.861012574285570764 -22.318201086882471174
-25.001734989044255286 -17.841344983428417237
-24.224752229526988145 -17.636470738500197086
-23.065141940224055617 -18.040442674318452276
-21.447872070169903935 -18.743681225871512197
-20.372822258876677637 -18.369977044019098145
-18.909656232230503292 -18.221488879896355684
-19.542302611650249844 -16.295005173780666041
-14.423570922651181903 -18.085981495376273642
-10.404547831467915842 -18.167968427862312808
-8.1956417670959247346 -16.847415746417521376
-8.8746837112195642305 -14.551231380648092184
-9.1612880045911175841 -12.536270626846024001
