4.8536182188102774404 -6.0149350166320800781
5.1337926909254072427 -4.6502244349837784654
3.1695099189406015228 -3.6725468328876016422
5.4381043545691358787 -1.6971855382672735857
4.8042697794254660693 -0.38064319528268164561
5.1417784734966769378 1.4861965929713782941
4.3301790981123495783 2.8348912505436185683
5.2218995172381088565 5.7555620002226639542
5.7062448731428716542 9.0414245028085886702
3.9111460728094087358 10.173669734060830194
2.7367222128881394383 12.322777960966913469
0.061749666848395889929 11.756408735462713366
-1.9945153787709744009 12.008115743089852856
-3.5549654420834126967 14.194262168531086132
-5.8253494045315932226 13.253651943279198377
-7.8505611419677734375 15.471028770634330129
-9.8544698887748367611 13.050963341907422688
-11.476722508177326532 11.044817993520808841
-13.756277160756170019 12.160984328460500592
-14.780451473120834294 9.5498527999996021265
-15.509611795615324326 7.2509301080027643849
-14.630308700599844229 3.3165877310126710142
-14.677084822018588994 1.5666873572413022586
-15.252362003061632478 0.64967584753731344449
-14.901861184873979482 -0.89186716593542669784
-16.826323857584050359 -0.83277744356445904117
-15.406306262390572215 -2.6509005681363113638
-18.39509342179965401 -2.5888082212825089812
-22.13588468536152476 -2.9784967012709544498
-26.687455372647765017 -4.0350978679684796901
-27.789033756892617788 -6.0149350166320800781
-29.18805447372087869 -8.2575964603720830581
-28.738246232712704398 -10.45474942535996199
-27.751727742080575467 -12.481217336625890724
-25.899227165372941784 -14.050719075799875668
-26.483624307187831448 -16.772739175257520117
-23.818176159535020986 -17.616085859003685954
-21.355746776939312781 -18.175062398672366726
-18.485839526004635758 -17.826611600852803718
-16.452951530298548732 -17.855113877105402764
-15.322871359844656425 -18.957356212472767254
-14.947877178749941152 -21.955766161218789989
-13.509903978230699551 -23.432595035086706048
-12.378134638303116333 -27.315500972656174383
-9.8769669480894783931 -25.294878374447353764
-7.8505611419677734375 -26.484797853505792631
-5.8208674381195528724 -25.326165003919420826
-3.5533414674443832837 -26.231773390474021568
-1.7022624080420420967 -24.937446740854078087
0.34493058798861220282 -24.422315549823554903
2.4614631091527403584 -23.875886217132720191
4.8087287733296015801 -23.438957669118284599
5.7833306460584719133 -21.156906966431165529
5.8882181459363547305 -18.385389335800560673
3.3414673031579678053 -14.146420910070956367
6.0149495339699132757 -14.020192229180118204
3.6710374473016695873 -11.144679895395860569
5.1297194814734883295 -10.232484649888437644
3.9088560563947627458 -8.5144758396109505583
3.4266560158586543139 -7.2002183072024878996
