96.502143530517130898 84.150676859265132634
95.485703454193128437 84.734658288339716137
96.079713809903026345 85.471021055369888586
96.749208140264897793 86.526108962690784665
96.522273205642974858 87.928510789917595503
96.770867911456377897 89.154359513722269526
97.91763852299432358 90.385763364987354862
99.106040815869903327 91.620732327919682803
100.29444310874544044 92.855701290852024954
101.48284540162099177 94.090670253784409738
102.67124769449659993 95.325639216716709257
103.80081411678760617 96.57144383477130134
103.57344875522809957 97.603605096038236866
102.45950668079443346 98.649872531552063037
101.24784423269872491 99.623685811583783334
99.987948685913863756 100.48553413586991212
98.827922153800201954 101.16240524443594495
97.436690410645610427 101.44330784462290751
95.752397670191712109 101.60047012594166915
94.473505398373191611 102.59532958529365487
93.233895851518298059 103.17546188597781054
91.775870584495635285 103.14404160742651584
90.468138468835419985 103.52717965705805625
89.342273091740537438 103.55935501898342466
88.245450160410001672 103.52970581271235062
87.135098681240890528 102.38074219696757439
86.002765416577588553 101.1610838403276631
84.617719576811595061 101.1595248120451771
83.658655982526056505 101.13835093373249663
83.82372888150673873 99.661802460947853888
84.143766539142077932 97.983273604582223015
84.463804196777417133 96.304744748216577932
84.782787823089918788 94.626390858544581874
84.789632919604656536 93.001318016812078326
84.612336368178276302 91.437480470847219749
85.016643612586449308 89.7983311684032941
84.981140703412748394 88.1934297222260426
84.535604715610631388 87.08474292571844444
83.413851528521036016 87.068104083983328678
83.222852624443888203 86.422153097782825171
82.108464234843793861 86.112602120523874305
80.391427768540083321 85.977375000960293505
78.703814488246806036 85.770744452417773118
77.004185040500104265 85.703907812866532367
75.30236087966902403 85.660828587809561441
73.600536718838000638 85.617749362752590514
71.900261638462609426 85.571962444402629444
70.433742798849081623 85.117584608139338798
69.487904395571646887 83.747207291489672798
69.372925129032864788 82.313746380405603986
69.504055207402416272 80.957555297268953609
69.743489280135037234 79.533438407062050146
70.602912830132751765 78.338081585416247776
71.984994474378126483 77.304629145320063799
72.855489978543914731 76.146401112027376712
72.32856922911730635 74.679665551196166007
72.163259906133930599 73.304489984602867025
73.028989577748561146 71.977326956657464052
74.006657015716641013 70.711418027494886474
75.050342933319711847 69.560273937846147874
76.251995144455449349 68.431284653363832149
77.580837236846932115 67.377241801283147993
78.896107616861328893 66.499217776524659484
79.886836029986511676 66.657019716553620015
81.033734307923339202 67.915366856141986318
82.179821504514805497 69.182292230748444695
83.331529753545211747 70.444905621151931996
84.532391326512907881 71.669812841999942066
85.641195897654128544 72.512961231398335826
86.126950741766208353 71.512966282749061975
86.50570739994029168 70.270154621702175746
87.439310911903646684 70.946973964223118969
88.5053581036028163 71.070385805818418135
89.634982537424960469 69.858319108768924366
90.872078854191300934 68.706458125479969112
91.715258798382805594 67.238041438873906941
92.472771352017602453 65.697950716824990991
93.244988707764974833 64.213374457025778952
94.252720506084941121 64.173610362086236591
95.797995523473218782 64.650958934613242945
97.387182809720087562 65.252313285648995134
98.905059636556757141 65.998129255990590991
100.28427691566858471 66.82335956995821391
101.54688463254611008 67.721179313341750117
102.7830356836529262 68.756448288477344022
103.89138704653765899 69.844935105927945074
104.59078658208170509 70.70510470608093101
104.1614219233436387 72.270336559014253908
104.89363070905898212 72.97414601022825309
106.37525545291364892 73.090403519561760959
106.64914406644703604 73.549900761575202068
105.73212045427273154 74.217606556291286779
104.30010045024653209 75.137255703411213403
102.86808044622036107 76.056904850531140028
101.43606044219416162 76.976553997651066652
100.00404043816800481 77.896203144770993276
98.572020434141805367 78.815852291890919901
97.140000430115648555 79.735501439010846525
95.973413105827901859 80.604336455778778259
96.281203519536774138 81.232047103275434097
