96.553615167052470269 84.40615081787109375
96.833789643706808192 85.159089295937320685
94.869507196077364597 85.511336955710362417
97.138101317195477691 86.83267157612371534
96.504266777119084963 87.448949875257738995
96.84177538810064334 88.546760692372160406
96.271555099023373714 89.202440777240468606
104.75483556855536449 97.988571865276512085
103.75890317770551974 100.05341484874125513
101.43174758435525007 100.59475890602868731
100.25732008373171311 102.74386717021093318
97.5823585842646537 102.1774989607773847
95.526084174514409142 102.42920493181856045
93.965633507543913083 104.61534560583361042
91.695245756840350282 103.67474206010209059
89.67003631591796875 105.89211508197466571
87.666137610915697564 103.4720534207939977
86.043880870195678767 101.46590128330863934
83.764325745604224949 102.58207341193511297
85.066228099057198619 94.746479411862978282
84.337068008489708859 93.643125876923818396
85.216371086386004663 90.536093113351967077
85.169594606990656871 89.404404776816193134
84.594317745719877166 88.976350436566704616
84.944818438905514313 87.839228000782114236
83.02035610546701605 88.24534672240180555
85.185607852787413208 86.402749195485696987
84.320641025404924562 86.144277304532565154
83.326132367526298594 85.754588900763224046
70.833147807910734173 86.385987257243129989
69.731563700993120847 84.40615081787109375
68.332548699940346637 82.163490864301564898
68.782355044469966288 79.966336864340689772
70.942837101825304558 78.321311922777610448
73.036298754447614101 77.000338682128642631
71.739346601825147332 74.053863853218032887
73.329921820590243442 72.534365817418773759
74.057411688775459879 70.348474229073502784
75.993347460756808687 69.216647088611026106
77.656331979869179349 67.870693267134981852
79.34716488374436949 66.526418014467040507
83.60908386908904788 70.793026492319768295
85.970354390689237789 73.019690917606212111
86.544553361769800404 69.701924667355910969
88.334520239396169927 71.69946067604342943
89.67003631591796875 69.701494794809633504
91.69972769414476943 65.094924174599228195
93.96725748938945344 64.189315796435906236
95.818337192087369658 65.48363480096980993
97.865539815766410925 65.998775568793206503
99.982061125902902177 66.54520490993765236
102.32933040109114131 66.982125866030145289
103.83598919708094854 68.67328220795063487
105.33423072264628217 70.302047810278892825
104.19184673921161277 73.855445685321882365
97.714946718366519463 79.761423437114643775
95.371034177072374405 81.867906207536719876
96.829716435389343587 82.079830354755941357
95.608852963980169193 83.143817693173886596
94.994763562924603661 83.846501169700360379
