-1.9281289437308246626 -10.018396713092629469
-2.2710777497818388504 -8.5326526036852250456
-3.4408130231129336885 -7.4471305593982188853
-3.4968621024703114841 -6.1906303084145415383
-2.7784798504292034238 -4.7667030043427969233
-3.2691543883736464693 -3.3960336207189110169
-4.0225823902258035503 -1.896008747189218413
-4.8895563013307068445 -0.51431661379946747026
-6.1200305508360708373 0.59126670367764566638
-6.6690125148939136679 2.1553355664456304019
-7.7031660385698650373 3.3286283255301043482
-8.4462717667113675901 4.0341872176825432916
-9.4644795380660564632 3.2704458739367945341
-10.729993100580633936 2.1180095908841147789
-11.995506663095213185 0.9655733078314343576
-13.261020225609790657 -0.18686297522124589721
-14.526533788124369906 -1.3392992582739264851
-15.736294108367617994 -2.0520880472419968932
-16.877002480810805451 -1.9647600824621156423
-18.225309770846788382 -2.8232947583342742348
-19.43670770783487356 -2.9733632042755995251
-20.210036785082909461 -2.3857894516667208507
-21.134628645799072189 -2.4920019418771905961
-21.794417695753889319 -1.5951021318354750012
-22.362901515337771485 -2.5562298048159060038
-22.880661768829817504 -4.1213705751478455497
-23.623695566747528574 -4.1885910514841686592
-24.542038533793718358 -2.8069151241458998314
-25.357093760514164416 -1.3019051507888337316
-26.16125962196050736 0.20836433542384169559
-26.965425483406846752 1.7186338216365171228
-27.769591344853189696 3.2289033078491922168
-28.573757206299529088 4.7391727940618686432
-29.404732685238030854 6.2124177442455428277
-30.673923548275986661 7.0804798237006494332
-31.840267938956067439 6.5033930897454581554
-32.94238089003790293 5.7447100682859453258
-33.923242693686518123 4.4088173525269773734
-35.379027974770835385 3.5033023645490022346
-36.71645399808075183 2.5512065266553847209
-37.758342827276905496 1.2920145970067800079
-38.551020342677823294 0.17240189903114711001
-39.124930965867918076 -0.75425482213332806225
-39.6184933458459696 -1.6542954168006218651
-40.00596624833116266 -2.8385044959029399614
-40.306965094203796696 -4.4275585579725547092
-39.871859240392964807 -5.9314652018229399033
-39.570044960350827523 -7.3543303393085635022
-40.498891978117292467 -8.7100511199526966521
-41.431447707533813229 -10.185300861068890654
-41.823489645310033325 -11.658440946251214854
-41.715812089419813447 -13.053403044392824839
-41.480704790464059784 -14.597679199727974009
-41.113874716750551386 -16.162063647883435635
-40.646561476967598026 -17.62625595069945561
-40.086271994634387283 -19.010090295210389399
-39.480944400543656059 -20.243049144715129728
-38.829039809494517499 -21.372840055078505372
-38.01197944880809132 -22.586449627611294488
-37.051702801060415027 -23.803772573392645739
-35.992097059722169661 -24.950976475247308883
-34.772453256276314448 -26.074829745935957703
-33.43191678697900926 -27.116551123566136283
-32.025531880614735769 -28.030387543780339143
-30.654520901370140962 -28.771044750722076344
-29.495113042485805011 -28.043064311626118013
-28.726026859377995493 -26.536830272887421245
-27.971886152248799817 -25.003905764932348177
-27.217745445119593484 -23.470981256977275109
-26.463604737990394256 -21.938056749022202041
-25.70946403086119858 -20.405132241067136079
-24.955323323731999352 -18.872207733112080774
-24.201333043846943838 -17.339875847253725993
-23.61837854054673258 -16.481355285361473761
-23.566884373671722841 -17.716566860192106247
-23.440166641103115097 -18.653711786287590968
-22.783321960107823401 -17.644521557006950019
-21.944402405611921125 -17.468370453666349107
-21.002350614435183473 -17.441338382705620091
-19.906746175649267627 -17.70400594447768583
-18.432765035395785702 -17.792483553374164984
-16.829860306237051759 -18.377120544868532193
-15.259613477288446859 -18.606847688334216429
-13.832453449629252162 -19.264556919852633854
-12.462383514837961584 -20.275943481973804694
-11.09248824537863598 -21.288488367180097072
-9.7225929759193121527 -22.301033252386382344
-8.3526977064599883249 -23.313578137592681827
-7.0357940865442554212 -24.263855535163827426
-6.7290091789147599144 -23.918115759517558416
-6.9098597881936409948 -22.622838434190011725
-6.7330605206983751287 -21.50865078528389418
-5.211820213248072875 -21.387837951230565636
-4.5070789814967824327 -20.794070959115288133
-4.2231796709535860401 -19.836164440878640391
-4.4809736746697028664 -18.407362354486018319
-3.3891030520630534006 -17.377858913247763439
-3.0152705708025075992 -16.029501063014578222
-3.4050291097614771019 -14.33973551612944064
-3.3844291714399452609 -12.713899706610920504
