99.590032393900543184 75.124884864187279732
99.247078147594564257 76.610628640962147529
98.030988545858861016 77.707278459716846442
97.313081346286679718 79.117679447381917157
96.908058540094216937 80.775838768364877751
96.633979917970322049 82.427717081312366076
96.593174967578889323 84.043932445811279308
95.64900435477886731 85.311442387440706625
94.967279880785667956 86.804386585189931225
94.133199550446107651 88.146568348625649492
93.004403211085744374 89.238055345551742903
91.813606338939706575 90.222263439363615589
90.547203692990507307 91.113688286910942793
89.371584471647921077 91.818923411073740226
88.135550486452473251 92.130038926173327241
86.947134383677280312 91.073489600383780385
86.025573981787673006 89.640227737817411935
85.108906167394621889 88.20005914985176787
84.192238353001627615 86.75989056188619486
83.288806291245904845 85.764523153068878969
82.381000919584963071 86.364344859995810566
81.2151052746321227 86.093978965162349937
80.222911581690283356 86.731288772127058451
79.399932424900185879 87.004930629888391991
78.605861461251407718 85.591620795291461832
77.777149052372649862 84.296319169405705907
76.711680733751236971 84.749015801579730578
75.652594951191005634 86.074531922069169809
74.715297919971277452 87.513052350230054799
73.785495430678452067 88.958173099912045245
72.855692941385655104 90.403293849594021481
71.847713037800843949 91.729399700448354338
70.488523791632886173 92.089995969260556308
69.350722543243335849 91.453642080413743543
68.355407804280702067 90.441592113003821396
67.193344289053470675 89.252921462818520126
65.685543993504722948 88.422430091434705446
64.485364354959656907 87.333897085555079798
63.960969903322904884 85.9916586953801243
64.870189261824179994 84.733839638057318666
66.074737067309612826 83.528536829269611985
67.279284872795045658 82.323234020481933726
68.485004211351707681 81.119157062335148112
69.734907082881250062 79.961312185502578131
71.048344703292798386 78.869947815749142705
72.33722395633178337 77.75967988745610171
73.419119594930748463 76.501843985827576944
74.617423287558310108 75.565752086088508577
74.217772039691311647 74.891324208413792007
72.698894442959698381 74.143818213197207001
71.400981361157136007 73.115323307325297719
70.561826821642810614 71.622908331074754074
69.249533628652017114 70.600460106433942542
67.760454693052579955 69.75803239168673997
66.271222142206028138 68.915761717557856514
64.7819895913594479 68.073491043429001479
63.292757040512910294 67.231220369300103812
61.942382546821214362 66.281012523119670732
61.930767041588048016 65.102213979236395858
62.564544398628846977 63.973625418005418908
63.34852546255128658 62.776560902879253945
64.291543029235882045 61.547221317486879855
65.327732805644046721 60.393706858129291959
66.520110242709407089 59.262558046226445185
67.842908625164426439 58.202537922086150957
69.243712460120860896 57.262621425412788767
70.658668857637664473 56.474316549569437029
72.269557405116600535 56.406478546215346626
73.747315014156541224 56.558905885914860789
74.470137566855143518 55.354428584864251661
75.217575566152063971 54.829141852803630286
76.115401453879357518 54.645322518152369184
77.270980575288945147 54.600514150563029148
78.708939600295721561 54.430128330871980324
80.204378177946296091 54.332600200416919733
81.434920143954855121 55.164979690216220831
81.666923057272626352 56.724009332919770543
81.627168018886933964 58.433607489301117255
81.587412980501213156 60.143205645682485283
81.547657942115520768 61.852803802063831995
81.507902903729785749 63.562401958445192918
81.47419333474883274 65.271745722463279549
81.521360986775093238 66.977044181348546203
81.969790584142970147 68.482642675513702102
83.309168360650332374 69.063053945488448448
84.057723945846674951 70.068151182042484493
83.308965170759051944 71.370378065277662927
83.247754071686017596 71.880200714019849784
84.664226325660308703 71.284471260050167984
85.479288596181376647 71.131531586978596238
85.282146566497061713 71.797847446571040564
86.577369174588056921 71.553236757524331324
88.217194901923932093 71.091414571982113557
89.857020629259793054 70.629592386439910001
91.496846356595682437 70.167770200897720656
93.136672083931557609 69.705948015355502889
94.77649781126741857 69.244125829813299333
96.41632353860327953 68.782303644271095777
97.991792398470394687 68.385357762140785098
98.515789361323157891 69.048872841432157088
