3.4069003009479645883 -8.7123292462728443297
3.0639515178351794944 -7.2265851376407628237
1.8942163030509875377 -6.141063095709781372
1.8381671787816926678 -4.8845628435155941105
2.5565497117828179796 -3.4606354121000313384
2.0658751567851680875 -2.0899660116151075329
1.3124467219185174116 -0.58994126682695335884
0.44547274487924226616 0.79175088862665099487
-0.78500134295129186945 1.8973342125219005982
-1.3339832859035287704 3.4614030705879446081
-2.3780642706289683019 4.6446108714064280321
-3.5167276977517012426 5.6961633801507147723
-4.7421308894330209682 6.662733141995737185
-5.9941262941600008674 7.5030580046261938776
-7.1471806710448273492 8.16355047175631654
-8.6050521161241846357 8.3604602127120575261
-10.267459522801752669 8.5976832667435623136
-11.48527590292196976 9.6711944182348776877
-12.299277426333224739 10.006598021200082016
-12.772012259799121026 8.556582558808392136
-13.205872197688309555 6.9021378575789711363
-13.639732135577496308 5.2476931563495465838
-14.073592073466686614 3.5932484551201220313
-14.507452011355880472 1.9388037538906990331
-14.941311949245070778 0.28435905266127492474
-15.375171887134259308 -1.3700856485681489616
-15.821677512615750061 -2.5366228694850736503
-16.319958035064090041 -1.7583741070585481303
-16.803036640895545162 -2.1064716214252423576
-17.21853255027922458 -3.7114853943496415312
-17.737015565450207077 -4.3927228832225573285
-18.789479198064892529 -3.3503401352503505706
-20.179627319856457746 -2.359704344130082454
-21.123898200605459863 -2.3025369731876406121
-22.201072127135525136 -2.827940563674026464
-23.856071686845663038 -2.4533106647212976625
-25.427059867321524678 -1.7787946423740106372
-26.931935975210372192 -0.95374644401458374965
-28.434420014217781869 -0.12324874199085357473
-29.936904053225195099 0.70724896003287673896
-31.440036853071291034 1.5334634086254377294
-32.908986062759439051 1.9316252679771803713
-33.503146194015428705 1.0289165899200405363
-34.024413563361214585 0.13779103911625512069
-34.521028571866274604 -0.82457589281028909056
-34.794118160213308499 -2.2845386978030659542
-34.893753730536211322 -3.8411592187850116531
-34.23245208295276143 -5.3071673998876276457
-34.598062308298963785 -6.6824506289860909902
-35.626431300638934374 -8.0829425849591949316
-36.505994169013753492 -9.5883786683718970068
-36.450527417524995144 -11.002030984623351273
-36.28796039552945274 -12.457693191837510227
-35.988496083615068244 -14.032394856302977004
-35.568474617886153055 -15.563631671661514844
-35.060594396960297559 -16.976974821098199442
-34.466338319845988281 -18.311076738508567985
-33.853269815393609576 -19.465319313875713902
-33.133308505706580149 -20.626303512602561341
-32.236057456083258899 -21.863481795243863814
-31.463089986882408766 -22.788982055220898815
-30.559285854348392064 -22.467123069750151387
-29.163957742620571167 -21.481014389419208044
-27.768629630892746718 -20.494905709088268253
-26.373301519164929374 -19.508797028757328462
-24.975838228930168583 -18.529194476892431709
-23.461668498902522373 -17.910592259324044306
-21.760427400383171914 -17.901660692979074696
-20.166566036094447867 -17.352193832336254786
-18.967210661111003844 -16.441032859702271907
-18.582289354710361806 -17.223585398590987694
-18.488367112430445616 -18.601767238182169706
-17.875232001969450835 -17.986108062212359471
-16.971985156354577384 -17.416779904386679334
-16.013754381450478803 -17.433083287469749223
-15.382942163413986236 -18.193152817004332178
-14.92774617515487634 -19.831613436606616574
-14.474608889954742708 -21.481078699269684051
-14.021471604754603746 -23.130543961932744423
-13.56833431955446656 -24.780009224595811901
-13.115197034354329375 -26.429474487258872273
-12.662059749154188637 -28.078939749921932645
-12.091372313556114193 -29.018229721333934634
-10.790204938696192016 -28.677373659733277123
-9.1919254936685312884 -28.126139709403222611
-7.6375124467926731597 -27.437734698830247737
-6.1843091457094772068 -26.642236654410151431
-4.8822077373040571047 -25.786831236086328545
-3.6327910891590704523 -24.817673851381357508
-2.437561679710876561 -23.726879686818762139
-1.5153786559900872533 -22.750791979171928858
-1.5195809566120213052 -21.504043900742860984
-1.5073325059111970514 -20.268273632328742906
-0.07750946153667304106 -20.079914961379607519
0.77594708598120121223 -19.577819987927707501
1.194134584721936676 -18.713242386985665888
0.80792687703884946693 -17.246326704670888574
1.8061131791417479597 -16.192112050623610031
2.3484919768687944064 -14.91135734091492715
1.9689932377443029043 -13.234451923056514744
