100.27989274394759889 75.919287940038088891
99.936941280339183891 77.40503168909009446
98.69354440973029341 78.492809653136049519
97.607253610094915075 79.783999034243706205
96.877225988655126798 81.346027320876004296
96.640771053536866475 83.016300660243388165
96.634663078731207975 84.68609578538622884
96.036356672122295208 86.240153095321232968
95.58641921829871535 87.894532898849575986
94.626981718520198683 89.143197060147187472
93.492256547783156861 90.210567082004544659
92.280595982964015889 91.184378565036894315
91.02069939361717843 92.046227406367464141
89.860668489875806131 92.723100666970310613
88.576459960621861001 92.796401824395871927
87.500119487817272557 91.600188065932812265
86.615963563921368973 90.1385370569108062
85.73239090117543526 88.676080472014561451
84.848818238429487337 87.213623887118345124
83.97255145147009614 85.908226634185751891
83.150789618072096232 86.160418689507821455
82.096683450630536072 86.215557956197130807
81.049206989808084245 86.490554178244693162
80.245214723254733258 87.122668767856183081
79.503628350895652943 85.869701875974811855
78.762734338805913126 84.438654958818560203
77.77367322946281547 84.579409670739480021
76.42630855513816357 85.522241616980508638
75.105183826906852573 86.478698195949519345
74.056300357880061824 87.815390518297789413
73.021749271282601512 89.172395177253918064
71.987198184685155411 90.529399836210046715
70.952647098087723521 91.886404495166189577
70.238995100306055974 92.366106580834610895
69.30500179048196685 91.774874174972708829
68.360403740773008963 90.410688060078769013
66.919678900230522345 89.4866326334251454
65.555293745162089181 88.559458770108506087
64.506477558968981612 87.30399405482822317
63.69567162407479799 86.168657092376605533
63.167130855660865052 85.326399448153964045
62.98803380992544021 85.018365806055896883
63.855911479340967674 84.353297398583876543
65.256230347765153965 83.385795792267188631
66.65654921618931894 82.418294185950458086
68.056868084613498127 81.450792579633784385
69.457186953037663102 80.483290973317096473
70.848310131308465998 79.505549764215302844
72.095335588647060376 78.367317995861924373
73.373528008742752604 77.262839008125752116
74.542873917412279638 76.401491041055948017
73.841346469586568446 75.571974625422086547
72.378216007006102473 74.639241043787464491
71.480734991059890149 73.320939860009090694
70.741357133093629272 71.936312763433605255
69.32220264249565389 71.046551733376006155
67.833849064940523022 70.204566791879187804
66.345495487385477418 69.362581850382341031
64.857141909830374971 68.520596908885508469
63.375929819785945085 67.673054526566019717
62.304559500746663048 66.532057101409264988
62.871496035633519739 65.429200962189199231
63.553846773072649512 64.288480689010398805
64.413658907796474296 63.057891322337511042
65.393448796079056251 61.861194791072321664
66.488952174279475571 60.718524235773564612
67.742038523324055177 59.608308144726223077
69.104374827447145435 58.592598257008717155
70.514098458700075867 57.715358021114766984
71.970255585638497564 57.076242089136506763
73.62921787288894393 57.357829649376782299
74.816498560639530524 57.007922311124048065
75.427084767873267879 55.739679548063634229
76.251293385655287693 55.548074200376220233
77.243094549049189368 55.365501183269557828
78.537584501278061566 55.494780947287651429
80.016771867655194228 55.123112656764121198
81.490059595917898605 55.324294379957173362
82.304889052497941293 56.54264019263480634
82.297971500116929633 58.208886784449880736
82.228149881905608254 59.908935459881263341
82.158328263694301086 61.608984135312617525
82.088506645483022339 63.309032810743971709
82.018685027271715171 65.009081486175347209
81.951331719785684982 66.708955040902850442
82.030977384046479983 68.39117631943224751
82.829287619607427473 69.575887292126282091
84.309626091293694117 69.767025429478778165
85.072061710210718388 70.685543694385060576
84.387952103646895807 71.930326445800758961
84.701733024463976562 72.20310601246070803
86.229088591050896184 71.540143849564302059
87.820358442699003376 70.864067024726608679
89.429894714095965469 70.286420075390211082
91.043645121346798987 69.731481290715677801
92.657395528597646717 69.176542506041201364
94.271145935848480235 68.621603721366668083
95.884814976386522289 68.067723329176502034
97.471673685066747339 67.862583260578716704
98.883183940930734934 68.62225323591859194
