-14.592355224184887064 -6.318657051725478091
-14.773871577516398901 -4.952834109302392207
-15.787973032084147817 -3.9662248488521982814
-17.082909884083278484 -3.2281311210444281201
-18.509650053734638675 -2.7913098409562482338
-19.970815854928179789 -2.4692804010743016896
-21.481666048986259199 -2.4281153720225971959
-23.013509667628600397 -2.50670807358534109
-24.340668215794117657 -2.2799834987213998261
-25.14771286997055455 -1.1666542624158535713
-25.338385973799301354 0.1521953186363814714
-24.882920493594983924 1.5596892338054659799
-24.538544253665076411 3.0264985752554944831
-24.484602721888897747 4.5074746486852701466
-24.830753124785932329 5.975378214615622241
-24.80831154330309829 7.4627716779979165196
-24.611289519214576416 8.9584659897164975462
-24.74688414959741678 10.210021177512279777
-25.967165218063673393 10.665381500291477579
-27.509088579869185764 10.873305389793511466
-28.830945972756996554 11.431067730637035851
-29.830477004187692103 12.427241862189326582
-31.004318840332320661 12.672226205094485607
-32.317129527463713146 12.558013788289713375
-33.438820210784577114 12.952114890421505322
-34.415379119324754242 12.980185696202511281
-35.296596535653577575 12.964564069270682722
-36.19163796124833965 12.095014619092703256
-37.188233234507791281 10.951584597959527656
-38.340389051385166397 10.324101019181474825
-39.678647441879142832 10.757343680077095627
-41.115750836056442097 10.979842873762606814
-42.614985124644803705 10.862149031322461568
-43.898174717366615027 10.635514237726805931
-44.89320236097901784 10.068795894154824566
-45.769204599308658032 9.177882823541150259
-46.736170454377045758 8.0793985927707314687
-48.038235102354661876 7.2991244858538815166
-49.24868550512528742 6.4904777158836459705
-50.18747203915042121 5.388146786238408481
-50.968606322371009298 4.3310166627404953488
-51.532513161355950615 3.4659530625033276863
-51.991129171775980922 2.6817001564376585776
-52.424821854622997819 1.8549144224382558832
-52.679829994902661383 0.67785696138332296456
-52.986882092305442882 -0.7222056827035828741
-52.579864212211958829 -2.0475303913729541172
-52.158280143694220499 -3.31453441579830832
-52.842496628290696492 -4.5062501075503007542
-53.730995558280795876 -5.7650375181940960445
-54.501433577052225132 -7.0969646105569923478
-54.457469606954461483 -8.3472556170837322043
-54.334122361226270925 -9.6023376502414663491
-54.104355000699690947 -10.985903072041510953
-53.773946679265812065 -12.365281155107258115
-53.365545445563583371 -13.664244736512227263
-52.886599149089157379 -14.893076616397685541
-52.354742844556639625 -16.034321371055035854
-51.811318043564639879 -17.038264967009414619
-51.176627589989927003 -18.062404047070273805
-50.399557413732239297 -19.154471445054390699
-49.535151534512507965 -20.210224421317448673
-48.585525974949206329 -21.219718421583301904
-47.508630612917897906 -22.212281847362987719
-46.33577429789004043 -23.142653013900112313
-45.100159977038003944 -23.980470725804966747
-43.853657708363300571 -24.698392636214467899
-42.498949866938168896 -25.04403300848967362
-41.053527944603700917 -24.739603082210745555
-40.044138267741097081 -25.117389188882899731
-39.540364508194450366 -26.374490495717630267
-38.818043553496046627 -26.548278481905441595
-38.003995679341436187 -26.710568220986356636
-36.989279717308747308 -26.767119840521800711
-35.732113241649038571 -26.797619629913540962
-34.413766969896208536 -27.019435732036175324
-33.08601292051552889 -26.734497471934528079
-31.713421714254870665 -26.669828154887987637
-30.401725431723640725 -26.594897797642921944
-29.065863487832199752 -26.266782919775785388
-27.663445043280368907 -25.789691372888359666
-26.280640314547003555 -25.251910327361787978
-25.128577256041445764 -24.320838769767519238
-24.47971310533406708 -23.019830370109566786
-24.18196446389276133 -21.534322579671542286
-24.087029819114356144 -20.020398028935762369
-23.738315598686199337 -18.77507254638089762
-22.571145861669339894 -18.190769788904379567
-21.848547375199309784 -17.148376716677269371
-21.004562358177405912 -16.527970471212306336
-19.58568236459314349 -16.800852869295415104
-18.120157594335083218 -17.145748741904522916
-17.237303652536770215 -17.116393114579139478
-16.89647168567174873 -16.509626001673474605
-17.166831892260649539 -15.316935884530218814
-16.865540473902960628 -14.215717823966510736
-15.803992051213537451 -13.325528681116152185
-15.711418411722364752 -12.040696197528591327
-16.067687210845274848 -10.541772760962432542
-16.108623024354312037 -9.0896844305139801179
