-77.219707892029560981 -82.0823822021484375
-77.049099159873108533 -79.977743803313529725
-79.340866045542597362 -78.313231255942440612
-77.614088348808152773 -75.759689782439210148
-78.998151762293815636 -74.034791837051201924
-79.611044408439553877 -72.000526342873158114
-81.562810936326414435 -70.81332891888547465
-81.988526801561931734 -68.49996884704320621
-82.984474952555927985 -66.43511777085549852
-85.311622474347643674 -65.89377411213777691
-86.486042343026099388 -63.744665849808598068
-89.161011336550316742 -64.311037934195525168
-91.217278252243403358 -64.059328088200970797
-92.777728944841371117 -61.873183594041364586
-95.048124063394325844 -62.813790984713321564
-97.07332611083984375 -60.596417938044865537
-99.077239449003897676 -63.01647953346948583
-100.69948835119528496 -65.022627744579779119
-102.97904400390629576 -63.906459508450467411
-104.9885126411155909 -64.30458786670700988
-107.5829378522606703 -63.879197767507349681
-108.45934159835215382 -66.410875037398966469
-110.13301755942055138 -67.578116155808288568
-112.18858789248105268 -68.472540315647222542
-113.15553093080933422 -70.397977426748198582
-116.22016077870267736 -71.027953832270640078
-115.00531006071962281 -74.098547677506971354
-115.82113598576621882 -75.990846817672490943
-114.38513318744109881 -78.402645248801675848
-115.91022228583582887 -80.102538491066425763
-117.01179872576469165 -82.0823822021484375
-118.41082136227655042 -84.325042098017547687
-117.96101503401507671 -86.522196050611768214
-116.97449841289275696 -88.54866792188155955
-115.12199595204177172 -90.11816863854045323
-115.70639314738015457 -92.840186739537145399
-113.41344826159112813 -93.954167166774851694
-112.68595853968862741 -96.140058599574473419
-110.75001488263238514 -97.2718936358684374
-109.08703818587680701 -98.617839673260135669
-107.39619754301344301 -99.962115005552490743
-105.15593837857912263 -100.2362169903483391
-102.73267081533968792 -99.500046524845657814
-101.60090070218814162 -103.38294479026997408
-99.099736529927170636 -101.36232223843745714
-97.07332611083984375 -102.552243608510679
-95.093332523890893526 -100.92079236923297003
-92.807004233450598463 -102.15388493992085728
-90.925025234670442842 -101.00489821904972132
-88.877830287944604493 -100.48975747240082512
-86.761301300854910323 -99.94332811008187889
-84.414040038880585826 -99.506407432850380701
-82.907389203784774168 -97.815259085539523198
-81.409131704111530325 -96.186485209740638425
-82.551523046754212487 -92.633086962817642984
-78.737873384670166388 -92.66836372794121246
-80.131383950019881013 -89.625424823500338789
-77.92247320965674362 -88.304874262219485104
-78.601519908850320917 -86.008686029591771671
-78.888125176219759283 -83.993723528629118391
