-78.433212724020009432 -87.152043324293330784
-78.614732142808406934 -85.786224739073119849
-79.618008925505364459 -84.795432748676020651
-80.214736248198377666 -83.787530744934656468
-79.58236521000661412 -82.552214833130605598
-79.425373047994540343 -81.36111996618512876
-79.972540122442069332 -80.095462889723151534
-80.595857862221080836 -78.746020805783402352
-81.38347751178235967 -77.544397789677688593
-82.516533351350574321 -76.600292822863082165
-83.075340337295841664 -75.276100435202437211
-83.82043296795531262 -74.101234844165816185
-84.814915382768788277 -73.121883860599268701
-85.842082308228071952 -72.240801672086931262
-86.954150644966290429 -71.411998827050723548
-88.041243918418516046 -70.709925846920114623
-89.051676756024733095 -70.141948868380637805
-90.339980205211205089 -69.980617558440684434
-91.836529392198457344 -69.849815443817917071
-93.013932508387185294 -69.052149037875736326
-94.052784195731547356 -68.318456230408685315
-95.2745201897329963 -68.143750411102814724
-96.552653886377044046 -68.144322375427904603
-97.623507491422117255 -67.865937779507277128
-98.585427051729837444 -67.854488234526442625
-99.568191049561349359 -67.890609202686221124
-100.54141058842823497 -69.031333581738451244
-101.52958983519251035 -70.159234906109702479
-102.70912800134702536 -70.383502549410877691
-104.08404676305781322 -69.893230750213476199
-105.55423349614738981 -69.917146188257589756
-107.05561447728035773 -69.929063130389224057
-108.14413937001309307 -70.419520029799727467
-109.13242980497702206 -71.013295005179344344
-109.93138038520405075 -72.146797666832995333
-111.07985786070959477 -73.092690737313446903
-112.4252956615787582 -73.800058215766568992
-113.47053203644038888 -74.77093415050086378
-114.3722289290220715 -75.892836728006628277
-115.05272327622938633 -76.863637333135201857
-115.56562700351233275 -77.686313912207737076
-116.00446578641773954 -78.469368579700471855
-116.45021302813853481 -79.361341209082951309
-116.65310860743853993 -80.720140058451605114
-116.76750263094945126 -82.095197055689141052
-116.15135968494951157 -83.395447799757505436
-116.16327396817133888 -84.630046362298557483
-117.06407923214700872 -85.826273691830820667
-117.8816403220084652 -87.131679667994106353
-118.33367496776550354 -88.444986973579815981
-118.26000784611383665 -89.666958399762705767
-118.09620897597852718 -90.981673479265708693
-117.82473454193780071 -92.374086236370288816
-117.45845980727048641 -93.733292731488973004
-117.02519790566266522 -94.991252256532987985
-116.51604100625294791 -96.202871034149268326
-115.98234244524086023 -97.27817850980999026
-115.41455595601641448 -98.271398704766269816
-114.72276034083709817 -99.328421952506189996
-113.9008702357406122 -100.4202384457903463
-113.01091751427243537 -101.44844150933859339
-112.00962740989527333 -102.45465331601059233
-110.88978192397902944 -103.42748331298903963
-109.68739672691924625 -104.32395333551096428
-108.44298315156599699 -105.11507981952095747
-107.19200171828943269 -105.78859731286603107
-105.74936642858070002 -105.77646307504704737
-104.40215065420535723 -105.56100517455726617
-103.66706798640619525 -106.44442445425963228
-103.08847476277878741 -107.28173135869887744
-102.35627492070605626 -107.44610043570393998
-101.46642895894406422 -107.60752242791377853
-100.34040767190727195 -107.46147506643860936
-99.076025361306591321 -107.83955378701486438
-98.248299561271537073 -107.5486895203901696
-97.921111045121946859 -106.1625336468799361
-97.63384284124555279 -104.68957466203220008
-97.346574637369130301 -103.21661567718453512
-97.007391116654403618 -101.86006208119160021
-96.146062000932360547 -101.65213150980169132
-94.841932929205768232 -101.81249735672071211
-93.418818959326486606 -101.53519325236362647
-91.896421791265709089 -101.70723604827509234
-90.367369727797523637 -102.0115350582859719
-88.886314762282509605 -102.37864055453528067
-87.40927582707168142 -102.62402123018708266
-85.887661904761685605 -102.47275141741903326
-84.404538842290605771 -102.19647659677983143
-83.617508316215150899 -101.3872816752496675
-83.08420918249856868 -100.70581400929428639
-83.504072254301107137 -99.296642050931978929
-83.117169506019109804 -98.484143908862648686
-81.713087987100820442 -98.423215250573065305
-81.06094571517350289 -97.920287448868791103
-80.654458131865396808 -97.187645298737237454
-81.058315246407829591 -95.896638082116723467
-80.491686166061271024 -94.87541317341211311
-79.528680827451680102 -93.941066429474759047
-79.628457734862493567 -92.577440345363953611
-79.959302690768907951 -91.074402401275378338
