4.9798949308121764901 2.3024745431236972593
4.1459877007209486877 2.8832594496777042004
3.7632623556804989384 3.3710539034785820256
4.7125684154240632395 4.1214649335962905141
5.0506906980298449383 5.1117580733943714932
4.8721716600985605083 6.3553324430640927289
4.6369270630755563545 7.5125038965810819747
5.0185636833005622393 8.8046785991668681248
5.4168367724925774453 10.170857965552539071
5.5102168368560340284 11.534825505033129645
5.1863008607586067455 12.854064710884808065
5.2081427639644690686 14.222143134190330827
5.4125056347241820021 15.614811348357179099
5.435519638503586215 16.999538625506044554
5.0832871668209094196 18.357804910854873981
4.3330492429820361977 19.353382679448465353
3.1001031122539108864 19.843516626643712186
2.0954709803162150372 20.753106275585601281
1.10154748346221254 21.318142278936321077
-0.051682700541022433272 21.451847100361352005
-1.2472214604689020323 21.440770811319517009
-2.2528183117068492081 21.741880489635814655
-3.1596323181194336804 21.758527932230336432
-4.0603467496299359141 21.734339835646206751
-4.9806995011965335962 20.937125607145883777
-5.8892649906188268005 19.82615363585457402
-6.8915186489437489925 19.148368503204931557
-8.1146737327096722936 19.496899116080061987
-9.4410683842460567661 19.775647748909914725
-10.836257759154259261 19.642720059474402916
-12.15242742713740931 19.579158375051818552
-13.105108539468538709 19.060779790934525124
-14.033098776947797504 18.488368745286827277
-14.75394120303830725 17.351040780539317865
-15.853377182537304435 16.491474125228052117
-17.111711752672093212 15.834586443276185364
-18.106218980856617407 14.949973587989966006
-18.964913418670398926 13.901797970431340801
-19.645943230679193903 12.954484120759078181
-20.153890950917354274 12.163093629395341111
-20.577234353478473849 11.433936313561394726
-20.981459055996197094 10.663512054637479309
-21.229778910702531647 9.5973257177035584675
-21.538478968263301994 8.2851308337893598832
-21.314440045292109005 7.0337439337327269939
-20.745498787529754736 5.8355954578855886439
-21.062742022437596745 4.7081416071378185961
-21.415091196553078134 3.8020846655552333893
-20.409283145980971597 3.3123364904839234235
-19.053684076338750941 2.9273682237041271925
-17.698085006696526733 2.5423999569243309615
-16.343133521798112184 2.1572708461260252655
-15.426596908459915269 1.6632503347967699803
-15.907146508435991095 0.79033741307431093492
-16.329270498922415555 -0.41366293503726220271
-16.050235287968323661 -1.7599483125273387429
-15.36795600998986977 -2.9233418833079292121
-15.213634533284425387 -4.0276409357384137522
-15.844218030084277871 -5.2263254077045315782
-15.785492169426040832 -6.3437516853401172412
-15.363748302792814115 -7.5107309535256190358
-15.559973675206990151 -8.8944475095606136961
-15.588186372821365211 -10.291102505248471033
-15.353714784229804735 -11.675253719384967255
-15.205307319215206618 -13.091148622894634101
-14.910344775325604871 -14.362165410169197344
-13.876936199833686203 -15.072208901989299079
-12.717260349759877514 -15.762493310979685646
-11.518950967049040202 -16.294169833854244445
-10.13897227210792451 -16.080890481190397878
-8.9562442227295466779 -15.996628935512552161
-8.351635327587136004 -16.971329733735938561
-7.7954908606151782635 -17.675797918479542403
-7.1142877003623690157 -17.828778191463715785
-6.294187252256151055 -17.980217783207471882
-5.2780337800162042683 -17.875595173431289453
-4.0856768487107988364 -18.117147082307251793
-2.8542355226897928588 -18.240086416422435889
-1.6132814174251122186 -17.934608370774519415
-0.33212482950478566801 -17.875266133823306092
0.89806183961033081431 -17.843041027039792112
2.1314978533729211918 -17.55218347683072011
3.4345276044863339848 -17.124883578324496369
4.7496260535141825443 -16.64788440735255648
6.0176274587340774502 -16.055781417217964702
7.2085406276762356015 -15.396026570866919059
8.2354393861531534071 -14.737161963030683154
8.772890440525493716 -14.355545381474374977
8.5674699925393706934 -13.632857429284920059
7.9336821947224462903 -12.368221839735900502
7.2998943969055218872 -11.103586250186882722
6.6661065990886001487 -9.8389506606378649423
6.0705860344688318264 -8.56422512242539824
5.7935841185830465605 -7.2066158427963928901
5.4657339280832237804 -5.8893514122613686013
4.6913724782523305024 -4.7293314042878566994
3.9016460648837538727 -3.6247311217294684305
4.0175803121950952601 -3.1064515570868236338
5.1946019908298168843 -3.283987204025990092
5.4319863306848352735 -2.9754899677286994475
