4.8536182188102774404 -3.2541046142578125
5.1337926908080309119 -2.173575149504216153
3.1695099423809125483 -1.4864270291107157806
5.4381043614438819844 0.18512521102645784765
4.8042697993147402968 1.1763794508182838783
5.2355771122982641685 2.7401395569878568281
4.3301790362283139046 3.6312914059101242259
5.2218995452676786329 6.0818740342171828672
5.7062450519757810241 8.7993713098653056903
5.0060044806030585818 10.719977297973775521
5.4405257400382289745 15.08360884717930972
2.7655532109689699993 14.517239612517251146
0.70928828140997790541 14.76894662175036288
-0.85116189960385479907 16.955092093387289509
-3.12154563265957119 16.014482823102611064
-5.1467576026916503906 18.231859649845755911
-7.1506663515535926479 15.811794220902871899
-8.7729185380324441468 13.805647909287038999
-11.052474085379216717 14.92181521187573523
-13.061940870289593164 14.523689687710291452
-15.50961186359915267 14.694882629177083544
-14.630308699194365829 9.7988846756983587483
-14.677084781295137716 7.3303932435563901038
-15.252362001776265998 5.8450217871705731909
-14.901861182471726863 3.8333904128829248137
-16.826323745133649368 3.4890958200148922685
-14.661071767701381319 0.98194055388099155124
-14.726676429960017245 -0.14140155932946907313
-12.748849317598912378 -1.6382306026868833637
-14.053172310328919892 -2.318002525989399043
-25.085229740779336538 -3.2541046142578125
-26.484250460834839913 -5.4967655504554961965
-26.0344422217703233 -7.6939185218213674844
-25.04792947767049327 -9.7203863661386868955
-23.195423152374367248 -11.289889143267027194
-23.779820297687706443 -14.011908284591775953
-21.486877334253655647 -15.125895349108315457
-20.759385690923558343 -17.311779158846810844
-18.267905968988024767 -17.826611512821614269
-15.755011717724270781 -17.855113833391214939
-15.322871389385054997 -20.879648904768195905
-13.229366554960863667 -21.407941299837656146
-10.806100891246771312 -20.671765117524738997
-9.674330607507254598 -24.554669142891306421
-7.1731634103348032028 -22.534048448750333193
-5.1467576026916503906 -23.723964113271417631
-3.1170636658482431258 -22.565335078952333703
-0.84953791844433990121 -23.47094155552139938
1.0015412506109022672 -22.176616815262534033
3.048734136528574723 -21.661481805464653405
5.1652666677566010378 -21.11505437308810329
5.9035871486000228714 -18.46360445191219668
5.7833308078005511987 -15.393193937802324811
5.8012946664575562039 -13.111773365691588467
3.3414671655243726178 -9.4211603649492410284
6.0149495940636423796 -9.6983184602387684237
3.6710375582204104461 -7.1800409362463133434
5.1297194863513446705 -6.5931337437626602593
3.9088560718773699421 -5.1789349952866423621
3.2947666740322354428 -4.1413446401346662995
