4.8536182188102774404 -4.189891815185546875
5.1337926904852366761 -3.0093421771489925476
3.1695099093641339039 -2.2199407058712736784
5.4381043595138436331 -0.44145987170374789699
4.8042697991980638506 0.66428346328356191464
5.141778494016655543 2.2996156610521651942
4.330179056523659753 3.3869013671422303347
5.2218995383126518561 6.0029350809124704114
5.7062449461088409208 8.9204746919315098808
5.0060044810494748191 11.093989291057637203
4.4888999403156883972 14.147820678575317999
1.8139273773054576111 13.581451462228976368
-0.24233772050160595768 13.833158469284210668
-1.802787852962367765 16.019305848296550465
-4.0731716876803325533 15.078695621400001414
-6.0983834266662597656 17.296071495243705129
-8.1022926328145050689 14.876007022030020011
-9.7245443868237675389 12.869861656758669
-12.004099896899575128 13.986027061320317699
-14.013566684700395015 13.587901537366320781
-15.509611766948616207 12.110835367473416824
-14.63030874739687448 7.5532991990878386446
-14.677084852315477548 5.3377226435681262018
-15.252361976093615326 4.0523887590534233283
-14.901861193220486967 2.2062088680897415927
-16.82632381063954341 2.0038863607377770393
-14.661071787848678483 -0.37753634080733400324
-14.726676452960191455 -1.3863881307077634553
-12.886095505551503848 -2.7471186580414421741
-21.12308045293592329 -2.6107321470750157744
-26.036855564753945913 -4.189891815185546875
-27.435876284809449288 -6.4325527513832305715
-26.986068045744932675 -8.6297057227491009712
-25.999549554318939215 -10.65617364487107821
-24.147048972038646752 -12.225675400201597043
-24.731448033852110768 -14.947696430808685264
-22.438503162706499694 -16.06168159019796704
-21.630489008431972309 -18.175062282027170113
-18.376937547367440118 -17.826611601841570121
-16.026744943334794158 -17.855113875811163382
-15.322871326704222028 -20.167176025307576026
-14.180992383476542784 -22.343730406092209506
-11.757726762475881443 -21.607554210447183607
-10.625956431481863973 -25.490456343819040796
-8.1247896966709891586 -23.469835651199513649
-6.0983834266662597656 -24.659753221547784818
-4.0686897213745636392 -23.501122279158330741
-1.801163865440527978 -24.40672875725946156
0.04991525898282400675 -23.112405922333486785
2.0971083072603420305 -22.597270916097890847
4.2136408180116742273 -22.050843496242968911
5.9035872930863249053 -20.709188834851815386
5.7833307269885878554 -17.385870745490070277
5.8012946600673664932 -14.904408336777871469
3.3414670399951411639 -11.04834254456137721
6.0149496714251124985 -11.183524930248641027
3.6710375817938167842 -8.5395198338000817273
5.1297194837379720411 -7.8381236237845577364
3.9088560524198108226 -6.316995656590446373
3.2947666667219106529 -5.1771513655715466484
