-76.487960799878095486 -78.424210451371081376
-76.603547964611877319 -77.125045900771027618
-77.475607626232104508 -76.168838262150757146
-78.264807840532014893 -75.27053630620775948
-77.88244420320550887 -74.156862216939131827
-77.340782678973042152 -72.994951632953743115
-77.734487117841155168 -71.876833905683767512
-78.374871049502118581 -70.66358990009622687
-78.911078135564153513 -69.39139509630000191
-79.865840664766594159 -68.429160486561258381
-80.809712748701684859 -67.475247064826874066
-81.205542900668504558 -66.151025997977356496
-82.034343876727334077 -65.154328292842478731
-82.967020892937867416 -64.252710620200957692
-83.929541321003284793 -63.434648620800977881
-84.968549631739136885 -62.660319156891688408
-85.989290824086367593 -61.995066223578646714
-86.934689040569963936 -61.45390158786126733
-88.039929296091585798 -61.173668534270781549
-89.453619038654437645 -61.168115010560583755
-90.689500490450214443 -60.66031490429309514
-91.608248143462034818 -59.656530608942588856
-92.692047730284159002 -59.421099590043397143
-93.914013920974596772 -59.508929237113363797
-95.007421198178164445 -59.123619290042384478
-95.97277083268863862 -59.079930267171093305
-96.858141878822635817 -59.080878101827792648
-97.783913585992181083 -59.268417237357652994
-98.69023494485857384 -60.373040160142743105
-99.61473723755671017 -61.416668951085021888
-100.71594069291475648 -61.624546586145683591
-101.99334494467966294 -61.144172403007850392
-103.35581722004656058 -61.109447939960169549
-104.75753271186859195 -61.185079885626308283
-105.89374950705762046 -61.475614432034006995
-106.81840124785722423 -62.007015670460248202
-107.63600116317313393 -62.836175569930041718
-108.50788931102513857 -63.886412976317792811
-109.70400865892575837 -64.642578647194412156
-110.91534598455180571 -65.322966534581539122
-111.80451447377808449 -66.327253641732326628
-112.60676848335840816 -67.364481853236270581
-113.19771892497475108 -68.22944607852093668
-113.66322544366443026 -68.987103485212514897
-114.07045345574928774 -69.718955998719792433
-114.48512704259255202 -70.548303809666691677
-114.66351298576880424 -71.801658535547147721
-114.87108440272730547 -73.095309812057394083
-114.35146448963614318 -74.318726802033765466
-114.06375269809227291 -75.492988699394246055
-114.76841112041140036 -76.601301302876365185
-115.59781377426614313 -77.776322430691294585
-116.31702633063892449 -79.020957874766466489
-116.36234014140171666 -80.201287119240703305
-116.26428744405140492 -81.350067036082307936
-116.07692252107767672 -82.622964192866731992
-115.79867958826653762 -83.919083856867104032
-115.44172598118201734 -85.173530453263097684
-115.02933499051529509 -86.336772058550010911
-114.54961792188136371 -87.464496086521052121
-114.05186861637844231 -88.467056244976049584
-113.52769959768870933 -89.392375719538904377
-112.90020631123465478 -90.369155841959226905
-112.15179491080345997 -91.391884139487757466
-111.33805324063447983 -92.367474841317076084
-110.44421314355062691 -93.309007268464824847
-109.43882958113152881 -94.2357613685477844
-108.34894522955342211 -95.109222754076768069
-107.200226519028746 -95.904829208455055323
-106.03807974675993364 -96.596700059894772039
-104.83977198558578436 -97.128380564216641346
-103.45979309049323547 -96.915098859890420613
-102.27706407122461485 -96.830832457926817369
-101.67245489149017601 -97.805532889852813128
-101.11631094513707296 -98.510004872704342915
-100.43510785263575258 -98.66298520134658645
-99.615008723918094802 -98.814424662609354755
-98.598855985846725503 -98.70979901257267386
-97.40649745649696456 -98.951349867919290659
-96.175054495419686873 -99.074293840620384799
-94.934101345038484965 -98.768811544658973389
-93.652944298644584364 -98.70947043997054493
-92.422755223893204857 -98.677248215243196228
-91.189317903555789258 -98.3863902377730426
-89.886288331705941346 -97.959088284092601384
-88.57119056531728063 -97.482091156964344236
-87.303189825220684384 -96.889988372577647624
-86.112276680888840019 -96.230233460669097667
-85.030072315731473509 -95.533317672538260013
-83.99814847579131083 -94.770766369502553061
-82.980223047292554384 -93.910223407029633336
-82.035341437901990957 -92.997686337342869933
-81.33736810327580713 -92.23969857927539806
-81.362801947107058709 -91.210825402859910582
-81.570572647566692126 -90.032161162671144439
-80.708241687318363233 -89.644166877049912046
-79.388862239728268833 -89.602770232205244838
-79.021656008550124284 -88.985079440749302648
-78.713121450790509925 -88.232207509956239733
-79.125616929738384897 -86.995163791049535007
