-26.822245047180935273 -2.1913082599639892578
-26.651630587769666647 -0.086676958937708992181
-28.943399400516735653 1.5778423969255492842
-27.216631218577447271 4.1313805606056108743
-28.600685118465644763 5.8562790409943019654
-29.213577742455271391 7.8905468729039380804
-31.165342475618551532 9.077742546848002192
-31.591067790189907072 11.391102493393443496
-32.587006180633586894 13.455952410442456824
-35.995998234999376564 12.50826446041886264
-37.606548653112099601 13.517205501629497633
-40.357292626877452335 12.000435848671013872
-42.226662234941407803 11.501920635022733208
-43.415763742716784179 13.146244654311418643
-45.182859342793520341 12.013678859106800445
-46.675861358642578125 13.985964264103568411
-48.133315861714748962 11.67546073600468759
-49.26652074556823635 9.9968003950843673522
-51.174734106571250436 11.654789287860628733
-52.997305552389640582 12.006885964556568425
-57.185473178980565478 16.011872552835576755
-58.061873056494192724 13.480195310316672064
-59.735560292039259878 12.312954340276551335
-61.791119318729286647 11.418531011548584075
-62.758066171047886428 9.4930939032430874391
-65.822696059162609572 8.8631193380941279969
-64.607841484168176294 5.7925231869257229889
-65.423667409003158468 3.9002235786054875177
-63.987664631152618711 1.4884282858573634201
-65.512753682339337047 -0.21147124888735202575
-66.614337788264691653 -2.1913082599639892578
-68.01335278694033093 -4.4339689514062055054
-67.563546452670863118 -6.6311224148263612221
-66.577029884256347714 -8.6575898088349099169
-64.724527383125334268 -10.227092555130075979
-65.308928403006319741 -12.949112545383513861
-63.015983483644006924 -14.063098743659379508
-62.288489940461488459 -16.248982547531820586
-60.352557886288373368 -17.380816480378545208
-58.689569596532884077 -18.726762647944603657
-56.99873272748406805 -20.071045629885865935
-54.758469838327386014 -20.345145658906123032
-52.33520246252528807 -19.608969413660815917
-51.203435868164092426 -23.491875395431343065
-48.702268093291053219 -21.4712528125152744
-46.675861358642578125 -22.661170381581964506
-44.646169966702778709 -21.502539431747567988
-42.37864415265401874 -22.408147843827755707
-40.527568080812073958 -21.113821167333163942
-38.480369381502676163 -20.598686166648690232
-36.363840513830439249 -20.052258784727509777
-34.01657517339603487 -19.615330308916416158
-32.509920423362906661 -17.92418185165275446
-31.011672754556968812 -16.295409211300810881
-32.15405434766421422 -12.742018322309036193
-28.340406691132915995 -12.777289488463441813
-29.73391737141883695 -9.7343489173537296466
-27.525016083698922387 -8.4137962572088476065
-28.204053251198722307 -6.1176123347378990047
-28.490656606523966587 -4.1026502750481963488
