-16.258351098983677474 -5.7543697335078789479
-16.405079814428582097 -4.5094708038961091034
-17.411595607200588631 -3.7867350810413857864
-18.728164361946248562 -3.2568906709741618499
-20.07503709248888768 -2.8578458077326764908
-21.464106015087676127 -2.6492904321487182884
-22.855377855635737205 -2.4563963928118157654
-24.169973637420120838 -2.0533303496154360346
-24.958291080264789485 -1.1737162552875992638
-25.09905685316061863 0.1178724913110885536
-25.419631935757504237 1.3922890631020805596
-25.159134787700470071 2.7278538714830133927
-24.764271129459682896 4.1058498557694411701
-24.50429714491496469 5.5143525152491292829
-24.438679437233481906 6.9087551567740899117
-24.760690233575360253 8.2562734767119714263
-25.113508795579271293 9.6133183953688696732
-25.637516856534929843 10.599865854649053176
-26.457304795454419377 11.080779269272063914
-27.41114337887018948 11.554674127743298939
-28.820488724885240828 11.463020148339142068
-30.147699370430053989 11.793693842249307835
-31.119237966954049313 12.74903599684769695
-32.144838578900639448 13.186345934608493025
-33.333021847010925853 13.223944671459177513
-34.618059427451385091 13.204343250789197128
-35.82619736461966653 13.591570334842117518
-36.849504719829482724 13.132495238174424657
-37.773584687597974607 12.041177269503473113
-38.72080986119518542 10.985466179540887666
-39.725508883772981505 10.357630011434116213
-40.841817993775961781 10.826016121577330509
-42.043115419164465152 11.444199886569027313
-43.413009719239298079 11.481898228837255971
-44.826812972769225496 11.508686694234155468
-45.866482068599722766 11.083555003841212283
-46.786997276330886564 10.540234986913191051
-47.55162295820137075 9.5760926439820188705
-48.519610817332718966 8.6032952673756835082
-49.746044572542935214 7.8897318450615818719
-50.879236008959267679 7.1396666157555710441
-51.759993311112161507 6.1155039627868710284
-52.520723144859729814 5.104013337227799596
-53.075592937062026522 4.2720403446969825723
-53.523102365988904694 3.5279719871506411977
-53.927268354209083157 2.7857469662161307156
-54.33141881137201068 1.9017875130313843801
-54.515511595931691602 0.58638336590794037928
-54.582416915265447699 -0.69253114466751697353
-53.988805372709229857 -1.9056788047836830113
-53.917824154089537103 -3.0640057902513833099
-54.732316251941789176 -4.1727065123374957878
-55.524788932435292566 -5.3720483803373628717
-56.16330847432428186 -6.6139806689164553077
-56.117599631136258154 -7.772903256839295949
-56.002833902053140491 -8.9425598364111760219
-55.794813393514253619 -10.23266413688543075
-55.498265549557018517 -11.52430283699561997
-55.128452105376965164 -12.758877400222656817
-54.702116995202139549 -13.912422912227627947
-54.213048823695046963 -15.022186113327210322
-53.714605835698421288 -15.996715833155416675
-53.174222864768559305 -16.925348301318766886
-52.519351950403766693 -17.917101762633166118
-51.751496770301216088 -18.937219523896722251
-50.926000726312160793 -19.899827254565941814
-50.007805964171865298 -20.840248955431839306
-48.981641574574908304 -21.758686141245544121
-47.877306108717732513 -22.616914786398588433
-46.721035677331570923 -23.39254517269219491
-45.558034225655852367 -24.062283496341123623
-44.310424379004587081 -24.446208433044983366
-42.943672764996733804 -24.170754948493485159
-41.870404195168006822 -24.282326692580845418
-41.356880043227363331 -25.424928266133182575
-40.744176541174823569 -25.874149725298799751
-40.044528841269226405 -26.025574019816701821
-39.190071414011221407 -26.175377274537293459
-38.121364355399869339 -26.004627257462889389
-36.912739325897895526 -26.391564622424887432
-35.681671613731516857 -26.399743649850144322
-34.435039765052827931 -26.013683472853767142
-33.141994089281254787 -26.123144362909211935
-31.936479046444052443 -25.95358097617812021
-30.682442417192309136 -25.639607637853117694
-29.374149807200058859 -25.189908465471184229
-28.066210583614370933 -24.692708111979765562
-26.808681482132399765 -24.082409006616178004
-25.608874588469653588 -23.393242088468518602
-24.543706305744155571 -22.683149970484308255
-24.146920843422172709 -21.648382456981163813
-24.139615203061300264 -20.248625482440925083
-23.648284258008679615 -18.990672960005589687
-22.967993382295713189 -17.74345000223138058
-22.374717589039367027 -16.642353928023734255
-21.194786150196282648 -16.496824531507169098
-19.788816731358490841 -16.702558399944862799
-18.936372914814228352 -16.564077619479473213
-18.601381028422821373 -15.9732532429508165
-18.761876023217521237 -14.922001028167501957
