-67.821642356709716637 -68.102336298626667599
-67.937232985008492392 -66.803175234394373661
-68.80929076538076572 -65.846965702631976569
-69.59848786880922944 -64.948660948403102111
-69.216123394886281517 -63.834987449510144586
-68.674460912242565769 -62.67307813386039328
-69.068165050964665852 -61.554960661637089459
-69.708552030173308367 -60.341716279151903279
-70.244763207884133749 -59.069519667973978017
-71.199527412446997232 -58.107285823322818885
-72.143398151508819183 -57.153374095319421144
-72.539224429672074734 -55.829153324663650437
-73.368021237031044279 -54.832453663808053079
-74.300698191458451447 -53.930835816045657793
-75.263218672319283087 -53.112773567553816179
-76.302227472490017135 -52.338443576551185288
-77.32296975242658732 -51.673189862708866826
-78.26837004645075524 -51.132024092156925121
-79.373614404233393316 -50.851792276104255563
-80.787305575927220502 -50.846240378636274215
-82.023187126566185157 -50.33844128686802577
-82.941934257427021748 -49.334652378926065808
-84.025734108543218781 -49.099221711957852676
-85.247700368583736008 -49.187055508349210697
-86.341105198633428586 -48.801742430484338797
-87.306451551788256893 -48.758053709270384957
-88.191819403858715987 -48.75900153708981577
-89.117587810958298178 -48.946543320256203913
-90.0239087007106491 -50.051166489071057697
-90.948414347007087599 -51.094793614798511783
-92.049619743964242957 -51.302671337763293025
-93.327023596937721095 -50.822298681266481424
-94.689492570277124628 -50.787573252622273401
-96.091206450897900027 -50.86320361994420125
-97.227427114962281962 -51.15373704722853887
-98.152082198846983374 -51.685140214452850671
-98.96968628725086603 -52.514301809914407215
-99.841579076999892095 -53.564540035773234194
-101.03769788053401157 -54.320705755041508667
-102.24902664684026377 -55.001091553558417502
-103.13819385082778979 -56.005377330820955706
-103.9404489991553362 -57.042607150027755836
-104.531398948405581 -57.9075708295853957
-104.99690502869114539 -58.665227619754723776
-105.40413380353425055 -59.397081642716585748
-105.81880838507682085 -60.226431830889140429
-105.99719664540570818 -61.479785681840311895
-106.20476340999839238 -62.773436582956961161
-105.68513950232809862 -63.996852072711526205
-105.39742611260915339 -65.171113777238332432
-106.10208783543028233 -66.279429520745694049
-106.93149279184375189 -67.454450378237098107
-107.65070552402859505 -68.699082352051718203
-107.69601934030218615 -69.879410599007087512
-107.59796662620556162 -71.028190659276404517
-107.41060152620391932 -72.301088743895022048
-107.13235787155646506 -73.59721100042513342
-106.77540324952751405 -74.851659958607555723
-106.36301214646815083 -76.014900776488900647
-105.88329522006708316 -77.142623674876219297
-105.38554525194091127 -78.145184539227642517
-104.86137621411914722 -79.070503482995889044
-104.23388438000199585 -80.047280968281640412
-103.48547300881342892 -81.070009022508941143
-102.67173052982265347 -82.045600462860420521
-101.77789487663442003 -82.987128241360935021
-100.7725157364565689 -83.913878857226649188
-99.682629916947760762 -84.787342136162834549
-98.533908154964166215 -85.5829511179515805
-97.3717578012788465 -86.27482416408192023
-96.173445690878196501 -86.806504025187322782
-94.793467972498007157 -86.593222324397530087
-93.610742335041081219 -86.508956418575152725
-93.006134039580459216 -87.483658951649289293
-92.449988884533027544 -88.18812865294120229
-91.768785011061311252 -88.341109096499621955
-90.948683857801768227 -88.492548800103008944
-89.93252929271821472 -88.38792347508611158
-88.74017299810380166 -88.629473347845546982
-87.508734493943066468 -88.752417323494213974
-86.267785673369459687 -88.446935202244915786
-84.986630932995666399 -88.387596447529418242
-83.756442887689587451 -88.355373404277074201
-82.523005154872308253 -88.064515882118598711
-81.219975164488317887 -87.637212233382697946
-79.904875803522585898 -87.16021719767184095
-78.636872019768645714 -86.568113375235725471
-77.445956235313275329 -85.908357147684370148
-76.36375151495023772 -85.211441146659353763
-75.331827675010046619 -84.448889843623632601
-74.313902246511304384 -83.588346881150727086
-73.369020676288187133 -82.675809851859469291
-72.671047867627621031 -81.917822699772642636
-72.696485223724749858 -80.888948670939385011
-72.904258394437349011 -79.71028469120687987
-72.04192840610559756 -79.322292578421183862
-70.722545954581704564 -79.280901000632255204
-70.355340024493813189 -78.663211359016699475
-70.046804760979114235 -77.910338676411711845
-70.459297135898836473 -76.673294605711618033
