-80.666622564881123481 -95.2445068359375
-80.496013822054848674 -93.139883797408216992
-82.787780863573914303 -91.475362836108359943
-81.061002970015721303 -88.921822204566737469
-82.445066435145378136 -87.196916470840264424
-83.057959081291116377 -85.162650976662220614
-85.009718239090730663 -83.975460825163139589
-85.435441474413494234 -81.66209348083226871
-86.431389425196030629 -79.597250214310236061
-88.75853714534612493 -79.055906376667707036
-89.932956821861097296 -76.906798225007705128
-92.607926048157509058 -77.473166365426735069
-94.664192925094965858 -77.221452721990033297
-96.224643592065461917 -75.035312047974983329
-98.495023974088155683 -75.975923195698882751
-100.52024078369140625 -73.758542571833928037
-102.52415408897731197 -76.178611793197433144
-104.14640292477994876 -78.18475617196628491
-106.42595867675785826 -77.068584142239529911
-108.43542727571190198 -77.466716298161003351
-111.02985269346885389 -77.041330127891683333
-111.90625615711125818 -79.573007217689507797
-113.57993214072975263 -80.740248336566821763
-115.63550256533261518 -81.634664949436285042
-116.60244558165599926 -83.560109659644638214
-119.66707545155423986 -84.190078466059702578
-118.45222473357118531 -87.260672311296033854
-119.26805062639823518 -89.152978981694502636
-117.8320476817496143 -91.564776672005208979
-119.35713687466834187 -93.264677584256332921
-120.45871339861625415 -95.2445068359375
-121.85773603512811292 -97.487166731806610187
-121.40792970686663921 -99.684320684400830714
-120.42141308574431946 -101.71079255567062205
-118.56891062489333422 -103.28029327232951573
-119.15330782023171707 -106.0023113733262079
-116.86036289861679904 -107.11629947926857653
-116.13287302116869171 -109.30219107529761402
-114.19692955548394764 -110.4340182696574999
-112.53395285872836951 -111.77996430704919817
-110.84311210920041901 -113.12424733031892288
-108.6028530695949712 -113.39834924544467754
-106.17958548819125042 -112.66217115863472031
-105.04781537503970412 -116.54506942405903658
-102.54665122712192726 -114.52445449906247177
-100.52024078369140625 -115.7143682422997415
-98.49054197271424016 -114.55574112927206443
-96.761014333257264752 -112.93032081111040554
-96.932044200726764416 -106.28786480782892454
-96.839240913253277654 -103.51218030871891074
-96.501642892142001529 -102.2049326528541684
-95.071786704205081264 -102.74368255017932938
-94.104449310634890935 -102.36997753126148325
-92.771528526214083854 -102.22148951807962192
-93.568833453297315828 -100.29500465373521934
-88.670467809276217963 -102.08598174280068349
-87.799154156876454635 -100.90830711214674409
-81.36938788250830612 -101.4669988960085476
-82.048434581701883417 -99.170810663380834171
-82.335039849071321783 -97.155848162418180891
