-79.511388593277715131 -90.134897521930724906
-79.692903775837294233 -88.769074757268398912
-80.69617965712571106 -87.778282154546829474
-81.292908111411932737 -86.770380263851762948
-80.660540506479193823 -85.535064076250733933
-80.503553594957594441 -84.343970477317967038
-81.050712728547026131 -83.078312464807765991
-81.674028732293024291 -81.728873861044121441
-82.461650317714557445 -80.527252170215035676
-83.594709617708858218 -79.583143475091617347
-84.15351454917914964 -78.25894965266589054
-84.898613753709284424 -77.084089081360545492
-85.893099604913459189 -76.104735269933897257
-86.920264039669589806 -75.22365575977671881
-88.032329268013597812 -74.394855427030591954
-89.119424013545682328 -73.692781582277348207
-90.129853597418915001 -73.124806439495344534
-91.418147300810431943 -72.963466579025208603
-92.914702668562568988 -72.832664548048313691
-94.092110637734336365 -72.034998177297467237
-95.130964197065310373 -71.301312630520442326
-96.352698605706976309 -71.126599528621184731
-97.630832275751728844 -71.127171497950897106
-98.701686181627110273 -70.84879451976419773
-99.663606560508270604 -70.837344998416810427
-100.64637341189667552 -70.873466196120745053
-101.61959341937948409 -72.014182724595727336
-102.60776592491484394 -73.142084183518946361
-103.78729989883295559 -73.366351870064264062
-105.16221951071528906 -72.876080003418636011
-106.63241369917271584 -72.89999533164127854
-108.13379761171455584 -72.911912194975457169
-109.22231513964447913 -73.402375298166219864
-110.21060235621978052 -73.996148004405739584
-111.00955080487932491 -75.129646969516414856
-112.15802462064746692 -76.075540090008558991
-113.50347035460296752 -76.782907465979278072
-114.54870776341823557 -77.753787803248329169
-115.45040224473220292 -78.875686656485584081
-116.13089745102007555 -79.846487650072347719
-116.64380283684749884 -80.669166304803638923
-117.08264142416450682 -81.452220120193274511
-117.52838777606420706 -82.344190159547295593
-117.73127950940835262 -83.702989398044422842
-117.8456763464263588 -85.078046410575197456
-117.22954055728345679 -86.378297403389879605
-117.24145499468245646 -87.612896062579082468
-118.14225324026961061 -88.809124067973144179
-118.9598157171135 -90.114533540429818004
-119.41185344586762085 -91.427841281097627757
-119.33818672564716223 -92.649809948116427449
-119.17438797064241385 -93.964526511535794384
-118.90291320462151248 -95.356941879725440003
-118.53663796539301245 -96.716150287019786447
-118.10337657892539198 -97.974108306896695808
-117.5942202483340111 -99.185725964374682917
-117.06052021793597362 -100.2610364451297329
-116.49273326302829901 -101.25425725572381452
-115.80093931757289738 -102.31127788796999312
-114.97905225977561372 -103.40309071679560304
-114.08909983014970635 -104.43129404109529901
-113.08780206888778253 -105.43751357348767783
-111.96795555986773252 -106.41034390625431172
-110.76557459541795936 -107.30681045605864199
-109.52116457415235118 -108.09793480477573269
-108.2701866605511043 -108.771450838190475
-106.82754777677079971 -108.75931446773145694
-105.48032465089070797 -108.54386038591383112
-104.74523901435613027 -109.42728109354122523
-104.16664597003482129 -110.26458986763282155
-103.43444782165454399 -110.42895831390663375
-102.54460799570935592 -110.59037907861473116
-101.41859113569779538 -110.44432585137656133
-100.12445203934686333 -110.82348037461842694
-98.804883471477324974 -110.82638842021037817
-97.66762541255265262 -110.07911110541701305
-97.26234580664301177 -108.74664978250189051
-97.12228635146109923 -107.24761445005513849
-96.983335444453615537 -105.74788288350377741
-96.83571804402757266 -104.24892813022174209
-96.505368001237599174 -102.76788803287568896
-95.72215989382924306 -101.69527725129272255
-94.331915513289246178 -101.71694203932405287
-92.848749699887761722 -102.09197853717448368
-91.362183928222677309 -102.51024500876728496
-89.850054092533767403 -102.53635135556592672
-88.316147053885799778 -102.33121767089531318
-87.012968721321939825 -101.95083890368252355
-86.379761362455028006 -100.85640034506329243
-85.308651223713610534 -100.53956273121391973
-83.84163561766753503 -100.83756050351543365
-82.369885843801611713 -101.14660518338988027
-82.017585504542694252 -100.69155371051866155
-81.803024866561457884 -99.854275786469457898
-82.124870661294664842 -98.565100848337934281
-81.254324341893664041 -97.634182617877343091
-80.538411958587857953 -96.598980128060190964
-80.811303969259682844 -95.160342198432545047
-81.080676106972617845 -93.660987912851581427
-80.772411556761198881 -92.307237099792857293
