-21.703017823889094728 -3.8490264720215017213
-22.062989715215000075 -2.6121427174808169447
-23.352781487211135669 -2.1456160198473841483
-24.843228031143819834 -1.8453320782324718063
-26.162820503626726065 -1.4900763700063273109
-26.088100379033527076 -0.6862049160787310198
-25.119580814834861826 0.43845110021122102317
-24.878473935523679472 1.7434019134249445493
-25.072296387905609549 3.2301838432387008915
-25.021748732046653174 4.7293662793587545323
-25.568089984524338121 6.0497085168140314337
-26.167266710021738874 7.4060480037594427216
-26.672160639983474084 8.7626566560355296787
-27.644002802480930114 9.7743176258338859697
-28.651651870205327555 10.687734000736419659
-29.733728591246439521 11.541347567017524511
-30.847855519608941677 12.303080167504063525
-31.878765071197875614 12.915413538417610084
-32.959352664414936385 13.320314378664972921
-34.3483637726900497 12.742393274240663814
-35.646691268220969562 11.994242594938679503
-36.823499464116487445 12.125100875450213422
-37.926771611188918598 12.780515626305556154
-39.154626856151814707 12.355965488988220002
-40.279043597588227499 12.500406718918103621
-41.248975172228981023 13.434479511108788685
-42.181866858779812901 13.129230842351002906
-43.106564765714907139 11.930278245620772992
-44.084256725042727965 10.780788641275481865
-45.171452342543695124 10.503791691310324197
-46.380713717012369557 11.262253170770565092
-47.756464657459865464 11.794822234168671926
-49.225058413650394584 12.177736974587043406
-50.635253203291640034 12.778877693499087087
-51.685163620775384175 12.67644847424103105
-52.605218404527725795 11.927121648771306539
-53.493818720496136621 10.768795322192039166
-54.748738850723178473 9.9274244792386934222
-56.061255574734801144 9.2082075968983865266
-57.013907452994423863 8.1321187446102900509
-57.857290257895648722 7.031929749635299487
-58.465863481859472017 6.1271258211464285637
-58.945638360891209118 5.3295752107872207404
-59.378573427827667786 4.5286066338558512712
-59.726298848352229243 3.4947122078184174043
-60.005414735256827896 2.0873151891006513914
-59.831439622551414459 0.74038099515533828399
-59.243328915929446055 -0.54282585471439481761
-59.659137168344869906 -1.7491168494365401109
-60.58493509585935044 -2.9748149763061291218
-61.366564463999857537 -4.3024872433426830654
-61.547105554902145741 -5.5828293432722615464
-61.447304465432253551 -6.8113349600793409166
-61.246770751044067538 -8.1724321416517575756
-60.942110047328029054 -9.559602994775730167
-60.550775819296127622 -10.888663665123376134
-60.093523203742250871 -12.126002223512072575
-59.567763930221360624 -13.305674107062275269
-59.03145841708671071 -14.334415574721051101
-58.430509745396705057 -15.339572193950093748
-57.689889153854210235 -16.420080024112369443
-56.84161723526662513 -17.495443426311759083
-55.922112620674326422 -18.509836451093146792
-54.877589114051502861 -19.510623486782776581
-53.72671419400850823 -20.461478831476259899
-52.50340357516363099 -21.326919393258556568
-51.258268868320413958 -22.07651061711450069
-49.968262927722712163 -22.627988185935926424
-48.494535863953700527 -22.38040179643854799
-47.309962342075671415 -22.438836066521506751
-46.750684256370398373 -23.646324899225472649
-46.08056045762185704 -24.063705786034574885
-45.311099008149277267 -24.225865006514933242
-44.360217476704569606 -24.38317076672180761
-43.148244792660257474 -24.232333417612217374
-41.834417435569832833 -24.576713012654671786
-40.512597037503425668 -24.447442207576347784
-39.156769083633598427 -24.153125689078628113
-37.812974159416015141 -24.221931748785273442
-36.504174254787223219 -23.925617995409776739
-35.110282492074276206 -23.482116044516669007
-33.703278873776504554 -22.965323518354338717
-32.349106811924990268 -22.324751883690971965
-31.089847924408278601 -21.611260817060312434
-29.94908607436850545 -20.854176658554663959
-28.845300103243470602 -20.006404982001821935
-27.773508359534247347 -19.05572938522190185
-26.85109710266941363 -18.116707431742216983
-26.341794964819396085 -17.337696274323558754
-26.748276894903685985 -15.938268895234546818
-26.272042703882380721 -15.191775859880147337
-24.842632511310984711 -15.149560596683501856
-24.264918597748646789 -14.601059470576993604
-23.855777010291355111 -13.85869568046651068
-24.294706441683029396 -12.540617929574652933
-23.64409668669816611 -11.544604299930778524
-22.73227179194943659 -10.588914510364222821
-22.885072384358569053 -9.2030432871310470233
-23.203089031591908054 -7.7000693979379670751
-23.057505614449169684 -6.2991971239273629735
