105.19021184673997027 79.27577972412109375
96.83378963702627118 80.48418548986947485
94.869506913876321619 81.302063991366679829
97.138101236223207025 83.110328380506373946
96.504266773358310161 84.247953484778776101
96.841775398783639162 85.91830455814601919
96.030176060361910118 87.04512301226998261
100.42139288056708324 92.858200771526512085
99.425444786213603265 94.92304415541403273
97.098297264421887576 95.46438781413175434
95.923877395743431862 97.613496076460933182
93.248908440974830114 97.047127789516153484
91.192641486526127892 97.298833838068560453
89.632190819555631833 99.484974512083610421
87.361795675375205406 98.544370941556209686
85.3365936279296875 100.76174398822466571
84.690956555945746231 85.418594308453236863
84.389844224712803111 83.729886139928098032
83.35065265016532976 85.387874902780140474
82.458539934080363309 85.739971867277390061
80.810182137256248325 87.115759305190124451
80.651505915475368624 85.7242491987019406
79.395119837508332239 85.874452069375493579
77.357356266500005404 86.46031332212599807
75.858819966015417435 86.161783628476257491
66.189758960066853888 90.330208093998891172
67.404609678049908439 87.259614248762559896
66.588783753003312427 85.367315108597040307
68.024786551328432438 82.955516677467855402
66.49969745293370238 81.255623435203105487
71.160617961247027097 79.27577972412109375
70.899748386504981568 77.758408356391925054
71.571203851282390929 76.349859228018274848
72.219944262245391542 75.013923858248318766
73.036916701672822683 73.799609387774367519
66.703526591389376676 68.517975186732385851
68.99647147717840312 67.403994759494679556
69.723961199080903839 65.218103326695057831
71.659897050783783357 64.086276078229644781
73.322881513080517379 62.740326096631918062
75.013722249088388594 61.396043075228348584
77.253981351108265585 61.12194112526756129
82.52444703973930018 70.620879498701015109
83.131658370887521414 68.902379334260132282
84.546541767264287159 71.758954625876484101
85.3365936279296875 70.935251813852602254
86.094473233447700977 72.064955982906411691
87.143106773963367573 70.776763782647691414
87.929939958819801404 71.294288482141581653
89.28975702179604923 70.396839220406334903
95.648618386373968292 61.414829971733382763
97.995879839319457005 61.85175840941855796
99.502530757049058252 63.542910670072053847
101.00078803465800092 65.171676716528892825
99.858404051223331521 68.725074591571882365
103.67204635409936486 68.68979819832831879
102.27853558255080202 71.732744269033560158
104.48744652911278763 73.053287664050046146
103.80839982991921033 75.349475896677759579
103.52179456254977197 77.364438397640412859
