-6.8109420991828883984 -13.172090530395507813
-6.6403281167641381444 -11.067458855362062309
-8.9320964534281159786 -9.4029395115995875187
-7.2053230080253847234 -6.8494020016277552543
-8.5893821728988584141 -5.1245029855579371514
-9.2022738357731839187 -3.090235167786090642
-11.154039561940233938 -1.9030400339743263061
-11.57976483132265777 0.41032046421019607862
-16.349121601247276203 -1.7156355857234402151
-18.904830785767259727 -2.4917355390587161423
-19.915743193954099866 -1.4827945122138181944
-22.135456750995651021 -2.9995645327954392201
-23.521282868433875279 -3.4980798029616781974
-24.258773683389197373 -1.85375534740137482
-25.06535922533974059 2.0432706776195246334
-26.664560317993164063 8.3138732568709023951
-28.668468150227621294 5.8938078240342370862
-30.290720834873557266 3.887661980740986678
-32.570276330554435162 5.0038283398832277271
-34.579741245543168304 4.6057027982468454752
-37.174170163343099205 5.0310900830371103609
-38.050570147754861239 2.4994130113620354194
-39.724257369458221945 1.3321720469594495739
-41.779816354092268682 0.43774901291624956912
-42.746763226015232817 -1.4876887288978135615
-45.811393049999779237 -2.11766258797827156
-44.59653854366683845 -5.188258861925084453
-45.412368272078325049 -7.0805589190909232755
-43.97636170101142028 -9.4923537109561717529
-45.501454549985950848 -11.192253155803770781
-46.603031025569379153 -13.172090530395507813
-48.002053653352547258 -15.414751462986913566
-47.552243502372981254 -17.611904457659139922
-46.565730756140467861 -19.63837230172754289
-44.713224440043028096 -21.207875052939229477
-45.297625473637452842 -23.929893114618298711
-43.004680528019136432 -25.043881263006891658
-42.277186991248044023 -27.229763150383128334
-40.341254922958583506 -28.361598049359095342
-38.678266628601207344 -29.707544217603004455
-36.987429743298704921 -31.051827205954403155
-34.747166898825852854 -31.325927210299013836
-32.323903213324214789 -30.589752913843518911
-31.192132805448999022 -34.472655067642349991
-28.690965194827377616 -32.452032455136148315
-26.664560317993164063 -33.641950029409116496
-25.060877250106333491 -28.430096433789493915
-24.861012475093673402 -21.657115937014410179
-25.032042751045924689 -18.196460871405509607
-24.676889203741630752 -17.636470729954673686
-23.853815360162450077 -18.040442685322453542
-22.616563999394866613 -18.743681439542651646
-21.984363944981563321 -18.369976988246303762
-21.056634578505626365 -18.221488844333684654
-22.366237274070307706 -16.295005321557734845
-18.153454144483603727 -18.085981543635863744
-18.272882549552569742 -16.908307589978228691
-7.5137078863120372318 -19.394578753193936649
-8.1927503105037793318 -17.098394401109246132
-8.4793541345782124097 -15.083432776430793609
