97.058509262593716471 89.270986108236300538
98.533879724842975634 89.796127884319773216
100.08824780452684422 90.205355802508108809
101.6426158842106986 90.614583720696387559
103.19698396389456718 91.023811638884708941
104.75135204357840735 91.433039557073016113
106.30572012326229014 91.842267475261323284
107.85279553876306124 92.262463528439383253
109.15947348851452148 93.044216317172001141
110.07011197502566802 94.347439167216137434
109.93510803650974594 95.608934247742567436
109.25452643866211133 96.985099364051407633
108.62301916831906112 98.429493112280326272
107.51649597887683285 99.517354461306325675
106.58870173197087183 100.70746069905216302
106.01648493246457861 102.12694994713825736
104.97609292062739428 103.19995064093033932
103.89539680459490967 104.16179810428604924
102.72377841483960026 105.06022263926948312
101.55381722759184981 105.8304890685868429
100.47256083072193178 106.44402430968193585
99.099498921460167367 106.62281732109896382
97.517622505037493852 106.80303706967417554
96.318002901863408738 107.74751070945740139
95.166082212214604397 108.34305332177970627
93.80739471705454946 108.35608491593512781
92.535567935813105578 108.70268648323747129
91.440632862772346812 108.7487546510450187
90.425715848757278081 108.73786513574242463
89.369658391680928844 108.08676749869236744
88.330909057838240983 106.82179625531433942
87.163037612341867089 106.15384299927349332
85.734732315935573865 106.62053375235909414
84.185475313225936134 106.71593341418878254
82.584387385194958142 106.66128364514821669
81.379253310107841912 106.20305764865052822
80.326372114240896849 105.57050930817099754
80.047402827751014343 104.22826614311262006
80.714498268584293328 102.83102628819570157
81.538562349704662324 101.45469674785751124
82.362626430825059742 100.07836720751926407
83.18669051194544295 98.702037667181059533
84.010754593065840368 97.325708126842854995
84.751581010719888809 95.952177409631275395
84.809562007675793893 94.559508453268776407
84.458898769517745109 93.483402107936200309
83.543289542373457834 93.223472995402701713
84.175408422986663481 92.352260271741343445
85.151513464709267964 91.13009566848046461
86.197985126632673314 90.096733589018469956
86.320891234656485835 89.438719205196662188
84.958944930306003585 88.777480165896136555
83.776575194561090143 87.893292569927709224
83.590198147295694753 86.65364941150244249
82.673094014706563826 85.740430746340777546
81.249735732666621857 84.992002830730299934
79.824473958697623743 84.244131536464081478
78.399212184728639841 83.496260242197848811
76.973950410759599094 82.748388947931630355
75.548688636790615192 82.000517653665411899
74.131190706301694604 81.246420787373551775
73.082364429066501543 80.196698186607122238
73.597708471759730742 79.159319455616056871
74.223895560055694887 78.093252962225690794
75.003428189281891036 76.945686896396225052
75.907736149192899688 75.799296326375412036
76.896662508967793315 74.718493559351074396
78.028055622158305482 73.655357922487098676
79.273253293411698905 72.65748738062876555
80.590271826185912118 71.764403089581378481
81.918952430832703726 71.007435357964595823
83.303641365611809988 70.935145250038871723
84.590901314102083575 71.843692485343979115
85.753537498711921216 72.569185071375130747
86.438587648372859462 71.704718729947856559
86.968491220520064644 70.296886252568029363
87.98532188966078138 70.258669942488054971
89.241267909965088734 70.715323746680837758
90.195018755014757517 69.752985609025628833
91.14166482888418841 68.750901173770557762
92.430175485784786815 68.978467485981340701
93.889359645988079706 69.108841178512960823
95.290994486875618463 69.184782533805318394
96.72319228749122999 69.543774321341246036
98.226166234378979425 70.052113819534184813
99.701350207772009071 70.67232832714455526
100.90092097882060784 71.290249274760029152
100.8430600597203437 72.324341652871922292
100.20746091117470655 73.804562836261183634
99.571399458135800842 75.285002792857241616
98.935338005096838287 76.765442749453242754
98.299276552057932577 78.245882706049272315
97.737193954655893435 79.749168397036015676
97.519213526427122929 81.352688634573922855
97.318970610946962552 82.917521640627015245
96.470600228119380404 84.241443404970439701
95.559487968264349433 85.386161420968434754
96.073855582612893045 85.540187698408814754
97.183381606708437062 85.230258539658763084
96.580371028786785814 85.884146241827252766
