1.4761963628837619922 -9.5982332229614257813
1.6468102257860763871 -7.4936010681685045753
-0.64495786548928890625 -5.8290817586747651902
1.0818152726550565035 -3.2755442094398645736
-0.30224388036435456684 -1.5506450861903644522
-0.91513561396114440072 0.48362279847918365761
-2.8669010949599922355 1.6708178627432239693
-3.2926268512925922494 3.9841784777734012835
-4.2885646948256201938 6.0490271408268938558
-6.6157139253792554001 6.5903710505206376524
-7.7901375086396331682 8.7394806859357210271
-10.46511035421220015 8.1731110159247677416
-16.395359959853568199 -3.4980792454930522695
-16.731283109129559961 -1.8537553385621912128
-17.696725973044777902 -3.1218506374016756766
-18.377422332763671875 -1.0140357358964298129
-19.03681353873107085 -3.3245392620081570811
-19.354125419815343179 -5.0031996371268432355
-20.409153068113187857 -3.3452107422020551653
-21.318209442231641049 -2.9931140852047750656
-22.985201607136687585 -1.617326495156715005
-23.164898488840073298 -3.0088364784238512684
-31.4371174994364182 4.9060290956651524397
-33.492680284798353796 4.0116070111681416677
-34.459623339153111488 2.0861691667153046126
-37.524253077206807916 1.4561955140430953293
-36.309402464041014014 -1.6144009545253048543
-37.125228384131112591 -3.5067011490721702316
-35.689225624801878212 -5.9184959345478684867
-37.214314661137265716 -7.6183954070158037553
-38.315894947688519778 -9.5982332229614257813
-39.714913766470836265 -11.840893147680739972
-39.265107430075289585 -14.038047123958287798
-38.278590855135590232 -16.064515020228345321
-36.426088354013678838 -17.634016810132639108
-37.010485513630619892 -20.356036877648499228
-34.717540633411999806 -21.470023004691199731
-33.9900509325236726 -23.655906775347929738
-32.054114996811826188 -24.787741725824655958
-24.376398275751601119 -17.855113811586083017
-23.262381754376434628 -18.059229581967720435
-21.843394510507678774 -17.382930246762594351
-20.423863582481089907 -15.896530854295711777
-20.426338773519994163 -19.237612342133832755
-19.143767746246375339 -16.889505763465937349
-18.377422332763671875 -17.969861406362241496
-17.607790323300211099 -16.920792379404165473
-16.558863754391051515 -18.153884909317739016
-15.842023157125796118 -17.401382598244268252
-10.181929396666319576 -28.005611365712507421
-8.0653965854421620918 -27.459182001350409763
-5.718131147972810524 -27.022255342375665066
-4.2114789431666626029 -25.331106989922048456
-2.7132317561138989959 -23.702333386613329225
-3.8556130568965745198 -20.148942734249068565
-0.04196450225838432857 -20.184213626126222607
-1.4354761786758487574 -17.141273268319586975
0.77343039713475647545 -15.820721445162533314
0.094388269335063057497 -13.524537100436166526
-0.19221580055524967179 -11.509574599376090731
