-29.283213064759060273 -0.89912962913513183594
-29.112598605524929951 1.2055019268962214873
-31.404365511655655041 2.8700213896607875697
-29.677597327839649211 5.4235596652946149732
-31.061653134145704058 7.1484581443971926262
-31.674543850471703621 9.1827259767368225596
-33.626310502583478979 10.369920713759524844
-34.052033891209589456 12.683281590830931762
-36.365955935214472561 13.284364481747426012
-39.39578995297743802 12.508264460744905833
-40.813557061829840222 13.51720552870798997
-43.393570552858818701 12.000435917674899144
-45.098533813722170294 11.529483610070304422
-46.151393822519501953 13.146244663749422799
-47.793882430232116576 11.878149355506844032
-49.136829376220703125 13.985964264103570187
-50.458472878659073046 11.675460751621390187
-51.452830110135650443 9.9968004907104521806
-53.215845239513953402 11.654789242205797706
-57.052012156203254278 16.878662531864538465
-59.646441207080975744 17.304050700752227954
-60.522841081203097247 14.772374412801875465
-62.196528315338781567 13.605133442790998899
-64.252087332281391241 12.710710123685938555
-65.21903038054718138 10.785272048125284172
-68.283660139713873605 10.155298657641235849
-67.068809505033016194 7.0847022872096712121
-67.884635428595004214 5.192402680073903376
-66.448632657099949483 2.7806072349400223764
-67.97372170131230007 1.0807076219901494696
-69.075305805842816653 -0.89912962913513183594
-70.474320802715311629 -3.1417905761516493612
-70.024514476815681974 -5.3389432762664839061
-69.037997895350756039 -7.365411674798052033
-67.185495398548283674 -8.9349134523046362943
-67.769892517970433232 -11.656934543668118209
-65.4769476757494715 -12.770919650824426483
-64.749457946078891268 -14.956804406823849263
-62.813525909077036147 -16.088637368020940244
-61.150537619087529606 -17.434583536662927372
-59.459700751728732371 -18.778866518370922023
-57.219437859311312877 -19.052968457072378072
-54.796166944461276671 -18.316790215324317614
-53.664403928808944499 -22.199694371262584269
-51.163236109347735692 -20.17907370500916997
-49.136829376220703125 -21.368991273915948881
-47.107134280897000167 -20.210360335781064833
-44.839608217335104712 -21.115966799437856594
-42.988536099116764433 -19.821642059903226141
-40.941337403051015542 -19.306508968098963663
-38.824804620997710458 -18.760079621801235561
-36.47753916693835663 -18.3231510491571008
-34.970888427062007509 -16.632002731490015179
-33.472638831529195613 -15.003231020373181792
-34.6150223884848387 -11.449839246633578327
-30.801372785519770758 -11.485111307031500516
-32.19488540188439174 -8.4421698386333439146
-29.985982193642005456 -7.1216181023356783797
-30.665019371435718654 -4.8254332741534966544
-30.951624621977241958 -2.8104718624213114175
