-74.556116538838608676 -69.700740229290701677
-74.671707167137398642 -68.401579165058436161
-75.543764947512926256 -67.445369632808038318
-76.332962053135275937 -66.54706454772119173
-75.950597588648037117 -65.433389625846103854
-75.408935975541936614 -64.27147930339161519
-75.802639856502935345 -63.153362976368065063
-76.443026213908368049 -61.940119967594917227
-76.979236922244695052 -60.667923589296158582
-77.933998010753754215 -59.705689669838662326
-78.877866779966225863 -58.75177721086588889
-79.273696081057209994 -57.427554667456156778
-80.102495145439164048 -56.430857876815679219
-81.035169651355829501 -55.529242212609787543
-81.997691874490229225 -54.711178279166702509
-83.036702677749744339 -53.936846795082459494
-84.057444364665201419 -53.271593531366107754
-85.002844248928767001 -52.730428011897487295
-86.108088189352017139 -52.450195792346754331
-87.521776218598134278 -52.44464065645262707
-88.757654338110498315 -51.936839489207706322
-89.676401793006718322 -50.933057947630601348
-90.760200953978340976 -50.697627024523370665
-91.982167311395826914 -50.785459432772611876
-93.075574412054578488 -50.400146706466586011
-94.04092405682932565 -50.356457675268387675
-94.926293479325295266 -50.357405465278169743
-95.852061993087204428 -50.544947250920266413
-96.758382882839541139 -51.649570419735120197
-97.68288853160818519 -52.693197356965050915
-98.784093957781266226 -52.901072852231827426
-100.06149785248115336 -52.420697014125281044
-101.42396679960108941 -52.385973584697232752
-102.82568063838309058 -52.461607142196953646
-103.96190127112564028 -52.752140963877451441
-104.88655594375367741 -53.283543878089076884
-105.70416019888784831 -54.11270304536588327
-106.576050026325305 -55.162941914573970337
-107.77216661818303578 -55.919108692254667403
-108.98349852090768763 -56.599493047139773694
-109.87266691483900161 -57.603779909870013398
-110.67492299840426995 -58.641010827512829451
-111.26587313053448725 -59.5059747602494582
-111.73137921082005164 -60.263631550418786276
-112.1386079856631568 -60.995485573380662458
-112.55328252257703525 -61.824835666870008311
-112.73167083388726439 -63.07818812779076012
-112.93923760446705273 -64.371837629626739385
-112.41961369167050577 -65.595254317464792848
-112.13190029594932184 -66.769517424810928219
-112.83656201755918858 -67.877833451409756549
-113.66596697397268656 -69.052854308901160607
-114.38517970615751551 -70.297486282715780703
-114.4304935224310924 -71.477814529671150012
-114.33244080833446787 -72.626594589940467017
-114.14507570833282557 -73.899492674559070338
-113.86683205394766105 -75.195614930038416901
-113.50987765524556039 -76.450063190874999464
-113.0974877206183038 -77.613301134683595706
-112.61777157818028172 -78.741022896253838326
-112.12002053763929155 -79.743586394984902199
-111.59585124012593838 -80.66890601219974144
-110.96836106224031937 -81.645681244932276854
-110.21995082466192173 -82.668408304146367982
-109.40620747599085405 -83.644001285951276259
-108.51236655042998791 -84.585534648047172368
-107.50698351720382107 -85.512288296015483979
-106.41709945620965527 -86.385749528592128854
-105.26837890974155698 -87.181357249330275749
-104.10623034378139096 -87.873228997229460902
-102.90791984659894354 -88.404904554441699815
-101.52794222400439139 -88.191625181063571404
-100.34521667762233221 -88.107365090824515619
-99.740608393302053969 -89.082065296431466095
-99.184463844002863198 -89.786532394724503092
-98.503260261970865486 -89.939512806665717903
-97.683158157650126441 -90.090952711557875432
-96.667003512310159863 -89.986333021523293496
-95.47464716837291121 -90.227884870777188553
-94.243207411709988719 -90.350821240312939153
-93.002254711037366519 -90.045346380037130984
-91.721097665001167343 -89.98600294497914831
-90.490908969657098737 -89.953775693858702311
-89.257472290867724496 -89.662917913688772842
-87.95444347968255272 -89.235619306334783118
-86.639347381895845501 -88.758620021732667738
-85.37134624591742238 -88.166517328363426032
-84.180433366451708821 -87.506762845850644794
-83.098229080567506344 -86.809847413590830456
-82.066303710924032089 -86.047295238380399951
-81.04837604515009275 -85.186750465056178427
-80.103492415650947578 -84.274211263166606045
-79.405517830325777595 -83.516221804422471564
-79.430955443285640172 -82.487345360542875028
-79.638726675633421337 -81.308682053437195236
-78.776397743101384208 -80.920691815960864801
-77.457018505075581061 -80.879302295644336596
-77.08981363891209071 -80.261614294434167505
-76.78127903995900283 -79.508739241103143058
-77.193771482519849769 -78.271692819593994273
