-75.347785933135213554 -73.124123476253927834
-75.463372406165575512 -71.824958912437992353
-76.335429094821350304 -70.86875121701537239
-77.124626851227574775 -69.970449214111184233
-76.742265166177915603 -68.856775162143307512
-76.200607666957068886 -67.694865116263628124
-76.594311757958834619 -66.57674821149203126
-77.234690810339969858 -65.363502013770030885
-77.77090151380227212 -64.091305404568885251
-78.725665733166351856 -63.129071539056667461
-79.669536478008510016 -62.175159801680059957
-80.06536272458109238 -60.850939176132278874
-80.894164669928400713 -59.854245795574342992
-81.826840390540013459 -58.952628751016156627
-82.78936103747602715 -58.134565963264371646
-83.828371208805037895 -57.360234657730799768
-84.849115762051397382 -56.694979368067151881
-85.794515182958292598 -56.153814071604443825
-86.899754450399996131 -55.873580759917260252
-88.313444173817870819 -55.868027985949268555
-89.549325629526194348 -55.360227213884961373
-90.468073867219800377 -54.356443488567521172
-91.55187336554362787 -54.121012520583271055
-92.77383906120516599 -54.208841374598030427
-93.867246334991520484 -53.823532314768485207
-94.832595827023155266 -53.779843295021841243
-95.717965213068538333 -53.780791084950024583
-96.643733758004017886 -53.968330252616297571
-97.550054670109332733 -55.072952363450006885
-98.474560356515283388 -56.116579366343025015
-99.57576576106778532 -56.324457093034887123
-100.85317009828790447 -55.844084689157000412
-102.21564235416475697 -55.809360913614455058
-103.61735782809559225 -55.884992082120561463
-104.75357353133611582 -56.175526857804143788
-105.6782251630237397 -56.706927950806559124
-106.49582627507301424 -57.536087810750061067
-107.36771442443308899 -58.586327590527425002
-108.56383376010657571 -59.342494400651212061
-109.77517165291558854 -60.022880123425885301
-110.66433962768182653 -61.027166690359671009
-111.4665930564432017 -62.064394101223967937
-112.0575419660644485 -62.929355860469954109
-112.52304756550647369 -63.687011353468719221
-112.93027648319073819 -64.418865043381316582
-113.34495149620838106 -65.248215390494294752
-113.52333801061784868 -66.501571499414424693
-113.73090953700466343 -67.795222836959709412
-113.21128962391347272 -69.018639826936123427
-112.92357783236965929 -70.192901724296575594
-113.6282362546887299 -71.301214327778694724
-114.45763890854348688 -72.476235455593638335
-115.17685146491626824 -73.720870899668810239
-115.22216527567906041 -74.901200144143047055
-115.12411257832874867 -76.049980060984665897
-114.93674765535502047 -77.322877217769061531
-114.65850472254388137 -78.618996881769461993
-114.3015511154593753 -79.873443478165427223
-113.88916010616894425 -81.036685131248020753
-113.40944223553265147 -82.16441088743056298
-112.91169058808220882 -83.166975216079649158
-112.38752067800456302 -84.092295477009940896
-111.76002976121466759 -85.069071328531421727
-111.01162122983258485 -86.091795648603778091
-110.19788123491069598 -87.067384650759152009
-109.3040399816447632 -88.008918611498245355
-108.29865490609853396 -88.9356742293696243
-107.20877006442005097 -89.809136002222459183
-106.0600498661665938 -90.604743380885807369
-104.8979042034352176 -91.296613457763072574
-103.69959706995827275 -91.828284255854399021
-102.31961820346506897 -91.615003259171118088
-101.13688920106606872 -91.530743621625688888
-100.53228002574567768 -92.505445905586654476
-99.976136071478521217 -93.209917899534985963
-99.294932237056684698 -93.362898380950326782
-98.474830469765819885 -93.514338240428358517
-97.458675245910171725 -93.409712585548803077
-96.266318909263716819 -93.65126667046369846
-95.034879145720069005 -93.774206860222946602
-93.793926479315828715 -93.468726931456245666
-92.512769432921942325 -93.409383614517764727
-91.282580358170562818 -93.377161240145554189
-90.049143013814855863 -93.086303256201915701
-88.746113456165531375 -92.658997767185226735
-87.431012011080881052 -92.182002614236736804
-86.163013458031258551 -91.589900631270992903
-84.972102578061083022 -90.930146942816037381
-83.889894611112524103 -90.233228737208179382
-82.857969013103215161 -89.470675763786360335
-81.840043450848170892 -88.610132154327772014
-80.895160511410551862 -87.697593111444703595
-80.19718745054562703 -86.939604985231213163
-80.222623505749808714 -85.910734832954375406
-80.430396878115445247 -84.732073628759778217
-79.568066864270420524 -84.344082311698940657
-78.248689782061589426 -84.302687146948557029
-77.881483763094209394 -83.684997059212989257
-77.572943147344503245 -82.932124855411871067
-77.985436079574697033 -81.695078155458801916
