118.53187139263840777 99.62210845947265625
118.70248776008503455 101.72673917281984757
116.41071323912537139 103.39125940567865314
118.13749093585981598 105.9448008791818836
116.75342752237415311 107.66969882456989183
116.14053487622841487 109.70396431874793564
114.18877586861754025 110.8911618929244014
113.76305242646552074 113.20452950687807459
112.76710433211204077 115.26937289076559523
110.43995681032032508 115.81071654948331684
109.26553694164186936 117.95982481181249568
106.59056798687326761 117.39345652486771598
104.53430103242456539 117.64516257342012295
102.97385036545406933 119.83130324743517292
100.70346261475050653 118.89069970170365309
98.678253173828125 121.10807272357622821
96.674347152244990866 118.68801109527352367
95.052091032739582488 116.68185912344387134
92.772535280761672993 117.79803115317062634
90.763066605297154865 117.39990659257901484
88.168641432407298453 117.82529289411374407
87.292237686315814926 115.29361562422212728
85.618561725247417371 114.12637450581280518
83.562991456603072038 113.2319580469097815
82.596048353858634528 111.30651323487289517
79.531418505965291388 110.67653682935045367
80.746269223948345939 107.6059429841141224
79.930443298901749927 105.71364384394860281
81.366446097226869938 103.3018454128194179
79.841357040841742787 101.60194494085422434
78.739780558903277097 99.62210845947265625
77.340757922391418333 97.379448563603546063
81.409399634762564801 95.951505732753446409
83.966640726220958868 94.842018365883859587
85.068922035859955599 93.562846333092494433
83.534123637574424492 90.878639342479772267
84.686901154865225294 89.456805441946684709
84.096946999726114313 86.493043860952099067
85.001564402035583612 84.43259702575265635
86.664541098791161744 83.086650988360958081
88.35538174165452574 81.742375656068603007
90.595640906088846123 81.468273671272754655
93.01890846932828083 82.204444136775435936
94.150678582479827128 78.321545871351119672
97.699564296837237976 90.310491210796470796
98.678253173828125 89.230135541879946004
99.660223214286745019 90.279204625289111164
100.9262494160489041 89.046112044561255061
101.87009506124215363 89.798614372600695788
103.15663176520301647 89.563526253755554762
104.71880868502947237 89.15955416976368042
106.79068021939711741 88.456315864817497641
112.84419008088319458 83.889231576081570552
114.34244758055643842 85.518005451880455325
113.20006359712176902 89.071403326923444865
117.01370589999780236 89.03612693367988129
115.62019533464808774 92.079065838120754961
117.82910607501122513 93.399616399401608646
117.15005937581764783 95.695804632029322079
116.86346173069615872 97.710767064996773001
