-21.718725607483669648 -4.57843017578125
-21.663608737420759098 -2.4859378203442843436
-26.830490089720708369 -1.4449534894125868334
-24.561895636513970231 0.94859809708535802741
-25.195730207058854688 2.7129076948470505215
-24.858221520882857192 5.0714712795865466433
-26.061823031227888237 6.6906208629894123874
-26.487548355802694289 9.0039812987293288415
-27.483486759706146074 11.068831226781354005
-29.810636373771934871 11.610175052238322024
-30.985060069735631316 13.759283322033972752
-33.660030872306521132 13.192914053416039621
-36.347519500509406498 11.50192064373008094
-37.804847668194270227 13.146244667739210854
-39.842683881782591016 11.878149358600204266
-41.5723419189453125 13.985964264103568411
-43.280689237889610865 11.675460717431548119
-44.679186545355804583 10.038127028656218087
-46.846834349523632568 11.654789230735271843
-48.956598977850255494 12.006885937850817925
-51.942186914341448301 13.382673600930559132
-52.958353627493096383 11.093074101983930291
-54.632040860924085734 9.9258331319876749177
-56.687599872993004624 9.0314098176940671436
-57.654546732038269852 7.1059722248979326764
-60.719172671552755105 6.4759983682683461836
-59.504322047757625569 3.405401740563553048
-60.320151778265341136 1.5131015612381117919
-58.884145199824565964 -0.89869331170609578763
-60.409234243380517171 -2.5985930376200365721
-61.510814533870160403 -4.57843017578125
-62.909833345439921004 -6.8210911227977675253
-62.46002701625693021 -9.0182440767781120172
-61.473514285835435089 -11.044710927594408645
-59.621007940195319463 -12.614213762952463327
-60.205405068518480505 -15.336234838345053078
-57.912464042827181743 -16.450220899436160948
-57.184970494783868844 -18.636104708409522601
-55.249038454406914411 -19.76793767390268286
-53.586050164300409904 -21.113883843082639657
-51.895213297786611406 -22.458166824673995166
-49.654950401468290977 -22.732268765552646528
-47.231686528936151603 -21.99609071448905695
-46.09991647584022445 -25.878994678574709809
-43.598744946333226835 -23.858372094436106181
-41.5723419189453125 -25.048291582143487943
-39.542650534944620233 -23.889658725794891581
-37.275124695129576935 -24.795267133251368108
-35.424044845396558401 -23.500942374061342122
-33.376849945113924889 -22.985809276031893944
-31.260319112485163373 -22.439379953939280199
-28.913053704252043019 -22.002451420768519341
-27.406400962847115466 -20.31130303346919419
-25.908153321251361945 -18.682531372635299505
-27.050534896345698854 -15.129140460549598046
-23.236885322194812176 -15.164411604780871912
-24.630397951052714234 -12.121470161333700588
-22.421490916795825399 -10.800917441889733794
-23.100533814205856942 -8.5047340248597862455
-23.387137164701851333 -6.4897724090674291375
