-76.540432379334248481 -79.07549285888671875
-76.369816017222547089 -76.970854465386736365
-78.661590532847284862 -75.306341912680721862
-76.934812836112840273 -72.752800439177491398
-78.318876249598503136 -71.027902493789483174
-78.931761250736954594 -68.993637026653544808
-80.883527903355115996 -67.8064394254349736
-81.309258969260525873 -65.493079447140956972
-82.305199439860615485 -63.428228427593786876
-84.632346961652331174 -62.886884768876051055
-85.806766733322518803 -60.737780377251887387
-88.481735823855004242 -61.304148590933813523
-90.538002798375217139 -61.0524425405224207
-92.098453432146058617 -58.866294250779645836
-94.368841157222149718 -59.806901616655721909
-96.39405059814453125 -57.589528594783146787
-98.397963936308585176 -60.00959019020776708
-100.02021283849997246 -62.015738401318067474
-102.2997684413939794 -60.899573963699481283
-104.3092371284202784 -61.29769852344529113
-106.90366242374365413 -60.872312287543259401
-107.78005861329715742 -63.403985808229684551
-109.45374204672523888 -64.571226812546569818
-111.50931237978574018 -65.465650972385503792
-112.47625541811402172 -67.391088083486479832
-115.54088526600736486 -68.021064489008921328
-114.32602694204318539 -71.091658386832591532
-115.14186047307090632 -72.983957474410772193
-113.70585767474578631 -75.395755905539957098
-115.23094677314051637 -77.095649147804707013
-116.33252321306937915 -79.07549285888671875
-117.73154584958123792 -81.318152754755828937
-117.28173952131976421 -83.515306707350049464
-116.2952230039369681 -85.541770629947876614
-114.44271279082195747 -87.111271708850807727
-115.02711788503498269 -89.833289333261504339
-112.73417271306992404 -90.947285502217795283
-112.00668302699331491 -93.133169256312754669
-110.07073945330569131 -94.264996588146786394
-108.40775501381774859 -95.610942722377799896
-106.71692203031813051 -96.955225662290771993
-104.4766628840480962 -97.229335268393896285
-102.05339511362633687 -96.493149613605126547
-100.92162518949282912 -100.37605544700825533
-98.420461017231858136 -98.355432895175738395
-96.39405059814453125 -99.545346635854428996
-94.36435921991773057 -98.386719502158584305
-92.09682942467304656 -99.292327880321906264
-90.245749733600220566 -97.998001250170702292
-88.198554796423778157 -97.482875767961132851
-86.082025788159597823 -96.93643876682016014
-83.734764247324221742 -96.499510257589804496
-82.228113469025160498 -94.808361912935765758
-80.729864004973023839 -93.179596071011829395
-81.872239802970966593 -89.626205108981466196
-78.058589937227026212 -89.66146622639735142
-79.452108643523416731 -86.618528313974252342
-77.243197681670011434 -85.297977242501104911
-77.922244396155008417 -83.001796686330052921
-78.208842041276497525 -80.986834253362601999
