-29.168096992646422194 -0.20791817755956365499
-29.349613459488512746 1.1579049429110765956
-30.352890395865586015 2.1486972228446363786
-30.94961898045390214 3.1565981950818891022
-30.317249795583798289 4.391912633913860553
-30.160260373908638343 5.5830057181961745272
-30.707423274480063924 6.8486633424959055816
-31.330739285386624005 8.1981035851687344973
-32.118359577722245035 9.3997259809346083159
-33.251418094053761365 10.34383338514315831
-33.821022186124338305 11.65480356619264235
-34.575643269270749158 12.732031313930077587
-35.993106323092398213 13.122320074439450366
-37.470982944060850173 12.980317959486429302
-38.919750238884219584 12.716182244178243721
-40.250019896350231363 13.08528427348987222
-41.551137477604903836 13.013575934234113518
-42.896585633463310216 12.285006493894139012
-44.314360840378220985 11.778787998407599602
-45.468824740017709019 12.224639392144508676
-46.453229254347078836 12.701112902410397254
-47.588711478429992496 12.302384530587207934
-48.515958717273520051 13.075112332752523159
-49.326536693546557899 13.364325545777257176
-50.095928792090589354 12.209051366340924361
-50.876094279228702533 10.911391943501124402
-51.784109375015226817 10.500200589178009025
-52.848098316207469338 11.394279130210533069
-53.816628392149013393 12.5524864666510787
-54.71666056158919389 13.773023478866637248
-55.615020885333727563 14.995081787213385027
-56.530179121426755273 16.189725582275464433
-57.714103955095360732 16.94573716478284453
-58.812621884271550243 16.561770589699992939
-59.800102797654346887 15.973705201922385299
-60.606250818617681375 14.874169119422736784
-61.728558279046829682 13.90508829865162177
-63.069956104391756924 13.188714925198969041
-64.142236275384334476 12.245897021036196151
-65.05235993850170928 11.124323599256262796
-65.74912101733174552 10.13878787373680268
-66.269511189704260801 9.3101462242654857704
-66.710606743662722806 8.5286595212366282937
-67.153299931037182091 7.6502627001579508459
-67.361847980287919313 6.3179570300649965375
-67.524274179264040185 4.9377726229742089359
-66.925682790163449454 3.633944666530603218
-66.856768122446425195 2.3934046927661141169
-67.737748537610514177 1.2004814036363053997
-68.565577538638081023 -0.098301553823630760665
-69.070876886473996592 -1.4166687774100035213
-69.002178068799608468 -2.6409945285976483831
-68.845493173075468007 -3.9452501127119141699
-68.580796832176574185 -5.3377207803053652313
-68.220138587499064897 -6.7013543892834404048
-67.791202127520023168 -7.9651467239927429276
-67.286481408519364322 -9.1809259965094387468
-66.752917884876694643 -10.266954621835552075
-66.190403953223437838 -11.259855501132147282
-65.50837295929837012 -12.31154855067866194
-64.692968660663822789 -13.404954716429504202
-63.807860272543422298 -14.437056629956522613
-62.815360088071429345 -15.443894485615615508
-61.702227461547664689 -16.4205566830084706
-60.504522335865750904 -17.322881857065485889
-59.260752952277222505 -18.122191981696126106
-58.010479802117799863 -18.802987285358323533
-56.582130238433755665 -18.853695556347158657
-55.21204974674783017 -18.605928486976672787
-54.433857091552610541 -19.409886883403395075
-53.871342778725534117 -20.325825242424421901
-53.143453246536573431 -20.491192807883756188
-52.266110603716455785 -20.653044334448292574
-51.158161853760205418 -20.526077507969279878
-49.87008105010997383 -20.884646670229031429
-48.550252484764413907 -20.901943456949318545
-47.211880217739739862 -20.493996756778933843
-45.830045014402855941 -20.643508584941407946
-44.544825468552780023 -20.388531909055384261
-43.173995441818199481 -20.017806876261204252
-41.763359467566651517 -19.52355936420560667
-40.388457584706372927 -18.922873281077222885
-39.083115782368480495 -18.232740492276953148
-37.899974876668977686 -17.494029761089542774
-36.791630931319247111 -16.690580045816439281
-35.699089415121946445 -15.775726747633161295
-34.689853501122982493 -14.801358778241473502
-33.964072179454007028 -14.008111961963017222
-34.121419482272685286 -12.805486993293083486
-34.142033656121128615 -11.691885190321533727
-32.949766746513553528 -11.47445073145099137
-31.925449843341692002 -11.195444873110680817
-31.529677208648987374 -10.504727155495462654
-31.687442885601669218 -9.381772387179760031
-31.562554520756613385 -8.2273458898751083979
-30.486545916358270603 -7.348311371299927508
-30.24433630944873741 -6.1237674492563600737
-30.604320469862908993 -4.6319015910133263247
-30.719704588340057683 -3.1612620459959472896
-30.085590819148613662 -1.9044926102005708124
