-18.344633505432888398 -5.5771288871765136719
-18.174019046282115397 -3.472497211142772322
-25.551982861580931683 -2.8890825775009276732
-24.561895638854682744 -1.1464091960875499865
-25.195730211856407266 0.2119654157932844285
-24.858221524374570777 2.1247404335072950232
-25.66982095794280383 3.5253057564078602582
-24.778100454684242493 6.5064250442956215181
-24.293754976657545797 9.8653722740624036902
-26.436538547646531327 10.611475862531950298
-27.610967955558820108 12.760584126800580407
-30.285935047449459745 12.194214906096124906
-32.34220564341787707 12.445921846808555955
-33.902648706020677594 14.632068262748859411
-36.363626489289664789 11.878149350141281815
-38.198245688624027139 13.985964264103536436
-40.011566074987293007 11.675460726418961599
-41.508592868485415295 9.9968005940722957092
-43.797239455204469039 11.654789235663905345
-46.027159357381989935 12.006885971594936535
-48.707861631971368865 12.6260521670791519
-49.58426151831153561 10.094374918932322416
-51.257941225425454945 8.9271338573644811731
-53.313507770942223374 8.0327111062988034718
-54.280447016580460229 6.107273491497762663
-57.345080569501973855 5.4772996568730825118
-56.130229945706844319 2.4067030291682893761
-56.946055866751677854 0.51440283373307327253
-55.510049302051797326 -1.8973921123730042027
-57.035138330152960862 -3.5972915440919459584
-58.136722431819379153 -5.5771288871765136719
-59.535737425659590372 -7.8197898630432636224
-59.085931094909234673 -10.016942332975897756
-58.099418345750166282 -12.043410187651431897
-56.246915840299699596 -13.612912946344309262
-56.831312982114589261 -16.33493304580195371
-54.538364292070184547 -17.448918206900195571
-53.810878380772365404 -19.634803909925672372
-51.874938625160837091 -20.766636950195302092
-50.211958037366990482 -22.11258495674197988
-48.521121189069290836 -23.456866016755345328
-46.280858296011707864 -23.730966047952794185
-43.857590914870428378 -22.994789804373997555
-42.725824330722716127 -26.877695783309878408
-40.224652851889665328 -24.857073189217611997
-38.19824981689453125 -26.046988863027277006
-36.168558425676472723 -24.888359820617370843
-33.901024735904329077 -25.793968180416307234
-32.049952742619211676 -24.499641562057689725
-30.002754000616317143 -23.984506544560783681
-27.886227016876958373 -23.438079145891325794
-25.538955679434923951 -23.001152370517662149
-24.216669187347843462 -21.105242464012530235
-24.011605859921239414 -18.350837563609189829
-23.676442864022419599 -16.127837837405063937
-19.862793208044887905 -16.163109818382650928
-21.256305836114503194 -13.120169320620490794
-19.047398815700756103 -11.799616633063539695
-19.72644171756387621 -9.5034322848643029147
-20.013045062651070083 -7.4884711204626928094
