4.5108791675501018759 -8.5668543439146240814
4.2531566899097326129 -7.1390267705569350198
3.1478357796744478314 -6.1056706488433896141
2.8067724430782257095 -4.9761721929418687438
3.5614436422893387402 -3.6365067438505160879
3.355809540197419949 -2.3750592852466816396
2.6636293669169903708 -0.99338944929149508578
2.0248737510831968933 0.44347544399725308262
0.88965406516118727964 1.5101847795430662913
0.0090019335265235402022 2.7315204201603306977
-0.5939091017393884897 4.127480697597457393
-1.6391004795746813016 5.1955175745362787154
-2.7230478360392389447 6.1514075336074203193
-3.8996925185314790241 7.0451836689591509355
-5.0641599932709517873 7.8046221285549215452
-6.143923591161577491 8.4116750504581574432
-7.5498476548217334781 8.5505561168425021634
-9.1207673298946811968 8.768844954247406065
-10.293205273384787191 9.7575640740947999774
-11.460786225770071667 10.290917205534270806
-12.783371228578012335 10.110909565313384917
-13.55300964968190236 8.9031691280065121674
-13.858997372404440185 7.3335410466968307119
-14.150919851839143249 5.7529347920046163267
-14.442842331273844536 4.1723285373124001651
-14.734764810708544047 2.5917222826201853358
-15.026687290143243558 1.0111160279279705065
-15.329553279898016527 -0.5714883760664615231
-15.715481900415738892 -2.1692825282502581352
-16.096428262178836377 -3.7546033737928778962
-16.56169003601622336 -4.4195398662634453046
-17.498445206409698471 -3.444451749198819801
-18.785591794776546948 -2.493112847270447574
-19.766223227488065817 -2.1807616330438031049
-20.63364958591728282 -2.8153756332624202408
-22.167012124302942766 -2.5720170273625777568
-23.695707629052616738 -1.9824020086941409602
-25.113242497338713832 -1.2114939996625524454
-26.518963518830307891 -0.42170555822499955489
-27.924684540321901949 0.36808288321255350217
-29.330405561813503112 1.1578713246501064482
-30.740469215888658994 1.9201531180338535787
-31.916380043761584773 1.9625818732134625577
-32.480994965793442475 1.0878299230332260095
-32.96216979994900953 0.25337261393175580793
-33.430453778119712638 -0.66104538595946138457
-33.674689317090980012 -2.0432402824497524207
-33.83120398921077765 -3.5144185108901022652
-33.196052266006240927 -4.9017781243398177438
-33.297640763103942163 -6.2122961771227931393
-34.269653810598363464 -7.5007814079672803231
-35.118335665172018878 -8.907726677206957433
-35.377480710604515934 -10.280884312587916796
-35.270640515980161922 -11.594441792359720722
-35.049113448305917018 -13.050846234964822656
-34.710436056264441618 -14.526254938575378972
-34.279498034816185736 -15.919551272765769312
-33.768537703228091118 -17.230637725356928058
-33.200693083945928663 -18.436416584182154565
-32.613433289150762562 -19.501579837997340405
-31.938132133887005892 -20.565001175614717965
-30.870827042277678487 -20.761646755313790891
-29.405454044196659424 -20.106501234705234538
-27.940118112146624441 -19.427313871358098396
-26.474541573509014825 -18.749001854940079426
-24.977686178487005009 -18.184484939306454265
-23.400862115560762788 -17.908799907231102821
-21.758776968626960979 -17.886187230582503815
-20.15168396346433255 -17.818360922713488037
-18.764937426875619053 -17.074838893687513064
-17.767498077116005817 -16.404943899443470201
-17.525041755147885425 -17.466404269417623141
-17.399724675113890981 -18.657263028269529315
-16.775360239150099773 -17.945536602816105187
-15.925000507325803412 -17.477270274761956159
-15.28279072185101839 -18.71849683630689043
-14.959066551904150799 -20.289079547184410757
-14.658371120404709131 -21.868121685616522143
-14.357675688905272793 -23.447163824048629976
-14.056980257405829349 -25.026205962480741363
-13.756284825906394786 -26.605248100912849196
-13.364964426836689171 -28.111302909643573145
-12.276462266782228738 -29.048962109307275625
-10.911270694448186092 -28.806777541987898417
-9.450182272500466496 -28.411438267266078128
-7.9471643888584138082 -27.876386381907476419
-6.4875398660295591213 -27.221226745633479993
-5.1192075523936697579 -26.472068809396549938
-3.8879101647007541231 -25.671230130132101976
-2.7102886760387718823 -24.775276199997342985
-1.5675681834668022674 -23.761685460294128092
-0.6078517555953553142 -22.777154547422320263
-0.245963091735640349 -21.836647434874841167
-0.5828299583039617815 -20.416149119089627817
0.29033561957581133228 -19.88971438404271197
1.658718726567848023 -19.756314292050191739
2.0789671882125162483 -19.03626094737510499
2.0418847209470185611 -17.925160535168995324
2.0951928457750286228 -16.669669601910083401
3.2113904424898804812 -15.72106385944732132
