-73.637649517921104803 -65.99392260443404723
-73.75323599513599504 -64.694761845577630766
-74.625644987427008914 -63.738501619703619383
-75.653684485776437896 -62.804945400914810705
-76.297550568037422636 -61.540142629144305886
-76.780470694425304146 -60.157971038231913496
-76.973762956993112994 -58.752133228988249414
-76.916900072277556433 -57.347357674475162526
-77.428389443530676317 -56.124271925392100968
-78.067868907133586731 -54.900224460508823654
-78.430857622946234642 -53.545553525170468845
-79.315893651431608191 -52.589299689409017446
-80.250596890409880757 -51.70223223665212231
-81.223887544145796369 -50.890163688833681022
-82.267888681598464018 -50.126873653239613304
-83.277766090928352583 -49.481001703274628767
-84.219191009069206189 -48.951904503849121397
-85.390140307256956476 -48.764008349162828893
-86.800544757875996993 -48.704025836105572012
-87.982391643705867068 -48.100564747327965165
-88.91050252582424207 -47.189275087003366593
-90.004746344397233315 -46.960804532463939154
-91.23568871958579507 -47.085166321788634036
-92.303115437004194632 -46.683718413750767695
-93.251381444182740665 -46.647339579053777925
-94.135877419328281235 -46.653970246744407291
-95.06294128893479467 -46.994787184401609181
-95.969585854299722882 -48.102253075671448812
-96.906164251775990692 -49.090059438872891917
-98.04166784087283304 -49.135012566093962505
-99.332244268524718223 -48.672154250929779096
-100.70541407860889649 -48.704177228995476412
-102.10710550152010967 -48.73856514788464267
-103.17884234279422628 -49.119085276677608931
-104.10001079947684843 -49.657997674534570365
-104.88015994532261743 -50.579514331508107716
-105.81705976739624475 -51.577640307972217215
-107.03437229853155088 -52.304853064337656576
-108.19435821341980386 -53.030527980084265494
-109.07807734678868883 -54.048205294746132665
-109.85345583009825532 -55.06966172829292816
-110.41957861051098178 -55.911794594444756967
-110.87286630971071588 -56.660145915070074807
-111.27775134639087184 -57.398321140400511808
-111.69927868399926751 -58.256138901090672277
-111.86745907284125678 -59.559428088650975042
-111.98604803760292725 -60.843542508870278596
-111.40991681774055166 -62.059878016605345863
-111.26321503319768169 -63.223772653623619533
-112.04798209196322034 -64.331341213373193
-112.85239972726178337 -65.52283394739434641
-113.54337115943319247 -66.766554361210538104
-113.50229299484888656 -67.932111787427359673
-113.39327670398678549 -69.093848302380450832
-113.19207417513774772 -70.379226923610275435
-112.90160495769448801 -71.672432282194804998
-112.53590305529506566 -72.913991722975509902
-112.11439437898278015 -74.070212443949856151
-111.62803432504890111 -75.186764211084692988
-111.12996483017454352 -76.170152624238653516
-110.59543754184554132 -77.096977017741835425
-109.94973838506145114 -78.083873653903921763
-109.18795177824789278 -79.105484195541819759
-108.36661045077740084 -80.072134207491117763
-107.45664992595212084 -81.012906643926029915
-106.43723223441773484 -81.934343895669314861
-105.33761121512424097 -82.797743789559604011
-104.18354327365156564 -83.580212875963923125
-103.02102560602841663 -84.257160069974588623
-101.78941075630048374 -84.692132486795770774
-100.41748231418162618 -84.434136953147131521
-99.305140434477749523 -84.474832655123137215
-98.764523104501336093 -85.567490037267930347
-98.170915344712597062 -86.102572500748692619
-97.478450190036269873 -86.25433444718272824
-96.635181799555127213 -86.404832779726916669
-95.583842687370989211 -86.249967674649937521
-94.38055226498025263 -86.603808492536174413
-93.149180795989522608 -86.641310347271826231
-91.904459854396492346 -86.277857978456268029
-90.615210722104635011 -86.333089989671407238
-89.40167425753371333 -86.211584443988130033
-88.154617760996018205 -85.90545623927286556
-86.848230722997598718 -85.46117335653438829
-85.537154409887904194 -84.972630118381800912
-84.276570952777376533 -84.368621902619622688
-83.101002993901062155 -83.70243740814757416
-82.031514244992280283 -82.999672174092793853
-81.000522272256915812 -82.22299792752018277
-79.988726489725735291 -81.351039137997432249
-79.06550183839310364 -80.443051724875971331
-78.41035458761180621 -79.721160214517695408
-78.573744286339390897 -78.58882444618902241
-78.671497745185178019 -77.491451444325463171
-77.665105847894125191 -77.209902823455195175
-76.484443616254480958 -77.084571876835042303
-76.118433813290579337 -76.461450801776635444
-75.947261835035888566 -75.617504458880574703
-76.263535112021514806 -74.40948343403985632
-75.496860419035130008 -73.527683463631021255
