-24.302622244446560273 -3.4116308689117431641
-24.866207309290956573 -1.3841665839948600336
-26.83049007566733124 0.27107054525195151129
-24.697002679598178077 2.9110576695392600399
-26.081062313833204058 4.6359569046205812981
-26.693953030159203621 6.6702247369602112315
-28.645719672884176532 7.8574199379002482857
-29.071444994535596607 10.170780845983216523
-30.067381414961246833 12.235629751441845059
-32.394531102574831039 12.776973643262603986
-33.56895469714920921 14.926081854642152535
-37.294346336911431194 12.000435861856031394
-39.310535793933823356 11.501920573357265809
-40.63675691802976786 13.146244682649616209
-42.549219104255449508 11.878149346315344914
-44.156238555908203125 13.985964264103568411
-45.741958211694850434 11.675460759983689485
-47.006285807340525196 9.9968004175014169022
-49.051614928266062066 11.654789230693310742
-51.021006245464633366 12.006885973922551969
-53.852430862573889669 13.382673623911788496
-55.542250253759817724 12.259872701368918158
-57.215937489304884878 11.092631731328797429
-59.271496507942885046 10.198209365217824285
-60.238443368313511428 8.2727712942953335329
-63.30306931940138071 7.6427974178646245207
-62.088218684720516194 4.5722010474330598839
-62.904048414724805127 2.6799007504477279085
-61.468041836787456589 0.26810599516341104831
-62.993130881656199449 -1.4317935048223935368
-64.094714985530316653 -3.4116308689117431641
-65.49372998420595593 -5.6542915603539594116
-65.043923656503181974 -7.8514445160430952342
-64.057410913072743597 -9.8779123659129002277
-62.204904576080629397 -11.447414220084665359
-62.789301713304816133 -14.169435279506366498
-60.496360685387863043 -15.283420392769052398
-59.768867137727113459 -17.469305156479574492
-57.832935093975073926 -18.601138126268800477
-56.169946803751557241 -19.947084295986726943
-54.479109938082771691 -21.291367277461446861
-52.238847037863550327 -21.565469220517282878
-49.815583159992229412 -20.829291171120214443
-48.683813082656406834 -24.712197047043140685
-46.182641594706950627 -22.691576362645960785
-44.156238555908203125 -23.881492036855402006
-42.126550865908839683 -22.722862982518432062
-39.859021343437035512 -23.628469497723273207
-38.007941482722735316 -22.334142828891295096
-35.96074658141510838 -21.819009730449199225
-33.844213794242627102 -21.272580381021064966
-31.496948329197039129 -20.835651799433783538
-29.990295623865023344 -19.144503426416676461
-28.492049951822593812 -17.515731820248564787
-29.634431591414841733 -13.962340041563594539
-25.82078195310813129 -13.997612049014625413
-27.214294594459314425 -10.954670630518432262
-25.005387555192285731 -9.634118854688040301
-25.684430453873147826 -7.3379344922949059082
-25.971033803789591587 -5.3229728839959502551
