-13.787329123108669648 -7.3338475227355957031
-13.616714663957896647 -5.2292158467018543533
-15.90848251982221484 -3.5646965220871549285
-18.325786858826347725 -2.3576512761950878527
-22.979675296348794689 -2.587144696817616385
-24.72243927151326659 -2.1847469284490435015
-25.669820932903533617 -1.5424870513025039642
-24.778100470785830112 0.64629335141050514579
-24.293755128036373492 3.0472597985938953968
-24.993995518613495221 4.5676588197739516062
-24.412716148150671813 8.6499139890635792227
-25.728636256601330246 10.437496212403619467
-27.784901261093654767 10.689203211249473924
-29.345350226594089094 12.875349665631006246
-31.615734159226434485 11.934739435625932202
-33.6409454345703125 14.152116264530814504
-35.638904294108435522 11.675460746420558422
-37.267107637700675582 9.7259055122340143384
-39.546659622670539136 10.842071797448486592
-41.556128231289527264 10.443946299742485451
-44.150557249647150115 10.869333531520069869
-45.02695713598731686 8.3376562833732403845
-46.700644370827689045 7.1704153133477408488
-48.756203388618004624 6.2759924707397214405
-49.723150246287964649 4.3505544029993750144
-52.787776198063490085 3.7205807640407719816
-51.572925563382625569 0.64998439360920734487
-52.388755293386914502 -1.2423159033761246306
-50.952748715449565964 -3.6541106586604414908
-52.477841572807889747 -5.3540101376414721557
-53.579418049495160403 -7.3338475227355957031
-54.978440682400744777 -9.5765079297532977876
-54.528630538448624065 -11.773660916001437826
-53.542117794976718415 -13.800128771340753886
-51.689611457975480846 -15.369631581903391293
-52.274008599790370511 -18.091651681361035742
-49.981067560691300855 -19.205637766471465255
-49.253574022369591034 -21.391521565242982206
-47.31764197524245219 -22.523354539328281021
-45.654653664995827 -23.869302631395431291
-43.963816820078150727 -25.213583690942257931
-41.723553915958021321 -25.487685636175285708
-39.300286508918965467 -24.751507493935722692
-38.168519965625186785 -28.634413461532997047
-35.667348472608338739 -26.613792778131188044
-33.6409454345703125 -27.803708452260675443
-31.611252188051615519 -26.645079415321234251
-29.343726252133237153 -27.55068589981884486
-27.492648361748127428 -26.256359244414607446
-25.445455378653822009 -25.741226150853485422
-24.687975218624622187 -22.840844377209961635
-24.096412669406433338 -20.470770228499652887
-23.703968209224619557 -18.369976783004226206
-21.548993761972891292 -18.221488868867460553
-21.306964775500169651 -16.295005689799328508
-15.305488825720669155 -17.91982845394173296
-16.699001453790284444 -14.876887956179572825
-14.490094433376537353 -13.556335268622621726
-15.169136383864692874 -11.260150931240985983
-15.455740684576554145 -9.2451893196178307477
