4.8536182188102756641 -8.4750013351440429688
5.1337926908438475948 -6.6730544436682528442
3.1695099280900915772 -5.2483723287371351063
5.4381043669303821275 -2.8055794838582803763
4.8042697910281759732 -0.988545152151824702
5.1417784835446376235 1.4279190878129774944
3.4999349828743184787 2.7940497411738096645
3.0742089782920594132 5.10741013051645254
2.0782712145814006277 7.1722600204940079038
-0.24887833163664474512 7.7136034154909580707
-1.4233019443421657257 9.8627121141670421878
-4.0982747382733180075 9.2963428940532466527
-6.1545397872590426047 9.5480499027024805514
-7.7149900882311825967 11.734196327537194549
-9.9853735838338781861 10.793586102991255871
-12.010585784912109375 13.010962928959525442
-14.014494533774051632 10.59089750001664143
-14.467929051874662605 3.0859017266174042504
-14.725374516880687992 -0.11973597650800371639
-14.78045163080408031 -2.2537757148771042637
-15.96986544106327166 -1.6173264204526223153
-15.981983899275105543 -3.008836583279690835
-17.067582166468628913 -2.8586337488745705571
-18.89885585187350614 -2.2727721812299392923
-20.136327760142904708 -2.5713020328623690247
-24.185912218598737411 -1.4455712697635876296
-29.942565915778615704 -0.49116912538980894709
-30.758393740004130734 -2.3834694885196787695
-29.322389065791362839 -4.7952644710688883123
-30.847478110660109252 -6.4951639710546933415
-31.949058399836953726 -8.4750013351440429688
-33.348077211406717879 -10.717662282160560494
-32.898270882223727085 -12.914815236140904986
-31.911756223059409621 -14.941283106476078046
-30.059251806162116338 -16.510784922315256296
-30.643648965779057392 -19.232804989831116416
-24.59220874746907981 -17.616085865664516064
-22.783593748923212985 -18.175062328243370757
-20.430810600265203902 -17.826611610157719667
-18.8256321475049333 -17.855113911148343675
-17.544037762235454636 -18.05922973057749914
-15.976645782666734519 -17.382930210265651993
-14.543961980755264918 -16.271935119844048501
-15.369340504743625786 -24.276718917243446327
-14.03699158951236825 -27.754944216282069647
-12.010585784912109375 -28.944859880483331693
-9.9808916194039412062 -27.786230847189415272
-7.7133661071474124427 -28.691839231459869808
-5.8622868115061690375 -27.397514489532571957
-3.8150938031402858996 -26.88237757083642876
-1.6985610135826654243 -26.335950126418186557
0.64870439822701442267 -25.899023489415913701
2.1553569893706896465 -24.207875119453433399
3.6536040592167129404 -22.579101517970904922
2.5112230310044889592 -19.025710823189186272
6.0149495966605677211 -18.882047627493697917
3.6710374766129749702 -15.456908986055712063
5.1297194892198696436 -14.044221686594394072
3.9088560597453732015 -11.85878276964835365
3.2947666636373789117 -10.083657933310028909
