-13.731720420585430631 -6.6328758894929871204
-13.913236772212595582 -5.2670527186338622627
-14.926835309097098659 -4.2790964549401868666
-16.189334441503177686 -3.4541154410678052145
-17.523449982964816485 -2.7746464522577602985
-18.941802358921204785 -2.4259457645332749287
-20.450388102043124405 -2.4624200116966781238
-21.9682245107318046 -2.5316234933496248871
-23.492451522221269755 -2.4375961411925279876
-24.902061906035076078 -1.9386749734417265678
-25.326119503253831766 -0.85504448650547248967
-24.861224579240229104 0.56276272025817219991
-24.508391435219923693 2.0459400776846470293
-24.569634948448015876 3.5179093867112993799
-24.863281492298838771 4.9717289599199450123
-24.724622151813662185 6.4594356055423194363
-24.554796496764140556 7.9423410637757303476
-24.922990608486745856 9.2912691903227706547
-25.934042895919073857 10.286241199230364174
-27.318989531897809542 10.730177541242928996
-28.439956901655090604 11.622459142568203561
-29.505308782850917737 12.233894030263186892
-30.756476429645015713 12.320371837762392531
-31.999863069160927154 12.465523657033868332
-33.055442410126900654 12.657580295416053673
-34.008887973640270275 12.662767648036250989
-34.994534627369482394 12.474757160700871594
-35.965225189192899791 11.287466305121188981
-36.967612331990522989 10.238875696551847483
-38.184080404698178768 10.196241020274772637
-39.573229626499355049 10.657473078397572408
-41.053103568432057102 10.579645748696906438
-42.536192836750643664 10.579124694459519418
-43.574505094484621281 10.024850368607616247
-44.566835307888098328 9.418015969907003182
-45.35779754255257501 8.2248495054992059039
-46.552433815334246958 7.3219310603782412628
-47.90166758573813155 6.6274730101897558754
-48.895060389733174588 5.6010655784288996273
-49.776573352932416583 4.4831534369061323275
-50.42621746895455459 3.5406475336667107001
-50.925058343755011947 2.7289274892854340493
-51.360545619272919282 1.9406211571558529272
-51.81379618896615824 1.0176490771831421256
-52.004023758300967017 -0.38847394663828399564
-52.009962279319225331 -1.7525834956351793448
-51.38157624782927968 -3.0460282299852412535
-51.557840214342263607 -4.2687008835354687264
-52.48198162974563985 -5.4743628379458986188
-53.281872729553427348 -6.7910076036210273998
-53.626554530062712445 -8.0924179427834168621
-53.542760946494695418 -9.3131755221651957299
-53.36442501432743768 -10.648112639907676424
-53.07954409622965386 -12.039257395524106897
-52.702639899675851609 -13.387920872057092581
-52.260286335594742013 -14.63591191655182655
-51.743306845964397667 -15.837053467040968613
-51.209082163812027488 -16.89211995360238916
-50.629357354416299586 -17.888176513326847328
-49.917935073778195942 -18.955362410439310139
-49.084338900727146893 -20.042175432002977686
-48.183673336704664791 -21.063707870331377592
-47.164878394171346088 -22.068271071155020735
-46.032107354788543319 -23.032863615055958917
-44.820776177748633984 -23.917314728175018246
-43.57577256061037474 -24.691820041889393167
-42.323905350516604074 -25.350678739630257752
-40.852621693637345857 -25.210310172963652064
-39.560981563921480131 -25.082826363197490593
-38.905131538523342272 -26.11230029873344094
-38.291609569970447069 -26.785616673630403994
-37.547491236866846975 -26.948609817868291572
-36.633173438830617386 -27.108745033734745533
-35.471602643921293918 -26.942992554917712056
-34.167157607185096424 -27.326923843036880157
-32.846723172730300178 -27.318071575692908226
-31.501900901727427851 -26.893037474094928285
-30.136617049900340959 -27.02444636005886025
-28.843035558318828038 -26.749821894869704408
-27.454916001477961629 -26.353128262367025769
-26.085409894423403188 -25.830259803420617004
-25.231409334143439338 -24.818860043227534362
-24.820051975572724245 -23.342174696646829091
-24.44186363057892919 -21.853543044826484021
-24.091946639783952122 -20.36766721155389348
-23.713182875800587368 -18.963458828417696367
-22.672336221161856429 -18.305951912592639985
-21.612538764615283782 -17.695892512660581275
-21.066583724072337702 -16.65989883471059585
-19.85469984157493073 -16.688555693096887467
-18.403024799800423494 -17.081210253094049278
-16.951054811950537982 -17.474312534741404335
-16.313889376941546061 -17.32249750037473035
-15.95257224897011028 -16.667734925470838903
-16.356821051347580465 -15.377465961609091849
-15.790193661119444002 -14.356241364666040283
-14.827189425528198186 -13.421897460867352692
-14.926964293664234162 -12.058273956633378532
-15.257807295430533046 -10.555237656854783879
-15.162978849494871625 -9.1400183578858040789
