81.437630482986548941 68.223517153083136577
80.794577183739221482 68.807763157185348746
81.636026228791862991 69.454694522760789255
83.070276315058620753 70.176691278393235507
84.488990778764360812 70.926086869939211965
85.899495806369984052 71.689370494977907811
87.309889820640890434 72.452841923038803884
88.720283834911782606 73.216313351099714168
90.130677849182703198 73.979784779160624453
91.541071863453609581 74.743256207221548948
92.841078355603727346 75.552970430790807654
93.097261942275352453 76.787458086653217038
92.279450311838516541 78.059875118620851708
91.104444556232024865 79.088785077985235716
90.570443044001265775 80.546146010187513298
89.654428363576457173 81.710911880148259456
88.58752944207940061 82.723652920374448172
87.460697111868995535 83.646414685338200456
86.267393906261162329 84.486225606395194632
85.155263997720410885 85.1593241017586422
84.015433925090349021 85.65528034509686961
82.415234638904905751 85.399671069766284859
80.932089190101791587 85.567030646656405679
79.729125571632991409 86.411276981430717115
78.423660916013091082 86.286080355476073578
77.111313377884755482 86.031543390127225734
75.99245372642982943 86.971397308037936114
74.751814676817261329 87.358567657150345553
73.39507452334535742 86.645623789800879422
72.31789985714162583 85.455985500202388039
71.887704136744872585 84.027856843544569188
72.078366631807568865 82.45249295782042509
72.31218060351341137 80.866895789536883399
72.545994575219253875 79.281298621253327497
72.779808546925110591 77.695701452969771594
73.013622518630953095 76.110104284686229903
73.197415087142744028 74.52297301672071228
72.747352034183634828 73.457349995997844871
72.156775205575172549 73.028767199924587317
72.026122955660682123 71.869985626548213986
70.957823769320370388 71.362621643644587266
69.623786476696466252 71.389739993346125857
68.774793677236829126 71.397376614534778128
69.088077745234585336 70.548474428081320298
67.978297360265614202 70.314335946972235547
66.361176899276983931 70.430850628036466787
64.767885927110015132 70.615153827675854359
63.175334885679248487 70.801505512692742172
61.582783844248481842 70.987857197709615775
59.990232802817665458 71.174208882726503589
58.442900436265233566 71.22748028259620412
57.190088110081703121 70.426106881987152519
56.212671757314964793 69.107276793979664831
55.385706973764825989 67.688488389411404
55.407990044380113659 66.353076395465635073
55.54670666465466411 65.003272101408711592
55.806598828148153757 63.523860563458072193
56.178369113886418518 62.062764990629943895
56.63168941209101348 60.706701407009887816
57.16947619501281963 59.411095026082954007
57.727558489766437333 58.284549279008231792
58.10125557768655824 57.617268765584164214
58.964437967110789884 57.693714033232708971
60.487086819330663445 58.190687947006836112
62.009735671550544112 58.687661860780963252
63.482295320058653942 58.95874747114174852
64.804864451407269144 58.330113053683575686
66.233648913125151125 57.617402063905153398
67.269129647157029694 56.442454942992164035
67.744571684946379264 54.914354416276722759
67.715542782506787489 53.321576076544992873
67.529391589539415008 51.719961384369298685
67.436782268368560267 50.257514798508900356
68.22462413311981777 50.097507736579274251
69.53755686702881178 50.62146596811541599
70.34271187896496258 49.800798427802320134
70.908948080918705159 48.403451679061646473
71.799834213811465133 48.384397282990668998
72.962247362174537102 49.410292233931471628
74.259335849641132654 49.531485244001196122
75.672147897493658775 49.25675316422888983
77.054108606449091212 49.629739296606942389
78.263041966031607899 48.922309881260368059
79.39073904121082137 48.131740609258642394
80.660443085853501088 48.436435385568728407
82.152772309425330377 48.933717048297445729
83.642371211208327964 49.516622127782376594
85.060562373638788358 50.230998922722122302
86.349415867022358384 51.010596748542681667
87.536719461261228048 51.854810141900415488
88.703668350498645623 52.82272049998670127
89.776727432936127116 53.858323590507808376
90.529592759322767392 54.686356362537537734
90.232954015053479679 56.063090199592643614
89.494760129556169659 57.436981137135944664
88.353228119406949759 58.542114405779678066
87.159318272164171049 59.612346571505334225
85.965408424921349706 60.682578737230976174
84.771498577678585207 61.752810902956632333
83.574224771944358281 62.820711160803860196
