-78.488819525330342231 -87.8530120849609375
-78.318210782504067424 -85.748389046431654492
-80.609977824023133053 -84.083868085131797443
-78.883199930464940053 -81.530327453590174969
-80.26726342596364816 -79.805429281048205326
-80.880156041740335127 -77.771156225685658114
-82.831915199539949413 -76.583966074186577089
-83.257646058616074924 -74.27060636551539119
-84.253578533893389135 -72.205755663545147627
-86.58073410579534368 -71.664411625691144536
-87.755153782310316046 -69.515303474031142628
-90.430130463908156457 -70.081671691961417991
-92.486390003198465593 -69.829965562179793892
-94.046840552514680667 -67.643817296998420829
-96.317228328014181216 -68.584428469518314841
-98.342437744140625 -66.367055450251896787
-100.34634373284573883 -68.787117075098976215
-101.96859988522916751 -70.79326142098972241
-104.24815553757305508 -69.677096988284418444
-106.25761677861191856 -70.075221623694915252
-108.85204965391807264 -69.649835376915120833
-109.72845311756047693 -72.181512466712945297
-111.40214415663197656 -73.348753402505565191
-113.45769190280289251 -74.243177834979491081
-114.42464254210521801 -76.168614908668075714
-117.48927241200345861 -76.798583715083140078
-116.27442164143309355 -79.869185071600924175
-117.09024758684745393 -81.761484230717940136
-115.65423705075471617 -84.173282099571622439
-117.17933383511756062 -85.873182833279770421
-118.2809103590654729 -87.8530120849609375
-119.67993299557733167 -90.095671980830047687
-119.23011901558862746 -92.292826038491341478
-118.24361004619353821 -94.31929780469405955
-116.39110761982516351 -95.888806073298297861
-116.97550478068093582 -98.610816622349645399
-114.68255985906601779 -99.724804728292014033
-113.95506237128313387 -101.91068867375852847
-112.01914195990262613 -103.0425233519437711
-110.35614981917758826 -104.38846955607263567
-108.66530906964963776 -105.73275257934236038
-106.42504244144728887 -106.00685447630382896
-104.00178244864046917 -105.27067640765815781
-102.87001233548892287 -109.15357467308247408
-100.36884078978586388 -107.13295972374277198
-98.342437744140625 -108.322873491323179
-96.944399151942121762 -101.15447309839770185
-95.302701363336794316 -102.1538849629623229
-93.940314468268780956 -101.40138257031686919
-92.205650168768343633 -101.63647075443893186
-90.151331582981896418 -102.04044288951889996
-87.523743228943800432 -102.74368169438798759
-85.271319193658797531 -102.3699773204199488
-82.678251150969117589 -101.95711529708604814
-83.820626948967060343 -98.403724335055684946
-80.006985017970947638 -98.43899361075371246
-81.400495377121728779 -95.39606187257743386
-79.19158484295752487 -94.075504145031985104
-79.870631542151102167 -91.779315912404271671
-80.157236809520540533 -89.764353411441618391
