-22.554510519593044648 -4.2148852348327636719
-24.680410571332899394 -2.3516268614233215573
-26.830490072768583332 -0.90375549434842117336
-24.561895651091919746 1.5837092354727948518
-25.195730206490992487 3.4485699154801841004
-24.945843209596194612 5.86697060416094196
-26.897608007283309917 7.054165415114937332
-27.323335158970820657 9.3675257447489155282
-28.31927154812364833 11.432375579520021702
-30.646421284490219961 11.973719515338967057
-31.820846793055977741 14.122827730640196364
-34.495819603957613708 13.556458519684255748
-37.301430371597348312 11.501920657848240026
-38.717910735803982902 13.14624467162757071
-40.716684369682106137 11.878149352145022988
-42.408130645751953125 13.985964264103568411
-44.078269860121409351 11.675460727601658206
-45.428915916542322861 9.9968004601948123877
-47.564500938704078692 11.654789242691055762
-49.630530025818885065 12.006885970734316516
-52.568083385376745298 13.382673591012910208
-53.794142347168957485 11.456618571276072416
-55.46782581814609614 10.289377555479404691
-57.523384760128088544 9.3949543095421486072
-58.49033165076609464 7.4695166798997565394
-61.55496139835939573 6.8395433092168325118
-60.340106971573703731 3.768946655218369024
-61.155932886146217697 1.876646469967043096
-59.719930130473315444 -0.53514847660497233406
-61.245022971499949449 -2.2350478707434140446
-62.346599445979535403 -4.2148852348327636719
-63.745622072246561629 -6.4575461818492811972
-63.295811923766656548 -8.6546986806321477559
-62.309295343056810168 -10.68116658717746148
-60.456792862136182976 -12.25066927675924866
-61.041193810972011136 -14.97268939345820371
-58.748248944161154839 -16.08667549648158257
-58.020755308776628567 -18.272560353267707001
-56.084823315010645217 -19.404393256167246307
-54.421838886130522894 -20.75033938258696864
-52.730998110855196614 -22.094622417743885023
-50.490739124869129739 -22.368722395609044185
-48.067468219899339488 -21.632546057521292227
-46.935701089608720338 -25.515448370529028921
-44.434533674661309988 -23.494827630164870413
-42.408130645751953125 -24.684745210683527006
-40.378435555480415076 -23.526114273079645756
-38.110909475521779655 -24.431720733794069389
-36.259833571476633551 -23.137397909713939725
-34.212638667950344029 -22.622262902804280316
-32.096105893750248583 -22.075835467777260135
-29.748838441880543826 -21.638906829889439365
-28.242185765521831797 -19.9477584708224569
-26.743940107452100818 -18.31898687158804151
-27.88631996679085745 -14.765595260694491131
-24.072672101611907181 -14.800866117642334174
-25.466182896177468109 -11.757925771376140034
-23.257281553148931863 -10.43737298454264284
-23.936318740921439741 -8.1411886757909517343
-24.222923985946504644 -6.1262274851177505042
