0.74399013741969410862 -8.8490279691804829554
0.40104134274890995693 -7.3632838597579066686
-0.76869389955496592037 -6.2777618099599390433
-0.82474297316577693806 -5.0212614812103071316
-0.10636076826289908581 -3.5973340762796617298
-0.59703530767303192306 -2.2266647268660548775
-1.3504633543054345157 -0.72663986909553568427
-2.2174373202573516295 0.65505225327810712166
-3.4479114422318173361 1.7606355420064778716
-3.996893394837467639 3.3247044869521888977
-5.0409745204076976677 4.5079119373401752568
-6.1796378363514286036 5.5594643815752249338
-7.4050410796935146607 6.526034221930480328
-8.6174572590355769108 7.3418424892552174299
-9.1978773338207400201 7.6888506219470826863
-10.063288793680225552 6.4189182434580986936
-10.996098011457888788 4.9893271844679452087
-11.928907229235552023 3.5597361254777903916
-12.861716447013220588 2.1301450664876364627
-13.794525664790880271 0.7005540074974827558
-14.727334882568547059 -0.7290370514926715062
-15.670888946839985678 -2.1497230509661209297
-16.780554503565525692 -3.06059449577744358
-17.558580617902485699 -2.4489073997932360172
-18.383006347107595957 -2.5831218870202450333
-19.0092205075407783 -1.7095470859132335661
-19.500051281987765606 -2.1903692794561142598
-19.922782325135070636 -3.800895088590422688
-20.478446405090544147 -4.3587590627285557332
-21.582097324327090604 -3.2879403634494961395
-22.987702443108322115 -2.3107737604879785565
-23.894656061166891448 -2.3102980083663808841
-24.737192493982025354 -2.2688849359156235685
-25.960739664123661186 -1.1296290458699391746
-27.199764428646883374 0.053575716148401578143
-28.438789193170094904 1.2367804781667424141
-29.677813957693317093 2.4199852401850834305
-30.916838722216539281 3.6031900022034237807
-32.207781454442098834 4.5078536396917572304
-33.658501758162906015 4.1378067242948866067
-34.733247583360991939 2.9118206177117649247
-35.634440243577721219 1.7047492130767238905
-36.265405437258579013 0.73030168285779417658
-36.773600206027666104 -0.1572252938275973122
-37.278471166853393015 -1.1601029307016759162
-37.528983024517259537 -2.7023221647475317297
-37.459535374628167403 -4.2414885654968266238
-36.843816571438814833 -5.6947504991602970748
-37.445266815761002022 -7.0565106826080414848
-38.449670448523995958 -8.4828598411473397078
-39.166212120642413197 -9.9853019721589770796
-39.093703196058612548 -11.382707037975748676
-38.907813979525883497 -12.870267189137631902
-38.585209250407260129 -14.445437999733231393
-38.148132027796975763 -15.956558006111862369
-37.623082441845284052 -17.358570271094293958
-37.022425527154723568 -18.662537440648257814
-36.401052574852258203 -19.800024267019416868
-35.649715729098289785 -20.979098568835510719
-34.727404036123367348 -22.215593864890394116
-33.711209109590932087 -23.378732785696680452
-32.547491658518389102 -24.514920214562671674
-31.349167564450134194 -25.511583536117168336
-30.321992348083934843 -25.197146742984813272
-29.194527146535108386 -23.926918153863120153
-28.067861653590476578 -22.648062973530816322
-26.941196160645858981 -21.369207793198505385
-25.814530667701244937 -20.090352612866194448
-24.680613550560167369 -18.81933573623219047
-23.359013819760122033 -17.749218702247983259
-21.997681492813239146 -16.733628125155274091
-21.263498385267411095 -16.659453720322677128
-21.19203112921197274 -18.175346978216850857
-20.829838704599854537 -18.474958038895348267
-20.008479584505082016 -17.433104077235739737
-19.030292030826824856 -17.480938330770957378
-17.944891940228348659 -17.515718440046033066
-16.725550444235182113 -17.688429589403568798
-15.38116333680201997 -18.119517357542132885
-14.363565724414295133 -19.461684052963331482
-13.398502296184474858 -20.872076175580570379
-12.43343886795465103 -22.282468298197805723
-11.468375439724825426 -23.692860420815041067
-10.503312011495005152 -25.103252543432279964
-9.5333413708671557174 -26.502596254752010196
-8.6793069968192160246 -26.676633702994546837
-7.4713974426705931364 -25.870625002419455285
-6.2228429855053786213 -24.892796893890661636
-5.0351363799196615645 -23.798618474436867842
-4.1373816412685862076 -22.841026460428508926
-4.2109283843097902178 -21.546505647036966025
-4.1186391885698343529 -20.369876604755070559
-2.6400603340930199892 -20.217541820706596667
-1.8610059787554433797 -19.669821449528512858
-1.5096787510323694814 -18.758595718953998244
-1.8353552922298836947 -17.309473407360766117
-0.78526777571965555858 -16.26931802700763896
-0.32723656833630720975 -14.95475554958410136
-0.71389174339432470706 -13.270742832822881141
-0.740646550958098282 -11.632493161107550605
