-20.938882140786287067 -4.187602846871743445
-21.181991932171833071 -2.9730656998540578861
-22.425454838383231504 -2.5500195734680630721
-23.927171396106245993 -2.3313067401836464754
-25.426487841359247 -2.1117844518698487555
-26.351577378164453336 -1.6986000477770655248
-25.696192853473849738 -0.7523895068380441753
-24.890898033683061641 0.39442062363859220486
-25.001378883573931233 1.7919396139840377824
-25.019349232777212677 3.3137643130350951104
-25.129513903812149778 4.8080112589276691182
-25.580530158828754139 6.2600571386866228352
-25.741734530792999891 7.7722358112755784987
-26.39533976719440389 8.9368451588543891262
-27.387138116189269965 9.9042529530845690999
-28.419320269225227804 10.781501176819135779
-29.534399685143910119 11.604651748766645625
-30.615573351711162786 12.296362682650130438
-31.625218393314462162 12.858688253754490205
-32.913745216111529146 12.810554569409791981
-34.306615882229081649 12.190803731407180877
-35.603170073116537253 11.9692588180379893
-36.743222687102779389 12.685876218506260571
-37.964801236653833882 12.553995721158232257
-39.174876487866100661 12.291499700897441372
-40.19458420742308391 13.173738493960852836
-41.155623763810709193 13.41222569034804657
-42.09239739479866671 12.338221549597506055
-43.04301125859669952 11.145423083139409215
-44.06093815010317627 10.390602045665241704
-45.241642672291803251 10.915255898500626941
-46.562104040875190947 11.633820626366967232
-48.04902993822569357 11.995092895832863533
-49.489623933314668136 12.499209976658496757
-50.606031394842723614 12.569947096463632619
-51.50686161980708988 12.034985593304622142
-52.319400702098548095 10.974008177706439326
-53.413675227923853583 9.9807061048401912728
-54.749674982187165995 9.2538462394905831587
-55.849482534591189165 8.3389657398553005407
-56.766994736337252903 7.2191184374395458434
-57.480420817386594479 6.2187083303035652904
-58.008650659242249503 5.3837191932880301692
-58.452412037451104254 4.6030804271987975085
-58.892493632097114187 3.737077198210732476
-59.10706984799110586 2.4329728723492745068
-59.312164683700309809 1.0479772536595457488
-58.738611066517186998 -0.25962813868916817528
-58.590982931911895548 -1.505955221805641342
-59.44604335074939172 -2.6966175121666369208
-60.284988402657624817 -3.9881775036338535934
-60.843381568291462713 -5.3109125818826870002
-60.779618034708434493 -6.5386436264204377267
-60.629916507213337695 -7.8324357007443055068
-60.372060306148895847 -9.2244631291406413709
-60.01718920158850068 -10.59203195914658302
-59.592464084631721732 -11.862155463945057932
-59.092486909239212878 -13.08144165756437971
-58.559034552926803485 -14.178483174659477939
-58.001324332026811703 -15.171838739093871595
-57.328990290530981611 -16.218088864242481861
-56.520488686355079722 -17.312458420895914912
-55.639921009413555453 -18.348805434605552023
-54.656217463691440628 -19.356155210293444213
-53.549958616340717299 -20.336457698628276347
-52.357023750276219687 -21.24456494209195867
-51.114214533648542726 -22.051914344238142007
-49.864721986310144075 -22.740006282218612199
-48.450725219977407221 -22.852493408966267907
-47.060723960690104661 -22.579804374755447327
-46.237737953310414696 -23.301191563591295619
-45.690129069689248809 -24.292902263303474797
-44.965453982533723831 -24.459489743178149723
-44.100769549367392131 -24.621635291452427907
-43.011044001480279064 -24.519906641168162764
-41.728522446704737092 -24.824417060668963586
-40.409114156912458782 -24.883131789508663445
-39.072954458361095931 -24.490966049963144968
-37.687051313100013772 -24.636598386405495376
-36.402798884735815932 -24.387726224326375046
-35.038487233915084573 -24.025636582158441001
-33.62708804408398322 -23.53896424523948383
-32.249188820801592215 -22.945157843568690481
-30.937100043905470415 -22.259672990194633968
-29.745837449488774951 -21.523605637207602115
-28.635801452047267901 -20.726686995730446483
-27.540852340825612288 -19.818573971571701975
-26.521396184437083576 -18.843323190464239758
-25.773132114215272281 -18.03148841936694069
-25.862457103818879744 -16.879557644325242194
-25.950762631537223513 -15.715941790043105541
-24.82019763899921827 -15.452916991588816487
-23.722176202812995882 -15.218053068906284508
-23.327683389868862918 -14.533855763033304953
-23.425364792761797617 -13.450135264101836796
-23.385700252119089981 -12.270002690752239261
-22.31813477409077251 -11.391075595169571244
-21.997246291601292967 -10.198057083089194563
-22.354125675104050686 -8.7113193962168544715
-22.501791171218126664 -7.23330746299833649
