4.8141027323863907483 0.39487893668282542103
3.8428936454652338206 0.68088174653187116814
4.0724446433227523556 1.0967376139559201764
4.9622389842406580129 1.7371013055200161812
4.913826578966287606 2.6213041719156122689
4.7132138772356375611 3.5554525130836664992
5.1749757102841913436 4.7623106099195000596
5.4507194874122673056 6.0550853143936791412
5.2181274183633563624 7.2789910142371292423
5.3583771227189043174 8.6307252178453648384
5.2681629917324714896 9.9411570190667770675
4.8287705634047810577 11.211784212166170605
4.7252270047668769593 12.613076278582436629
4.6804947714229943045 14.034647621614409374
4.6062583861343826541 15.445219821897728352
4.5148112455446787195 16.849375855577662264
4.4228723690892284282 18.253348570211787916
4.2579172499632553794 19.54101272810411416
3.4401728263729900448 19.701457441934785209
2.2233662069226793889 19.565175780970758268
1.1680913687286627045 19.965499261918068896
0.22775101915589662793 19.99837934102999526
-0.65755893913149554564 19.988898226384279155
-1.5846692083103022242 19.571665420554886339
-2.4914774360719045276 18.462757121150097817
-3.4358057113990141396 17.511203833898807858
-4.5878498046510980402 17.54441822320100286
-5.8846228818619152889 17.988501102160050493
-7.2626003549371036527 17.928395943747013064
-8.6640466503946580445 17.916548324416357474
-9.7028690199999747534 17.488810048216276272
-10.623384332675179564 16.945489959726835139
-11.38800979543944436 15.981347013393266465
-12.355998510198038076 15.008549663010326114
-13.582432234275769289 14.294986506026678086
-14.715622661777791436 13.544921941908533825
-15.596380150800829512 12.52075909096496531
-16.357110297219414008 11.509268026615554703
-16.911980002965570691 10.677295125285620969
-17.359489308418066145 9.9332269516538538312
-17.76365518072424976 9.1910021415647058518
-18.167804823310195417 8.3070425346455571969
-18.35189733279382196 6.9916384428575168997
-18.418802643832425048 5.7127239648963685781
-17.792880477488584035 4.5041905645254809443
-16.89855535266514508 3.4634484304243859931
-15.755748651638452174 2.6554516823412321891
-14.641892432639250998 1.8666288038444436292
-14.415497183716562191 0.88685647604557937829
-15.192456386208368357 -0.26484916876111558315
-16.057015948305586761 -1.4009616390363872629
-16.354191090939213638 -2.7055620835876963426
-16.137849326283323137 -4.1121795617884346896
-15.601862079556434892 -5.430418100054615671
-15.089682187567666105 -6.637057299606802907
-15.473637300811756035 -7.8656517307003586126
-15.996029197310203784 -9.1010327160819493031
-15.685135526943083661 -10.304845841656106842
-15.305630380498120857 -11.586485628159792327
-15.307140422312286887 -12.873363099729370873
-14.613874145945384697 -13.655259687279636793
-13.703553540631979502 -14.568569179630570076
-12.66437373569485203 -15.480412659275641474
-11.550885285118511092 -16.328055041510712186
-10.391215070194975922 -17.089460181202838385
-9.2267748981441801703 -17.745202689803353024
-7.9483083552739968169 -18.021758819975477905
-6.5954146207153145909 -17.724358611027263066
-5.6065968869927633733 -17.990834391082273669
-5.1366805932970249771 -19.213818316827524058
-4.4857469682385069376 -19.490955836601170148
-3.768956474449142835 -19.64212889727934197
-2.8924364537312898804 -19.790169164772724031
-1.7899174495182881284 -19.606101123224135563
-0.57113643805348957017 -19.992180661219268956
0.65926199371664506721 -19.989420547113404325
1.9096629208876545469 -19.572598964516604525
3.2033226922831370409 -19.741989589899883839
4.4000537489302793404 -19.510124046372830264
5.6678244236187138583 -19.180171815668590085
6.9804838518271887793 -18.725097087888922687
8.2800462755685799721 -18.205476173656233385
9.4620038190117128352 -17.620068025324368222
9.9128410006235316843 -17.059902562045031971
9.3756562113103054656 -15.795025823880605387
8.7935128808244993337 -14.509366227730522425
8.2113695503386932018 -13.223706631580437687
7.629226219852887958 -11.938047035430352949
7.0470828893670809379 -10.652387439280269987
6.4654584727326147586 -9.3666025828158403499
5.9881357402174382187 -8.0556404031682991018
5.8150145178466470242 -6.6598745732296382727
5.5948361531989387885 -5.2715818036788855139
4.8370521927987670807 -4.1289525187423823382
3.9577091314067240901 -3.1065560493215893523
4.0005702711567794339 -2.7272114311545463394
5.1476811088922556081 -3.1244951438031072222
5.4245974545895583319 -3.0415462895956912881
4.4778216074350254416 -2.2511746553754101718
4.2985328542848826316 -1.7030419053976737498
