-27.596899435608669648 -1.790313720703125
-27.42628497641621621 0.31431789532942211451
-29.718053782139165264 1.9788372617978344792
-27.991279870760287452 4.532374817747878204
-29.375339504046280581 6.2572742891162143053
-29.988230222166379235 8.2915421250511034401
-31.93999686873968713 9.4787368541501990649
-32.365720263829217629 11.792097739647319443
-33.361660562804715369 13.856946705651267848
-37.06199249782023486 12.508264460510078564
-38.612717003721080289 13.517205493044569309
-41.310475032867259415 12.000435931274656909
-43.131607609725250541 11.501920635428454887
-44.27565379488480346 13.146244668773160669
-46.013902672677595262 11.878149350068332168
-47.4505157470703125 13.985964264103570187
-48.865825394778468649 11.675460744410226965
-49.955946170023857178 9.9968006071442463423
-51.819093892644509936 11.654789223705147805
-53.59342451297086285 12.006885949606113329
-57.960127530580287214 16.412868782289152136
-58.836527441356544443 13.881189613749365108
-60.510214677606292355 12.71394864369462141
-62.565773701118004624 11.819526272772192144
-63.532720558787964649 9.8940882050318457175
-66.597350414933146112 9.2641146491746795277
-65.382499680516559692 6.1935184566628844749
-66.198325605886907397 4.3012178986563460725
-64.762322823671567562 1.8894232326436410929
-66.287411884979690058 0.1895236079089634984
-67.388988361995160403 -1.790313720703125
-68.788010993097600476 -4.0329743832951239213
-68.338204670245545458 -6.2301275691664592671
-67.35168810099300174 -8.2565954661002791681
-65.499185575341257959 -9.8260973251156418229
-66.083582783610623324 -12.548118258091831123
-63.790637875430412862 -13.662103484519954932
-63.063144322908868844 -15.847988253331397601
-61.127212282531914411 -16.97982121882455786
-59.464223992425409904 -18.325767388004514657
-57.773387125911611406 -19.670050369595870166
-55.533124229593290977 -19.944152310474521528
-53.109860404315661242 -19.207976151405635079
-51.97809030396522445 -23.090878223496584809
-49.476918780544004051 -21.070257546066972765
-47.4505157470703125 -22.260173219716730131
-45.42082806212309265 -21.101544165910762985
-43.153298523254576935 -22.007150678173243108
-41.302218670615289398 -20.712827825387545744
-39.255023773238924889 -20.197692820953768944
-37.138490988626031708 -19.651263473090835987
-34.791225529073557254 -19.214334895975131445
-33.284574790972115466 -17.52318657839106919
-31.786325195987153336 -15.894414866423945298
-32.928708770955701368 -12.341023115778273933
-29.115059150319812176 -12.376295149702746912
-30.508571779177714234 -9.3333537062555755881
-28.29966474683225286 -8.0128019463686932511
-28.978707642330856942 -5.7166175697816612455
-29.265310994951700962 -3.7016557357873316469
