-28.367689535706325898 -1.3750054836273193359
-28.19707507651387246 0.72962613240522777858
-30.488843882236821514 2.3941454988736401432
-28.762069972471817181 4.9476832982092604496
-30.146129606991035388 6.6725818173309718873
-30.759022236051055899 8.706851088534262928
-32.710786973530744604 9.894044859267337344
-33.136514209433876488 12.207406726196539992
-35.021950301188134347 13.284364437348918031
-38.134521336813605785 12.508264460424374676
-39.623283623441075463 13.517205440098216229
-42.266178576115976284 12.000435845744959806
-44.037342423330969154 11.501920569709117359
-45.134719780404765288 13.14624466367148159
-46.828347957746537134 11.878149327940091595
-48.22130584716796875 13.985964264103570187
-49.592963969009062453 11.675460738635436542
-50.638453936123362098 9.9968003510519132249
-52.454942852765732653 11.654789236345242998
-54.179308573830311957 12.006885964467329586
-58.730917656983663733 16.828175812084449348
-59.607317537888803827 14.296497614996999559
-61.281004774843253813 13.129256644927631115
-63.336563795176644476 12.234835231810743394
-64.303510658197964744 10.309396204635547178
-67.368140482373590316 9.6794236580701724648
-66.153289775684157803 6.6088259895560534929
-66.969115706991431125 4.7165263710519331752
-65.533112923769223812 2.304731469719446757
-67.058201985077346308 0.60483184498476916247
-68.159778462092816653 -1.3750054836273193359
-69.558801091392126636 -3.6176664017936155382
-69.108994773626548636 -5.8148190782251463204
-68.122478204332509222 -7.8412869806284763996
-66.2699756765164949 -9.4107893240381290667
-66.854372907178600371 -12.132809265108480901
-64.561427969930278437 -13.246796447241749206
-63.833934440947601274 -15.432679281074264566
-61.898002380024301772 -16.564513222513127744
-60.235014090034795231 -17.910459391155114872
-58.544177222675997996 -19.254742372863109523
-56.303914325717514089 -19.528842406237746587
-53.88065046306562067 -18.792666258834465509
-52.748880399756210124 -22.675570225754771769
-50.247708881402381564 -20.654949547329792381
-48.22130584716796875 -21.844865221059503568
-46.191618161499015116 -20.68623616717767888
-43.924088624972881689 -21.591842679860498322
-42.073008773255928361 -20.2975179202079552
-40.025813868704659626 -19.782382912885644544
-37.909281091944976083 -19.235955476293423061
-35.562015637885622255 -18.7990269036492883
-34.055364898009273134 -17.107878585982202679
-32.557119183688264741 -15.479105995062916179
-33.699498812947105364 -11.925715990818968493
-29.885851167559160046 -11.96098621433328546
-31.279361872831657365 -8.9180456931255314146
-29.070454846452051356 -7.5974934694036164728
-29.749497745132913451 -5.3013091070104820801
-30.036101092924507583 -3.2863477169134989175
