-68.675852258261642191 -70.071129700209738189
-68.791442888983880266 -68.771965147186250533
-69.66350066804309904 -67.815757509882232057
-70.452697771490321088 -66.91745555611443308
-70.070333306424330999 -65.803781467424542484
-69.528671693315374114 -64.64187114909474019
-69.922375574276372845 -63.523754822071182957
-70.56276193168181976 -62.310511813298042227
-71.098973107786520131 -61.038315444341172622
-72.053737312441924701 -60.076081587116789251
-72.997608056595666426 -59.122169167585916227
-73.393434126944868012 -57.797946559654469922
-74.222230931432548573 -56.801249652149785163
-75.154905369129281212 -55.899634058312905438
-76.117427608972661801 -55.081570111554079006
-77.156438825818042915 -54.307238341286208083
-78.177181298128886056 -53.641984636516085061
-79.12258105061630431 -53.100819275750097859
-80.227823927156535433 -52.820586838794028495
-81.641511937127958731 -52.81503247197480988
-82.877390055883964237 -52.307231334910831322
-83.796137613726642712 -51.303449767962575834
-84.879938708035439277 -51.068018486682419166
-86.101908431092326168 -51.155848505748771515
-87.195315197414259956 -50.770538199979625915
-88.160661608897470387 -50.726849482325441443
-89.046031084606099171 -50.727797354791796636
-89.971802685113274833 -50.915336487845934244
-90.87812404397966759 -52.019959410630995933
-91.802626337913849852 -53.063588107324527243
-92.903829807879887426 -53.271464628536186581
-94.18123408050799128 -52.791088854593489543
-95.54370634208353863 -52.756365359872127385
-96.945421795617434668 -52.831998103500851016
-98.081637593383703688 -53.122533135856755848
-99.006290568015984377 -53.653935055944415922
-99.823895584879636544 -54.483093954725902108
-100.69578250523319696 -55.533333753268493638
-101.89189836403372169 -56.289500616479237749
-103.10323569205590388 -56.969886427461588596
-103.99240437085413191 -57.974173856813166594
-104.79465898137137003 -59.011403040350003835
-105.38560884830792475 -59.8763666059525832
-105.85111492859348914 -60.634023396121918381
-106.2583437034365943 -61.365877419083780353
-106.67301824035047275 -62.1952275125731191
-106.85140656185330954 -63.448579973254176423
-107.05897429971025758 -64.74222945234075155
-106.53935358875723693 -65.965646052522060927
-106.2516417972134235 -67.139907949882541516
-106.95630021953245148 -68.248220553364632224
-107.78570287338723688 -69.423241681179575835
-108.50491542976003245 -70.667877125254747739
-108.55022924052281041 -71.848206369728970344
-108.45217654317249867 -72.996986286570603397
-108.26481158345376343 -74.269883647231836221
-107.98656804825961331 -75.566005667860281392
-107.62961347183984628 -76.820454727904120773
-107.21722343909651443 -77.983692978577991539
-106.73750729595371922 -79.111414741956963326
-106.23975625541272905 -80.113978240688027199
-105.71558695789937588 -81.03929785790286644
-105.08809684759773972 -82.016072991858607111
-104.33968757300404206 -83.038798831326417371
-103.52594542144404954 -84.01439062710224448
-102.63210187865760759 -84.955926878278091863
-101.62671644914291846 -85.882682538812645134
-100.53683449122068794 -86.756141883369139123
-99.388116509910148011 -87.551747886340876903
-98.225969775604795586 -88.243618798644135381
-97.027661081902678575 -88.775294711344528764
-95.64768225961675796 -88.562016991101813801
-94.464953322003367475 -88.477756938745599768
-93.860344115640060636 -89.452457142145519242
-93.304199571675624725 -90.156924238022256191
-92.622996886731115751 -90.309904465250198768
-91.802897823039188552 -90.461343913097636005
-90.786745084967805042 -90.356718830464402004
-89.594386579840559648 -90.598272908088503641
-88.362945000834201892 -90.721213106508173496
-87.121995368437069374 -90.415733141693422681
-85.84083820728922376 -90.356389825112643166
-84.610645661154805452 -90.324167736837324583
-83.377208024145772924 -90.03330976357075599
-82.07417919745599022 -89.606011152037908118
-80.759082914469402681 -89.129011788725321708
-79.491080412460405569 -88.536908382463124667
-78.300166668945664128 -87.877153243945116401
-77.217963849160824452 -87.18023860389396873
-76.186039379773276892 -86.417687045443912552
-75.168111762923544461 -85.557142310759317638
-74.223228172591845464 -84.644603149265250863
-73.525254113232051623 -83.886614296501861077
-73.550695238458118297 -82.857737000204366495
-73.758468583885374414 -81.679073586319276501
-72.896138563438213964 -81.291083403818134911
-71.576754838108598733 -81.249695135203495511
-71.209549444868599721 -80.632006294729976048
-70.90101475773244033 -79.879131086806268058
-71.313507200293244637 -78.642084665297133483
