-77.167238671835875152 -81.431099792983175689
-77.282829302558084805 -80.131935239959688033
-78.154887081617332001 -79.175727602655683768
-78.944084185064539838 -78.277425648887842158
-78.561719719998549749 -77.163751560197994195
-78.020058191668354652 -76.001840976215461865
-78.413762636775118153 -74.883723232774400458
-79.054148334536208154 -73.670479237088770219
-79.590359513169573802 -72.398284429812719054
-80.545123665025954551 -71.436049887686252191
-81.488993008639653226 -70.482136527371935131
-81.884815655319798111 -69.157915425243118079
-82.713617195027737239 -68.161219899626914298
-83.646295839200831779 -67.259600476558276227
-84.608816847246146153 -66.441537953266376348
-85.647825574729324671 -65.667208200654016537
-86.668567552471955651 -65.001954826287203559
-87.61396563717946151 -64.460790349272272692
-88.71920482565543864 -64.180556874228372521
-90.132894524228760247 -64.175002524965208295
-91.368775959358615069 -63.667201422380863107
-92.28752402730081883 -62.663419860736027545
-93.371325121609672237 -62.427988579455856666
-94.593294844666544918 -62.515818598522223226
-95.686701610988492916 -62.130508292753063415
-96.652048022471646505 -62.086819575098886048
-97.537417498180289499 -62.08776744756522703
-98.463189098687493583 -62.275306580619371744
-99.36951045755388634 -63.379929503404461855
-100.2940127514880686 -64.423558200097971849
-101.39521622145412039 -64.631434721309645397
-102.67262049408221003 -64.151058947366934149
-104.03509275565777159 -64.116335452645586201
-105.43680820919166763 -64.191968196274288516
-106.57302400695792244 -64.482503228630179137
-107.49767698159020313 -65.013905148717853422
-108.31528200034664167 -65.843063891452999314
-109.18716893865439488 -66.893302209811992043
-110.38328481070443843 -67.649467980698233305
-111.59462149724711821 -68.329855877843257872
-112.48378998647339699 -69.334142984994045378
-113.28604399605372066 -70.371371196497989331
-113.87699443767006358 -71.23633542178265543
-114.3425010689474135 -71.993993021200338944
-114.74972955904857486 -72.725846457752751917
-115.16440357420839291 -73.555195314645715143
-115.34279299095794613 -74.80854784774803079
-115.55036071605219661 -76.102199149783572807
-115.03074000233145568 -77.325616145295484216
-114.74302821078758541 -78.499878042655950594
-115.44768663310671286 -79.608190646138083935
-116.27708928696145563 -80.783211773953013335
-116.9963018433342512 -82.027847218028185239
-117.04161565409702916 -83.208176462502422055
-116.94356295674671742 -84.356956379344026686
-116.75619799702798218 -85.629853740005302143
-116.47795446157155652 -86.925975761684512122
-116.12099966182495336 -88.180425519074162821
-115.70860846064948646 -89.343666643820810691
-115.22889153354364566 -90.471389544016858508
-114.73114159120325439 -91.473950359886430306
-114.20697324600627098 -92.399268159044694926
-113.57948316372169018 -93.376043227059653873
-112.83107267707384835 -94.398770599496927503
-112.01732897501933905 -95.374363935336120335
-111.12348658841527538 -96.315898652919742062
-110.11810267202754687 -97.242652795666487009
-109.02822090479489248 -98.116111976142576623
-107.87950292348436676 -98.911717979114328614
-106.71735618917901434 -99.603588891417572881
-105.51904749547691154 -100.13526480411795205
-104.13906867319097671 -99.921987083875251301
-102.95633973557758623 -99.837727031519008847
-102.3517305292142936 -100.81242723491898516
-101.79558598524984347 -101.51689433079569369
-101.11438330030532029 -101.66987455802363627
-100.2942842366134073 -101.8213140058710735
-99.278131498542038003 -101.71668892323785371
-98.086453247970439406 -101.9571240065698845
-96.891535539015876566 -102.08155598978265743
-95.762660852462090588 -101.51166950187122495
-94.580205918825939193 -101.28683959767045053
-93.328228346019315609 -101.72860939038832839
-92.136294139032202111 -101.4634480992901473
-90.845801591270557651 -101.06333104913444743
-89.527383421757875226 -100.60422738380057694
-88.249825213792718159 -100.0308036346814049
-87.037479552416840534 -99.382144739703363712
-85.933721100030396656 -98.692896950438125714
-84.898449089550695135 -97.949718762405979078
-83.87365865852497393 -97.107986321394335505
-82.904049558640593887 -96.197324709551594424
-82.139856011454824625 -95.386196346624956277
-81.949451933739851484 -94.505823876736585021
-82.273168186871444618 -93.241492358468491375
-81.657027313921716427 -92.67159870018953427
-80.293441009993941293 -92.653974521114520257
-79.779153575249154073 -92.127858612414939898
-79.399675252778393997 -91.444116301520381285
-79.775903228896254404 -90.249224136870637381
