-16.310776159851833711 -6.4055700302124023438
-16.140161700560877733 -4.3009383555123879006
-19.620620694562234121 -2.8890826476897344399
-23.706182756267232037 -2.3576512510853184779
-25.195730201966050288 -1.5220049504874495483
-24.85822152845058497 0.12205299379410661231
-25.669820911534159791 1.2191839855692530037
-24.778100488015329717 3.8466960774072962437
-24.293755179497242835 6.7781131640975562647
-24.993995519016319662 8.9691676282026104872
-25.577110538092163949 11.932143419098682813
-28.252083332023318007 11.365774198984887278
-30.308348395715825063 11.617480258738329013
-31.86879720625677237 13.80362762285853151
-34.139184950137696717 12.863017398624410959
-36.164394378662109375 13.985964264103568411
-38.064788489118839721 11.675460751866616249
-39.650824399431307654 9.9968004785696713554
-42.032560514810704433 11.654789230892667717
-44.079577180163227013 11.372224266973798734
-46.674006183216661725 11.797611506955469451
-47.550406087209893258 9.265934247552777947
-49.224089556777649079 8.0986932317853561614
-51.279652332709801499 7.2042699632629147999
-52.246595385051548988 5.2788323594643280501
-55.31122513126955198 4.6488585138371938399
-54.096374508296101169 1.5782620034961727384
-54.912204237982138011 -0.3140382931930405519
-53.476197659541362839 -2.7258331661372481314
-55.001286704410105699 -4.4257326661230527165
-56.102866993586957278 -6.4055700302124023438
-57.501885805156717879 -8.648230977228919869
-57.052079475973727085 -10.845383931209264361
-56.06556671961735816 -12.871852769193553812
-54.213060399912116338 -14.441353617383615671
-54.797457559529057392 -17.163373684899475791
-52.504512679310437306 -18.277359811942176293
-51.7770229784221101 -20.463243582598906301
-49.841087042710263688 -21.595078533075632521
-48.17810261406415151 -22.941024658419426174
-46.48726574417032964 -24.28530764047732049
-44.247002863455620059 -24.559409572647204811
-41.823735441197143814 -23.823229528413847333
-40.691964779452177936 -27.706135559248561862
-38.190797409092908765 -25.68551290222175254
-36.164394378662109375 -26.875432390248956693
-34.134702991774467762 -25.716799533596930161
-31.867173224638470685 -26.622407916804306183
-30.016095408162438929 -25.32808127819660271
-27.968902407477528982 -24.812950085315797821
-25.852369633102984636 -24.26652074371368073
-24.096412753736956347 -23.015724589696112901
-24.216669379054064137 -19.674864676420522613
-23.041488412634500094 -18.221488943869040611
-22.552751346524001264 -16.295005557878191382
-17.828935822422923962 -16.991550415228488191
-19.222448526372282629 -13.948610067314554328
-17.01354147174472331 -12.62805921161220013
-17.692584371172724644 -10.33187390092614244
-17.979187718856660894 -8.316912280497389176
