-2.6839498193128283887 -8.998589382451600116
-2.9416722598434850156 -7.5707618109199730227
-4.0469930966578200326 -6.5374056979858794492
-4.3880575178912124557 -5.4079072909416794346
-3.6333886543642330835 -4.0682419339795341529
-3.8390188751631413311 -2.8067932921323093254
-4.5311998262632160461 -1.4251246214160215864
-5.1699551119248319253 0.011740254757814434783
-6.305174939331965156 1.0784495308444268513
-7.1859472860637296776 2.2992862552603590132
-7.7214915227376774709 3.3794698080112897109
-8.8602417027657036641 2.8797496809059373035
-10.168842669880127971 1.954892246900206132
-11.477443636994548726 1.0300348128944742943
-12.786044604108971257 0.10517737888874260921
-14.094683635960059576 -0.81961148125509664109
-15.440093203431430879 -1.6781579908105437315
-16.845545652972784723 -2.1718708807471385214
-17.940217211821892107 -1.9241681368353191761
-19.105919309261729211 -2.5592642014300150954
-20.319259486316159524 -3.0590372139889123737
-21.011583797579497457 -2.3932350857507809216
-21.788760589142661672 -2.6129081692825582017
-22.387094181689917605 -1.775229152298313906
-22.861729612758999508 -1.9817175374751043737
-23.281192678159978726 -3.4775538464656574611
-23.66142009016765968 -4.4369887739532183346
-24.173283988513404097 -3.4426465453159162955
-24.725057441825160964 -1.9293827244734829129
-25.276830895136917832 -0.41611890363104925283
-25.828604348448674699 1.0971449172113847403
-26.380377801760435119 2.610408738053818567
-26.932151255072188434 4.1236725588962528377
-27.483924708383945301 5.6369363797386862203
-28.037868803081778424 7.1464342379190144428
-28.873996277969951052 8.1663569500252659594
-30.358475885233922043 8.1398747545689076333
-31.817323412832614338 7.9981743155063611539
-32.888948511838648869 7.3988602679648316496
-33.843179666255927884 6.4948489456835272193
-34.872138763750420765 5.3218786313863137849
-36.269462568670348901 4.50374515436394951
-37.502314661273423724 3.584818053530431925
-38.485399560979963951 2.3965657608421526703
-39.247480480747128695 1.3286836770770484861
-39.803073013358428511 0.44427392709190627329
-40.271954248882707361 -0.3923850912688227055
-40.752817982044987843 -1.3636001432060851357
-40.969207750559519354 -2.8499762974809090821
-40.9087265760882417 -4.2987848042976821716
-40.282543826421076005 -5.6709380503405917295
-40.714891473345431905 -6.959072323060416565
-41.689719732828429244 -8.2759953159908565823
-42.519009385685201607 -9.6938767893152828492
-42.554035613260538184 -11.036727148650129493
-42.422049794132874467 -12.377504430480726683
-42.169697977147365009 -13.85406719554465127
-41.804342839244633012 -15.318635879543148093
-41.355537138784271178 -16.681617870092104283
-40.822682402332205243 -17.981235909385627991
-40.253250716875129456 -19.140669330722445807
-39.646662158820880961 -20.201618103838960394
-38.898352155023950161 -21.33416660164398948
-38.009994464353120236 -22.492317263748279998
-37.042190222397955779 -23.579821533103984876
-35.937449107232019685 -24.648348218879249316
-34.710115985720406684 -25.662326619994622945
-33.402218159785149965 -26.577916812866181573
-32.073404590234531497 -27.360549085768511191
-30.642835717793818873 -27.775531293714582404
-29.100529690991180587 -27.392512223169585894
-27.970765246803267701 -26.449550246752657756
-27.271001681971206665 -25.024835555797050546
-26.601124446159239767 -23.566637630680158821
-25.93124721034728708 -22.108439705563267097
-25.26134747562131011 -20.650244496134444461
-24.569713789963508077 -19.194672641387739986
-23.806267379615128732 -17.795385424156673793
-22.960580082447265227 -17.431774560279976072
-21.994191097079941244 -17.395238400670695711
-20.958142483922198807 -17.692535624157514462
-19.70455075452856164 -17.631942009291694973
-18.154490792860066506 -17.9457363124009035
-16.589750712859235193 -18.463275012625508964
-15.03022756935974158 -18.601172987171644024
-13.639861100214142553 -19.199303437565369279
-12.322641977269036317 -20.111979779550086533
-11.005685619770241956 -21.025817396237368229
-9.6887292622714440427 -21.939655012924649924
-8.371772904772651458 -22.853492629611935172
-7.689512220172767698 -23.083455406887789962
-7.380531100129249289 -22.458442331449795404
-7.778072289095269376 -20.994028683444227568
-7.0840588014833798525 -20.335222684259299797
-5.5902941537876316147 -20.276085215013942786
-5.169554370854218206 -19.563941291139485656
-5.0792276015391113475 -18.538077262978045923
-5.1921570324509005445 -17.232444614165082442
-4.104316412515776058 -16.28071280430540213
-3.7572385796661871282 -15.009946887873883981
