-74.608585760681904731 -70.352020263671875
-74.437977023190541104 -68.247389544989786714
-76.729743914194941112 -66.582869317465878112
-75.002966217460496523 -64.029327843962647648
-76.387029646130685023 -62.30443367916689823
-76.999922277091897627 -60.270164404396595614
-78.951681359797134974 -59.082970541558850641
-79.377412350608182123 -56.769606851926113222
-80.373344869350674458 -54.704759937423197869
-82.700500342999987424 -54.163412173661207305
-83.874920114670175053 -52.014307782037043637
-86.549896660504103352 -52.580676073230193879
-88.606156120895747108 -52.328966149724415402
-90.166606813493714867 -50.142821655564802086
-92.436994550967767736 -51.08343283483506525
-94.4622039794921875 -48.866055999568303037
-96.466109984636318586 -51.28612144084046065
-98.088366219847628713 -53.292265806103223724
-100.36792187255863951 -52.176097569973904911
-102.37738305221870405 -52.574226004740893359
-104.97181580509131038 -52.148839692328415651
-105.84821946700449757 -54.680513098922396864
-107.52190291002817446 -55.84775789927412859
-109.57745807373827063 -56.742178312754489866
-110.54440878845923635 -58.667619287825324648
-113.60903864735502111 -59.297591893794070472
-112.3941879030783042 -62.36818949467114237
-113.21001385441856257 -64.260484879195928443
-111.77400346464945358 -66.672283488868359314
-113.29910011247856971 -68.372183782290306908
-114.4006765944170354 -70.352020263671875
-115.79969923092889417 -72.594680159540985187
-115.34988525094018996 -74.791834217202278978
-114.36337628154510071 -76.81830598340499705
-112.51087378621150492 -78.387799148118574522
-113.09527101603249832 -81.109824801060582899
-110.80232613024347188 -82.223805228298289194
-110.07482879800629405 -84.409689010535274178
-108.13890047326948718 -85.541531614023284646
-106.47591605452915076 -86.887477734783573169
-104.78507530500120026 -88.231760758053297877
-102.5448086586345795 -88.50585503370749052
-100.12154868399203167 -87.769684586369095314
-98.989778570840485372 -91.652582851793411578
-96.488607025137426376 -89.631967902453709485
-94.4622039794921875 -90.821881670034116496
-92.432512578169820472 -89.663254533910830446
-90.16498280602070281 -90.568855285107062514
-88.313903103322786592 -89.27453628057315882
-86.266715833550165371 -88.759395555098748787
-84.150179272588530921 -88.212973860513841373
-81.802917907532929576 -87.776045494373818201
-80.296259196415178394 -86.084896924998730583
-78.798017181787727736 -84.456115619245622383
-79.940393556198543479 -80.902725396221086385
-76.126751253322510138 -80.93800178946464996
-77.520262024871072981 -77.895055718759408592
-75.31135107830908737 -76.574512323742922604
-75.990397777502664667 -74.278324091115209171
-76.277003044872103033 -72.263361590152555891
