-24.477259729153850287 -2.784196446512005263
-24.984846272050869942 -1.5098772804351219268
-25.916929352115690932 -0.48975786968841555913
-26.423876483381736335 0.49465794094301468453
-25.763746377632770646 1.5910641073956066638
-25.111976016995285477 2.6970567437394432631
-25.496871568373844497 3.7875373903049354141
-26.137058673759295147 5.0002699664178891226
-26.673268589421518016 6.2724659696900060268
-27.6280323848540732 7.2347001135325355037
-28.571903467420238343 8.188612655345993474
-28.967730590043228034 9.5128339476966026211
-29.796529076997995134 10.509530852772851262
-30.729204445598622186 11.411147379466086704
-31.691724731576055518 12.229209745423302635
-32.730734330813263 13.003540564927675405
-33.725377459459309648 13.652868443596346992
-34.41564105949606045 14.056075346069363263
-35.352386865120500659 13.525506645329654631
-36.464912968297824136 12.658948418656558843
-37.676663246862652557 11.964267927897493493
-38.994100385771524486 11.74080733472543514
-40.038974081869433519 12.38152586223168683
-41.053506800469776294 12.740698509138526973
-42.210586749495867309 12.269706156847075107
-43.194902247523806693 12.747633675677935372
-44.052629904501927172 13.519964216633757914
-44.863954545264157048 12.948339568680873768
-45.664531536280797752 11.804673050271583534
-46.500498102534479017 10.721735763020941334
-47.454219606631212969 10.466382585721694554
-48.552566501792128406 11.211656486222123519
-49.798802215321494202 11.767006255624632871
-51.142993214234898858 12.129825627477819339
-52.436718554019293492 12.69477979891717645
-53.70101527001286712 13.104481584485776935
-54.907946756433673841 12.676141681856362808
-56.085844884530949628 11.879407339315550374
-57.287543252617524558 11.117502086633118452
-58.546785438110468647 10.47765134548431476
-59.441533455517323148 9.486421690757234515
-60.26685305822448413 8.4394492657323674223
-60.885635213763237061 7.548628592622417699
-61.364167587460556774 6.7808751254479187054
-61.775159644464693542 6.0527032162323024522
-62.184799464856247653 5.2469482034505592338
-62.376410408688045095 4.0505546262529970036
-62.648612901367116024 2.7488532663949469814
-62.210756891473749874 1.5172319833581418003
-61.801553056573879985 0.33380888193392266317
-62.399626571030523792 -0.77889905553035454489
-63.252605669241503961 -1.9372768256982486612
-63.975925952405113151 -3.1802580935230198023
-64.133006551818269259 -4.3753426710513352305
-64.045264861122234379 -5.5155872920593509434
-63.871849936650590962 -6.7723849336331003457
-63.605908725955572436 -8.0710654136145230098
-63.258481104174023812 -9.3365215537449000038
-62.854509805197579908 -10.509141156892891189
-62.382926849082750209 -11.644967608257093872
-61.885200547732686971 -12.66819106654686955
-61.369549019791989508 -13.595045957866371822
-60.759959723590384328 -14.561359268557309221
-60.026429509744339441 -15.582786898179374901
-59.219712090636662083 -16.568065228894514718
-58.34121797354776362 -17.510792507858297995
-57.350591098597135442 -18.441902356121744333
-56.270909412609860567 -19.324982182628900773
-55.128687863852796625 -20.133035002075509112
-53.966343022126892492 -20.840395895782588553
-52.796573868602251878 -21.448942356054505609
-51.416484554138889962 -21.301935114920489411
-50.175313750589779715 -21.119324370186433271
-49.495359887057546189 -21.955139375025051862
-48.974388036302066496 -22.822592606666528781
-48.300191216900238089 -22.977612989507097296
-47.504279757475856627 -23.1294050869264467
-46.523678379968607999 -23.099243590367798618
-45.343553651681133942 -23.205713006993107683
-44.112156083724322286 -23.411582287243888345
-42.874683952185144165 -23.178491931875360166
-41.601753483307220449 -23.003269733117519991
-40.35488804771742366 -23.047051269653806571
-39.133938775507338903 -22.770776121628490074
-37.833617532703328834 -22.369564203061575114
-36.517809697003279723 -21.895526685742360939
-35.243267892445238942 -21.315791110382122042
-34.037819637919042748 -20.663227855859911841
-32.941518948516893772 -19.971524109135032177
-31.907698480594248736 -19.222173744582647714
-30.884871231173285366 -18.373943836229273074
-29.922591338925442983 -17.461658872530776421
-29.180424159564513076 -16.667760891141647051
-29.063240771618730207 -15.739035930906084104
-29.35439165678949891 -14.498765801943013898
-28.653390891215757108 -13.99157190160794606
-27.27652640854024213 -13.983802848589755641
-26.836106386397567292 -13.412281929251905765
-26.454042550818105184 -12.719275930761288151
-26.874040734856095014 -11.49440430238309041
