-70.232181952088154731 -74.28298187255859375
-70.061565584641527948 -72.178351159211402432
-72.353332507065573509 -70.513830781172771367
-70.626562408866746523 -67.960289452849366398
-72.010618206479051651 -66.235391477092292689
-72.623510823490860844 -64.201126040325419808
-74.575277551203384974 -63.013932150445569391
-75.001000833300267345 -60.700572363603470194
-75.996941060756924458 -58.635721546309916619
-78.324088901534622664 -58.094377599771434006
-79.498516306076425053 -55.945269390923762387
-82.173492851910353352 -56.511637682116912629
-84.229752429956278093 -56.259935349777450142
-85.790203004899964867 -54.073783264451520836
-88.060590742374017736 -55.014394443721784
-90.0858001708984375 -52.797017608455021787
-92.089706176042568586 -55.2170830497271794
-93.711962411253878713 -57.223227414989942474
-95.991517964330867585 -56.107066775882074694
-98.000979243624954051 -56.505187613627612109
-100.59541199649756038 -56.079801301215134401
-101.47180812900482749 -58.611478595152334492
-103.14549910143442446 -59.77871950816084734
-105.20105429735261282 -60.673143772109170868
-106.16800497986548635 -62.598580896712043398
-109.23262700825043225 -63.228553154337156172
-108.01777651479709164 -66.299147400504466532
-108.83361004582481257 -68.191446488082647193
-107.39759965605570358 -70.603245097755078064
-108.92268867890567208 -72.303145433186557511
-110.0242727858232854 -74.28298187255859375
-111.42328778687605961 -76.525641826128122602
-110.97348144234643996 -78.722795826088997728
-109.98697247295135071 -80.7492675922917158
-108.13446236357586372 -82.318760722522682727
-108.71885918315410891 -85.040794723311250891
-106.42592228582383029 -86.154774515889670283
-105.69842479804094637 -88.340658461356184716
-103.76249674804434164 -89.472485518450042719
-102.09950458657165484 -90.818431736049674896
-100.40867149640745026 -92.162722366940016627
-98.168404850040829501 -92.43681664259420927
-95.745144686380243115 -91.700638627277001547
-94.613374762246735372 -95.583544460680130328
-92.112203192200567514 -93.5629218845044619
-90.0858001708984375 -94.752850908315366496
-88.05610879267163682 -93.594208515830459305
-85.78857899742695281 -94.499816893993781264
-83.937499306354126816 -93.205490263842577292
-81.890312024956415371 -92.690357163985467537
-79.773775463994780921 -92.143935469400560123
-77.426505806864213355 -91.706998992400556858
-75.919855165757169857 -90.015850704543325378
-74.421605764170124075 -88.387084880150794675
-75.563989375724872843 -84.833694122653341196
-71.75033989715338123 -84.868971169460763804
-73.143850678688323796 -81.826017533844861873
-70.93494726971533737 -80.505473932629641354
-71.613986357909197977 -78.209285786542722008
-71.900591614030403775 -76.194323267034476999
