102.66421087017747027 77.3719635009765625
102.83482723762409705 79.476594214323753818
94.869506921749092498 79.935166371320462986
97.138101249776511281 82.027259491137400005
96.504266772042967659 83.468786312440130359
96.841775428830487726 85.472869935790882323
96.030175965956331652 86.97655014416125141
97.895392017285630004 90.954369163781564112
96.899451661403006142 93.019227732058084257
94.572303919804468819 93.560571589134156056
93.397876419180931862 95.709679853316401932
90.722914842202584396 95.143304048998615485
88.666640509963627892 95.395017614924029203
84.858547318223799039 87.006832729047971497
83.676576481123788653 85.611234995505682832
82.8105926513671875 87.719049896427790713
81.965912288960950605 85.40854639412172844
81.45917311271023209 83.729886263187992768
80.206067650993389861 85.387874791199422475
79.084919999293489923 85.73997148651871214
77.18501438406468651 87.115759359165480191
76.742310608393836446 85.724248936571044055
69.750901202786479871 91.876229547316711432
67.695338492704919986 90.981797750958008919
66.728395466809644176 89.056360655264526827
63.663765814015192746 88.426392219197992972
64.878616307468533364 85.355797973030689718
64.062786585903694458 83.463498869342728881
65.498793166209921424 81.051700275780078186
72.948664468310568054 78.408493950199400047
72.696178569157169136 77.371971084241039307
71.53753524954204579 76.187119314797939751
71.774504291922724519 75.026174702339062605
72.077122091010537019 73.884445113155507556
72.585653302975643442 72.81952967167683255
64.177533388761190736 66.614158713237628717
66.47047819186536799 65.50017082181959438
67.197968024224678629 63.314286912178971534
69.13390383789034388 62.182455919486514517
70.796888315318398099 60.836505950240443497
72.487721272525888594 59.492226852083817334
74.727987963142652461 59.21812492028730901
77.151254994524492759 59.954299367297238632
78.283026406681969434 56.071396945697770775
81.979295973739183978 69.462682380640075053
82.8105926513671875 69.603533369028383504
83.455907931312225401 71.232154138974919988
84.303805898890232129 70.346977353017891232
84.769257286263780315 71.343818513279657623
85.522491861318144402 71.280964047211455181
86.518140791555723013 70.950310650242471411
88.040283373241990716 70.173913740773144809
89.434385163203742763 70.015498397882197423
98.474787058095500925 63.267860493384361575
97.332403446540752157 66.821251250881815054
101.14605311869848947 66.785982168770061662
99.752542349776021524 69.828920673425827204
101.96144555255028763 71.149471440905514896
101.28239885335671033 73.445659673533228329
100.99580120823522122 75.460622106500679251
