-6.752968183524121315 -12.421777592205641483
-7.0106906611644923544 -10.993950018847950645
-8.1160115691841223651 -9.9605938993909788337
-8.4570748500724466368 -8.8310955002261746216
-7.7024035328177360427 -7.4914301741349316188
-7.9080376903394302701 -6.2299828592113826176
-8.6002177712054130865 -4.8483130433792434033
-9.2389734758524628688 -3.4114481623069687899
-10.374193303105277764 -2.3447388250617025029
-11.254998156590342973 -1.1238464455495491556
-11.822131339461545707 0.010157645838958239554
-13.093118421779514904 -0.26426174394182322391
-14.560612812525551618 -0.91840206699832704906
-16.037952726272443726 -1.5560280273786728511
-17.577402536584138204 -2.0846821172891334406
-19.038808908904162109 -2.1388389403116851994
-20.315688423314139044 -1.9014546602141373377
-21.678709850544244375 -2.6573260617208736001
-23.090501217624105124 -3.1792422924692793629
-24.010523786353374476 -2.3397704050554546384
-24.472193691939658322 -0.80297690931152787552
-24.807121497022073697 0.7940958761143621647
-25.159260125923161411 2.3832822877072752377
-25.552615808257591823 3.9538449009851812654
-25.952416081420945915 5.5214955457980279263
-26.358679670317364696 6.8255702585412194594
-26.937193264569899043 6.82605116518313082
-27.924911662572537097 6.7881578269826370331
-28.960770484143917969 5.5300922587571283984
-30.030196696797396783 4.3983105538083151487
-31.342649041158725964 4.4133541236073892122
-32.83857449267947004 4.8351493524069564245
-34.427493507391432104 4.716686496823011332
-35.886340480757489502 4.574987274968574269
-36.957965260325764234 3.9756736006264361549
-37.912195367839785831 3.0716604197343695404
-38.941156284857328274 1.8986901580356287944
-40.338481749778296148 1.0805567102978581584
-41.571334083277307059 0.16162972730587554793
-42.554418951880236932 -1.0266225445546801609
-43.316499870336642175 -2.0945046406314826726
-43.872092417323983682 -2.9789144281936259517
-44.340973657030318122 -3.8155734718149183493
-44.821837422602044398 -4.7867886189288633147
-45.038229097471941031 -6.2731646024695599806
-44.977747415226644989 -7.7219730347987782793
-44.351561102394960301 -9.0941263228444899624
-44.78390896678948252 -10.382260575048020357
-45.758737771335496802 -11.699183529342082721
-46.588025835311768219 -13.117064893308175044
-46.623054961187960998 -14.45991488859218066
-46.491069173360045852 -15.800692175388226346
-46.238717247066425386 -17.277255632558041754
-45.873362405660202512 -18.741823231058845067
-45.424556784677932342 -20.104805191332797421
-44.891701599234963282 -21.404424386213740661
-44.32227015015529048 -22.563857322813468897
-43.71568164545281121 -23.624806037681196358
-42.967371260432656754 -24.757355109811680194
-42.079013863142613161 -25.915505375107642294
-41.111209987823215783 -27.003009274904105297
-40.006468578704591721 -28.071536290649824252
-38.779133947055619558 -29.085515862046278812
-37.471234778064840043 -30.001106755773470525
-36.142421304462814646 -30.783738696343991847
-34.711853134356992712 -31.198719029043370909
-33.174906137667100836 -30.889994092679135207
-32.14894950984704991 -31.386467204986825408
-31.57981618900853249 -32.558690534585231546
-30.806626110376868155 -32.73847218290256933
-29.885440746007581936 -32.911035012521033138
-28.70335664013535748 -32.791966797707374326
-27.35653750758641678 -33.160116134968930623
-26.435184010265476928 -32.76304539580654307
-25.936963370526001427 -31.277312749915040513
-25.462676792678280435 -29.732909390134555139
-25.102631042860600985 -28.168948497572852574
-25.005690707752101787 -26.559945102590411636
-24.957961806256541593 -24.942516924256064925
-24.910232904760981398 -23.325088745921718214
-24.88401354470991933 -21.705795816009860744
-24.939008519451135726 -20.079462077752054938
-24.888427914427172283 -18.521050321259075133
-23.978249617123776005 -18.060027749583159817
-22.557529424799422912 -18.465400674971583328
-21.511104690902520531 -18.009257465575569057
-21.887176693688260798 -16.928864466626507124
-21.435270766966123546 -16.707241777038500885
-19.978993500637852065 -17.309891847402017362
-18.636053344704240686 -17.728581479153902478
-17.889967130755891844 -17.222586695780556454
-16.561195671309768329 -17.30385072958074133
-14.996224811202051086 -17.665490171503023475
-13.431253951094337395 -18.027129613425305621
-11.866283090986620152 -18.388769055347587766
-10.301312230878908238 -18.750408497269873465
-8.7447186248775903294 -19.103992901864220499
-7.8076229600443713963 -18.861907296057367489
-8.066677657271473123 -17.446445797090898822
-8.3268781320260973899 -15.852169356081198259
