4.8141027341959743424 0.74403226439540970372
3.8428936620504110522 1.1208272208163847505
4.0724446579449891104 1.600100171288787676
4.95957444122195934 2.3151451446097772724
4.9460995127256506265 3.304027549950133924
4.6844990459995567988 4.3128389280924102067
5.0302331958918165 5.4965692874547604774
5.4580708210708435146 6.8552452103086451984
5.3124431753183660732 8.1580783836625077043
5.2145704090547981835 9.4793415610068159083
5.4242268731912952617 10.876047678962779131
5.2096551721037673843 12.205609974200914536
4.8158818995619769865 13.52412591058491742
4.7347455881822781976 14.919663022426766119
4.6994564161320608875 16.326325424821551024
4.5089562632605026948 17.704994871561744674
4.006740723906083268 19.02744513236229551
3.2752642740151216572 19.824960895668429117
2.1958337520482023031 19.99214016076720668
0.9855110144552198248 19.916169875971668546
-0.028381320290705502885 20.249569179656699447
-0.94102596335287524987 20.26931815762034006
-1.8373258694030820681 20.248158728858406619
-2.7600024318845770566 19.526670404771117262
-3.6678340721805104963 18.414118642729693676
-4.6561415346499108736 17.670213290044653576
-5.8668996763580594234 17.968437596375387955
-7.1873623170849114672 18.287243968103268799
-8.58009870068842595 18.158927445914216037
-9.9237434101824657517 18.126642623612053029
-10.883680350126422098 17.609193036598455251
-11.80871982828412925 17.043611308304825513
-12.534027384513899861 15.93541977611759286
-13.610876658210655066 15.055262201851970616
-14.864871768117458473 14.389176162907833856
-15.886937916183102359 13.532408947769171803
-16.751423025812634648 12.487342244647646083
-17.448740835127701132 11.525914758492165291
-17.965005220010649367 10.727578142098785463
-18.392453875926783269 9.9965176779314823818
-18.796148259520776946 9.2329199439953892892
-19.067747837936938282 8.2018579139023159996
-19.364868640060397098 6.8882538972195552773
-19.200076684476155009 5.6313897699906627636
-18.479775361565774716 4.4542464661565404072
-17.458716921713065773 3.5519519368555667604
-16.221597983886834271 2.8661083907011049021
-14.983869564801649332 2.1894497514935351568
-14.360225931494264628 1.3608803521780099555
-14.989531122360972404 0.2613240697667385537
-15.898405552806098129 -0.81927064493081169783
-16.345840772353437131 -2.0471927667496667702
-16.175212940151265428 -3.4464688921802122401
-15.654999067594390638 -4.7470769404444412842
-15.102070358939034378 -5.8903892775469515186
-15.447857142342552805 -7.0852918305835617119
-15.983884258821683844 -8.3033279217611255518
-15.662924442740349562 -9.4781902136813300785
-15.339526181846933284 -10.741956315836571179
-15.547187095150089675 -12.130811037154510146
-15.421751011259090092 -13.465071658703459789
-14.477653794382190355 -14.43155672563964842
-13.425553685504173274 -15.336531175400942573
-12.303437363255945058 -16.173152803027331714
-11.141734173102891603 -16.919630540887336423
-9.9754402900691410139 -17.561810391819729915
-8.6673313071050142042 -17.724096839788408886
-7.3345617345339846338 -17.426258234973641237
-6.4352808558676812822 -17.857780184907561249
-5.9810626309984211701 -19.0790025151438698
-5.3068556969103770626 -19.243012154509770539
-4.5697687431735669605 -19.394321829640414734
-3.6709879971631753648 -19.540187339592485216
-2.5365196208973523895 -19.366938967774878222
-1.3110100969049014452 -19.726791688616536646
-0.078799678645834286828 -19.701792587386030675
1.1755684805749897492 -19.285674297514749043
2.4587581134353380108 -19.443668473742889091
3.6584479746083786722 -19.200201783869061956
4.9388892543760114506 -18.85409148958093084
6.2567326933151621304 -18.399722572085522643
7.5453981849576425844 -17.852013063131412451
8.7824245348938880795 -17.221117184622148244
9.9148581994293749631 -16.543308292740796617
10.711602746474008896 -16.002397634975103813
10.945811291582245417 -15.820854916893395625
10.226659758855602078 -14.616101322007583718
9.5075082261289516339 -13.41134772712177714
8.788356693402308295 -12.206594132235963457
8.0692051606756631799 -11.00184053735015155
7.350053627949014512 -9.7970869424643431955
6.6309020952223693968 -8.5923333475785330648
6.0019805145684603787 -7.3515729204053297252
5.6640003901874385051 -6.0009219826790092256
4.9896553968520906963 -4.8090683315768751882
4.0979347606607303689 -3.7274683436766018474
3.8542208461236078243 -3.0944187368870044175
4.9038586048219050539 -3.3526434373843758685
5.5226558225556976467 -3.4024955708359514439
4.7285396316333887512 -2.6561775365836135521
