96.553615167052470269 87.88254547119140625
96.833789632792175439 88.511308027712757962
94.869506743396854631 88.736589329542823634
110.31077737384809723 94.205237890900633602
108.92672160660484337 95.930143427842253345
108.31382895922398291 97.964401303424580192
106.3620623066058215 99.1515989046431514
105.93634660148818227 101.46495876965612126
104.94040627339263949 103.52981731172721425
102.61325088025368757 104.07115355934899981
101.43882337963015061 106.22026182353124568
98.7638618801630912 105.6538936140976972
96.707587470412846642 105.90559958513887295
95.147136803442350583 108.09174025915392292
92.876749052738787782 107.15113671342240309
90.85153961181640625 109.36850973529497821
88.847640906814135064 106.9484480741143102
87.225384166094116267 104.94229593662895184
84.945829041502662449 106.05846806525542547
82.936353043285436115 105.66034360429776484
80.341927870395579703 106.08572990583249407
79.465531596663780078 103.55405252184843334
85.169594590407697865 94.192994239423924796
84.594317835821257745 93.516580333997609387
84.94481843933824905 92.174036350987094579
83.020357465539404984 92.403895525865905825
85.185607865627048341 90.405183001179437952
85.120003167405656086 89.74484022884465162
87.097829574356964599 88.680427463554067913
85.900225482463483218 88.402947761253130921
84.908207072575152097 87.88254547119140625
83.399626093569182217 87.09932996915796366
83.521948656602489791 86.324589843369167852
70.950374869125496957 81.41626759639075317
72.802877419138980031 79.846766621227317273
72.218480349210409486 77.124740683452472467
74.511425116488680942 76.010760470739086259
75.238914793302299699 73.824876724328007072
77.174850756655246187 72.693041741931338606
78.837835196143188909 71.347095607700325104
80.52866817964280699 70.002812667787353007
83.038878220599144697 70.335033920805614116
86.024026987630435315 73.024970521521723299
86.975110962739051956 69.645383150091532798
89.10722559404885601 71.286443374030156406
90.85153961181640625 68.070498090708071004
92.88123099004320693 68.571318827919540695
95.14876078528789094 67.665710449756218736
96.999840476360716934 68.960037079907422708
99.047043111664848425 69.475170222113519003
101.16356442180133968 70.02159956325796486
103.5108339758506304 70.458528351349443142
97.483328197437373319 80.517207803930830323
97.501292499677546743 81.895096933278296092
95.041463155682691877 84.838393179336307526
97.714947553039920081 83.919971330568870371
95.371033480390536852 85.870346049009256717
96.829716500019515024 85.940128710405986112
95.608852645490102873 86.871355257289295082
94.994763470785898107 87.447078601159731193
