-2.7419237352302516797 -9.7489023208618164063
-2.5713097528815929138 -7.6442706451615070051
-4.8630778481638756716 -5.9797513156765056408
-3.1363096639724084014 -3.426213751747174463
-4.5203638063070421538 -1.7013145435333605349
-5.133255474511575045 0.33295325502485439984
-7.0850211820010837727 1.5201482727651036697
-7.5107469554289529867 3.8335089097243475464
-15.362352758115482843 -1.7156356943100412593
-17.322896806335030817 -2.4917355421192795006
-17.823097059861069624 -1.482794794510168046
-19.590540556796128158 -2.9995640743219365021
-20.564521103256193868 -3.4980791478522128557
-20.917371295208759818 -1.8537554184692126569
-21.899006241316200772 -3.1218506138881219059
-22.595536403687955129 -1.0140357358966358703
-23.270768835426643761 -3.3245392529055877162
-23.604267614785644724 -5.0031998605596745833
-28.501257012927482037 8.4270165494169191334
-30.510723792303519275 8.0288910269081483762
-33.105154795692229186 8.4542786913046938935
-33.981554569873146932 5.9226015137701342184
-35.655238054691963612 4.7553604923359369394
-37.710797034578121156 3.8609374480632983051
-38.677743908732104217 1.9354995993719317227
-41.742373722847801787 1.3055258466694965591
-40.527519227683242775 -1.765070417663847202
-41.343345144988489892 -3.6573707256670084931
-39.907346179106468753 -6.0691654121508520348
-41.432435232358997723 -7.7690649462700793748
-42.534015522639691653 -9.7489023208618164063
-43.933034328513038247 -11.991564275750416613
-43.483228010609636272 -14.188716195591911884
-42.496707593995289187 -16.215185137647630143
-40.6442051181057451 -17.784685899412373544
-41.228606124716726811 -20.506705912961336935
-38.935661214870421531 -21.620692093635121012
-38.208167649699639412 -23.806575921091209125
-36.272235594910554823 -24.93841080288289902
-34.609251170515292984 -26.284356929162733252
-32.918414346076332322 -27.628637981716241967
-30.678149480618653655 -27.902739957969799889
-28.254883872070010398 -27.166563758312474164
-24.612426402342471476 -19.237612540489372748
-23.346044477827945229 -16.889505710732791499
-22.595536954426986398 -17.9698614063621811
-21.84174211805997956 -16.920792403174193197
-20.80900463943526546 -18.153884854317730912
-20.10909773614426399 -17.401382596313442974
-19.083764773995074648 -17.636470712101825598
-17.808414620669530848 -18.040442616048427027
-16.060449388910658541 -18.743681138967019706
-14.833090033751108905 -18.369976822739943145
-6.9313518887583391859 -23.853002522863640422
-8.0737331043506070927 -20.299611762421964301
-4.2600843794174245716 -20.334882754274467231
-5.6535960902749984314 -17.291942332189119469
-3.4446945349426165706 -15.971391515163745112
-4.1237317064080514228 -13.675206183462353948
-4.4103357612328473181 -11.660245431205591871
