-25.199535772888943086 -2.9912450313568115234
-25.028921313514629787 -0.88661347665918510685
-27.320690129402603219 0.77790587890196638554
-25.59391620384552013 3.3314434941831896353
-26.977975845655880249 5.0563427497677775335
-27.590866554698393998 7.0906105677546182875
-29.542633237992987461 8.2778053490850354024
-29.968358506688105081 10.591166188609252075
-30.964296863265477811 12.65601607710088139
-33.291446538481665129 13.197359957738843406
-35.521995800233511886 13.517205450830758195
-38.378426172809142258 12.000435903469805154
-40.34403683215381875 11.501920692548603498
-41.623027814122593782 13.14624468085389708
-43.490312798806613159 11.878149372562734953
-45.05315399169921875 14.186149086186087942
-46.594684460400571879 11.675460732021788246
-47.813845741657843291 9.9968004244570440875
-49.811937559959275745 11.654789210908164776
-51.730749852964045488 12.006885925952031968
-54.506636170523549367 13.382673632177112921
-56.439165696681612872 12.680259010580195778
-58.112849166954063662 11.513017994798151022
-60.168411947759913971 10.618594721464258868
-61.135354996025697005 8.6931566459036044847
-64.19998475519238923 8.0631832554195561613
-62.985134120511531819 4.9925868849879915246
-63.800963850515820752 3.1002865880026595491
-62.364953474066737726 0.6884916373620995067
-63.890050129280396618 -1.0114077592267574079
-64.991626606624066653 -2.9912450313568115234
-66.390649237726506726 -5.2339056939488104447
-65.940835266430582351 -7.4310587310217073309
-64.954326342380042547 -9.4575270251499663487
-63.101820014026806405 -11.027028854526315982
-63.686217133448948857 -13.749049945889797897
-61.393272291227987125 -14.863035053046106171
-60.665782561557406893 -17.04891980904552895
-58.729846663563179732 -18.180752811926922163
-57.066862234566045231 -19.52669893888460706
-55.376025367207247996 -20.87098192059260171
-53.135762474789828502 -21.14508385929405776
-50.712495083768310167 -20.408905712054956183
-49.580724370955941538 -24.291811757062916399
-47.079553327041026023 -22.271189082887740796
-45.05315399169921875 -23.461106676137628568
-43.023462601202894007 -22.302475726454947136
-40.755932845778851004 -23.208084111764012647
-38.904856917787178361 -21.913757467937447387
-36.857662018529531167 -21.398624370320643351
-34.741129236476226083 -20.852195024022915248
-32.393863782416872255 -20.415266451378780488
-30.887211073535052464 -18.724118078195630233
-29.388963447007714791 -17.09534642259486148
-30.531345164161372452 -13.54195474182525416
-26.717695465707883784 -13.577226660856611673
-28.111208132965678885 -10.534285292404728551
-25.902301083348262978 -9.2137334930887959672
-26.581343986914234279 -6.9175486763751763419
-26.867947334018623451 -4.9025870634398245329
