4.8536182188102756641 -9.134067535400390625
5.1337926907411599586 -7.0909006455415797276
3.1695099289790533703 -5.4196098016388436491
5.1535923051412346751 -2.8113784811284698861
3.7695381665109870539 -1.0864794026923760839
3.1566464964201053078 0.94778842944991126274
1.2048811483057146887 2.1349835338773637261
0.77915537623024100355 4.4483439311451125064
-0.21678245149969832539 6.5131938249301146726
-2.5439320523064079538 7.054537692213823874
-3.7183559242378940723 9.2036459260367315949
-6.39332822032898207 8.6372766937968989964
-8.4495932693147075554 8.8889837024461328951
-10.010043078378711101 11.075130124077411153
-12.280427065889542249 10.134519902734908214
-14.305639266967773438 12.351896728703177786
-14.959748153391675629 -2.9106255438720864959
-15.183680969875691602 -5.0031996453284826032
-16.18655058824770876 -3.3452108605939017139
-17.039767030672688719 -2.9931140724060334435
-18.645432236099829026 -1.6173264907494875331
-18.755879036176295926 -3.0088364911754448272
-19.956063240298327344 -2.8586336891714934083
-21.92587727684534471 -2.2727721999890455606
-23.338510519442600355 -2.5713020184438173388
-33.452470014132345 1.9203611372858215844
-32.237617496749834345 -1.1502352801111035419
-33.053443413603773138 -3.0425354695660242754
-31.61744066114498608 -5.4543302916226572563
-33.14253350158615774 -7.1542297089523785303
-34.244109974543988528 -9.134067535400390625
-35.643132609539705413 -11.376727445694600149
-35.193322451347590629 -13.573881462664022735
-34.206805886531739702 -15.600348365018193775
-32.354303380396984835 -17.16985016995778679
-32.938702416540941442 -19.891872197964193703
-30.645759485950222256 -21.005856348335612438
-24.346685203547686172 -18.175062132166587503
-22.132442226749802217 -17.826611537707535149
-20.641847700184079883 -17.855113883872185454
-19.458582986413073712 -18.059229635330044772
-17.978266999365715151 -17.38293022346173089
-16.502896590050880832 -15.896530818677828023
-16.453212519543317427 -19.237612511374202029
-15.132317944202567261 -16.999372858173078527
-14.305639266967773438 -29.603928941762628568
-12.275945098572655922 -28.445298000816649164
-10.008419103599376143 -29.350906383527146204
-8.1573402950149684898 -28.056579736586755303
-6.1101472931363840502 -27.541446635651034569
-3.9936149965195220091 -26.995017294230681415
-1.6463493690992123675 -26.55809067738652729
-0.13969659400513378955 -24.86693838891112307
1.3585504295076091807 -23.238168703492000589
0.21616915750095522242 -19.68477611632046731
4.0298175716940320967 -19.720048958350446355
2.6363058528982428186 -16.677106657388350186
4.8452074408525191984 -15.356554810110296216
3.9088560555338602853 -13.00567724441801154
3.2947666617492146202 -10.983943672099918842
