-8.8669380403449977734 -9.753543853759765625
-8.6963245351318825271 -7.6489116983833387309
-10.988092385516484484 -5.9843924008152793448
-9.2613194303011638908 -3.4308548349931093924
-10.645378111688383882 -1.705955718204652527
-16.015272612697849297 -2.4181441514477244326
-19.40672891185887039 -2.98665332649580062
-20.442782899675240316 -2.3002007357970351009
-21.483193073820924468 -1.7156354754455787059
-23.444547507885772575 -2.491735537941689671
-23.94543459841107591 -1.4827946806327005902
-25.222420211747813568 -1.8965990253030042823
-25.32429568710635337 0.69906970269357238124
-24.862636518375122563 8.3965498437976116008
-26.695343133892436072 9.5150435874750307619
-28.720556259155273438 11.732420410343802786
-30.724464093444609603 9.3123549772911609068
-32.346716800852377105 7.306209605776093241
-34.626268622794455609 8.422375916329670531
-36.635737196269083427 8.0242504242988239582
-39.230166083460630944 8.4496377254972578896
-40.106566099613139897 5.9179603954822965761
-41.780253319202429907 4.7507194311235778628
-43.835812289341177461 3.8562963964738443678
-44.80275916889647192 1.9308585414181909101
-47.867388962586829848 1.3008847639996989898
-46.652534488937334345 -1.7697115984704785419
-47.46836421525415517 -3.6620117718156208753
-46.032357653332482528 -6.0738066099820322563
-47.55745049377365774 -7.7737060273117535303
-48.659026966731488528 -9.753543853759765625
-50.058049594514656633 -11.996204786351171379
-49.608239443535090629 -14.193357781023397735
-48.621726697302577236 -16.219825625091800703
-46.769220372584484835 -17.78932648831716179
-47.353621352212016404 -20.511348453736019337
-45.060676478137722256 -21.625332666694987438
-44.333182884567250426 -23.811218434230930541
-42.397250864120692881 -24.943051372723353154
-40.734262569763316719 -26.288997540967262267
-39.043425657794671224 -27.633282452062996271
-36.803162844529026643 -27.907382438990090634
-34.379895536148808333 -27.171202358709361846
-33.248128746611108397 -31.054108391006607803
-30.746961142075271312 -29.033487685209394158
-28.720556259155273438 -30.223405260122003568
-26.690861164553311369 -29.064774322062973511
-24.861012537326693916 -27.911277784959242609
-25.032042752687626574 -21.10561576390670524
-24.939239312359237744 -18.246520943044650664
-23.936113720298351382 -18.040442732276801507
-22.188838939466911881 -18.743681278489184194
-20.962284277611608729 -18.369976808528811318
-19.315950102548057998 -18.22148888133904876
-19.717004593410411672 -16.295005574426618011
-14.288351299525306359 -18.085981410243789469
-11.778610432640295613 -17.296582995078864542
-9.5697043046218368545 -15.976032077513906415
-10.248746251665888707 -13.679847724473505721
-10.535350552130818613 -11.66488609554534861
