-10.879708740067265182 -7.7542627348983073077
-11.061225091180341806 -6.3884393018758096616
-12.064501598349037792 -5.3976470287305362561
-12.661229968446241045 -4.3897461465934046743
-12.031553588315972547 -3.1604484111547184177
-11.887118192389634075 -2.3021383332122491439
-13.152718640413130657 -2.2645260968882636732
-14.671902609779388982 -2.3745097174561409226
-16.191080790306088488 -2.4843025798326854314
-17.70887399096909931 -2.5484565449331362252
-19.222874556785885858 -2.4901724040839217089
-20.73668242404076878 -2.5295913079237144494
-22.247073856325929597 -2.7717768010765482245
-23.562206613408569922 -2.4824748842534662963
-24.377914993845720915 -1.2869237798556099062
-24.810376635826148828 0.039383496528108713486
-24.627494182372192455 1.4991390166875631085
-24.70033998462175262 2.9440529357644624753
-25.152517410015814647 4.3631574592197912565
-25.265065803278712764 5.8539880345869876876
-25.306701285917540645 7.3588234959517384581
-25.522442921636731228 8.8440848192735224131
-25.992535473382282873 10.300297068175872539
-26.717986744607841842 11.126067336237998262
-27.904559092556166178 11.198940409260520923
-29.147852341185178204 11.344137128919756563
-30.203501224293326288 11.536195327141726352
-31.157902622224991518 11.541361749729105668
-32.146469374025755883 11.390902380865753685
-33.117541873401002306 10.207248394898446264
-34.11702892494584205 9.1310786927171800897
-35.332114720427099996 9.0752992289508878088
-36.721217621882004778 9.5360865268334702449
-38.201093453626185692 9.4582592257005533298
-39.684182164288756667 9.4577376625600173554
-40.722493323705684531 8.9034639611012593718
-41.714824398043610643 8.2966290843559171719
-42.505787591288118676 7.1034629905422637108
-43.700421951823869904 6.2005444758658105897
-45.04965496302995831 5.5060862100130574248
-46.043048780807460219 4.4796796137136851712
-46.924561902369305244 3.361767420146733798
-47.574206561524441383 2.4192608074264398965
-48.073047779752144493 1.6075402045870017531
-48.508534836871476159 0.81923425828856721864
-48.9617851231901966 -0.10373719033780304244
-49.152011144177734536 -1.5098606849009794661
-49.157949652956162367 -2.873970233176838196
-48.529563629145727077 -4.1674148947738824944
-48.705827593988480828 -5.3900874876997892926
-49.62996900045845905 -6.5957494760582422444
-50.429860096486123666 -7.9123944578704534791
-50.774543807255277272 -9.2138048390547595545
-50.690750232512527873 -10.434562396842117948
-50.512414224822052233 -11.769500017159185035
-50.227533228553063793 -13.160644981822322563
-49.850629118525631611 -14.509308047629801308
-49.408275698613543625 -15.757298692049337419
-48.891296299719428475 -16.95844008723805274
-48.357071653230860875 -18.01350656080716206
-47.777346873344242795 -19.0095631224444368
-47.065924362996327091 -20.076749392676489947
-46.23232758205971038 -21.163563155947009875
-45.33166176699184291 -22.185095767864218885
-44.312867273906356047 -23.189658437029464721
-43.180096956028236832 -24.154250360886411642
-41.968765543551853625 -25.038701670511599673
-40.723760943792569833 -25.813207556069254878
-39.471894917740527831 -26.472065602719801802
-38.000611456869286542 -26.331697638547236551
-36.708969561462261311 -26.204213806472491655
-36.053118948644026887 -27.233687759973545184
-35.439596943338351309 -27.907004132676885177
-34.695479189630937356 -28.069997085677620419
-33.781163038550801048 -28.230131989160341277
-32.619593202958043321 -28.064378582438003207
-31.315147424694707468 -28.448310833559705912
-29.994712458614614548 -28.43945858105442781
-28.649890178526259632 -28.014423515832778122
-27.295368873381178787 -28.147745737732936533
-26.165640646166455241 -27.913527156211006997
-25.383479427934084072 -26.698951407217627718
-25.028239200966705624 -25.253581369346484564
-24.982547579415609107 -23.730850639997299822
-24.94544671937448399 -22.203584979902338148
-24.846429801100448742 -20.667815605002790136
-24.487815403362908739 -19.323154203167124621
-23.29676030863766556 -18.725709632191712473
-21.767118089602103481 -18.407180092102713331
-20.411418305686520824 -18.095536618852609223
-19.928767007293387792 -17.076771121418349964
-19.202969672032672577 -16.626772406994287934
-17.829245455277234811 -17.084540984664172925
-16.414569838333516572 -17.599455450959787584
-14.999894221389798332 -18.114369917255412901
-13.594800312196662517 -18.62040452360566789
-13.352255531499217511 -18.251265321143129938
-13.213117219422683135 -17.381567444715493309
-13.473565658112095278 -16.110910358048347035
-12.544349746570686577 -15.196843293914252371
