-23.048023031604085276 -3.7823431124341451159
-24.115519604034734158 -2.8546071981615215307
-25.245682743227167322 -1.9805335555779830514
-26.277092073972745823 -1.1455964786959125234
-26.144831236138735164 -0.18399077053046447583
-25.236471652644876684 0.87241518690171360184
-24.821631872962058196 2.0498816868919216283
-25.067317398463064393 3.4061726587914784581
-25.067553779047866414 4.8028013149412762672
-25.39200082653093915 5.9917958918794926859
-26.422897984356247036 6.8614526702133620262
-27.059073877151870846 8.0193969052859923607
-27.600189727684398378 9.228510384095539365
-28.513411775580294716 10.170412381792884204
-29.453270538307144477 11.022292968382389589
-30.457460436501495593 11.821993562169279102
-31.502525178139073603 12.550190648824074202
-32.481466262264660827 13.147756678701160382
-33.425705283330081841 13.654530945012627541
-34.673796573459718218 13.33790767669266053
-35.857366005900438211 12.55940338085208019
-36.992000158256551856 11.903256514017888534
-38.010247558663692757 12.324779112772613843
-39.048690132776073369 12.770677392741788481
-40.218654545483090601 12.291556437897552811
-41.241516596978570419 12.583784439023277812
-42.122999165492970519 13.462002501000210231
-42.974153794837299358 13.168236010328607577
-43.814874305333368909 12.049567552162329775
-44.691370505853463158 10.927237637695814243
-45.651935588195769355 10.392089194924531981
-46.737180614517619404 11.004252385757153476
-47.959179635930716756 11.656466378304120468
-49.352600356468450116 12.006301622822345365
-50.68534838381832941 12.503218558556270068
-51.949019485920409522 13.022241852579588439
-52.969891578282329192 12.667282826229245174
-53.837634197390705992 11.574893410874125266
-54.930347187493076433 10.680153094840408201
-56.172805035022683739 9.9922565621502883459
-57.250740896412089853 9.190222782150863523
-58.124489341613930549 8.154272753607823887
-58.854178106718372021 7.1661306649733695906
-59.388572031527509409 6.3522624571530279525
-59.825374073474279157 5.615660598408821258
-60.228829341090388994 4.8638094956867554686
-60.558706714152052086 3.9052210708041878995
-60.811377106717756647 2.5900254710027956762
-60.765459603988510651 1.3220253252282763157
-60.158983446600373668 0.11486834853228677922
-60.245339108773919179 -1.0318910372307261714
-61.100511486736486688 -2.1459339618082258205
-61.870981700219807919 -3.359647212732490118
-62.404509803779980359 -4.5954382119364156623
-62.349645972963855911 -5.7432721147072651746
-62.222847352035472568 -6.9309489030350714955
-62.001428403860259664 -8.2277000775719724146
-61.692855842266638433 -9.5157695096412471258
-61.315251783605653202 -10.735680453096083653
-60.878782080531181009 -11.885285196691857124
-60.385552361381712672 -12.979148378897036764
-59.885723965677513547 -13.937731101311026549
-59.33236510767713412 -14.87182137416399641
-58.659119357671634987 -15.872730914247942025
-57.880397347869973146 -16.888044394984191854
-57.045646546104272545 -17.843646303504165473
-56.110902250982618966 -18.783140117792637369
-55.071722764936069439 -19.694983252576001576
-53.95823392972949506 -20.542625866330169515
-52.798562410037135351 -21.304031724688055505
-51.634122802164711175 -21.959773758850321457
-50.355656802591319376 -22.236328355478594432
-49.002760986512420516 -21.938928773647003112
-48.013941726656241826 -22.205404931816364211
-47.54402592213995149 -23.428388377287383548
-46.89309353750510212 -23.70552678044631989
-46.176303402826775368 -23.856699664076291612
-45.299783249401109231 -24.004739838134149466
-44.197264716470911594 -23.820671666888994622
-42.978485026548383985 -24.206750977686940729
-41.748086999327249202 -24.203990827250208895
-40.497685625545685184 -23.787169498601969053
-39.204025563761412343 -23.956559698351870935
-38.007294835321950188 -23.724694156747833773
-36.739525827213682874 -23.394742361809615971
-35.426868516715281032 -22.939667269159826901
-34.1273060124700649 -22.420047782660560642
-32.879903787041143914 -21.79933555120438271
-31.728347896335705514 -21.12471197626542363
-30.674692850698818347 -20.411379840444766387
-29.644438249077161629 -19.612552473835762612
-28.643810102297081244 -18.72500170497269778
-27.762528495072483992 -17.83495636695292319
-27.165207415355055787 -17.162985149191882783
-27.521388716931021179 -15.877318449423546198
-27.410942381733857331 -14.933778249989218878
-26.230393920068429736 -14.780910238053426298
-25.269477497627626406 -14.523452946609609171
-24.901919115207867605 -13.886108417442361684
-24.933428738327844343 -12.912035449891929417
