-77.539898321717060981 -83.50933074951171875
-77.36928194893553723 -81.404707716317332711
-79.661049021874134723 -79.740186604502994783
-77.934278726851658803 -77.186646118140956219
-79.318334606477009174 -75.461747915229949513
-79.931227193119767094 -73.427474917278544808
-81.882993995926668163 -72.240284738737358339
-82.308724855002793674 -69.92692503006617244
-83.304649478528403961 -67.862074528307374521
-85.631805270236981187 -67.320730292094992819
-86.806232578697034796 -65.171622138581923878
-89.481209260294875207 -65.737990356512199241
-91.537468799585184343 -65.486284226730575142
-93.097919348901399417 -63.300135961549202079
-95.368307124400899966 -64.240747134069096091
-97.39351654052734375 -62.023370300105412412
-99.397415212651694105 -64.44343577252774935
-101.01967198624963373 -66.449580284074173164
-103.29922701120713668 -65.333415752469221616
-105.30868811744950619 -65.73154036475612827
-107.90312845030479139 -65.306154041465902083
-108.77952444158749756 -67.837831245356227328
-110.45321542529215719 -69.005072158598679266
-112.50876301179445704 -69.899496435114073734
-113.47571372508488707 -71.824933595223754423
-116.5403433778793385 -72.454902031290288278
-115.32549283183864475 -75.525503788739015931
-116.14131876430840862 -77.417802927488253317
-114.70530825569734645 -79.829600942665493335
-116.23040500652510332 -81.529501539839927204
-117.33198915545219165 -83.50933074951171875
-118.73100415650496586 -85.751990703081247602
-118.28119016024810151 -87.949144808109281257
-117.29468117947867256 -89.975616572984435493
-115.44217880217003369 -91.545124703366440144
-116.02657580313334051 -94.267135537250652533
-113.73363100002916326 -95.38112342866868687
-113.00613317459179541 -97.567015371614914443
-111.07021303430464343 -98.698842099863128396
-109.40722087657613315 -100.04478830024783065
-107.71638786603635651 -101.38907124389314163
-105.47611364923713495 -101.66317312269035256
-103.05285419737003849 -100.92699488319104262
-101.92108285411921997 -104.80989347544671375
-99.419912188387328911 -102.78927836395050122
-97.39351654052734375 -103.97919215587396025
-95.563494187715903649 -100.92079239296936066
-93.430493342890514441 -102.15388488243648624
-91.58003924620844316 -101.40138258542378935
-89.322791850117781109 -101.63647073561315892
-87.081491833623687171 -101.37028434635368512
-84.734222455354171188 -100.93335570135266721
-83.227563881428565651 -99.242207188774372639
-81.72933015188876027 -97.613441818188007915
-82.871705745353779093 -94.060042999606466196
-79.05805607319604178 -94.095312081718219588
-80.45156663591970414 -91.052380743327134383
-78.24266363934424362 -89.731822809582766354
-78.921702727538104227 -87.435634663495847008
-79.208307983659310025 -85.420672143987601999
