-23.800352242110196954 -3.2979837878731328438
-24.677209874295659375 -2.1952622299740078837
-25.692984240789460415 -1.2361357419370953004
-26.420320657411942022 -0.32613699800271472862
-25.927539773553586855 0.69606486554892987861
-25.056644490695514804 1.7733218555870475797
-24.843864208020857376 3.0009609266565049346
-25.232029249645957947 4.3635124836915952784
-25.688376033917602825 5.6903422166559227691
-26.56782144195322104 6.7060884134229672426
-27.577601863106387725 7.6168164480999207555
-28.024138576343482043 8.9040032676888394292
-28.76789671943095783 9.9637820878472442843
-29.697463863947309193 10.879148388613767651
-30.650957237785284804 11.70460034338448807
-31.682449908825539353 12.488131790351928885
-32.70004056142207105 13.164584715469651144
-33.466514517480383972 13.617665568045236313
-34.359850985632483855 13.316819219157684628
-35.518393484782798453 12.508715327891435365
-36.767859500339326928 11.898627107382750978
-38.062159437526830175 11.752349861348331928
-39.101009693784376964 12.44238343847992212
-40.135639282123904081 12.732644107302389713
-41.280689716363667685 12.257505323760970128
-42.271522426302183817 12.747303927810348156
-43.163293491385282152 13.526935710571432736
-44.053733652336454441 12.989786658279401266
-44.920916975948330219 11.872651431627847529
-45.729246407543151065 10.756601114004396891
-46.658088122643498252 10.469664279848455379
-47.776505926305944172 11.211656486906415253
-49.052604050653734191 11.76700626253590265
-50.428437397912446727 12.129825612532583179
-51.748135296348813483 12.694779731924493049
-53.001018539837048138 13.069017712940210529
-54.059582838697231466 12.47056251325942533
-55.116372873533464372 11.541151317009488153
-56.300824792737202529 10.757119653720604191
-57.564325769451770043 10.118040856724848098
-58.480469091500438594 9.1507122814723338422
-59.315765125134561231 8.1011764796016052514
-59.949420679176085969 7.1966056046365753929
-60.434821964568186559 6.423453560389258854
-60.848287106753545572 5.6960723363675871411
-61.256029142185525416 4.9005083781736775705
-61.457060399638535841 3.7348580490991607483
-61.750852088079568603 2.4297840250155471331
-61.361351363761038158 1.1936344810797130389
-60.900723189013831416 0.0060861943088808545532
-61.436892091324068588 -1.1099827896961047546
-62.29959729681655034 -2.2603326383202229088
-63.026413954599853184 -3.501434714075152943
-63.238617958537275854 -4.7036124902707339146
-63.155823340721973125 -5.8413710592194423299
-62.989349983111807774 -7.0890844989268106957
-62.729595556348286323 -8.3888036190966772665
-62.387250094073344542 -9.6588870452739641337
-61.987247911210964446 -10.837093845728581698
-61.520202933941014578 -11.975959123788335603
-61.022514861787314544 -13.009820693026222571
-60.510418328509935293 -13.938675802553522232
-59.909618533813592478 -14.899709732018546759
-59.184002577309470894 -15.919661080979722101
-58.380749692022128272 -16.9098695208651435
-57.509535473978971254 -17.853485393637868128
-56.526536161096629485 -18.786415965043872234
-55.452164215295908889 -19.674101948351772506
-54.313563018405112359 -20.488143636644114309
-53.151088339275794681 -21.203362187365819125
-51.981571399513455844 -21.818762924882655341
-50.615916945931680004 -21.735603074799680456
-49.350599010509064613 -21.515379700171916255
-48.629360455090122173 -22.27509179228695757
-48.124605945147550301 -23.220411434452135069
-47.452348190657183125 -23.376779629801227145
-46.668626347674880606 -23.528580656705400997
-45.706150826411821697 -23.543773328076827767
-44.532456338266243279 -23.577112473321623298
-43.301369939755794292 -23.821474907486326344
-42.065422471207476462 -23.628331715828633008
-40.796522037368212921 -23.397287115544781244
-39.541584794117490276 -23.473179879584080254
-38.326190629349731864 -23.203897049058788582
-37.026973174265080502 -22.819331558648862313
-35.712145037949298398 -22.343370280702419706
-34.434582716003674818 -21.769945199392012114
-33.222234826959017084 -21.121285373613538638
-32.118472724175198607 -20.432035304320272928
-31.083198160522051978 -19.688854983874396254
-30.058407729045011791 -18.847122059138555983
-29.088801660360385171 -17.936462945120510426
-28.324610480139838842 -17.125337082933796751
-28.13420567077995571 -16.244965136035236952
-28.457917833359370974 -14.980636137891867321
-27.841775479865351173 -14.410742485163789084
-26.478189771068837643 -14.393116311860467249
-25.963906179086009729 -13.866996767699799165
-25.58442770299891933 -13.183254031431001607
-25.96065456169751684 -11.988362256515461723
