98.882951811800552377 74.243586320144842716
98.447785549651413817 75.784080981361967133
97.255733559927335818 76.931674820806222215
97.486742222958341131 78.315559452524354356
97.936203208957891775 79.741234486586634489
96.967397382314175047 80.979853891378041908
96.423065603136649315 82.577389848813055551
95.566175929085346752 83.977814591220223406
94.452924888786753854 85.267745965170291811
93.774997652058928566 86.841948690028885949
92.598190471174717686 88.033446918509000056
91.361921975755507219 89.093889230337467211
90.024858656418416558 90.062574675525297607
89.008182859724797709 90.69398829833269815
88.136405798073241158 90.082843585293673527
86.947266703125421827 88.700823110297051244
85.758127608177645129 87.318802635300329484
84.485473632783012476 86.049900504654544875
82.988460221235413883 85.603061922113525384
81.847326763931746996 86.391744292318591647
80.572095194551138775 86.080341946499572714
79.48016960589453106 86.827131556439397286
78.559093957764744687 86.878447266190633513
77.680629712903765949 85.365830241890705565
76.81457708868225609 84.282745667930058175
76.018152763404188477 85.325625263613986249
75.241817168911893532 86.966956993431352885
74.465481574419627009 88.608288723248691099
73.687469264181061135 90.24637216873475154
72.618213440048123175 91.320334669564928731
70.906258639265800525 91.284752509731731607
69.402497435348038834 90.959275353013310905
68.212454274640819563 90.256674796679433825
67.208711281311295238 88.9270440617393092
65.746368460215805385 87.8814102877240515
64.411335627992130526 87.043460718932365694
64.929939713367261334 85.877031558479387741
66.175039853934151779 84.567104825413835556
67.422043062098154564 83.25680219824839412
68.669046270262143139 81.946499571082981106
69.916049478426145924 80.636196943917568092
71.135501676926764958 79.330047003253469029
71.460343710780477977 78.170649518210908013
72.060690018167051107 77.051588583388792131
73.253489583006370367 75.770478552731646005
74.429049221161079686 74.618465486017285571
74.260812005219833054 73.961699026744597063
72.558686744581621042 73.2920700316337701
71.00216450452386141 72.384656693647400516
69.658254125798080736 71.318133884450915616
68.017979467512788005 70.600676806100935323
66.348611072427360114 69.915917089645589044
64.679242677341932222 69.231157373190242765
63.00987428225650433 68.546397656734896486
61.340505887171076438 67.861637940279550207
59.953504607873867371 67.199706398901852822
60.276435694887531724 66.284622688157554649
60.884163161939035547 64.856488977343389024
61.529361565905219322 63.605979481248901664
62.271545396358085611 62.387752879426841446
63.212015895902439411 61.079134976746900065
64.255272398154033908 59.849958894384407415
65.420968760397258279 58.684057239634626058
66.778224527527072496 57.541127446175302396
68.249055566908452874 56.511793047067371276
69.74191380321035183 55.651812858222513114
71.414774653726226461 55.448607875484611895
73.000977651253805334 55.632182490916854078
73.776792308688982303 54.376156300995177162
74.582857969933201048 53.882872507197255629
75.560275032214491375 53.688590997486123513
76.84956030707233765 53.747122347924644714
78.398570364145925282 53.404031827907388674
79.985372128354455867 53.50763033045359407
81.618508816355443969 53.765701818650619259
82.914632160733944488 53.788847365669141709
82.989960174820936345 55.018101826920847941
82.720696306201418224 56.807452827971196996
82.451432437581900103 58.596803829021546051
82.182168568962381983 60.386154830071895105
81.912904700342849651 62.175505831122258371
81.64364083172333153 63.964856832172614531
81.416573600597075711 65.756620930710397488
81.746760088843942071 67.404724599368506688
82.906175631751281685 68.357438997311760431
82.992852242190338075 69.759322008496141621
82.041148181204661682 71.016817371821332472
82.6667097081835891 71.020338605076318572
84.033810566008526166 70.453884379392277992
83.614715752637351898 71.072137555709957724
84.021483997730626925 71.481118593213807344
85.782523476903094206 71.25504129282977317
87.57032105148834944 70.984087869142143745
89.356023727898133302 70.710106152684247149
91.141726404307888743 70.436124436226336343
92.927429080717658394 70.162142719768439747
94.713131757127428045 69.88816100331052894
96.45899738564207837 69.654870279174815551
97.277982692747656301 70.377908932647940787
97.656269750666368168 71.961172596245532418
