-67.874111578552998481 -68.7536163330078125
-67.703502841061634854 -66.648985614325724214
-69.995269732066034862 -64.984465386801815612
-68.268492009509586183 -62.430927807467810453
-69.652555464001778773 -60.70602974850283573
-70.265448094962991377 -58.671760473732533114
-72.217214697944257296 -57.48456676108355623
-72.642938140159003524 -55.171206767412151351
-73.638878538973642662 -53.10635580654769683
-75.966026159944533447 -52.565012058367578618
-77.140445932541268803 -50.415903851372981137
-79.815422478375197102 -50.982272142566131379
-81.871689323713127351 -50.730569927880935666
-83.432140501895020179 -48.544417673645824607
-85.70252776231568248 -49.485028928966897865
-87.72772979736328125 -47.267652068904240537
-89.731635802507412336 -49.68771751017639815
-91.353892037718722463 -51.693861875439161224
-93.633447590795711335 -50.577701236331293444
-95.642908870089797801 -50.975822074076830859
-98.237341622962404131 -50.550435761664353151
-99.113745227829369355 -53.082112941509087989
-100.78743625562579211 -54.24935387706774037
-102.84298392381745657 -55.143778232558389618
-103.8099346063303301 -57.069215357161262148
-106.87456446522611486 -57.699187963130007972
-105.65971372094939795 -60.76978556400707987
-106.47553965617987615 -62.662084713648340539
-105.03952928252054733 -65.073879558204296814
-106.56462593034966346 -66.773779851626244408
-107.66620241228812915 -68.7536163330078125
-109.06522504879998792 -70.996276228876922687
-108.61541106881128371 -73.193430286538216478
-107.62890209941619446 -75.21990205274093455
-105.77639963856520922 -76.78940276939982823
-106.36079683390359207 -79.511420870396520399
-104.06785191228867404 -80.625408976338889033
-103.34035442450579012 -82.811292921805403466
-101.40443409649387263 -83.943119895530642793
-99.741441952024672446 -85.289066116874437284
-98.05060122953688051 -86.633349136411865743
-95.810334494669945116 -86.90745872435070396
-93.387074312845086865 -86.171273087726220297
-92.255304250898063856 -90.054186579817042002
-89.754132818665411264 -88.03355634495368065
-87.72772979736328125 -89.223470109975522746
-85.698045828791180156 -88.064842953184140129
-83.4305165491336993 -88.970459046721771301
-81.57943652643517396 -87.676124712666705818
-79.532241672595745285 -87.160999263256698555
-77.415704987378347823 -86.61456224094125389
-75.068443446542971742 -86.177633731710898246
-73.561792668243910498 -84.486485387056859508
-72.063543204191773839 -82.857719545132923145
-73.205926361397558821 -79.304328211222554046
-69.392277071193603888 -79.33959785880058746
-70.785787636543318513 -76.296658954359713789
-68.57687689618018112 -74.976108393078860104
-69.255923595373758417 -72.679920160451146671
-69.542528862743196783 -70.664957659488493391
