-79.979252264588154731 -92.196441650390625
-79.808635897141527948 -90.091810937043433682
-82.100402819565573509 -88.427290559004802617
-80.373632721366746523 -85.873749230681397648
-81.757688518979051651 -84.148851254924323939
-82.370581135990860844 -82.114585818157451058
-84.322347938797761913 -80.927395639616264589
-84.748078854514432123 -78.614028238644863222
-85.744003421399497711 -76.549185429186280771
-88.071159214961156181 -76.007833562233031444
-89.245586521568128546 -73.858733039460830128
-91.920563203165968957 -74.425101257391105491
-93.976822624801997108 -74.173387536443158297
-95.537273291772493167 -71.987246862428108329
-97.807661067271993716 -72.927858034948002341
-99.8328704833984375 -70.710477386287053037
-101.83677647210355133 -73.130546640528663715
-103.45903262448698001 -75.13669098641940991
-105.73858837646488951 -74.020518956692654911
-107.74804951786973106 -74.418651189124602752
-110.34248239317588514 -73.993264942344808333
-111.21887849855106367 -76.524934599733597906
-112.89256936816325094 -77.692183059477585516
-114.94812457764452063 -78.586599699473239866
-115.91507528136303051 -80.512044474097763214
-118.97969732075043225 -81.142012932169194528
-117.76484682729709164 -84.212607178336497782
-118.58068035832481257 -86.104906265914678443
-117.14466996855570358 -88.516704875587109314
-118.66975899140567208 -90.216605211018588761
-119.7713430983232854 -92.196441650390625
-121.17035809937605961 -94.439101603960153852
-120.72055175484643996 -96.636255603921028978
-119.73404278545135071 -98.66272737012374705
-117.88153271055848847 -100.23222805230001597
-118.46592974600443426 -102.95424643812955878
-116.17299259832383029 -104.06823429372170153
-115.44549491916937711 -106.25412608112225143
-113.50956697717573718 -107.38595300074203465
-111.8465748194472269 -108.7318992011267369
-110.15574180890745026 -110.07618214477204788
-107.91547518070510137 -110.35028404173351646
-105.49221518789828167 -109.61410597308784531
-104.36044507474673537 -113.49700423851216158
-101.85927352904367638 -111.47638928917245948
-99.8328704833984375 -112.6663030567528665
-97.803179082076070472 -111.50767592062958045
-96.761014164502796575 -106.64840701791638367
-96.802466704334108272 -101.52304093984942313
-95.629897870117375192 -101.63647073647386776
-94.149439417268155239 -102.04044284571538981
-92.169861577712069334 -102.74368182858444243
-90.672587116620945835 -102.36997724621868144
-88.698934514300134424 -102.22148915940870495
-88.466928040365203856 -100.45428408743511284
-82.703701508960449473 -102.08598184171128764
-82.890920784989603476 -99.739484477941360296
-80.68201758221533737 -98.418933710461672604
-81.361056670409197977 -96.122745564374753258
-81.647661926530403775 -94.107783044866508249
