-9.8967918611457790234 -8.9760532379150390625
-9.7261774018548230458 -6.8714215632150246194
-12.017946215391006604 -5.2069022191191196569
-10.291172292102356067 -2.6533647123750379038
-11.675231933912716187 -0.92846545679045000554
-18.391775590976735089 -2.4181441730009627378
-21.506704561196215764 -2.9866532392333722257
-22.336121985207093132 -2.3002008152865052182
-23.213100974345884708 -1.7156355555608104879
-24.862926335692886681 -2.2490077830027388472
-24.412716118238577678 0.26910299576538321276
-25.222420284369167831 1.1939777749515485539
-25.324295775302516631 4.6461195875361642749
-25.454812901143846204 11.23314346011975573
-27.725196954693217322 10.292534203319757324
-29.750410079956054688 12.509911026188529348
-31.754317914245390853 10.089845593135887469
-33.376570596836444338 8.083699273221455428
-35.656122431140993001 9.1998655825467068325
-37.665591007506058929 8.8017400907273142252
-40.26001992530598983 9.2271273755175791109
-41.136419913283141625 6.6954505396706789355
-42.810107134281807362 5.5282095752827142832
-44.865666116180975109 4.6337862903558271199
-45.832612989009604121 2.7083489197908114932
-48.897238885821522558 2.0783751359472422138
-47.682388307273086525 -0.9922213347170698583
-48.498218034041215674 -2.8845216266104545255
-47.062211462974310905 -5.2963164184757030029
-48.587304311948841473 -6.9962158633233020311
-49.688880787532269778 -8.9760532379150390625
-51.087903408102881997 -11.218715192803639269
-50.638093264335871879 -13.415867165178671172
-49.651580505135910926 -15.442336002831073216
-47.799074202005918721 -17.011837760458760727
-48.383471286045640625 -19.733857963066405716
-46.090530289982027057 -20.847843970526422908
-45.363036657525142914 -23.033729778869741267
-43.427104684921474131 -24.165560756878626592
-41.764116390564097969 -25.511506925122535705
-40.073279478595452474 -26.855791836218269708
-37.833016665329807893 -27.129891823145364071
-35.4097494042040708 -26.393713634859359729
-34.277982567411889647 -30.276617775161881241
-31.776814962876052562 -28.255997069364667595
-29.750410079956054688 -29.445914644277277006
-27.720714985354092619 -28.287283706218246948
-25.453188919449800665 -29.192890169454702942
-25.032042755185912597 -23.497686534982122453
-24.939239311267783705 -19.782119697441515882
-24.473598694393043473 -18.115754307257233791
-22.653810265231079768 -18.743681121124232902
-21.29208402032269376 -18.369976890115754742
-19.482312857026592212 -18.221488872484535193
-19.676734712685970408 -16.295005534456656449
-11.414952515560351287 -19.562034642716376709
-12.80846420189137902 -16.51909417080025122
-10.599557173038668623 -15.198542419314836849
-11.278600072466669957 -12.902357108628779159
-11.565203411651204135 -10.887396361007924739
