-69.395822961386656402 -71.760018250014425689
-69.511413592108880266 -70.460853696990938033
-70.38347137116809904 -69.504646059686919557
-71.172668474615335299 -68.606344105919106369
-70.790304009549330999 -67.492670017229229984
-70.248642481219121692 -66.330759433246740286
-70.642346934381635037 -65.212641668924433702
-71.282732627221577104 -63.999396804331126987
-71.818943812265800375 -62.727200177250949764
-72.773707986632715006 -61.764966372130508887
-73.717578705263477445 -60.811054675616055931
-74.113404809644791271 -59.48683385041059779
-74.94220237317711053 -58.490137440066874319
-75.874877513062372714 -57.588521302979117422
-76.837399121394312829 -56.770458016413485325
-77.876409616367411104 -55.996126830240655181
-78.89715205014262267 -55.330873156539581714
-79.84255224654958738 -54.789707561012853887
-80.947794598449490877 -54.509472375384412146
-82.361482592613739939 -54.503917254713080354
-83.597360717369028293 -53.996116084406104108
-84.516109186011320276 -52.992338103562929064
-85.599909932057201445 -52.756906938373667515
-86.821879140170565847 -52.844736031418570121
-87.915285988294129993 -52.45942674368548353
-88.880632229127400024 -52.415738033876614566
-89.765999925824871752 -52.416685861380202027
-90.691768425972767886 -52.604223833080546058
-91.598089338078096944 -53.708847006533652291
-92.522595026956111042 -54.752473953236126647
-93.623800460724638128 -54.960349452229948497
-94.901204332035234756 -54.479973612137008843
-96.263673263561074123 -54.445250181629418762
-97.665387071904845584 -54.520883725920704421
-98.80160611699228923 -54.811420509247412269
-99.726261106880528473 -55.342823505429166175
-100.54386691249136732 -56.171982340913068299
-101.41575973016416867 -57.222220587235334222
-102.61187851537253835 -57.978386293015070407
-103.82320534108575316 -58.658773864246981589
-104.71237257828225609 -59.663059389742883809
-105.5146277880761545 -60.700288964751251797
-106.10557780817913454 -61.565252454952215544
-106.5710839683978719 -62.32290909867610651
-106.97831282964138211 -63.05476298976491023
-107.39298751685024058 -63.884113035683242288
-107.57137726793511945 -65.137466248745951702
-107.77894402813321051 -66.431117629803935642
-107.2593201126407223 -67.65453470061837038
-106.97160672373213686 -68.82879663554727756
-107.67626846568634846 -69.937109160954861409
-108.50567342084352163 -71.112130234645434257
-109.22488613288503245 -72.356765675059435239
-109.2701999443525267 -73.537094907033790037
-109.17214737075880748 -74.685873749105283537
-108.98478302924715422 -75.958768076395912772
-108.70654023252428999 -77.254888283850917219
-108.34958607139705578 -78.509337354063532644
-107.93719532210718626 -79.672578500334338969
-107.45747817169879568 -80.800302918175447076
-106.95972695853772905 -81.80286679049272891
-106.43555766102437588 -82.72818640770755394
-105.80806748313875687 -83.704961640440075143
-105.05965724556034502 -84.727688699654194693
-104.24591421453905582 -85.703281324329537938
-103.35207511491158527 -86.644812927584482054
-102.34669394217557681 -87.571565246183979525
-101.25680978463520887 -88.445027010611170226
-100.10808877776692327 -89.240635431425587853
-98.945939200340433217 -89.93250805210037413
-97.747626280755156358 -90.46418283375153635
-96.367648565217493228 -90.2509023133196564
-95.184922953439823345 -90.166638836654882994
-94.580314735724670072 -91.141338097864263545
-94.024171991334824838 -91.845812370737888841
-93.342968195963010203 -91.998792890010150813
-92.522865814640340432 -92.150232905362997826
-91.50670993201228498 -92.045605785813862099
-90.314353601778762481 -92.287157638027366602
-89.082915096970396007 -92.410101649666088974
-87.841966070221715768 -92.104619132129982972
-86.560808893232859873 -92.045275694024979884
-85.330615124608314659 -92.013056035485888629
-84.097176832176543826 -91.72219780260380162
-82.794149905562136382 -91.29489384314828726
-81.479052986388794011 -90.817900070265821455
-80.21105107757593089 -90.22579691287131709
-79.020136625875380787 -89.566041346514211341
-77.937932060427343117 -88.869125433093330457
-76.906007896271816549 -88.106573868282524131
-75.888082022155899153 -87.246030459188332884
-74.943198875059252373 -86.333491698391725322
-74.245224816357051623 -85.575502846306548577
-74.270665941583118297 -84.546625550009053995
-74.478439287010374414 -83.367962136123964001
-73.616109266563213964 -82.979971953622822411
-72.296725541233598733 -82.938583685008183011
-71.929520147993599721 -82.320894844534663548
-71.62098546085744033 -81.568019636610955558
-72.033477902581267927 -80.330972794916803537
