4.8536182188102774404 1.7587145566940307617
5.2651794500666433407 2.6351156143879519433
3.1695098513522976802 3.085649123747151279
5.4381043856800914682 4.5242136732339979233
4.8042697793702178188 5.2660033044751983766
5.1417784995241415658 6.5016503633506808058
4.3301789409612254644 7.1376043841715297589
5.2218995773929002269 9.2276807879366877785
5.7062449662669152417 11.509310390028655746
5.0060044827632026454 12.878827012590861045
5.5872840455319021657 16.759162038556780772
4.7775796624914921296 19.391921128421806486
2.7828135430328115874 19.781763066465153145
1.2223634129257137104 21.967911382917787222
-1.0480203263956648918 21.02730211361046031
-3.0732324123382568359 23.244678940006888723
-5.0771409330707673035 20.824613509982572879
-6.6993935600113401208 18.818467204992980868
-8.97894863038382951 19.934631649534424014
-10.988415448083260983 19.536508974948212369
-13.582843492713369216 19.961895264548974893
-14.459244341918420673 17.430218012625999791
-16.132929697614418529 16.262977018988287625
-18.188488683761761422 15.368554684587511616
-19.155435558966946274 13.443116596351481817
-22.220063404206289448 12.813143218494504438
-21.00521277801580311 9.7425463573184138966
-21.821040605018279024 7.8502462866653672791
-20.385035933239876726 5.4384515324332625141
-21.910124973084858624 3.7385513572758384271
-14.938472614924846127 1.7587145566940307617
-16.44705335251181566 0.35306971139506693191
-16.324731123485094031 -1.0579792725088479344
-15.880038891924202815 -2.4024703252753445426
-14.777757675015413596 -3.4524770149029944122
-16.312556104571712012 -5.8850128875468739054
-15.15977848423408858 -7.0226748912422198856
-15.749732540943583103 -9.6552602877151727512
-15.294082322718464795 -11.813918196725859744
-15.086940890827808204 -14.77673994891152276
-13.39610307360335284 -16.12102102065482967
-11.155841127180000427 -16.395122009235251426
-8.7325755249551857418 -15.658947714411123542
-7.6008056779870827313 -19.541849847965796272
-5.0996379884202589494 -17.521229157868454251
-3.0732324123382568359 -18.711144823110284818
-1.0435383600798626702 -17.552515789190000106
1.223987395740959272 -18.458122264377699651
3.0750665623391775227 -17.163799431746390667
5.1222598070223952504 -16.648662513832810816
7.2387921166038147192 -16.102234117662206359
9.5860575247451347281 -15.665307483917260356
5.7833307378435971913 -8.0774939466231572283
5.8012948600243401387 -6.2319399292782513555
3.3414668787998813571 -2.901834549569805688
6.0149497073138267211 -3.4883468361661496004
3.6710374358947577278 -1.2440269163699086974
5.1297194915369086488 -0.9065844218872944893
3.9088560514532177947 0.2746262705043815977
3.2947666574530174444 1.0894114253263120773
