-0.49404777654914511231 -9.6301603317260742188
-0.32343385375475364185 -7.5255286565050738545
-2.6152019815416736037 -5.8610093140643719778
-0.88842883518982418423 -3.307471800537508777
-2.2724878786958697674 -1.5825725515505197905
-2.8853795443803633702 0.4516953015959686013
-4.8371450236501338793 1.6388905126331092532
-5.2628707817566695581 3.9522508917800216466
-6.258808652052817223 6.0171005326795672374
-8.5859583335835178985 6.5584448958302310473
-15.64377979464454782 -1.4827946737580148806
-17.395529610284373945 -2.9995639886579557043
-18.35522771817283072 -3.4980791542222275936
-18.694736068445017452 -1.8537554094565154017
-19.663610858759220434 -3.1218506087420250239
-20.347658872191722423 -1.0140357358969094292
-21.010412092735137435 -3.3245392697626803269
-21.331152673417403065 -5.003199906623231108
-22.389768854173716761 -3.3452107975085185743
-23.302662938496094824 -2.9931142165339368333
-24.973873462061707329 -1.6173262633248590703
-31.733675627201030522 6.0413439175159879824
-33.407362841068916737 4.8741024814716791269
-35.462921820955074281 3.9796794371990404926
-36.429868695796713496 2.0542418259797763369
-39.494498506503326496 1.4242679001235458713
-38.2796440140601959 -1.6463284285281050145
-39.095473740828325049 -3.5386287204214896818
-37.65946716976142028 -5.9504235122867381591
-39.184560018735950848 -7.6503229571343371873
-40.286136494319379153 -9.6301603317260742188
-41.685159122102547258 -11.872821264317479972
-41.235348984256361859 -14.069973243527661211
-40.248836224890467861 -16.096442103058109296
-38.396329904482698225 -17.665943910276631357
-38.980730848506134123 -20.387965939579050456
-36.687786001247374656 -21.501950104499378824
-35.96029238823369667 -23.687835892439007779
-34.024360402129659064 -24.819666887632159558
-32.361372107304262613 -26.165613058027940241
-30.670537152251384327 -27.509897941990992365
-23.799418735205989606 -17.382930222374557871
-22.383728358930692792 -15.896530492423313063
-22.389788946116642165 -19.237612599943940239
-21.11064907963381998 -16.889505707230274112
-20.347659723067874182 -17.969861406362113598
-19.581385313703183471 -16.920792413550064026
-18.53588943963274005 -18.153884845449546503
-17.822638791035654293 -17.40138260411399429
-16.783023598949668553 -17.636470721288375785
-15.491983571819170962 -18.040442614132700783
-7.6883755338887755926 -27.054180527998212824
-6.1817228338814551591 -25.363032155230186504
-4.6834757495739207656 -23.734262472299114677
-5.8258569708265657283 -20.180869819771217522
-2.0122084884570412555 -20.216142738163952686
-3.4057201700029935409 -17.173200362384513085
-1.1968137129228075821 -15.852648555241287909
-1.8758558495323143234 -13.556463298982215804
-2.1624598712978695403 -11.541502575370902406
