81.190742865111175774 67.542054812700385469
80.474278915318848249 68.223868332249992363
81.633079227054196281 69.029491773546936884
83.238238781303508063 69.895798370681902156
84.832568495607446835 70.765739033098739696
86.425797690162639242 71.636048986348328071
88.019026884717789017 72.506358939597845392
89.612256079272953002 73.376668892847376924
91.204108683655064738 74.247546322483287895
92.27044798948482196 75.335057862606788603
91.81045425864736842 76.860675238727807823
90.505394788704634834 78.037059634470153924
89.757600848971094365 79.576083975286749705
88.794924017470336253 80.938800170936616496
87.59396251118873522 82.068579992549516078
86.303948834241310806 83.095645872411665778
84.979818801632873715 83.98468319948327121
83.75918300170273767 84.677589712216587259
82.150094348431125013 84.818357596867656412
80.433644889460879313 85.190538417245477376
79.14074240162979379 86.278798380376898081
77.729579050985023514 86.301816807060347969
76.310635652393941086 86.117739037693482373
75.207030504208773891 86.936400298685626353
74.154754675514311657 86.945802956936915962
73.029227465026323785 86.585984810601360095
72.589127575793909841 84.957229501317613085
72.697013418228422665 83.159146053331653548
72.82248840910006038 81.355627540901252814
72.947963399971712306 79.552109028470894714
73.073438390843350021 77.748590516040565035
73.198913381715001947 75.945072003610178513
73.324388372586625451 74.141553491179806201
73.371301964296350206 72.469790315316856777
72.471022910351109658 72.066017246093608151
71.445972743327800458 72.143502677632611153
71.106159473240637681 71.072600564143783686
69.69937157094815916 70.745591881336380879
68.075999264243961306 70.984884236410564995
66.360274138055402204 71.553768930743657961
64.656452018045683872 72.139717040009571747
62.954098019403971875 72.727704298919604753
61.251744020762231457 73.315691557829637759
59.549390022120533672 73.903678816739670765
57.850181293460764209 74.484222747220883321
56.459342363476849869 74.337652663270361586
56.065739254430127403 72.84187764397060505
56.728220773071335259 71.280280763260620347
56.436093082572604374 69.817340658137581499
55.355946002184381882 68.333114204761528754
54.503325712092198785 66.741456468639739796
54.574185933211353472 65.254054842461997055
54.771154321790859854 63.680208119084021234
55.120554394732380388 62.014265360595423715
55.593943385907643062 60.431467067371549717
56.168906098552106698 58.955795262257581157
56.801258382341238473 57.638887973213542182
57.221847485661918142 56.879677780845440793
58.265066199262292912 57.097753049683696247
59.956274677461365741 57.73780177257530255
61.647483155660424359 58.377850495466901748
63.313267035517519332 58.895652084406542315
64.816486614440435687 58.366221089051663284
66.380177710156999638 57.531219909301867688
67.384633203461220319 56.134376660645990853
67.548827626521472212 54.405048205356777657
67.206994954646930296 52.619370446540585817
66.838883747199531626 50.831345352945305649
66.671694431736852948 49.362804133151080066
67.670147563156135107 49.747739210629042361
69.020967776009953809 50.538324815558503644
69.799664176273466865 49.522014773953770828
70.450402538796325302 48.203113859015765286
71.56254843944196864 48.836563521732330173
72.900185202394595763 49.63081181401031472
74.458209176606345636 49.258817503567804863
76.055427505856599169 49.626933491016139044
77.615504306556275083 49.079910583258921974
79.290192524096823945 48.34359301314380275
81.084146184045891914 48.198588366497631341
82.783994019258244634 48.744077389384045773
84.370618929723406154 49.55298033682154113
85.79257295546275941 50.440381067787498637
87.119555891296940331 51.430973942977281865
88.403054658504643726 52.56940449114865288
89.427144589515350503 53.635387395791170206
89.5041548649109302 54.908396897392705682
89.535885857698545465 56.202995527895353689
91.081417454595381855 56.379084735458462774
91.763159113128892841 56.846295616381851801
91.278729576814939151 57.377058044979321494
89.761890183660995035 58.363864309151139764
88.24505079050706513 59.350670573322958035
86.728211397353177858 60.337476837494790516
85.211372004199247954 61.324283101666601681
83.69453261104533226 62.311089365838419951
82.187560863219559337 63.298195471962827696
81.42274173673663995 64.318731482772577124
80.695788301586745206 65.445763906176296132
80.294591129305430854 66.5056083696319007
