81.172458245665822574 66.308738564156570305
81.495494653949890562 67.140527044185432715
79.72587605452915227 67.614761781198609469
82.459519973860864184 69.193382044990144664
91.65667151055978934 74.356313883014294674
91.043786539790389156 76.390586911334736442
89.092012216707445305 77.577776939687140612
88.666296501660724516 79.89114443420679379
87.670356402630048365 81.955987500517352373
85.343208460820093819 82.497339167259156056
84.168788925637485931 84.646447237424879972
81.493811927916709692 84.080071549612327431
79.437545050979252892 84.331785193049029203
77.877094384008756833 86.517925867064079171
75.60671402678208608 85.577322346128539721
73.5814971923828125 87.794695343205134463
72.893836884369662243 72.85140980440591818
72.791883688232942973 70.023564612646495675
72.034299376761893541 71.070522468414111472
71.501278654850594307 70.980991559061294538
70.301591501017739461 71.989698855148105849
70.665268784682609748 70.322584059021934877
70.046997666724379883 70.234200434549023839
68.792979513056408791 70.620332329220303791
68.184244136959947014 70.230066677335429404
54.434666439775369895 77.363159623151162236
55.649520901071511503 74.292558039874265319
54.833694936382187279 72.400266431357948704
56.269693911503559036 69.98846794317671538
54.744604871886004105 68.288567539478364665
53.643024577457964597 66.3087310791015625
52.24400575867564811 64.06607115438224298
52.69381209507119479 61.868917178104702259
53.680332553431483689 59.842445255628845757
55.532834982464073903 58.272948453164822524
54.948434042809644495 55.550926416537762975
63.820449917907424719 59.216918167965090447
64.634651561401156528 58.252954340159888602
66.085258860713707918 57.983309610598325889
66.928922547580668834 57.152244678710395931
67.544270322092359038 55.851949002640353115
68.348387464877959019 54.554974121073946947
67.92215248788296833 48.891066756404342186
69.618101700584986702 47.662388937538892719
71.868486706800879915 50.010495789941728617
73.5814971923828125 48.930140119516664754
75.297803400493862114 49.979209130890261292
77.314547572624931604 48.74611664811032341
79.729798068552213408 47.386215062200271575
81.776993004690808675 47.901351989438168744
83.89352975876357732 48.447781429795135466
86.240791277555985062 48.884706127260621145
87.74744208649195798 50.575858332445754684
89.245691599111125925 52.204628071509361575
88.10330044240848224 55.758022759659631618
91.91695765971411447 55.722749746895061662
90.523439250103336917 58.765692040881873481
82.49070429320839537 63.41395588529656635
80.58925308213484584 64.819187109736347452
79.702481392821027839 65.665393978063889335
