3.3474756025383030078 -9.5115690231323242188
3.5180895848869617737 -7.4069373474320148176
1.2263214896046790159 -5.7424180179470134533
2.9530944526553284391 -3.1888804862951962704
1.5690354124634922073 -1.4639812462783847735
0.95614368386585368853 0.5702866133587143338
-0.99562172203481758004 1.7574818047999656301
-1.4213474976542439521 4.0708422065688303348
-2.4172852765222589966 6.1356923481472449566
-4.7444346864345749992 6.6770362045397995132
-5.9188587934557741477 8.8261434827545777182
-8.5938315575604491414 8.2597742470155210981
-10.650096588062879732 8.5114812511116255678
-12.210546457824866806 10.697628642752349037
-15.834552997840452448 -3.121850626340477497
-16.50614166259765625 -1.0140357358964298129
-17.156423456508633762 -3.3245392709434655742
-17.464423629893964574 -5.0031996484646654721
-18.509710732209320838 -3.3452108516432907948
-19.408341331049427936 -2.9931141427167995417
-21.063883385053557618 -1.6173263982289007856
-21.230650617258518764 -3.0088365503511713683
-22.496468538188867825 -2.8586337111891007012
-24.545637795610360854 -2.2727722060522719261
-32.588346475002964553 2.1728331400747524782
-35.652972424730116074 1.5428592958031988047
-34.438121791409969319 -1.5277371067875211708
-35.253947711951369115 -3.4200374198826271055
-33.817944943476909714 -5.8318321590571695623
-35.343033988345652574 -7.5317316590429745915
-36.444614277522504153 -9.5115690231323242188
-37.843633089092264754 -11.754229970148841744
-37.393826773042661671 -13.951381908667144671
-36.407310184969574607 -15.977850820399243759
-34.554807683847663213 -17.547352610303537546
-35.139204780877051348 -20.269374693572856927
-32.846263790957756612 -21.383358786949152375
-32.118770214514768213 -23.569244536002365464
-23.993035916805691699 -17.826611632898661242
-22.568077114638953162 -17.855113929262060424
-21.441132539002744295 -18.059229701591771544
-20.010693847995618455 -17.382930216995475803
-18.580739670153029408 -15.896530699204976855
-18.573470080161968099 -19.237612675187037325
-17.281591230604963272 -16.889505723578885465
-16.50614166259765625 -17.969861406362241496
-15.727400207860997128 -16.920792384848265755
-12.208922463954046123 -29.728405012584982359
-10.357843638393742225 -28.434082176067718706
-8.3106506510322297743 -27.918949080882530467
-6.1941178930305973438 -27.372519749518762211
-3.8468519105691374449 -26.935589236833280324
-2.340199448112999292 -25.244440867454962074
-0.8419524800361912753 -23.615671186076156118
-1.9843336515944294263 -20.062278470503095207
1.8293147285210835662 -20.097551452256098514
0.43580312971873169658 -17.054609031237770722
2.6447095762142502906 -15.734057248320034716
1.9656676205429022275 -13.437871982951365979
1.6790635680363017457 -11.422911260668206168
