-75.400257513611592231 -73.7754058837890625
-75.229641151499890839 -71.670767490289080115
-77.521408068589011009 -70.006254792403240117
-75.794637970390184023 -67.452713464079835148
-77.178693768002489151 -65.727815488322761439
-77.79158639853534396 -63.693546213439475423
-79.743353037632459746 -62.506352450337324456
-80.169076423143962984 -60.19299252868383121
-81.165016622280361958 -58.128145557540385369
-83.492164463984593681 -57.586797795631468944
-84.666591964608130638 -55.437689531449223068
-87.341560958132347992 -56.004061615836157273
-89.397827932652560889 -55.75235556542476445
-90.958278592050874067 -53.566203455537440448
-93.228666291499493468 -54.506814641558065659
-95.253875732421875 -52.289441619685490537
-97.257781754005009134 -54.709503247988195085
-98.880038072044172281 -56.715647632622960828
-101.15959357567132315 -55.599486988601825033
-103.16906226269762215 -55.99761154834763488
-105.76348747384270155 -55.572221449147974681
-106.63988374757450117 -58.103898833132028301
-108.31356713523140911 -59.271143610933656021
-110.36913751406308393 -60.165563997287847542
-111.33608055239136547 -62.091001108388823582
-114.40070239560199639 -62.72097304919596894
-113.18585207632052914 -65.791571411734935282
-114.00168560734825007 -67.683870499313115943
-112.56568280902313006 -70.095668930442300848
-114.09077190741786012 -71.795562172707050763
-115.1923483473467229 -73.7754058837890625
-116.59137098385858167 -76.018065779658172687
-116.14156465559710796 -78.215219732252393214
-115.15504813821431185 -80.241683654850220364
-113.30253792509930122 -81.811184733753151477
-113.88693499502787176 -84.533210671527996283
-111.59399784734726779 -85.647198527120139033
-110.8665083526421995 -87.83307443928087821
-108.93056458758303506 -88.964909613049130144
-107.26758014809509234 -90.310855747280143646
-105.57674705793088776 -91.655146378170485377
-103.3364879819968678 -91.929233050681702366
-100.91322024790368062 -91.193062638507470297
-99.781450323770172872 -95.075968471910599078
-97.280278753724005014 -93.05534589573493065
-95.253875732421875 -94.245267290151303996
-93.22418435419507432 -93.086632527060928055
-90.95665455895039031 -93.992240905224250014
-89.105574867877564316 -92.697914275073046042
-87.058379888352121156 -92.182773515219409433
-84.941851025518218421 -91.636359480631028873
-82.594581368387650855 -91.199423003631025608
-81.087930727280607357 -89.508274715773794128
-79.589681121160666066 -87.879501034829871742
-80.732064937248310343 -84.326118133883809946
-76.91841526509057303 -84.361387215995563338
-78.311926240211761296 -81.318441545075330623
-76.103022815947355184 -79.997890267403448661
-76.782061919432635477 -77.701709797773190758
-77.068667175553841275 -75.686747278264945749
