-75.784840033142842231 -75.4690399169921875
-75.614223671031140839 -73.364401523492205115
-77.905990588120261009 -71.699888825606365117
-76.179220489921434023 -69.146347497282960148
-77.563276287533739151 -67.421449521525886439
-78.176168904545548344 -65.387184084759013558
-80.127935557163709746 -64.19998648354044235
-80.553658942675212984 -61.88662656188695621
-81.549591390165574012 -59.821775886122026122
-83.876746983515843681 -59.280431828834593944
-85.051174484139380638 -57.131323564652348068
-87.726150894209453668 -57.697691929108330555
-89.782410452183810889 -57.44598959862788945
-91.342861111582124067 -55.259837488740565448
-93.613248811030743468 -56.200448674761190659
-95.638458251953125 -53.983071838191349912
-97.642356956955396186 -56.403137314069276442
-99.264613896208842903 -58.409281864359613223
-101.54416877244990758 -57.293121121438929322
-103.55362990538567658 -57.691241936906628496
-106.14806999337395155 -57.265855482351099681
-107.02446626710575117 -59.797532866335153301
-108.69815722826027127 -60.964773779109719953
-110.75370465880402548 -61.859197901658603769
-111.72065545851557999 -63.784635163596860252
-114.78528508930511975 -64.414611198770757028
-113.57043459585177914 -67.485205444938060282
-114.38626050795375022 -69.377504564735801296
-112.95025014566643051 -71.789303320732059888
-114.4753468019699767 -73.489196247919863936
-115.5769308668779729 -75.4690399169921875
-116.97594586793074711 -77.711699870561716352
-116.52613197674098444 -79.908845851893119061
-115.53962299464403429 -81.93531779179284058
-113.68712044463055122 -83.504818766956276477
-114.27151751455912176 -86.226844704731121283
-111.97857271145494451 -87.34083259614915562
-111.2510752687608715 -89.526708855227241202
-109.31515482909902914 -90.658543562883636469
-107.65216266762634234 -92.004489780483268646
-105.96132957746213776 -93.348780411373610377
-103.72105532433437247 -93.622867047556241005
-101.29779571977793751 -92.886696482692570953
-100.16602456554500122 -96.769602642927182501
-97.664853875470086564 -94.74897990459497521
-95.638458251953125 -95.938901323354428996
-93.60876687372632432 -94.780266560264053055
-91.34123707848164031 -95.685874938427375014
-89.490157387408814316 -94.391548308276171042
-87.442970084836602496 -93.876407569597049019
-85.326433545049468421 -93.329993513834153873
-82.979163887918900855 -92.893057036834150608
-81.472505370790145207 -91.20190852691264638
-79.974263640691916066 -89.573135068032996742
-81.116647456779560343 -86.019752167086934946
-77.30299778462182303 -86.055021249198688338
-78.696508759743011296 -83.012075578278455623
-76.487605335478605184 -81.691524300606573661
-77.166644525504580088 -79.39533660872430687
-77.453249695085091275 -77.380381311468070749
