-74.102716882285079691 -67.801857849623800689
-74.218307513007317766 -66.502693296600313033
-75.09036529206653654 -65.546485659296308768
-75.879562395513758588 -64.64818370552849558
-75.497197930447768499 -63.534509616838597879
-74.94746712795199528 -62.415073464023109295
-75.606477908088365325 -61.637669650333229754
-76.688794851074447934 -60.931379520774157754
-76.92975801722555218 -59.755936185651201242
-77.086562238653883128 -58.481816288240125346
-77.989335278428342235 -57.495413638113291199
-78.635401131413146913 -56.317102964980598756
-79.138884557800807329 -55.078332363816457473
-80.047249169582968875 -54.132701098418692709
-80.985701671631105114 -53.27424710492333304
-81.983615801948261037 -52.472062664511689434
-83.029809724355388312 -51.736032924070492811
-84.014986286858047038 -51.129064494273329444
-84.959307841592348609 -50.617596716077592589
-86.2585909850097039 -50.59226117599752115
-87.644089709155778678 -50.409850840710717534
-88.713916043519290611 -49.616252993481126055
-89.680423207749001335 -48.927128967796996051
-90.804604161793889716 -48.711481226734761663
-92.027824351602120601 -48.835565842704170336
-93.050882138796836784 -48.476093803111751868
-93.969807644455116247 -48.453178277345301694
-94.86229436589870545 -48.47135968888608204
-95.786802420116345047 -49.11698722680518614
-96.694189444009069234 -50.22963710333460341
-97.669635163858373517 -51.034458286353135748
-98.867020514457777836 -50.793632516815470979
-100.18159704001992338 -50.437406222229704156
-101.571387314139983 -50.556045125205727686
-102.94164166198987687 -50.558883720877766166
-103.90955660865810728 -51.075709374329861134
-104.83236837494499127 -51.634981585010081062
-105.56423421671465235 -52.71123613746973291
-106.61649708738379161 -53.61309416689664431
-107.86506579563737773 -54.289625152439654698
-108.91501601989486403 -55.118791650913713909
-109.78447680785669149 -56.159720978680176984
-110.49806865841730996 -57.134829359175533625
-111.02313083988003939 -57.940638505220988463
-111.45507251016717021 -58.674197254469021345
-111.85851847915594703 -59.431626833512410713
-112.15729194133299984 -60.42678030658538546
-112.43552209325271463 -61.741371499223610897
-112.33042988770721138 -63.003797114365418963
-111.72877700503511278 -64.208020962055115888
-111.89486068342522174 -65.348959811017707011
-112.76189870041403651 -66.467144926395192783
-113.5225584453878156 -67.687211971880088868
-114.00338259263685359 -68.918800812139863865
-113.94396171741722412 -70.062332475895672701
-113.81088950535135496 -71.259814868205140215
-113.58289571328032252 -72.558617840992297943
-113.2684091350676141 -73.844579993876351409
-112.88706121585880737 -75.057034308713696191
-112.44537692004752216 -76.205094258311319777
-111.95065585608028869 -77.289992837819085025
-111.44972771674487433 -78.241612617326012469
-110.88928508456469046 -79.179247157411765556
-110.20691135427901486 -80.184351984258924517
-109.42336106638758508 -81.196430271660062772
-108.58345146257858005 -82.149112685269102485
-107.64047479196275958 -83.087946720746899132
-106.59501871638711634 -83.996216119140086676
-105.47707836279481342 -84.838459618170645626
-104.31621881246505268 -85.592486993921511385
-103.15088248747439081 -86.241406245201503111
-101.85746438436740391 -86.46167599476468979
-100.51373186876597288 -86.161051149172550367
-99.569297219787060271 -86.509336973940733628
-99.116410998755853257 -87.763713607291521157
-98.446190949674758031 -87.954668401737862382
-97.719599082819442515 -88.105875494317956509
-96.832018705944335579 -88.252874108976939738
-95.713235636057589772 -88.071359706377535304
-94.490690131018126863 -88.447334067652221279
-93.259527367015294885 -88.439099931664273413
-92.007331864176492786 -88.014464685408526634
-90.718532988570061093 -88.180636667535083006
-89.520784430328887993 -87.943078110366371902
-88.246518691143535307 -87.60506090181121408
-86.931341165236261759 -87.149721875697451878
-85.636955562727791857 -86.616624185717185469
-84.394569277003782304 -85.990713765783596045
-83.2511397124000041 -85.313527329157750501
-82.201793815820224154 -84.596079982511895423
-81.171873335485571488 -83.789802309760844423
-80.175375238246829213 -82.897386165185181994
-79.310931226183967624 -82.01678749985906336
-78.734278932541570839 -81.355938660308282806
-79.145543589575979126 -80.02499832136970781
-78.956160084136982391 -79.139784400921257657
-77.730715228612126566 -79.020090898133616975
-76.844059401491023209 -78.718203913646135561
-76.475197007544906569 -78.074606600642454168
-76.571426627890247119 -77.059557851426703223
