-11.89463369616775168 -8.0305938720703125
-11.72401923694688719 -5.9259621967034350476
-14.015788046555613278 -4.2614428714218721694
-12.289014130835727912 -1.7079050966892328489
-19.522062306171211077 -2.5871446942224913812
-22.027201160915829803 -2.4181441689962195341
-24.805860702906933568 -2.9866533042731191472
-24.778100497217039333 -1.7546409876066295652
-24.293755150998038062 0.24846358275362412371
-24.993995519437671504 1.2658437874137646872
-24.412716249497457 4.6749274943840308794
-25.22242022120521554 6.6266661022750064092
-25.892204963650645055 9.9924573657762110201
-27.452655750124051792 12.178602838778221695
-29.72303968750957992 11.237992609616942019
-31.748250961303710938 13.455370392033255911
-33.752158791483289235 11.035304005738250765
-35.374411478184100588 9.0291586390661819905
-37.653963324942893109 10.145325898019123656
-39.663435627192136224 9.7472004442435000726
-42.257864746107443921 10.17258762300840047
-43.134264523679867409 7.6409094909052956979
-44.807948009908074027 6.4736684694418507036
-46.863506989476604758 5.5792466188175460218
-47.830453870357260371 3.6538082856355380557
-50.895083671538856152 3.023834584893384303
-49.68022918985325731 -0.046761792826685244506
-50.496058916395732297 -1.9390620254459483007
-49.060052344321967155 -4.3508570526309764404
-50.585145193296497723 -6.0507564974785754686
-51.686721668879926028 -8.0305938720703125
-53.085744296663094133 -10.273254804661718254
-52.635934145683528129 -12.47040779933394461
-51.649421399451014736 -14.496875643402347578
-49.796915083353574971 -16.066378394614034164
-50.381316116947999717 -18.788396456293103398
-48.088371171329683307 -19.902384604681696345
-47.360877634558590898 -22.088266492057933021
-45.424945566269130381 -23.220101391033900029
-43.761961141405848252 -24.566047519465595173
-42.071124293680753681 -25.910330494296911041
-39.830861336434843167 -26.184430561055958009
-37.40759028555172705 -25.448254269014633167
-36.275823448759545897 -29.331158409317154678
-33.774655844223708812 -27.310537703519941033
-31.748250961303710938 -28.500453371083917631
-29.718557719115437976 -27.341824334599621693
-27.451031769142716144 -28.247430816575207047
-25.59995198935090599 -26.953106073256677178
-24.93923931930885729 -23.323886821382963319
-24.687975311840848036 -20.259352960691458634
-23.893506964661558101 -18.841720891143019401
-22.438631428826425918 -18.369976972051468067
-20.430116412052463204 -18.221488936579554263
-20.37326401710809165 -16.295005418832836597
-14.331808318195534468 -18.085981388454989371
-14.806306025437642404 -15.573634779180672183
-12.597399006770274354 -14.25308209582445329
-13.276441905189290793 -11.956897731966451559
-13.563045254279256113 -9.9419361138558954849
