2.3323934514393753759 -8.8034566418450932446
1.9894445588734825936 -7.3177125335855031096
0.81970928332583437026 -6.2321904921374295938
0.76365866466489407127 -4.9756902293005351723
1.4820425981341109889 -3.5517616924821364677
0.99136810413430964672 -2.1810926740157556836
0.23793983440038204979 -0.68106855870897586858
-0.62903403808731117586 0.70062355947064536288
-1.8595081223633069811 1.806206829288565352
-2.4084901341691788978 3.3702756561492659415
-3.4525709981162098217 4.5534834436840689875
-4.5912343259234127402 5.6050358722264927991
-5.8166375017662268476 6.5716056392230264294
-7.0686331402944464486 7.411930662432304473
-8.2216876961555573899 8.0724232166910780961
-9.50793755039161681 7.9623455000203442466
-10.44364278081258135 6.6429988709411418313
-11.21894725411005922 5.1173499411361014211
-11.994251727407533537 3.5917010113310610109
-12.769556200705013183 2.0660520815260192684
-13.544860674002489276 0.54040315172097852514
-14.320165147299963593 -0.98524577808406232915
-15.09120811256877559 -2.4775176153660143363
-15.712809789878262379 -2.7597084287487247956
-16.396782148545543834 -2.4809836825687177075
-17.165502030701446756 -2.2044533554640501904
-17.685735789252266414 -1.6696978088914904426
-18.142764987649051989 -3.0400152084073490677
-18.56585229838905704 -4.3845526542819843741
-19.387816183866821262 -3.8291993247987345939
-20.729028303539450917 -2.7560327303314045011
-21.944688977539041019 -2.0980619678414593743
-22.775534495856966544 -2.7361663115077807795
-24.194965559529954646 -2.4004616194119501316
-25.573638540091785387 -1.4004155585204531853
-26.934071355576541862 -0.36751104787306926314
-28.294504171061287678 0.66539346277431465904
-29.654936986546044153 1.6982979734216987477
-31.01536980203078997 2.7312024840690827254
-32.327935532197955126 3.5493602444323069101
-33.268789676796849619 2.8022309884058564933
-34.131052655088140568 1.6260221069362046364
-34.74101831019703468 0.66967941687283882857
-35.242684996219608706 -0.21906897200956976235
-35.755354829954029583 -1.2552389020423557753
-35.985007504417069413 -2.8431811526047856553
-35.791652492421853538 -4.3703148641996065749
-35.248433418003855877 -5.8144222221354260327
-35.984937431258330776 -7.1704894752476127096
-36.965643097909648418 -8.6143360275285800753
-37.574212282168758748 -10.110046572994249914
-37.490290850856489158 -11.501679927032469664
-37.288228757148914383 -13.010228860744115664
-36.95055504483087816 -14.583330658711654237
-36.502994120472934014 -16.079179513514439748
-35.966006903141035878 -17.475344863142606044
-35.362918789493470229 -18.756431207685366758
-34.733476678816998628 -19.887660337046771275
-33.960466304609923327 -21.078826696013074127
-33.038139375411248011 -22.293873410383838518
-32.42609892635381641 -23.004658936615427933
-31.223407225198478443 -22.26026800084527224
-29.828084167348681177 -21.268529071324962842
-28.432761109498891017 -20.276790141804628576
-27.037438051649100856 -19.285051212284315625
-25.632627134406625657 -18.324153214922361599
-24.07211932506264418 -17.885784321405648001
-22.385946957249235112 -17.854246772776519947
-20.872714621534377955 -17.109287088509290697
-19.838755828628229949 -16.423225322710731433
-19.627014416680815145 -17.617101056045534335
-19.454494370626221666 -18.6633680988954751
-18.736105112810321316 -17.700587343537982576
-17.812375878038515964 -17.471128699168481546
-16.792464504187041285 -17.383995640211324485
-15.792226715665083958 -18.285726798349671185
-15.067030960607803891 -19.820704880135533443
-14.409695114185479881 -21.394923813715905681
-13.75235926776315587 -22.969142747296285023
-13.095023421340828307 -24.543361680876664366
-12.437687574918507849 -26.117580614457040156
-11.758499629632826355 -27.648283256247388806
-10.622216265603459107 -28.26904049100565075
-9.0720252866621251542 -27.702512228230776969
-7.5867246962558283485 -26.926711212082675928
-6.2532165592189841163 -26.085696369881205214
-5.0001956716796378544 -25.150436080555103047
-3.7821081314608893109 -24.080275147393319202
-2.76636981454235098 -23.039107745209307154
-2.4722122784950593122 -21.978120037430013411
-2.7208072746191165336 -20.549619509312691434
-1.5518276926223304457 -20.168529440383842655
-0.40232370167521835924 -19.845018411103168887
0.050991221795413821383 -19.04331522596103099
-0.28040622625704164639 -17.65117604071963342
0.42841998556996147007 -16.51322914907557049
1.2860514502123523428 -15.359624540833261008
0.98219303413681946502 -13.726744493301859862
0.76775266661559127268 -12.045145942667215166
1.4141787784337327416 -10.599226900419415287
