81.359401299864970269 65.162872314453125
81.44825344270559242 66.367280281967666156
79.601913503787471882 67.206139737656030775
82.473352154904716826 69.219253048674772799
88.06427191339182059 73.210455118365857174
87.451386942622420406 75.244728146686298942
85.499612619539476555 76.431918175038703112
85.073889224098849127 78.745285726198886778
84.077956805462079615 80.810128735868914873
81.750801231707043826 81.35148040446378559
80.576381557045152704 83.500580925382919872
77.901404875447312293 82.934212707452644509
72.24654310759137843 72.110570915283176419
71.478283287309665184 72.16892679184074666
70.536752115543663422 70.373411556685539381
69.989107282010678546 72.159189666934182128
69.514495725062445786 69.678428538644382684
69.412892246150136089 67.873707775583937973
68.587750858969187107 69.475780628969005193
67.903188487236391779 69.847889568542044003
66.424798606113498067 71.336424326411489005
66.218911307375208253 70.352094738517692463
56.929398710450030308 79.667130905366164484
54.873839657271197723 78.772714233162432151
53.906892797250250737 76.847269490745986786
50.842266842607401145 76.217300858502724736
53.638927460964154648 72.44243743749129294
53.573322768078071476 70.496686699627062467
55.551149859217034077 68.23175385986385777
54.353544978768255191 66.80623704947966246
53.361526622135698972 65.162872314453125
48.651602372628360627 62.920208329395265423
49.10141249790322604 60.723058413456264759
50.087929124712715634 58.696586542850212709
51.940431578275166657 57.127089671275072646
51.356034445641675745 54.405067651889325475
61.478740810699378017 58.979735509823562722
62.810574140042838565 58.69929660313290043
64.325576907415708661 58.872901054215105887
65.180272861357892111 58.544094261234768339
65.821163845589069297 57.943803151346031655
66.840597847732070136 58.091225191562017471
67.933398366945723978 58.836085475481823437
67.661009644336886026 54.210053531217056388
68.370951021814320825 49.767213469663467151
69.98910545202721778 48.930140119516721597
71.584966279810316792 49.979209141248794879
73.478587148811968177 48.746116640537060505
75.078720817848278557 49.49861893826385284
77.067939944788491857 49.263530782867306357
80.301122302118500329 47.301918717611151521
82.648383667174101674 47.738847083751188904
84.15504248932398923 49.429999567797317184
85.653284188386351161 51.058769102328021461
84.51090084524051349 54.612163995011194118
88.32455806254614572 54.576890982246624162
86.931039652935368167 57.619833276233435981
89.139942862034928339 58.94038023909065771
82.605923268634484202 62.481086485608493319
80.344922276605757361 64.074433357950866252
