-78.125362799256123481 -86.4116973876953125
-77.954754061764759854 -84.307066669013224214
-80.246520952769159862 -82.642546441489315612
-78.519743256034715273 -80.089004967986085148
-79.903806669520378136 -78.364107022598076924
-80.516699315666116377 -76.329841528420033114
-82.468458473465730663 -75.142651376920952089
-82.894189389182400873 -72.829283975949550722
-83.890121807819170385 -70.764440966279522627
-86.217277381574206174 -70.22308929768465191
-87.391697250252661888 -68.073981035355473068
-90.066673737833937707 -68.640356994695792991
-92.122933159469965858 -68.388643273747845797
-93.683383826440461917 -66.202502599732795829
-95.953771577144024718 -67.143106145464315659
-97.97898101806640625 -64.925733123591740537
-99.982887039649540384 -67.345794751894445085
-101.60514315915494876 -69.35194672372409741
-103.88469891113285826 -68.235774693997342411
-105.89416005253769981 -68.633906926429290252
-108.4885927594872328 -68.208512953054224681
-109.36499650557871632 -70.740190222945841469
-111.03868743055775781 -71.907438705239940191
-113.09423511231248938 -72.801855436777927366
-114.06118581603099926 -74.727300211402450714
-117.12581568592923986 -75.357269017817515078
-115.91096496794618531 -78.427862863053846354
-116.72679089299278132 -80.320162003219365943
-115.29078050322367233 -82.731960612891796814
-116.81587715105278846 -84.431860906313744408
-117.91745363299125415 -86.4116973876953125
-119.31647626950311292 -88.654357283564422687
-118.86666228951440871 -90.851511341225716478
-117.88015332011931946 -92.87798310742843455
-116.02765085926833422 -94.44748382408732823
-116.61204805460671707 -97.169501925084020399
-114.31910316881769063 -98.283482352321726694
-113.59160564520891512 -100.46937397649290347
-111.65568523382840738 -101.6012086546781461
-109.99269309310336951 -102.94715485880701067
-108.30185234357541901 -104.29143788207673538
-106.06158569720879825 -104.56553215773092802
-103.63832572256625042 -103.82936171039253281
-102.50655560941470412 -107.71225997581684908
-100.00538406371164513 -105.69164502647714698
-97.97898101806640625 -106.881558794057554
-96.454019639231916017 -100.92079235446392715
-94.632886372586213497 -102.15388497842066329
-93.108542644664396448 -101.40138257908370178
-91.200477426195988073 -101.63647074861526676
-88.955729075646146953 -102.04044283735908039
-85.958649018421866117 -102.95627461579117323
-83.813036234989397144 -102.14457404902216808
-82.314794424894898839 -100.51580059982042314
-83.457170594772762229 -96.962402520244523885
-79.643528291896728888 -96.99767891348808746
-81.037038857246443513 -93.954740009047213789
-78.82812811688330612 -92.634189447766360104
-79.507174816076883417 -90.338001215138646671
-79.793780083446321783 -88.323038714175993391
