96.553615167052470269 85.2412567138671875
96.833789624411693353 85.960595521997902324
94.869507161930144434 86.278472736477013427
97.138101265143674823 87.563880537592197584
96.504266768192749737 88.141683659955020858
96.841775422478548307 89.197242810562286763
105.50032230341967932 96.51030999713015035
105.07460643818416202 98.82367006897241879
104.07866613894206864 100.88852094494870926
101.75151076539845008 101.42986480387784809
100.57709089671999436 103.57897306620702693
97.902121941951392614 103.01260477926224723
95.845847720210585408 103.26431071016045848
94.285404320532194333 105.45045150182970417
92.015009176351767906 104.50984793130230344
89.98980712890625 106.72722097797075946
87.985901107323115866 104.30715934966805492
86.363644987817707488 102.30100737783840259
84.084089235839797993 103.41717940756515759
82.074620560375279865 103.01905484697354609
84.337067854953019719 95.032087580271578986
85.216370897723422217 91.811331013389960276
85.169594885257012606 90.594643980004917694
84.594317624353408291 90.099374288591988602
84.944818482189418773 88.906656649224430566
83.020356704132268533 89.265077373577227604
85.185608019117651679 87.380219967018888383
85.120003230959696339 86.823552887822444291
86.972791677019500867 85.882546557909449803
81.606737885614151651 86.122353432291035347
70.051334513981402097 85.2412567138671875
68.652311819769238355 82.998604996375632936
69.102118100664057465 80.801450989100146671
70.369617742531801241 78.866272129340728725
72.79546163491825439 77.585841356864875706
71.7697420288401986 74.72190140771412814
73.64968497815496562 73.369471749240773306
74.377174508685925503 71.18358815837537179
76.313110551760345857 70.051753067975738531
77.976094974244858804 68.705806930000562716
79.66693569673265074 67.361523910463134257
83.53406404260968543 70.741421263281964116
86.020373936950406346 73.024619104965310612
86.683904842448441741 69.688199261278171548
88.554163575364000849 71.58205947975932304
89.98980712890625 69.377695661508852254
92.019491097478351094 65.930030093690859871
94.28702830237773469 65.024421692431999986
96.138100411459433303 66.318740708590979693
98.185302951801489257 66.833881443614799878
100.30183193889118343 67.38031080593374611
102.64909347972655951 67.817239315164101754
104.15575213404751764 69.508387881882455872
105.65400174016745893 71.137161562826378258
95.041463955802115038 81.571014519865187253
97.714946487507262418 80.781145022117840426
95.3710340909261447 82.845384041392577501
96.829716463323180164 83.018841060844749791
95.608852932148906234 84.046893715294331173
94.994763607294089525 84.715214970754885826
