-29.22760436173204468 -0.19815803574386736674
-29.409120598940369007 1.1676650853046655065
-30.412396694213615689 2.1584573665908295403
-31.009125431241894688 3.1663584543371152691
-30.376758676244662638 4.401673234606119145
-30.219766537791777239 5.5927679029375632069
-30.76693155952711578 6.858424144529343458
-31.390246691974461157 8.2078639413632608068
-32.177867456379708244 9.4094859136615749406
-33.310926665536747748 10.353593238482501349
-33.880604427871986672 11.664480059259760836
-34.637444070941917573 12.739243698461097054
-36.059560122064475252 13.124270670473544342
-37.538593595794310431 12.980347823426585663
-38.98653057610157191 12.716182276570258125
-40.315705841450125035 13.085284334093634229
-41.615891974212651405 13.013576004241171447
-42.960106354944464613 12.286633556455353045
-44.372733415241505384 11.793541510482592471
-45.526227443665568728 12.23948153035191666
-46.5140063210416983 12.702965697921873911
-47.649321336012995687 12.30238451702595448
-48.575894115988511146 13.075112324665047581
-49.385849930054277479 13.364325555731483064
-50.154637777654990316 12.209051398047357395
-50.934077691318080383 10.911391957697000876
-51.841323421955500805 10.500200616543443388
-52.904743197049519665 11.394473982233497722
-53.873526217976866803 12.554182482963039291
-54.774288049419013191 13.776987766129666468
-55.673389670518062644 15.001333068393437387
-56.589268396734084376 16.198199660454189797
-57.773580804821577317 16.955406889266701143
-58.872128206011126395 16.571530252354207846
-59.859608702798993818 15.983465062247624644
-60.665756833855915886 14.883929658004717567
-61.788066213634195378 13.914849133852358776
-63.129463554314902751 13.198475361890864122
-64.201741582060776636 12.255657341026370943
-65.111864594706872822 11.134084811243077695
-65.808626391300109049 10.148548148931595847
-66.329017426149079029 9.3199050638238745137
-66.770113030092119288 8.5384181234386957726
-67.212805872627669146 7.6600218300542071148
-67.421354092086005494 6.3277178686201747126
-67.583777691255733089 4.9475333588483545455
-66.985189212172585371 3.6437051148966994596
-66.916275032176145032 2.4031649148419367279
-67.797252240160347014 1.2102415457546158439
-68.625083531364055034 -0.088541421442882489723
-69.130382349905445949 -1.4069086051294554807
-69.06168351873314748 -2.6312345334653106654
-68.904998647392687872 -3.9354898953570796039
-68.64030240364532176 -5.3279601597064427665
-68.279643882449121861 -6.6915948021103401899
-67.850707468653538967 -7.9553869048842544842
-67.345987269323572377 -9.1711649786757352132
-66.812423828313313834 -10.257193572342258037
-66.249909647179435979 -11.25009497733928221
-65.567877927233325863 -12.301789122177357427
-64.752473255559337417 -13.395195659437389324
-63.867365552264047324 -14.427296687767952932
-62.874867025644540774 -15.434132950187835931
-61.761734658461989511 -16.410795130119741003
-60.564028484604506275 -17.313121238044661965
-59.320258395611411117 -18.112431851748642231
-58.069984711143590062 -18.793227420366150682
-56.641634751584142293 -18.843936949528650615
-55.271552680583909023 -18.596168849859775918
-54.493361191094081164 -19.400126369347326261
-53.93084984264179127 -20.31606470570001477
-53.202962622117382807 -20.481431854017010608
-52.32562166486966504 -20.643283288885982074
-51.21767360572503236 -20.516317612269411086
-49.929589449232899767 -20.874887889606839053
-48.609757149256410003 -20.892183294535094262
-47.271382916076930769 -20.484237034828353785
-45.889548732906504824 -20.633748156574593935
-44.604332193999276512 -20.378772061509366154
-43.233505840901301553 -20.00804825990395841
-41.822868231455466059 -19.51380051993694309
-40.447963839604966552 -18.913113521839466813
-39.142621349694216804 -18.222980411294201986
-37.959479936523585764 -17.4842693482602769
-36.851136572907392974 -16.680820043745839598
-35.7585961424778489 -15.765967744335629419
-34.749359883369550062 -14.791599589235005396
-34.023578389914824527 -13.998352683382446315
-34.180927263962104234 -12.79572678762069593
-34.201542439929539796 -11.682124521146173279
-33.009275187236404747 -11.464690640485340367
-31.984956268248929234 -11.185686336218152448
-31.589183518136877638 -10.494968562718456795
-31.746950283510251722 -9.3720127650361053639
-31.622062788151303891 -8.2175859739336001297
-30.546055931400601935 -7.3385514415089501128
-30.303844942774041726 -6.1140073482248569192
-30.663826801415023482 -4.622141306073567435
-30.779211519339209957 -3.1515018407463988304
-30.145098181542994809 -1.8947324593039571727
