-2.8587400175025905469 -9.4677248001098632813
-2.6881262738358522313 -7.3630926450668674477
-4.9798943636384152001 -5.6985733426285083425
-3.2531259468505986376 -3.1450357522934462295
-4.637180327264555757 -1.4201366645547501832
-5.2500719948353982147 0.61413122217581239681
-7.201837236927765673 1.8013262855947864693
-7.6275629932603656869 4.1146869006249637835
-15.732348135111553944 -1.7156354603773529277
-17.644004672898148556 -2.4917355405330656737
-18.10225704372117761 -1.4827945416527654743
-19.832546830599206089 -2.9995640868225406095
-20.772703678605267896 -3.498079379593322713
-21.093959735210329853 -1.8537553373724344752
-22.045377970831879111 -3.1218506256509108709
-22.712358474731445313 -1.0140357358964298129
-23.358033792543256624 -3.3245392468587455781
-23.661322368744585276 -5.0031995049440833867
-28.618074499746967376 8.7081950197965589666
-30.627541276232559397 8.3100694970763377967
-33.221968299036802819 8.7354567791471602334
-34.098368315189311772 6.2037794491321989199
-35.772055534778601782 5.0365384847734802065
-37.827614504917349336 4.1421154501237467116
-38.794561384472643795 2.2166775950680932539
-41.859187261546864534 1.5867040239805714208
-40.64433670451350622 -1.4838925448205761981
-41.460162621367445013 -3.3761927342754969317
-40.024159868908654403 -5.7879875563321299126
-41.549252709349829615 -7.4878869736618511865
-42.650829182307660403 -9.4677248001098632813
-44.049851817303377288 -11.710384710404072806
-43.600041672244643109 -13.907537711911450273
-42.613525094295411577 -15.934005629727666431
-40.761022592470979475 -17.503508378660420419
-41.345419712114818367 -20.225528517384496752
-39.052478698192132356 -21.339512653207002302
-38.324985124064873787 -23.525398400339256
-36.389053090117940314 -24.65723135601594862
-34.726064775386440431 -26.003179448222990544
-33.035227913370057706 -27.347460514296589196
-30.79496695498388803 -27.621562437217846764
-28.371701299180745792 -26.885384345565810804
-24.789013094799379644 -19.237612425425346885
-23.492421492118598536 -16.889505768454483814
-22.712358474731445313 -17.969861406362241496
-21.929010632490424371 -16.920792370075226074
-20.86606146774452597 -18.153884939618208705
-20.13455700357125977 -17.401382589124985145
-19.075401153197013571 -17.636470757941168586
-17.762895830410538878 -18.04044266504417493
-15.972984582717810298 -18.743681487752485992
-14.696737697082015828 -18.369977004975755364
-7.0481678980816724334 -23.571824963761766725
-8.1905492918343352216 -20.018432532011125602
-4.3769008861374594233 -20.053705209324228065
-5.7704126224416185664 -17.010764837212015266
-3.561510812615775734 -15.690212072908341412
-4.2405482402159186961 -13.394027770746504302
-4.5271522998158957307 -11.379066173337253787
