-69.448292181580342231 -72.4113006591796875
-69.277683449423889783 -70.306662260344779725
-71.569450335093378612 -68.642149712973690612
-69.842672638358934023 -66.088608239470460148
-71.226736051844596886 -64.363710294082451924
-71.839628711511394954 -62.329440961787994979
-73.791395225877195685 -61.14224737591672465
-74.217118771506619623 -58.828887247433925722
-75.213051390354806358 -56.764036428098158638
-77.540206763898424924 -56.222692569169019805
-78.714626632576880638 -54.073584306839848068
-81.389603042646953668 -54.639952671295830555
-83.445862482967072538 -54.388242749649052143
-85.006313260019624067 -52.202098230928065448
-87.276708352945107094 -53.142709441744571564
-89.301910400390625 -50.925332580378849912
-91.305816421973759134 -53.345398023378820085
-92.928072740012922281 -55.351542408013585828
-95.207628343274066651 -54.235374166970970577
-97.21708951137235033 -54.633502602583746466
-99.811522141811451547 -54.208116224538599681
-100.68792588790293507 -56.739793494430209364
-102.36161690442429517 -57.907034429754908444
-104.41716449463670813 -58.801458708262302366
-105.38411522036011547 -60.726895883779448582
-108.44874489408167051 -61.356868172930255412
-107.23389435027040406 -64.427466134538221354
-108.04972027531700007 -66.319765274703740943
-106.61370988554789108 -68.731563884376171814
-108.13880657538661012 -70.431456948097675763
-109.2403830153154729 -72.4113006591796875
-110.63940565182733167 -74.653960555048797687
-110.18959177690565809 -76.851106489013631062
-109.20308280618306185 -78.877578430240845364
-107.35058020710994242 -80.447079543626387022
-107.93497743693093582 -83.169105196568395399
-105.64203255114190938 -84.283085623806101694
-104.91453521890473155 -86.468969406043086678
-102.97861461615262613 -87.600811926162521104
-101.3156225550520162 -88.946750443046312284
-99.62478183256422426 -90.291033462583740743
-97.384515079533017001 -90.56513542921530302
-94.961254915872430615 -89.828957413898095297
-93.829485129552537614 -93.711855588613502732
-91.328313421692755014 -91.69124067112555565
-89.301910400390625 -92.881154436147397746
-87.272226431818523906 -91.722527279356015129
-85.004689175058189221 -92.62812804019695534
-83.153609535846314316 -91.333809050463671042
-81.106422254448602871 -90.818675950606561287
-78.989885590405691573 -90.27224656711312889
-76.642624049570315492 -89.835318057882773246
-75.135965617313615894 -88.144177320506543083
-73.637723602686165236 -86.515396014753434883
-74.780107336304993737 -82.962005419848892984
-70.966457674220947638 -82.99728218497246246
-72.359968445769510481 -79.954336114267221092
-70.151057483916105184 -78.633785042794073661
-70.830104284941867832 -76.337597264371140682
-71.116709465770540533 -74.322641985660368391
