-0.43607388184600198722 -8.8798473934710688837
-0.69379636053324866829 -7.4520198202123877351
-1.799117172982380497 -6.418663701361515983
-2.1401804555929118123 -5.2891653018007813714
-1.3855092768147296844 -3.9494999682514482231
-1.5911432268016554303 -2.6880524775937866266
-2.2833234877458150613 -1.3063826215601535008
-2.9220791632053733089 0.13048230622702605697
-4.0572988726514305213 1.1971916883401128029
-4.9379510041152139266 2.4185272831099275948
-5.540861860334157285 3.8144875805429130367
-6.5860532124515529517 4.8825244424671190302
-7.6654805749777992219 5.834708832107153853
-8.7672176154108178991 6.1441630407216178966
-9.8843311495334287287 5.0791602580286223656
-10.949662690825658018 3.8653882475247356432
-12.01499423211789086 2.6516162370208484766
-13.080325773410123702 1.4378442265169619763
-14.145657314702352991 0.22407221601307497627
-15.2179216162215738 -0.9825250020074209889
-16.370627224106165443 -2.1060174411025891494
-17.631368463785179301 -3.0117066778407228789
-18.529625667951172829 -2.6659516573730859257
-19.236643413126984115 -2.5157647659005042406
-19.949510206426094072 -2.1744613142240010184
-20.439104264545182588 -1.6384734446426423293
-20.875671734498244092 -2.8942818625812289923
-21.261044201167695888 -4.285394890197037121
-21.941011282807181715 -4.0716811841953965967
-23.1264491693220684 -3.0188915559341498174
-24.446675069532869173 -2.035891539013931606
-25.59978542481904995 -0.90137404800785458914
-26.66382400334655145 0.29734128188535285942
-27.724185127289974417 1.4987013102525452712
-28.784546251233397385 2.7000613386197369614
-29.844907375176820352 3.9014213669869297618
-30.906414011649655293 5.094001982618913793
-32.052631299671844545 5.6373450264822499989
-33.39169208482798723 4.9508114343684388459
-34.804069940888879842 4.1905624761446684801
-35.820107826840569487 3.042784760707117897
-36.70205627306047802 1.8821770426325130643
-37.327848255948893552 0.93740340418195700067
-37.822719075452347681 0.097250040864071962687
-38.286108043927342237 -0.78638911206707007295
-38.555824902521365516 -2.0739439476165588694
-38.822675545262946173 -3.5589357581407763398
-38.263141412785259377 -4.9588440225517915749
-38.115830610812430734 -6.2875127060670310541
-39.037515540111812129 -7.562883310808906856
-39.912374014350575635 -8.9533552090448331739
-40.33480983400309583 -10.347149058333275917
-40.245145595535817051 -11.652608664487267731
-40.047150912633817654 -13.084184908189449459
-39.729224135839110943 -14.56525870567862313
-39.312330928510917261 -15.981654333976189619
-38.818543023043545759 -17.300016531259444719
-38.254260047239242226 -18.538239922186008357
-37.676148575620821646 -19.616334986496074322
-36.998868642612350754 -20.708853551266635407
-36.161590516188098832 -21.874333829820990616
-35.230883811485057322 -22.990168611214457428
-34.190880077077750343 -24.065028468009003859
-33.011169749147228458 -25.110330466261956417
-31.733724738475267202 -26.072716749378443524
-30.60589513422289798 -26.798990538076928658
-29.79764677925728833 -26.222791370658164567
-28.896436905227382397 -24.895148079958890008
-27.995306621024706573 -23.567021165910830405
-27.094176336822034301 -22.238894251862774354
-26.193046052619354924 -20.910767337814718303
-25.2919157684166791 -19.582640423766662252
-24.38812108599406514 -18.256113920755790758
-23.39743021114236754 -16.984653888893543439
-22.542748437601375144 -16.44110881889348974
-22.386779868058034992 -17.667686337756709491
-22.232640186330030474 -18.678278144915417158
-21.575403820433916025 -17.795385444401226493
-20.718546266502983144 -17.431774560906770688
-19.736858977010079741 -17.395238405240991852
-18.686033424135732872 -17.692535623413817802
-17.413095059594855485 -17.631942014666016405
-15.891346728409821765 -18.000631001703514045
-14.674496202592125726 -18.990202700925465251
-13.623052235003916266 -20.199194971655121122
-12.573827624862010666 -21.411126119737886597
-11.524603014720108618 -22.623057267820634308
-10.475378404578208347 -23.834988415903403336
-9.4261537944363045227 -25.046919563986143942
-8.6494388871624821036 -25.85210495639813999
-8.1114776853852408323 -25.4502646533854886
-7.0051119371197270169 -24.529027965539686562
-5.9320540598835407309 -23.493426128082546711
-5.1791888564759549496 -22.66539364823988123
-5.4556833205638177731 -21.296466505404712422
-5.217104850223758028 -20.301150751286645146
-3.7684939737587979103 -20.199898631009414629
-3.052921911630342322 -19.674653066267104862
-2.6263852178727566944 -18.877866792298867438
-3.0596018413831460592 -17.476283699723889953
