112.77874232829076107 93.809608251578325167
112.5210202266401609 95.237435426393446392
111.41569650099803823 96.270791938786075548
111.07463220519471747 97.400291543273525008
111.82930534570051861 98.73995881249265949
111.62367072214107111 100.00140672586437063
110.93148825570392546 101.38307557078091747
110.29273218121494438 102.81993920383042962
109.15751563324339202 103.8866494394194433
108.27686671685852104 105.1079883278300855
107.67395094672222911 106.50394613562045265
106.62876059405684259 107.57198169275200428
105.54481252653212664 108.52787207422514371
104.36816648909955063 109.42164893357102073
103.20370014003879078 110.18108638504502039
102.12393805574197359 110.78813833827641133
100.71801740815556059 110.92702359132884737
99.147097173855385677 111.14531156892766717
97.974658501142897649 112.13402761983718392
96.807076684679188361 112.66738002328364132
95.438144333395300123 112.64984916214562816
94.18136582855915151 113.01606981886166636
93.0962434203581779 113.05798350896158411
92.079630962862012211 113.04378500942304697
91.024391601722811629 112.31634954435511986
89.984189827450876464 111.05618365246385792
88.799185983659157273 110.46950017000929734
87.360626501420057366 110.95701352818493035
85.805188780433198303 111.01318063990672158
84.203944247448276883 110.97948589589255164
83.032470092107047321 110.47420546844246303
81.97512256697186217 109.8331965867529334
81.113439143747413596 108.58492254349557982
79.823120081008468674 107.64027147223988834
78.41074685008057088 106.88002018931291559
77.394708884029768114 105.73224266489097545
76.512759363737401941 104.57163373473096613
75.886966794936085989 103.62685924738178755
75.392095750217961836 102.78670546261372465
74.933656763984089366 101.91309955763304629
75.395666529696214297 100.88371354658229961
76.750723450230481149 100.06864354206776113
78.167744365026905484 99.308068605973645049
79.584765279823315609 98.547493669879486333
81.001786194619683101 97.786918733785356039
82.418807109416079015 97.026343797691197324
83.835794191001937747 96.265655835807564245
85.243240307214833251 95.473094601279370863
86.450079693603669284 94.608363582694067873
86.053985580332380323 93.811845199728523426
84.697124418461854134 92.931219574944620376
83.680056534096252108 91.869612758199366453
83.957469988683641304 90.481721790866458832
84.626040983209435353 89.398416613278754994
84.065598398659858503 88.214225430245789994
84.18952663932014957 87.190170648535541886
83.769362363268470517 86.119232206032194199
82.693670908453626112 84.939865223330031085
81.612596824622571035 83.759592733102110174
80.531522740791515957 82.579320242874217683
79.450448656960432459 81.399047752646310983
78.369374573129363171 80.218775262418404282
78.154575157673704666 79.511596198440386729
79.024131693149101352 78.624238949583201475
80.203643496142291269 77.579127069535331884
81.481088547568674585 76.616740520303920903
82.807600388507012212 75.773304949960078147
84.141538284524244773 75.063081844686365685
85.703799238770159263 75.19636875056536951
87.03771709416612623 75.253490732858665524
87.674659820202577976 74.03993579711215034
88.383258740432765421 73.568407399158630255
89.216113067633074252 73.395370968651477028
90.259930849575013667 73.243413973176757281
91.593561087563855949 73.29559362431039915
92.998745912334328523 73.059728600343461835
94.417343665475911507 73.388106863879684738
95.886733185869786666 73.340168666666599506
96.937784062251509454 73.477928667693021225
97.056326976832195896 74.696630155920502148
96.962883906850208859 76.300236229917288711
96.869440836868236033 77.903842303914046852
96.775997766886234785 79.507448377910833415
96.699207898324857524 81.113973370927098472
96.711497756708880047 82.736112689042130341
96.806258901888696755 84.37298275942833925
97.190666819348365379 85.972719326785167482
97.51663738927523184 87.564843610975671595
97.201347799730385191 89.121795200078977928
96.367855403185842533 90.313997326519597664
96.750644277172625607 90.466681829775410506
98.180890067593139747 89.817613529717760912
99.284736811882723373 89.489484666768319698
99.609926116481076974 90.059722489325253036
100.95637807558472332 90.012497845558044673
102.57569533866794131 89.775664627634768067
104.18558087710636073 89.605449864668216264
105.78670611527444123 89.497111130842213811
107.38735460240739883 89.392139799962606617
108.98800308954038485 89.287168469082985212
