111.91670568218918902 91.42742156982421875
112.08731441968055265 93.532052288506307036
109.79554752867615264 95.196572516030215638
111.52232522541059723 97.750113989533446102
110.13826181192493436 99.475011934921454326
109.52536916577919612 101.50927742909949814
107.5736101581683215 102.6964750032759639
107.14788677265681827 105.00983492492945004
106.15194647341472489 107.07468580090574051
103.82479109987110633 107.61602965983487934
102.65037123119265061 109.76513792216405818
99.975402276424048864 109.19876963521927848
97.919135321975346642 109.45047568377168545
96.358684655004850583 111.63661635778673542
94.088296904301287782 110.69601281205521559
92.06308746337890625 112.91338583392779071
90.059181441795772116 110.49332420562508617
88.436925322290363738 108.48717223379543384
86.157369570312454243 109.60334426352218884
84.147900894847936115 109.20521970293057734
81.553475721958079703 109.63060600446530657
80.677071975866596176 107.09892873457368978
79.003388487071759982 105.9316877077066863
76.947825681737697323 105.03726345632543371
75.980882643409415778 103.11182634522445767
83.020356190027527532 96.648247564665624054
85.185607915760783726 94.489472664562839554
85.120003201805033655 93.683370302976513244
87.09783017851871989 92.482821358144192914
85.900225423988189277 92.075165527651392949
84.908207072575152097 91.42742156982421875
83.399626365010078644 90.516853631669633273
83.521948643366997089 89.611943421262196807
83.966640916547817142 88.796722064786322903
85.068922021777211739 88.313418569312688078
83.534123735231148089 86.5032195566341926
75.72296531262762187 79.555636605197804556
76.450455034530122589 77.369745172398182831
78.386390886233002107 76.237917923932769781
80.049375388341942994 74.891964098712520581
81.740216137869893487 73.547681075442795873
83.980475195639627373 73.273586781624317155
86.40374275887906208 74.009757247126998436
87.535512872030608378 70.126858981702682172
90.036684417733667374 72.147473931042384265
92.06308746337890625 70.957560163461977254
94.092778864701273278 72.116187299585263304
96.36030863685039094 71.210586548389031236
98.211388339548307158 72.50490555292293493
96.760757619235164384 80.876277969221007424
97.012021645530197134 82.855614390770497835
97.603583774676692997 83.801575901789547629
97.483327534535106906 85.407633842792805012
97.501291330360402299 86.530837822118726876
95.041465427383499787 89.263498539950248301
97.714946941262994073 88.164324518983946177
95.371034295170289852 89.95462980042594836
97.509258940255122639 89.657848430472057544
99.098828043685401212 89.931927008700185411
110.24828839799899072 89.516080243343537859
