-74.155186102478779731 -68.4531402587890625
-73.984577370322327283 -66.348501859954154725
-76.276344255991816112 -64.683989312583065612
-74.549566559257371523 -62.130447839079842254
-77.095731724057841916 -60.922952529794223153
-76.758223067095528336 -58.493507284742690899
-78.498289146775633185 -57.18408697552609965
-78.924012692405057123 -54.870726847043300722
-79.919953062899423912 -52.80587973232894683
-82.247100684796862424 -52.264532168778394805
-83.421520553475318138 -50.115423906449223068
-86.096497002300978352 -50.681796068347381379
-88.152763788811810741 -50.430090058078988591
-89.713207155290589867 -48.243941650681989586
-91.983602273843544594 -49.184549041353946564
-94.0088043212890625 -46.967175994685490537
-96.012710342872196634 -49.387237622988195085
-97.634966561644503713 -51.393385801220411224
-99.914522164538510651 -50.277221363601825033
-101.92398339401557905 -50.675345999858080859
-104.51841606270988905 -50.249955824147974681
-105.39481980880137257 -52.781633094039584364
-107.06851077955157336 -53.94887780284899037
-109.12405841553514563 -54.843298307871677366
-110.09100914125855297 -56.768735483388823582
-113.15563881498010801 -57.398707772539630412
-111.94078827116884156 -60.469305734147589249
-112.75661419621543757 -62.361604874313108837
-111.32060380644632858 -64.773403483985546814
-112.84570049628504762 -66.473296547707050763
-113.9472769362139104 -68.4531402587890625
-115.34629957272576917 -70.695800154658172687
-114.89648559273706496 -72.892954212319466478
-113.90997672708149935 -74.919418029850220364
-112.05747412800837992 -76.488919143235762022
-112.64187135782937332 -79.210944796177770399
-110.34892647204034688 -80.324925223415476694
-109.62142913980316905 -82.510809005652461678
-107.68550862041965388 -83.642643821311892793
-106.0225164759504537 -84.988590042655687284
-104.33167564679807526 -86.332880753170485377
-102.0914090004314545 -86.60697502882467802
-99.668148836770868115 -85.870797013507470297
-98.536378912637360372 -89.753702846910599078
-96.035207342591192514 -87.73308027073493065
-94.0088043212890625 -88.923001665151303996
-91.979120352716961406 -87.764366878965390129
-89.71158314781757781 -88.669975280224250014
-87.86051105036095521 -87.375648638447955818
-85.813316175347040371 -86.860515550215936287
-83.696779614385405921 -86.314093855631028873
-81.349517970468752992 -85.877157657492148246
-79.842867192169691748 -84.186009312838109508
-78.344617523584602736 -82.557235614362809883
-79.487001257203431237 -79.003845019458267984
-75.673351595119385138 -79.03912178458183746
-77.066862366667947981 -75.996175713876596092
-74.857951404814542684 -74.675624642403448661
-75.536998119299539667 -72.379444086232396671
-75.823603386668978033 -70.364481585269743391
