-26.069677755921169648 -2.5691192150115966797
-25.899063296707875992 -0.46448762897964623875
-28.190832104720097817 1.2000316589522221911
-26.464063925703808167 3.7535693621724250946
-27.848117827205879138 5.4784680859466945435
-28.461008543323941922 7.5127368706249093577
-30.412775193745588354 8.6999311278830600003
-30.838500509550243578 11.013292980652126474
-31.834438876860609469 13.078140967290741159
-34.161586613933621948 13.619484820241449796
-36.635849200588921804 13.517205419518493414
-39.436512464122259303 12.000435857188040956
-41.351334324934271081 11.501920685046629345
-42.582889411520639555 13.146244647275702633
-44.404821561462476609 11.878149366579743074
-45.923289876518651909 13.985964264103518673
-47.420455878917195491 11.675460722906169764
-48.594260317339745825 9.9968004256509583882
-50.544923841449822532 11.654789265723666247
-52.412951135551438142 12.00688597177080652
-55.133062909795924611 13.38267360764260161
-57.309305758103647577 13.102383883612722215
-58.982992995058097563 11.935142913543353771
-61.038552015391488226 11.040721500426466051
-62.005498878412808494 9.1152824732512698347
-65.07012480910451302 8.4853095863112315556
-63.855277995898994448 5.4147122581717761491
-64.671096307273643333 3.522412372128320257
-63.235101141194334673 1.1106176322505669773
-64.760190205128083107 -0.58928191464052526172
-65.861766682307660403 -2.5691192150115966797
-67.260789313410100476 -4.811779877603595601
-66.810982993841392386 -7.0089328096094236642
-65.82445875496208032 -9.0354013125443017884
-63.971963901041668521 -10.604903999415570937
-64.556357240426308408 -13.326923121667853422
-62.263416190145122187 -14.44091017862602655
-61.535922661162445024 -16.626793012458541909
-59.599990589818069964 -17.758627916954900172
-57.937002300296590818 -19.104574083445026389
-56.246165456223913282 -20.448855142875217439
-54.005902548202890046 -20.722957090285433424
-51.58263161199614899 -19.986778855203414906
-50.450868602744357361 -23.869684914475008952
-47.949700803552737227 -21.849064244240128829
-45.9232940673828125 -23.038979906118097318
-43.893602673999545516 -21.880350863480618528
-41.626076851670340773 -22.785957366297008519
-39.774996994923910165 -21.491630698390068233
-37.727802091566317699 -20.976497599122673421
-35.611269299274660227 -20.430068246564133005
-33.2640038929580939 -19.993141614033429931
-31.75735314598215453 -18.301993296034240188
-30.259105450513899882 -16.673219675313958987
-31.401487033161949114 -13.119829722203245836
-27.587837452483597644 -13.155099897320988944
-28.981350067271641535 -10.112160320292867155
-26.772448793394868716 -8.7916076920349972568
-27.451485965347757201 -6.4954228383947594239
-27.738089315264200962 -4.4804612300958037707
