-50 0
-50.023171919490614812 -1.3200150658408180693
-50.046343838981222518 -2.6400301316816361386
-50.06951575847183733 -3.9600451975224539858
-50.092687677962445036 -5.2800602633632722771
-50.115859597453059848 -6.6000753292040901243
-50.13903151694367466 -7.9200903950449079716
-50.162203436434282366 -9.2401054608857258188
-50.185375355924897178 -10.560120526726544554
-50.208547275415504885 -11.880135592567361513
-50.231719194906119696 -13.200150658408180249
-50.254891114396727403 -14.520165724248997208
-50.278063033887342215 -15.840180790089815943
-50.301234953377957027 -17.160195855930634679
-50.324406872868564733 -18.480210921771451638
-50.347578792359179545 -19.800225987612268597
-50.370750711849787251 -21.120241053453089108
-50.393922631340402063 -22.440256119293906067
-49.145236056142238112 -23.135688452533372583
-47.745717218617500066 -23.308723307220589049
-46.33848009871727669 -23.018205022949508987
-45.469495419821505777 -23.65480233882520622
-44.935417000080704497 -24.718971071112790128
-44.212874861307007279 -24.887007272027297233
-43.360969447263521204 -25.049319236400094724
-42.289591803193481212 -24.978978790284834588
-41.013010479135637354 -25.222488896956502202
-39.693875678888922209 -25.323122642075041711
-38.359912470230455028 -24.951460283771275783
-36.975196245146015883 -25.059929730233829304
-35.686473216329446245 -24.845596977945511696
-34.328987328515687238 -24.492106435679630749
-32.918393214206602693 -24.009964662470441255
-31.536376464333873315 -23.426213153030328584
-30.217861356319140498 -22.745603587762289521
-29.018292054075516262 -22.012152502011304023
-27.906148792177233986 -21.22143639462863618
-26.809114712465884622 -20.320283055616869206
-25.780452994639730946 -19.345285715215453592
-25.009341141248469853 -18.514895463822139021
-25.028762998071947266 -17.413508485487049882
-25.178770220671779612 -16.204301682162387976
-24.115895906449932085 -15.891262961302288659
-22.945266642744744701 -15.699898153861692407
-22.551671871752262177 -15.021472211746921488
-22.586733940434250201 -13.978525893154236215
-22.629085071341794588 -12.773654477278736152
-21.580465900559136827 -11.891222871196641009
-21.179494523974661035 -10.730215289539433599
-21.529317543715073668 -9.2498877752788750684
-21.706312860135483334 -7.7656564191792281093
-20.920963007546298229 -6.1957832631039764237
-20.135613154957113125 -4.6259101070287247381
-20.380877137194239879 -3.4244647638293050917
-21.632409847118946544 -3.0503946367367946735
-23.143723397904523154 -2.889921756019642185
-24.655036948690110421 -2.7294488753024905847
-26.033569565129788259 -2.5222226220457995005
-26.078860890796200067 -1.845550005426176865
-25.123537640074484756 -0.78185888301968886616
-24.890146503930115074 0.46020363592729884861
-25.058326489117455083 1.9086146435506328167
-25.033119664862695686 3.4142274761936417526
-25.427360805978214131 4.8462283871370024357
-25.398834095770485675 6.2949719787701345908
-25.138418701404226852 7.7615787041895041298
-25.854118522322938389 8.7674517400907276965
-26.852047859164418497 9.7056763295992443119
-27.908098171342306415 10.570529603682848219
-29.028474900429792172 11.366481740671520839
-30.083754069687518751 12.016871643449256624
-31.101454491254191481 12.562921981305489538
-32.548293160642636224 12.538353150306429384
-34.082720041569835701 12.710673304694930508
-35.596980091075003827 12.95138134589336687
-36.997802252739283801 12.60467936944512779
-38.25250857000700222 12.268550178115317451
-39.307221938667112227 13.107853310312094663
-40.284212465247485113 13.465810016088385126
-41.216354005611030686 12.472848227782348474
-42.170843195374089873 11.297328636654409451
-43.195264508750184973 10.415684155370573905
-44.351626718292116891 10.771184257393469963
-44.782803615028370814 12.38268539467224727
-45.213980511764617631 13.994186531951026353
-45.649073192513291986 12.721987756319114382
-46.084165873261959234 11.449788980687202411
-46.519258554010633588 10.177590205055292216
-46.954351234759300837 8.9053914294233802451
-47.389443915507975191 7.633192653791468274
-47.82453659625664244 6.3609938781595580792
-48.259629277005316794 5.0887951025276461081
-48.694721957753984043 3.816596326895734137
-49.129814638502658397 2.5443975512638221659
-49.564907319251332751 1.2721987756319101948
