-50 0
-49.680950510587472024 -1.5077132177632492915
-49.361901021174944049 -3.0154264355264985831
-49.042851531762408968 -4.5231396532897480967
-48.723802042349880992 -6.0308528710529971661
-48.404752552937353016 -7.5385660888162471238
-48.085703063524825041 -9.0462793065794961933
-47.766653574112289959 -10.553992524342746151
-47.447604084699761984 -12.061705742105994332
-47.128554595287234008 -13.56941895986924429
-46.870698554983185602 -14.961445520429288436
-46.515827702063802462 -16.329013614084249895
-46.091102597928752971 -17.599137318196376611
-45.591125386098809713 -18.818423759007174567
-45.057673659032943192 -19.915464180252175908
-44.499964019259785175 -20.908819002547893717
-43.827630203275681708 -21.955069126998587592
-43.019128255060195443 -23.049439457599419256
-42.138559652018216184 -24.085787719083562308
-41.154855855413870813 -25.093137804949265046
-40.048597011411359858 -26.073440322073366815
-38.855662692705450922 -26.981547209089914219
-37.612854901147613873 -27.788895842133744196
-36.363361788570095712 -28.476988271653304707
-34.949365251701735247 -28.589476252956956159
-33.559367318171297256 -28.316788252302043105
-32.736381330431946424 -29.038175445720405321
-32.188769603975117661 -30.029884491519208467
-31.464092956666576129 -30.196472392856662736
-30.599409417114799226 -30.358617831222996841
-29.509685079007578423 -30.256888996272440551
-28.227162213422339221 -30.561399411733166431
-26.907751979892953642 -30.62011460468381685
-25.712854061159838182 -30.007680701880108387
-25.250605117855332793 -28.729823659326843455
-25.154875213655930821 -27.229778559560653406
-25.0649172628282777 -25.726234435271418732
-24.974959312000617473 -24.222690310982180506
-24.896745704208779415 -22.717217044586398345
-24.897322441728700682 -21.198801566585643741
-24.944166728461162563 -19.67278611665962984
-24.832038562280896343 -18.275417156860427781
-23.832431356825857449 -17.855418085482391177
-22.399565557139080596 -18.319667251033870059
-20.951371940011028983 -18.51624879398914203
-19.566839071458712596 -18.195388774486367822
-19.227889421106834078 -17.266847944152353023
-18.941478735492662366 -16.590781080480649479
-17.646476060169124622 -16.958329737334601361
-16.22460614655826916 -17.455823160000047523
-14.795476349112991699 -17.913574737153009409
-13.317641506822477382 -18.104706570510664676
-11.811376009307744894 -18.138502871238593173
-11.082357913613709144 -16.769411707319989091
-10.353339817919671617 -15.400320543401383233
-9.6243217222256340904 -14.031229379482779152
-8.89530362653159834 -12.662138215564173294
-8.1662855308375625896 -11.293047051645569212
-7.4372674351435250628 -9.9239558877269651305
-7.618784051896540177 -8.5581327691506423605
-8.6220606196998819115 -7.5673407313273202135
-9.2187889931578688163 -6.5594399034738639642
-8.586420174530751126 -5.3241252891361829924
-8.4294294264776148395 -4.1330314527277618453
-8.9765933673199800324 -2.8673741019508627303
-9.6011821834937567388 -1.5351147838699985559
-10.426412451675444615 -0.8412416306252992193
-11.788070313433838265 -1.2125463965797302901
-13.215967617795820743 -1.7146521229207489778
-14.643864922157803221 -2.2167578492617678876
-16.069805363913193474 -2.6841241915144551378
-17.46650646902219961 -2.5980142759864821578
-18.857350271998690516 -2.0227058968681963513
-20.282579996126784749 -2.0752635332640054777
-21.556576327597724685 -2.0790464890106394868
-22.629765068643937553 -2.0148765178465652959
-23.829585177236154436 -2.8328908757261697104
-24.823901081674794256 -3.0067325009977392547
-24.967295655424500467 -1.7758725639952011033
-24.911573986527013602 -0.25628539082279810923
-24.894227519399500181 1.2625220404302763821
-24.966596051004444234 2.7795065615205944987
-25.058325044763602563 4.2960976993002617519
-25.150054038522771549 5.812688837079928561
-25.243937129692771038 7.3283258164422644398
-25.576925033467016846 8.7380512114809487656
-26.491814182056575788 9.356802247110191928
-27.464083071263114988 9.3747267892710546278
-28.435141372934552351 9.3454216052278908933
-29.415883899293650217 8.355525089938147687
-30.396393304602113972 7.1938477682565622473
-31.540043989981693784 6.7991131799453068396
-32.899348133425796448 7.2899582107807656683
-34.358354698872467736 7.3347840871314788913
-35.859859238035490137 7.2790279387667577993
-35.935026182566652153 7.437107076032315689
-37.341523564309987648 6.6933963684290844753
-38.748020946053323144 5.9496856608258523735
-40.154518327796658639 5.2059749532226211599
-41.561015709539994134 4.4622642456193890581
-42.967513091283329629 3.7185535380161574004
-44.374010473026658019 2.9748428304129266309
-45.780507854769993514 2.2311321228096954172
-47.18700523651332901 1.4874214152064633154
-48.593502618256664505 0.74371070760323121362
