-100 -100
-98.86922538120083459 -99.407278096715188553
-97.738450762401669181 -98.814556193430391318
-96.607676143602503771 -98.221834290145579871
-95.476901524803338361 -97.629112386860782635
-94.346126906004172952 -97.036390483575971189
-93.215352287205007542 -96.443668580291173953
-92.084577668405842132 -95.850946677006362506
-90.953803049606676723 -95.258224773721565271
-89.823028430807511313 -94.665502870436753824
-88.692253812008345903 -94.072780967151956588
-87.561479193209180494 -93.480059063867145142
-86.430704574410029295 -92.887337160582347906
-85.299929955610863885 -92.294615257297536459
-84.169155336811698476 -91.701893354012739223
-83.038380718012533066 -91.109171450727927777
-81.907606099213367656 -90.516449547443130541
-80.776831480414202247 -89.923727644158319094
-79.646056861615036837 -89.331005740873507648
-78.515282242815871427 -88.738283837588710412
-79.426162810545321236 -88.320534608183109526
-79.049354965883139812 -87.096112698199192437
-78.672547121220972599 -85.871690788215275347
-78.295739276558791175 -84.647268878231358258
-77.918931431896609752 -83.422846968247426958
-77.542123587234428328 -82.198425058263509868
-77.165315742572261115 -80.974003148279592779
-76.788507897910079691 -79.749581238295675689
-76.904098528632317766 -78.450416685272188033
-77.77615630769153654 -77.494209047968183768
-78.565353411138758588 -76.595907094200342158
-78.182988946072768499 -75.482233005510494195
-77.641327417742573402 -74.320322421527947654
-78.035031862849336903 -73.202204678086900458
-78.675417560610426904 -71.988960682401270219
-79.211628739243778341 -70.716765875125219054
-80.166392916207726671 -69.754531332813584754
-81.110263640735638546 -68.800617962315442355
-81.506089967552242115 -67.476396833046777601
-82.334888683716826563 -66.47969901104767132
-83.267565631707412876 -65.578081408775176442
-84.230086059772816043 -64.760019409375203736
-85.269094370508668135 -63.985689945465907158
-86.289835562855898843 -63.320437012152872569
-87.235233779339495186 -62.77927237643548608
-88.340474425546332782 -62.499039329170024359
-89.754167221296569323 -62.493485854889563313
-90.990050638497663726 -61.985685780441130532
-91.908795283091478723 -60.981900805825148382
-92.992594547687247086 -60.746469987096752163
-94.214564070740763668 -60.834300043834723226
-95.307970837062697456 -60.448989738065563415
-96.273317248545907887 -60.405301020411386048
-97.15868672425452246 -60.406248892877734136
-98.084458324761712333 -60.593788025931871744
-98.990779683628076668 -61.698410948716961855
-99.91528197632624142 -62.742039739659240638
-101.01648543168427352 -62.949917374719909446
-102.29388968344916577 -62.469543191582069142
-103.65636195881606341 -62.43481872853440251
-105.0580774506381232 -62.510450674200534138
-106.19429434303097537 -62.800985273074900306
-107.11894742677527859 -63.33238733858655678
-107.9365512469055659 -64.161546276894171115
-108.80843816575101357 -65.211783702047142697
-110.0045540367786856 -65.967949426010733305
-111.21589072332133696 -66.648337323155772083
-112.10505921254761574 -67.652624430306545378
-112.90731322212793941 -68.68985264181047512
-113.49826366374426811 -69.55481686709514122
-113.96377029502161804 -70.312474466512824733
-114.37099878512280782 -71.044327903065266128
-114.78567280028262587 -71.873676759958229354
-114.96406221703217909 -73.127029293060502368
-115.17162994212642957 -74.420680595096072807
-114.65200922840567443 -75.644097590607984216
-114.364297436861861 -76.818359487968450594
-116.2957803898343343 -76.426754373526080144
-115.55506309938732556 -77.498265538365799898
-114.81434580894030262 -78.569776703205533863
-114.07362851849329388 -79.641287868045253617
-113.33291122804627094 -80.712799032884973371
-112.5921939375992622 -81.784310197724693126
-111.85147664715223925 -82.855821362564427091
-111.11075935670523052 -83.927332527404146845
-110.37004206625820757 -84.998843692243866599
-109.62932477581119883 -86.070354857083600564
-108.88860748536417589 -87.141866021923320318
-108.14789019491716715 -88.213377186763040072
-107.4071729044701442 -89.284888351602759826
-106.66645561402313547 -90.35639951644247958
-105.92573832357612673 -91.427910681282213545
-105.18502103312910378 -92.499421846121933299
-104.44430374268209505 -93.570933010961653054
-103.7035864522350721 -94.642444175801387019
-102.96286916178806337 -95.713955340641106773
-102.22215187134105463 -96.785466505480826527
-101.48143458089403168 -97.856977670320560492
-100.74071729044700874 -98.928488835160280246
