-100 -100
-99.626476388413067298 -101.33649479336101251
-99.252952776826120385 -102.67298958672202502
-98.879429165239187682 -104.00948438008305175
-98.50590555365225498 -105.34597917344406426
-98.132381942065322278 -106.68247396680507677
-97.758858330478375365 -108.01896876016608928
-97.385334718891442662 -109.35546355352710179
-97.01181110730450996 -110.69195834688812852
-96.638287495717577258 -112.02845314024912682
-96.264763884130630345 -113.36494793361015354
-95.891240272543697643 -114.70144272697116605
-96.353336599997930989 -112.75912740488237773
-96.815432927452150125 -110.81681208279360362
-96.854303351877049977 -109.30716299113872481
-96.893152623598709283 -107.79750632103886687
-96.914804747585534983 -106.28168837516919609
-96.878884478742833153 -104.74596787263449471
-96.711734081623873749 -103.24090885918050731
-95.955149094451115843 -102.5070686961102524
-94.580884091839024563 -102.50932512493450588
-93.30532279290790143 -102.12530916592778851
-93.203456050914098796 -101.11469997305415802
-92.831821739073063782 -100.6118044188624765
-91.496447988519193473 -101.05272572987834678
-90.083570048546363296 -101.56893773113402801
-88.76133323381741036 -101.74824064662757905
-87.607589566964179539 -101.13815554117543627
-86.191712588284445928 -101.04798005811225892
-84.684736117729428884 -101.17892344495484735
-83.177759647174383417 -101.30986683179746422
-81.878309263437103027 -101.26748901618910281
-81.730929273486637499 -100.2612569021172817
-82.086350595727211044 -98.766650995190431672
-82.127286676157154943 -97.314562045194264783
-81.369151219863965707 -95.92905006023210035
-80.611015763570790682 -94.543538075269921706
-80.792535182359188184 -93.177719490049724982
-81.795811965056145709 -92.186927499652583151
-82.392539287749158916 -91.17902549591124739
-81.760168249460548395 -89.943709559988562319
-81.603176567805604691 -88.752613317706234852
-82.150343140755495597 -87.486952353096228308
-82.773660887373395667 -86.137511971873024663
-83.561280549881942648 -84.935892179334501861
-84.694335739596738222 -83.991786921517856968
-85.253139259486900414 -82.667590990364061554
-85.9982371651397699 -81.492728372670526937
-86.992721442798057296 -80.513375837885917008
-88.019887448175438749 -79.632294741322112941
-89.13195391641991705 -78.803493417393866594
-90.21904671051885316 -78.101420746588388511
-91.229477450835929631 -77.533444849346523142
-92.517777599769303265 -77.37211134526052092
-94.014329842111152402 -77.241305367871717635
-95.191735364210174453 -76.443639022178643927
-96.230586888329455064 -75.709951057573704247
-97.452319281613668522 -75.53524510736443176
-98.730451226465149261 -75.535815765230225338
-99.801308075913908624 -75.257432618791867185
-100.76323090875089861 -75.245982995435582552
-101.74599832819846768 -75.282104213956245076
-102.71921922253396531 -76.422827914663429283
-103.70739509512984 -77.550729471188006414
-104.88693119768535666 -77.774994740836987717
-106.26185060932392901 -77.284719847886748312
-107.73204105169477884 -77.308638038405874227
-109.23342240407627912 -77.320557671309458669
-110.3219433756615615 -77.811015323949277445
-111.31023285119773902 -78.404789760429650869
-112.10918087589304548 -79.53829244880549254
-113.25765113391274497 -80.484185169104947022
-114.6030950327594411 -81.19154928355941081
-115.64833435564611364 -82.162428068471584197
-116.55003179291608717 -83.28433124355676398
-117.23052631384423705 -84.255132081168014224
-117.74342989663747971 -85.077808415127748276
-118.18226775457337396 -85.860861314082029594
-118.62801390394395185 -86.752831346055700124
-118.83091170828639349 -88.111630809097334804
-118.94530710462683487 -89.486691293347718101
-118.32916769422389791 -90.786942433851251621
-118.34108205311801498 -92.021540994612621489
-119.24188344007795592 -93.21776841532827973
-120.05944336640226311 -94.523174418856783063
-120.51147800731628479 -95.836481724556378481
-120.43781088964772152 -97.058453107003828109
-119.07529016367121244 -97.254556233203572901
-117.71276943769468915 -97.450659359403317694
-116.35024871171818006 -97.646762485603062487
-114.98772798574165677 -97.84286561180280728
-113.62520725976514768 -98.038968738002552072
-112.2626865337886386 -98.235071864202296865
-110.9001658078121153 -98.431174990402041658
-109.53764508183560622 -98.627278116601786451
-108.17512435585908293 -98.823381242801531243
-106.81260362988257384 -99.019484369001276036
-105.45008290390606476 -99.215587495201020829
-104.08756217792954146 -99.411690621400765622
-102.72504145195303238 -99.607793747600510414
-101.36252072597650908 -99.803896873800255207
