-50 0
-48.432388922601496972 -0.92537291125267051584
-46.86477784520300105 -1.8507458225053410317
-45.297166767804498022 -2.7761187337580115475
-43.729555690405994994 -3.7014916450106820633
-42.161944613007491967 -4.6268645562633530233
-40.594333535608996044 -5.552237467516023095
-39.026722458210493016 -6.4776103787686931668
-37.459111380811989989 -7.4029832900213641267
-35.891500303413494066 -8.3283562012740350866
-34.323889226014991038 -9.2537291125267060465
-32.756278148616488011 -10.17910202377937523
-31.188667071217988536 -11.10447493503204619
-29.621055993819485508 -12.02984784628471715
-28.053444916420986033 -12.955220757537386334
-26.485833839022483005 -13.880593668790057293
-24.91822276162398353 -14.805966580042728253
-23.350611684225484055 -15.731339491295397437
-21.78300060682698458 -16.656712402548070173
-20.215389529428477999 -17.582085313800739357
-18.647778452029978524 -18.507458225053412093
-17.080167374631479049 -19.432831136306081277
-15.512556297232974245 -20.35820404755875046
-15.374328010733249172 -20.130120286098946991
-14.444556473729500468 -20.961474157861044176
-13.04092861666181058 -21.241755473022237766
-11.610445427616372882 -20.960612926570846071
-10.647777937066353005 -21.424521539184606667
-10.135836599439640437 -22.621837851893236149
-9.4144068738838413424 -22.793479468589580961
-8.5879470163101210289 -22.955835894010874654
-7.5539927713129584319 -22.965053379805969058
-6.2901586538715248409 -23.070393140901231277
-4.9714649435220739093 -23.253336411595459055
-3.6417378514109381982 -22.935599925386995324
-2.2649407927083897718 -22.930567580845035991
-0.96119737436803731612 -22.811228267164331385
0.38193486999295700457 -22.474759117746515358
1.7871592318701285951 -21.994765865882705214
3.1798129619559443171 -21.438389660196357056
4.4803292313721208018 -20.784626542865531462
5.4570447002931068425 -20.025969640707256048
5.8014330037549077801 -18.551916074953076929
5.8470274702944822209 -17.030688034194902514
5.7988518329561937747 -15.492310554195173111
5.7709472496369604855 -13.949708524900660933
5.3771195886766589567 -12.536107074399176042
4.5713809159909661872 -11.266466865320419188
3.824700495433596803 -10.06303557625304812
4.2309114246847796537 -9.5462450399121046019
5.4322497974804724308 -9.5310729070394941687
5.1756328498498422874 -8.8035688799788580639
4.2498195023424294448 -7.71873816656982914
4.4234059443265136835 -6.85890191207863964
4.5208817571901684929 -5.9464427456061503818
4.91647215692486661 -2.6261093305026177447
4.0910751151792634772 -1.7960187866965489079
3.7939944430459626723 -1.1086758759298205312
4.7906890154200425513 -0.21515374360809463861
5.0537860433859931319 0.93101084296989100597
5.0028926616196276456 2.319755612429128977
4.6549046051894205078 3.6018428709077023875
4.8107285938441233242 4.9515652295857393028
5.249599957647995474 6.3940275285932672844
5.5291900125913198139 7.8921778642330311371
5.4559318401004581744 9.3720650132848035696
5.1237576206032136028 10.834459426930838077
5.1676868096952173204 12.343654153492119363
5.2832709588179831428 13.810903566405134058
4.6189621045605928629 14.1995688844468404
3.6515752875462901272 14.706667594991913006
2.1463872126669865104 14.619662684420026366
0.75138055847499862772 15.023618873297950316
-0.2577838141939379768 16.090044540129422757
-1.4050740625316109345 16.392773109321968406
-2.7085463038814356906 16.315707453871006294
-3.869521008430658604 16.705070385783660214
-4.8860781625459255295 16.744196469321394716
-5.8360731798583076468 16.734012956816144424
-6.8277040024998409962 16.199940482472754866
-7.7997081834807682199 15.009345716972315898
-8.8481048172054101997 14.162796764806580896
-10.142569742602363547 14.463102418275722627
-11.564169807974232995 14.757599235670364024
-13.066267382556405963 14.601012642378318418
-14.471884962929308927 14.438888341015385208
-15.291342973142345585 13.982118512101330055
-15.132767650282820782 12.596597791971923641
-14.86429124609304786 11.09771990881214343
-14.673296604062253223 9.5874090876122366467
-14.684517069141540091 8.0525867273196674034
-14.966877039828204943 6.5389060552102531432
-15.096972299337220846 5.0455004634861628787
-15.395406877066655227 3.9106760536730855726
-16.326815835811103739 3.3691798473879739362
-15.905389524155474135 2.4246422111306009661
-15.014635078597537543 1.2525821082716968036
-14.48274941260066484 -0.030929796170004811295
-13.541972938511261049 -1.0727091000404107568
-13.446376978581373152 -1.9020378589542792369
-14.759337619918289519 -2.3543886429666072146
-16.259583796419011748 -2.5052229436430835108
-17.763955264207702101 -2.6328732284069573666
-19.268326731996399559 -2.7605235131708325547
-20.772698199785093465 -2.8881737979347068546
-22.956986976872848061 -2.8370217683772800399
-25.141275753960602657 -2.7858697388198532252
-26.91689891439198945 -2.586879043189863836
-28.692522074823372691 -2.3878883475598740027
-30.468145235254759484 -2.1888976519298846135
-32.243768395686146278 -1.9899069562998952243
-34.019391556117533071 -1.7909162606699056131
-35.795014716548912759 -1.5919255650399162239
-37.570637876980299552 -1.3929348694099268346
-39.346261037411686345 -1.1939441737799370014
-41.121884197843073139 -0.99495347814994739011
-42.897507358274459932 -0.7959627825199580009
-44.673130518705846725 -0.5969720868899686117
-46.448753679137226413 -0.3979813912599792225
-48.224376839568613207 -0.1989906956299893892
