100 100
98.605498193446265986 100.31345233566325703
97.210996386892531973 100.62690467132652827
95.816494580338797959 100.9403570069897853
94.421992773785063946 101.25380934265305655
93.027490967231329932 101.56726167831631358
91.632989160677595919 101.88071401397958482
90.238487354123861905 102.19416634964284185
88.843985547570127892 102.50761868530611309
87.449483741016408089 102.82107102096937012
86.054981934462674076 103.13452335663264137
84.660480127908940062 103.4479756922958984
83.265978321355206049 103.76142802795916964
81.871476514801472035 104.07488036362242667
80.476974708247738022 104.38833269928569791
79.082472901694004008 104.70178503494895494
80.310517625699333166 103.07824089140322599
81.538562349704662324 101.45469674785751124
82.362626430825059742 100.07836720751926407
83.18669051194544295 98.702037667181059533
84.010754593065840368 97.325708126842854995
84.751581010719888809 95.952177409631275395
84.809562007675793893 94.559508453268776407
84.458898769517745109 93.483402107936200309
83.543289542373457834 93.223472995402701713
84.175408422986663481 92.352260271741343445
85.151513464709267964 91.13009566848046461
86.197985126632673314 90.096733589018469956
86.320891234656485835 89.438719205196662188
84.958944930306003585 88.777480165896136555
83.776575194561090143 87.893292569927709224
83.590198147295694753 86.65364941150244249
82.673094014706563826 85.740430746340777546
81.249735732666621857 84.992002830730299934
79.824473958697623743 84.244131536464081478
78.399212184728639841 83.496260242197848811
76.973950410759599094 82.748388947931630355
75.548688636790615192 82.000517653665411899
74.131190706301694604 81.246420787373551775
73.082364429066501543 80.196698186607122238
73.597708471759730742 79.159319455616056871
74.223895560055694887 78.093252962225690794
75.003428189281891036 76.945686896396225052
75.907736149192899688 75.799296326375412036
76.896662508967793315 74.718493559351074396
78.028055622158305482 73.655357922487098676
79.273253293411698905 72.65748738062876555
80.590271826185912118 71.764403089581378481
81.918952430832703726 71.007435357964595823
83.303641365611809988 70.935145250038871723
84.590901314102083575 71.843692485343979115
85.753537498711921216 72.569185071375130747
86.438587648372859462 71.704718729947856559
86.968491220520064644 70.296886252568029363
87.98532188966078138 70.258669942488054971
89.241267909965088734 70.715323746680837758
90.195018755014757517 69.752985609025628833
91.14166482888418841 68.750901173770557762
92.430175485784786815 68.978467485981340701
93.889359645988079706 69.108841178512960823
95.290994486875618463 69.184782533805318394
96.72319228749122999 69.543774321341246036
98.226166234378979425 70.052113819534184813
99.701350207772009071 70.67232832714455526
100.90092097882060784 71.290249274760029152
100.8430600597203437 72.324341652871922292
100.20746091117470655 73.804562836261183634
99.571399458135800842 75.285002792857241616
98.935338005096838287 76.765442749453242754
98.299276552057932577 78.245882706049272315
97.737193954655893435 79.749168397036015676
97.519213526427122929 81.352688634573922855
97.318970610946962552 82.917521640627015245
96.470600228119380404 84.241443404970439701
95.559487968264349433 85.386161420968434754
96.073855582612893045 85.540187698408814754
97.183381606708437062 85.230258539658763084
96.580371028786785814 85.884146241827252766
96.819440145690251143 87.577566175031776652
97.058509262593716471 89.270986108236300538
98.533879724842975634 89.796127884319773216
100.08824780452684422 90.205355802508108809
101.6426158842106986 90.614583720696387559
103.19698396389456718 91.023811638884708941
104.75135204357840735 91.433039557073016113
106.30572012326229014 91.842267475261323284
107.78524595412241638 92.144005579831059549
109.2647717849825284 92.445743684400781603
110.74429761584265464 92.747481788970517869
109.55048676963791365 93.553317145751577755
108.35667592343317267 94.35915250253262343
107.16286507722843169 95.164987859313683316
105.9690542310236907 95.970823216094728991
104.77524338481896393 96.776658572875788877
103.58143253861422295 97.582493929656834553
102.38762169240948197 98.388329286437894439
101.19381084620474098 99.194164643218940114
