-50 0
-48.741079839775345306 -1.2696564309595510522
-47.482159679550683506 -2.5393128619191021045
-46.223239519326028812 -3.8089692928786527126
-44.964319359101374118 -5.078625723838204209
-43.705399198876712319 -6.3482821547977552612
-42.446479038652057625 -7.6179385857573054253
-41.187558878427395825 -8.8875950167168564775
-39.928638718202741131 -10.157251447676408418
-38.669718557978086437 -11.426907878635958582
-37.410798397753424638 -12.696564309595510522
-36.151878237528769944 -13.966220740555060686
-34.89295807730411525 -15.235877171514610851
-33.63403791707945345 -16.505533602474162791
-32.375117756854798756 -17.775190033433712955
-31.116197596630144062 -19.044846464393263119
-29.857277436405485815 -20.314502895352816836
-28.598357276180827569 -21.584159326312367
-27.044038051606086981 -20.30314723714132441
-25.48971882703134284 -19.022135147970281821
-24.002673831303418694 -18.41392052826460457
-22.419516849105914247 -18.015138673554112358
-20.774064090068868893 -17.859185503537034378
-19.141782166236101403 -17.91998294325521357
-17.591801164841445626 -17.620663475690339084
-16.289813156588518694 -16.722600278132190965
-15.534726277730861455 -16.56610432159916968
-15.446787604864047339 -18.000804153346091852
-15.418569181284370373 -19.636048562405658657
-15.307118048763035389 -21.24860478674083808
-15.173622810270792627 -22.855152066338881411
-15.037763187667977149 -24.461042878744802209
-14.727057360088595672 -26.018387942293742299
-14.072333644421448184 -27.480217029389827132
-13.311177310741486579 -28.758514735328478906
-12.143924302296838391 -28.748668913941411773
-10.702232674287442293 -28.450721403311796109
-9.2772229171285225391 -28.482770123552356267
-7.867195260092012532 -28.149884916238253396
-6.3728953411432707199 -27.652060233424734292
-4.8832955907747930269 -27.069156799484517251
-3.4651017003552251339 -26.35477864309718754
-2.1762462137858111788 -25.57517938211335462
-0.98894355715737347623 -24.730966356572849918
0.17800240089119157005 -23.763058333195150595
1.2510612680552348763 -22.727455562687381985
2.0039268468159896486 -21.89942260614225944
1.7274317003949128946 -20.530495652700679443
1.9660101279103374683 -19.535180159990851223
3.4146209273382623905 -19.433927329984516774
4.1279222647379860689 -18.912591763269976042
4.5293554191749345605 -18.131042828751613882
3.9954244044822480042 -16.703452734809079772
4.5008184002713917948 -15.43148812921186952
4.7143603053581397688 -14.132311113294889537
4.0532074451909076984 -12.695761006764170631
3.5671807040397225386 -11.166794479134054541
4.0248551471836364612 -9.8089341292186098542
4.9534696331201351072 -8.1095411254322105066
4.6684865603420488966 -6.7092225930531039779
3.6970520725936379947 -5.654621031558102473
3.9535566307974838729 -4.5206042759106477291
4.9331810333891530362 -3.2955979599555087489
5.1112339612867687677 -1.884424469569086602
4.6785162385325280709 -0.31766493643369986266
4.079987905002213644 1.123424731716775371
2.8999611002715046659 2.1519193886563225959
2.1627892172637310786 3.4691053339849653447
1.4531412535450822787 4.7858311282459773395
0.39667736159722721823 5.8359150428184030091
-0.70004947307354292718 6.7766604870902202862
-1.8882042082989123344 7.6538003320428522613
-3.0340824943498265753 8.3803340230982001913
-4.1154686557217843301 8.9715636723397551577
-5.6176837702371571481 9.0014354384976247303
-7.1422247374133753794 9.3444819114195638576
-8.2450025334650067776 10.439666871568331175
-9.4637813786754243495 10.790435456472650344
-10.852933455616632585 10.710727350142171588
-12.066308089003175752 11.105633708038045171
-13.047465391424927006 11.135467170727146424
-13.695424870103819259 11.128762974442629741
-14.244683658000079518 9.6277987456359994667
-14.735651449010008562 8.0995408980885841288
-14.857777504205646579 6.5232621060321918094
-14.792440697796708449 4.9225767926944268282
-14.724568896639905091 3.3215614385009306631
-14.656697095483089299 1.720546084307435164
-14.588825294326285942 0.11953073011393941516
-14.525910606459078167 -1.4804337824753825981
-14.872564161183392528 -2.8122994037968549463
-16.105872734447153505 -2.6426079010719045748
-17.161548694328455866 -2.1348666076415057091
-17.929510560099966909 -2.7719127924742803515
-19.382273839311146446 -2.6094859885298706814
-20.955924307758060365 -2.4192814360525307649
-22.553315520621815438 -2.3482803070419708824
-24.114763815092036481 -1.9560771644842545047
-25.676476827270498404 -1.5597967645263832726
-27.259847873654152295 -1.3080319655557657299
-29.025669687622844606 -0.36141631219321146418
-30.791491501591536917 0.58519934116934280155
-32.537719546901399781 0.53199940106303889031
-34.283947592211255539 0.47879946095673503459
-36.030175637521118404 0.42559952085043112335
-37.776403682830974162 0.37239958074412726763
-39.522631728140837026 0.31919964063782335639
-41.26885977345069989 0.26599970053151944516
-43.015087818760562755 0.21279976042521558943
-44.761315864070418513 0.1595998203189116782
-46.507543909380281377 0.10639988021260776696
-48.253771954690137136 0.053199940106303911236
