-100 -100
-98.892463137381497518 -99.046458959397696731
-97.784926274763009246 -98.092917918795393462
-96.677389412144506764 -97.139376878193090192
-95.569852549526018493 -96.185835837590786923
-94.46231568690751601 -95.232294796988483654
-93.354778824289027739 -94.278753756386180385
-92.247241961670525257 -93.325212715783877115
-91.139705099052036985 -92.371671675181573846
-90.032168236433534503 -91.418130634579270577
-88.924631373815046231 -90.464589593976967308
-87.817094511196543749 -89.511048553374664039
-86.709557648578055478 -88.557507512772360769
-85.602020785959552995 -87.6039664721700575
-84.494483923341064724 -86.650425431567754231
-83.386947060722562242 -85.696884390965450962
-82.27941019810407397 -84.743343350363147692
-81.171873335485571488 -83.789802309760844423
-80.175375238246829213 -82.897386165185181994
-79.310931226183967624 -82.01678749985906336
-78.734278932541570839 -81.355938660308282806
-79.145543589575979126 -80.02499832136970781
-78.956160084136982391 -79.139784400921257657
-77.730715228612126566 -79.020090898133616975
-76.844059401491023209 -78.718203913646135561
-76.475197007544906569 -78.074606600642454168
-76.571426627890247119 -77.059557851426703223
-76.159975003622719214 -75.516607851126224205
-75.74852337935519131 -73.973657850825730975
-75.337071755087663405 -72.430707850525251956
-74.9256201308201355 -70.887757850224772938
-74.514168506552607596 -69.344807849924279708
-74.102716882285079691 -67.801857849623800689
-74.218307513007317766 -66.502693296600313033
-75.09036529206653654 -65.546485659296308768
-75.879562395513758588 -64.64818370552849558
-75.497197930447768499 -63.534509616838597879
-74.94746712795199528 -62.415073464023109295
-75.606477908088365325 -61.637669650333229754
-76.688794851074447934 -60.931379520774157754
-76.92975801722555218 -59.755936185651201242
-77.086562238653883128 -58.481816288240125346
-77.989335278428342235 -57.495413638113291199
-78.635401131413146913 -56.317102964980598756
-79.138884557800807329 -55.078332363816457473
-80.047249169582968875 -54.132701098418692709
-80.985701671631105114 -53.27424710492333304
-81.983615801948261037 -52.472062664511689434
-83.029809724355388312 -51.736032924070492811
-84.014986286858047038 -51.129064494273329444
-84.959307841592348609 -50.617596716077592589
-86.2585909850097039 -50.59226117599752115
-87.644089709155778678 -50.409850840710717534
-88.713916043519290611 -49.616252993481126055
-89.680423207749001335 -48.927128967796996051
-90.804604161793889716 -48.711481226734761663
-92.027824351602120601 -48.835565842704170336
-93.050882138796836784 -48.476093803111751868
-93.969807644455116247 -48.453178277345301694
-94.86229436589870545 -48.47135968888608204
-95.786802420116345047 -49.11698722680518614
-96.694189444009069234 -50.22963710333460341
-97.669635163858373517 -51.034458286353135748
-98.867020514457777836 -50.793632516815470979
-100.18159704001992338 -50.437406222229704156
-101.571387314139983 -50.556045125205727686
-102.94164166198987687 -50.558883720877766166
-103.90955660865810728 -51.075709374329861134
-104.83236837494499127 -51.634981585010081062
-105.56423421671465235 -52.71123613746973291
-106.61649708738379161 -53.61309416689664431
-107.86506579563737773 -54.289625152439654698
-108.91501601989486403 -55.118791650913713909
-109.78447680785669149 -56.159720978680176984
-110.49806865841730996 -57.134829359175533625
-111.02313083988003939 -57.940638505220988463
-111.45507251016717021 -58.674197254469021345
-111.85851847915594703 -59.431626833512410713
-112.15729194133299984 -60.42678030658538546
-112.43552209325271463 -61.741371499223610897
-112.33042988770721138 -63.003797114365418963
-111.72877700503511278 -64.208020962055115888
-111.89486068342522174 -65.348959811017707011
-112.76189870041403651 -66.467144926395192783
-113.5225584453878156 -67.687211971880088868
-114.00338259263685359 -68.918800812139863865
-113.94396171741722412 -70.062332475895672701
-113.81088950535135496 -71.259814868205140215
-113.58289571328032252 -72.558617840992297943
-113.2684091350676141 -73.844579993876351409
-112.88706121585880737 -75.057034308713696191
-112.44537692004752216 -76.205094258311319777
-111.95065585608028869 -77.289992837819085025
-111.24767609984027672 -78.625875612065016185
-110.54469634360025054 -79.961758386310961555
-109.84171658736023858 -81.297641160556892714
-109.13873683112022661 -82.633523934802823874
-108.43575707488020043 -83.969406709048769244
-107.73277731864018847 -85.305289483294700403
-107.0297975624001765 -86.641172257540631563
-106.32681780616015033 -87.977055031786576933
-105.62383804992013836 -89.312937806032508092
-104.92085829368011218 -90.648820580278453463
-104.21787853744010022 -91.984703354524384622
-103.51489878120008825 -93.320586128770315781
-102.81191902496006207 -94.656468903016246941
-102.10893926872005011 -95.992351677262192311
-101.40595951248003814 -97.328234451508137681
-100.70297975624001197 -98.664117225754068841
