-50 0
-48.158420078239245754 0.26014872057359939017
-46.316840156478498614 0.52029744114719878034
-44.475260234717744368 0.78044616172079817051
-42.633680312956990122 1.0405948822943975607
-40.792100391196242981 1.3007436028679970619
-38.950520469435488735 1.560892323441596341
-37.108940547674734489 1.8210410440151956202
-35.267360625913987349 2.0811897645887951214
-33.425780704153233103 2.3413384851623946226
-31.584200782392482409 2.6014872057359941238
-29.742620860631731716 2.8616359263095931809
-27.90104093887097747 3.1217846468831926821
-26.059461017110226777 3.3819333674567921832
-24.217881095349476084 3.6420820880303912404
-22.376301173588721838 3.9022308086039907415
-20.534721251827971145 4.1623795291775902427
-17.458716921713065773 3.5519519368555667604
-16.221597983886834271 2.8661083907011049021
-14.983869564801649332 2.1894497514935351568
-14.360225931494264628 1.3608803521780099555
-14.989531122360972404 0.2613240697667385537
-15.898405552806098129 -0.81927064493081169783
-16.345840772353437131 -2.0471927667496667702
-16.175212940151265428 -3.4464688921802122401
-15.654999067594390638 -4.7470769404444412842
-15.102070358939034378 -5.8903892775469515186
-15.447857142342552805 -7.0852918305835617119
-15.983884258821683844 -8.3033279217611255518
-15.662924442740349562 -9.4781902136813300785
-15.339526181846933284 -10.741956315836571179
-15.547187095150089675 -12.130811037154510146
-15.421751011259090092 -13.465071658703459789
-14.477653794382190355 -14.43155672563964842
-13.425553685504173274 -15.336531175400942573
-12.303437363255945058 -16.173152803027331714
-11.141734173102891603 -16.919630540887336423
-9.9754402900691410139 -17.561810391819729915
-8.6673313071050142042 -17.724096839788408886
-7.3345617345339846338 -17.426258234973641237
-6.4352808558676812822 -17.857780184907561249
-5.9810626309984211701 -19.0790025151438698
-5.3068556969103770626 -19.243012154509770539
-4.5697687431735669605 -19.394321829640414734
-3.6709879971631753648 -19.540187339592485216
-2.5365196208973523895 -19.366938967774878222
-1.3110100969049014452 -19.726791688616536646
-0.078799678645834286828 -19.701792587386030675
1.1755684805749897492 -19.285674297514749043
2.4587581134353380108 -19.443668473742889091
3.6584479746083786722 -19.200201783869061956
4.9388892543760114506 -18.85409148958093084
6.2567326933151621304 -18.399722572085522643
7.5453981849576425844 -17.852013063131412451
8.7824245348938880795 -17.221117184622148244
9.9148581994293749631 -16.543308292740796617
10.711602746474008896 -16.002397634975103813
10.945811291582245417 -15.820854916893395625
10.226659758855602078 -14.616101322007583718
9.5075082261289516339 -13.41134772712177714
8.788356693402308295 -12.206594132235963457
8.0692051606756631799 -11.00184053735015155
7.350053627949014512 -9.7970869424643431955
6.6309020952223693968 -8.5923333475785330648
6.0019805145684603787 -7.3515729204053297252
5.6640003901874385051 -6.0009219826790092256
4.9896553968520906963 -4.8090683315768751882
4.0979347606607303689 -3.7274683436766018474
3.8542208461236078243 -3.0944187368870044175
4.9038586048219050539 -3.3526434373843758685
5.5226558225556976467 -3.4024955708359514439
4.7285396316333887512 -2.6561775365836135521
4.8141027341959743424 0.74403226439540970372
3.8428936620504110522 1.1208272208163847505
4.0724446579449891104 1.600100171288787676
4.95957444122195934 2.3151451446097772724
4.9460995127256506265 3.304027549950133924
4.6844990459995567988 4.3128389280924102067
5.0302331958918165 5.4965692874547604774
5.4580708210708435146 6.8552452103086451984
5.3124431753183660732 8.1580783836625077043
5.2145704090547981835 9.4793415610068159083
5.4242268731912952617 10.876047678962779131
5.2096551721037673843 12.205609974200914536
4.8158818995619769865 13.52412591058491742
4.7347455881822781976 14.919663022426766119
4.6994564161320608875 16.326325424821551024
4.5089562632605026948 17.704994871561744674
4.006740723906083268 19.02744513236229551
3.2752642740151216572 19.824960895668429117
2.1958337520482023031 19.99214016076720668
0.9855110144552198248 19.916169875971668546
-0.028381320290705502885 20.249569179656699447
-0.94102596335287524987 20.26931815762034006
-1.8373258694030820681 20.248158728858406619
-2.7600024318845770566 19.526670404771117262
-3.6678340721805104963 18.414118642729693676
-4.6561415346499108736 17.670213290044653576
-5.8668996763580594234 17.968437596375387955
-7.1873623170849114672 18.287243968103268799
-8.58009870068842595 18.158927445914216037
-8.7920616174379428998 18.653775181669644212
-10.509059050044694317 17.876534549100075111
-12.22605648265144751 17.09929391653050601
-13.943053915258200703 16.322053283960940462
-15.66005134786495212 15.544812651391369585
-17.377048780471703537 14.76757201882180226
-19.094046213078456731 13.990331386252233159
-20.811043645685209924 13.213090753682664058
-22.528041078291963117 12.435850121113094957
-24.245038510898716311 11.658609488543529409
-25.962035943505462399 10.881368855973960308
-27.679033376112215592 10.104128223404389431
-29.396030808718968785 9.326887590834822106
-31.113028241325721979 8.5496469582652547814
-32.830025673932475172 7.7724063256956839041
-34.547023106539228365 6.9951656931261165795
-36.264020539145981559 6.2179250605565474785
-37.981017971752727647 5.4406844279869801539
-39.698015404359487945 4.6634437954174128294
-41.415012836966241139 3.886203162847841952
-43.132010269572987227 3.1089625302782746274
-44.849007702179747525 2.3317218977087073029
-46.566005134786493613 1.5544812651391346492
-48.283002567393246807 0.77724063256956910095
