-50 0
-48.60803463940474245 -1.073907791463322603
-47.216069278809484899 -2.1478155829266452059
-45.824103918214227349 -3.2217233743899678089
-44.432138557618969799 -4.2956311658532904119
-43.040173197023712248 -5.3695389573166130148
-41.648207836428454698 -6.4434467487799356178
-40.256242475833190042 -7.5173545402432573326
-38.864277115237932492 -8.5912623317065808237
-37.472311754642674941 -9.6651701231699043149
-36.080346394047417391 -10.73907791463322603
-34.688381033452159841 -11.812985706096547744
-33.29641567285690229 -12.886893497559871236
-31.90445031226164474 -13.960801289023194727
-30.51248495166638719 -15.034709080486514665
-29.120519591071126086 -16.108616871949838156
-27.728554230475868536 -17.182524663413161647
-26.336588869880614538 -18.256432454876485139
-24.944623509285353435 -19.33034024633980863
-23.552658148690095885 -20.404248037803128568
-21.027366540382388393 -18.075916998539362623
-19.531045240422521658 -17.935956863641997927
-17.99813335129256231 -17.849738910683559112
-16.472043936605281544 -18.03157868984068557
-15.424057813364752789 -18.850325658103020743
-15.028936613860565785 -20.256919059943871986
-14.792226155490185491 -21.756015989702536473
-14.592131923144194161 -23.266854049895005829
-14.306924278080110469 -24.75362580500586418
-13.910554724425919559 -26.196009430802316587
-13.205788101806422929 -26.366793235360482583
-12.41128595395889711 -26.527307973545099173
-11.416514558504463395 -26.635622982696848027
-10.1661167837866806 -26.588999581303550457
-8.8483296662129582444 -26.847159858413849776
-7.522396777376175514 -26.598131878923179983
-6.1540710070118693764 -26.473535162921322694
-4.8342808988798484648 -26.440121849644139473
-3.5055991154720214098 -26.120221385328143526
-2.1052106909551979719 -25.648965775887972995
-0.70461096620629071197 -25.113884967839243956
0.63619524972701313459 -24.455001890889580096
1.8699933194377553747 -23.732326912581513056
2.9953959975945743111 -22.962883995525057657
4.0869329909535068168 -22.100634789966818516
5.0561971109425982718 -21.222585665059938265
5.6159537333809144144 -20.171333683668763115
5.0975104260769672493 -18.799936455005887836
4.3454784036270526215 -17.472940829381180095
3.7460337799393985669 -16.224275377360072525
4.3997981077432966046 -15.613335330858934213
5.5196126847822348793 -15.275714937062046417
5.1490941805930754427 -14.319765077293736155
4.2696444402514153182 -13.139029681411292572
4.2823634505639178727 -12.068447192549081493
4.7272787241123657154 -11.027585034479303161
4.098573567749123292 -9.7884778974285957531
3.6083997851189297812 -8.4605797155301303292
4.238420190037794022 -7.3599305338270770704
4.9457677165823694665 -6.1367600456893196537
4.3758022758574606215 -5.0061662311876657938
3.6385882114181526958 -4.1746588617777282693
4.3777725509851368457 -3.1788919013441803152
5.1154319317250918076 -2.0467568865778158482
4.9622298961390960415 -0.65858677725984127171
4.9917489118366606959 0.81540029248037337872
4.6670541864566592594 2.2044957068447503801
4.6032597613519783408 3.600664688114461498
4.9875008235252193955 5.051067509726787641
5.2105286762977032211 6.5443965940073844934
4.8680758348670902791 7.7078772202398493363
3.9938560036551198351 8.4847630442942900686
2.9148918207620475584 9.3274216596714722982
1.8040137859586806712 10.079710680457580452
0.7781635595677194317 10.683465537137085022
-0.34487292288030041432 11.075950262746669495
-1.8575901941689318964 11.056123413569576286
-3.1780998388950538747 11.60353627906179419
-4.1776305695672464324 12.599710958992332621
-5.3514722428473060489 12.844695159725770139
-6.6642825701253274318 12.730483727007216643
-7.7859727172427266595 13.124583592602576232
-8.7780992233672030522 13.152715402279010704
-9.7354647741422759566 13.133173219081054839
-10.723846248872696663 12.370590546757947337
-11.69825033063688835 11.184100652599704873
-12.802312360706512351 10.537334652412681635
-14.091275537674569307 10.871339762388252836
-14.708628879184670879 10.284611967008613576
-14.753498769066901275 8.8068024161491660351
-14.78674186668614432 7.2896108434778081886
-15.066222095196398101 5.8216157770439975749
-15.336073860097146238 4.3828654024132598366
-15.069960277350503475 2.900153664614017579
-14.747912482608287021 1.3982033352785327995
-14.78138645333518042 -0.11183189785972431907
-15.129584700481569115 -1.4803354497191605343
-15.801635247070242585 -2.0724573328251021387
-17.198177502970668939 -1.7525471973511335122
-18.195849124759195803 -2.0177073178982896096
-19.132294284049145006 -2.5940837743656333103
-20.625305187112090266 -2.611774342154665085
-22.150740282797890757 -2.6468200371063570486
-23.657000976628850708 -2.8230094185209089197
-25.153068120835076371 -3.0421330989904045161
-28.32537866618845257 -2.3017945441432949849
-30.131597110672746709 -2.1099783321313538842
-31.9378155551570444 -1.9181621201194125614
-33.744033999641338539 -1.7263459081074712387
-35.550252444125632678 -1.534529696095530138
-37.356470888609933922 -1.3427134840835885932
-39.162689333094228061 -1.1508972720716474925
-40.9689077775785222 -0.9590810600597061697
-42.775126222062816339 -0.76726484804776506898
-44.581344666547110478 -0.57544863603582374623
-46.387563111031411722 -0.38363242402388242347
-48.193781555515705861 -0.19181621201194110071
