-50 0
-49.498661662749547929 -1.2605745525104667948
-48.997323325499095859 -2.5211491050209335896
-48.495984988248643788 -3.7817236575314003844
-47.994646650998198822 -5.0422982100418671791
-47.493308313747746752 -6.3028727625523330858
-46.991969976497294681 -7.5634473150628007687
-46.49063163924684261 -8.8240218675732684517
-45.989293301996390539 -10.084596420083734358
-45.487954964745938469 -11.345170972594200265
-44.986616627495486398 -12.605745525104666172
-44.485278290245041433 -13.866320077615133854
-43.983939952994589362 -15.126894630125601537
-43.482601615744137291 -16.387469182636067444
-42.98126327849368522 -17.648043735146536903
-42.47992494124323315 -18.90861828765700281
-41.978586603992781079 -20.169192840167468717
-41.477248266742336114 -21.429767392677934623
-40.975909929491876937 -22.69034194518840053
-40.474571592241431972 -23.950916497698866436
-39.973233254990979901 -25.211491050209332343
-39.471894917740527831 -26.472065602719801802
-38.000611456869286542 -26.331697638547236551
-36.708969561462261311 -26.204213806472491655
-36.053118948644026887 -27.233687759973545184
-35.439596943338351309 -27.907004132676885177
-34.695479189630937356 -28.069997085677620419
-33.781163038550801048 -28.230131989160341277
-32.619593202958043321 -28.064378582438003207
-31.315147424694707468 -28.448310833559705912
-29.994712458614614548 -28.43945858105442781
-28.649890178526259632 -28.014423515832778122
-27.295368873381178787 -28.147745737732936533
-26.165640646166455241 -27.913527156211006997
-25.383479427934084072 -26.698951407217627718
-25.028239200966705624 -25.253581369346484564
-24.982547579415609107 -23.730850639997299822
-24.94544671937448399 -22.203584979902338148
-24.846429801100448742 -20.667815605002790136
-24.487815403362908739 -19.323154203167124621
-23.29676030863766556 -18.725709632191712473
-21.767118089602103481 -18.407180092102713331
-20.411418305686520824 -18.095536618852609223
-19.928767007293387792 -17.076771121418349964
-19.202969672032672577 -16.626772406994287934
-17.829245455277234811 -17.084540984664172925
-16.414569838333516572 -17.599455450959787584
-14.999894221389798332 -18.114369917255412901
-13.594800312196662517 -18.62040452360566789
-13.352255531499217511 -18.251265321143129938
-13.213117219422683135 -17.381567444715493309
-13.473565658112095278 -16.110910358048347035
-12.544349746570686577 -15.196843293914252371
-12.211421545270003008 -13.708327182111062825
-11.878493343969317664 -12.21981107030787328
-11.545565142668634095 -10.731294958504685511
-11.212636941367948751 -9.242778846701495965
-10.879708740067265182 -7.7542627348983073077
-11.061225091180341806 -6.3884393018758096616
-12.064501598349037792 -5.3976470287305362561
-12.661229968446241045 -4.3897461465934046743
-12.031553588315972547 -3.1604484111547184177
-11.887118192389634075 -2.3021383332122491439
-13.152718640413130657 -2.2645260968882636732
-14.671902609779388982 -2.3745097174561409226
-16.191080790306088488 -2.4843025798326854314
-17.70887399096909931 -2.5484565449331362252
-19.222874556785885858 -2.4901724040839217089
-20.73668242404076878 -2.5295913079237144494
-22.247073856325929597 -2.7717768010765482245
-23.562206613408569922 -2.4824748842534662963
-24.377914993845720915 -1.2869237798556099062
-24.810376635826148828 0.039383496528108713486
-24.627494182372192455 1.4991390166875631085
-24.70033998462175262 2.9440529357644624753
-25.152517410015814647 4.3631574592197912565
-25.265065803278712764 5.8539880345869876876
-25.306701285917540645 7.3588234959517384581
-24.772371632972419064 8.9001515433654159182
-24.238041980027297484 10.44147959077909249
-25.526139881025933676 9.9194056112401369774
-26.814237782024566314 9.397331631701183241
-28.102335683023202506 8.8752576521622295047
-29.390433584021838698 8.353183672623273992
-30.678531485020471337 7.8311096930843193675
-31.966629386019107528 7.309035713545364743
-33.25472728701774372 6.7869617340064101185
-34.542825188016379911 6.264887754467455494
-35.830923089015016103 5.7428137749285008695
-37.119020990013652295 5.220739795389546245
-38.407118891012288486 4.6986658158505916205
-39.695216792010924678 4.176591836311636996
-40.983314693009553764 3.6545178567726832597
-42.271412594008189956 3.132443877233727747
-43.559510495006819042 2.6103698976947731225
-44.847608396005455234 2.088295918155818498
-46.135706297004091425 1.5662219386168629853
-47.423804198002727617 1.044147959077909249
-48.711902099001363808 0.52207397953895373632
