-50 0
-48.584098982384652743 -1.0230553104504822581
-47.168197964769305486 -2.0461106209009645163
-45.752296947153965334 -3.0691659313514469964
-44.336395929538618077 -4.0922212418019290325
-42.92049491192327082 -5.1152765522524115127
-41.504593894307923563 -6.1383318627028939929
-40.088692876692576306 -7.1613871731533764731
-38.672791859077236154 -8.1844424836038580651
-37.256890841461888897 -9.2074977940543405452
-35.84098982384654164 -10.230553104504823025
-34.425088806231194383 -11.253608414955305506
-33.009187788615847126 -12.276663725405787986
-31.593286771000503421 -13.299719035856270466
-30.177385753385159717 -14.322774346306752946
-28.76148473576981246 -15.345829656757235426
-27.345583718154465203 -16.36888496720771613
-25.929682700539121498 -17.391940277658200387
-24.513781682923774241 -18.41499558810868109
-23.097880665308430537 -19.438050898559161794
-21.68197964769308328 -20.461106209009646051
-20.468464410455752045 -19.193654945465521422
-19.254949173218424363 -17.926203681921396793
-17.826075176894349283 -17.845561853364721117
-16.482667243703236437 -18.075891560006585479
-15.521044081587328733 -18.988438986134216435
-15.155068923795559144 -20.307038646941322213
-14.877523390964450201 -21.661244427361570075
-14.130346328107558307 -22.810316109958598929
-13.390349505404609332 -23.98570837986374471
-12.958166425016008461 -25.325511679651835806
-12.287946070519799591 -25.51646354636172731
-11.561355197437556797 -25.667670385478071893
-10.673776502130486676 -25.814668727723788066
-9.554994486177834645 -25.633157405607395418
-8.3324473166824599701 -26.009128816698609654
-7.101280589576276725 -26.000894554612933973
-5.8490814365433312361 -25.576262551767062092
-4.5602869549565108187 -25.742430949321747136
-3.3625413343779682052 -25.504872887407387338
-2.0882731672958350089 -25.16685495425063479
-0.77309346612849616509 -24.711520821315975383
0.5212886688311417771 -24.178418458566508065
1.7636745101073145747 -23.552508190431478141
2.9069382988457537209 -22.87542747032086865
3.9292071444555851656 -22.17776456835892418
4.8795807796326933214 -21.440351920427918486
5.751999798421232768 -20.676801741677813595
5.8375582504922780558 -19.263000747999026174
5.5561589949540941547 -17.922935002190520493
4.8747152595245495377 -16.698452921479603361
4.1470721615878680666 -15.487319085556860543
3.7453253723713757495 -14.448089692673558915
4.6301160002691057471 -14.087708103292836626
5.5590909449619401173 -13.795345132589249104
5.0957646730439849492 -12.893028344744351443
5.0586219696158973846 -11.008818754419696262
5.0214792661878089319 -9.1246091640950410806
4.9843365627597204792 -7.2403995737703841229
4.9471938593316329147 -5.3561899834457289415
4.3828869245334365345 -4.3271194345748478227
3.6391155543485771418 -3.5903856678251457879
4.2666331584018282186 -2.7177163576549565605
5.0701615533235031563 -1.7365991560566711449
5.0024239213506627166 -0.50027385991597750348
4.9807999900793484827 0.90472321178274006659
4.7108648613801511473 2.2507156168255701978
4.5909275362756627459 3.5684165535202927444
4.9644937515467360001 4.9287383788305643151
5.2901789536198933206 6.3050384493488653703
5.5065974554336989399 7.6965214808478519259
5.4078378822696873129 8.9518419413848064892
4.4307380765062926997 9.7701747234460132319
3.3521798980853354522 10.553064053548656176
2.346733083710180523 11.190156976000658062
1.4060486179545854668 11.714001097881677538
0.20248515796004593059 11.858530510041477513
-1.2042501554297799782 11.947241722059859015
-2.3580815395038272619 12.599002119123644761
-3.2934608699767524698 13.458966418648405039
-4.3942040302216458514 13.684140990025746021
-5.6264140408698795071 13.550555142632532579
-6.6816887220726624008 13.950879198320652819
-7.6220289372883422985 13.983759266531116339
-8.507338914978191724 13.974278148394688515
-9.4344492386993099586 13.557044664212652307
-10.341257503379271299 12.448136645420465385
-11.285585779066424905 11.49658382390859046
-12.437389666449757186 11.529522647450425765
-13.571300814737687901 11.786649658821342967
-14.249231076013689545 10.899962683059996493
-14.74634660745166137 9.5900124234242518639
-15.183620948105147619 8.2563325113920225107
-15.36101642246134702 6.9031581520136615637
-15.124916691546060221 5.5296553180695999785
-14.8249713811104602 4.1511901945400850877
-14.670017447494760887 2.7475028790305517923
-14.878106485276919813 1.3516575593060748961
-15.089663927428956569 0.0082437863480626094592
-15.559588428660061865 -0.78842818972760075891
-16.379305008817194533 -1.0820230498011205178
-15.982525074456091829 -1.9536554374886807572
-16.109447216786879409 -2.5719748532354982373
-17.415595518374296091 -2.6118168674529194107
-18.847948056584922227 -2.6498288775595142397
-20.265489053580598267 -2.7836524612767332698
-21.67860625705339217 -2.9444747739897860761
-23.075429236795265808 -3.1993262264160722275
-24.461143623431684802 -3.5182820799099099318
-27.628402510139981274 -3.0422273593915987178
-29.492702300961649797 -2.7887084127756320839
-31.35700209178331832 -2.5351894661596654501
-33.221301882604983291 -2.2816705195436992604
-35.085601673426651814 -2.0281515729277321824
-36.949901464248320337 -1.7746326263117657707
-38.814201255069988861 -1.5211136796957995809
-40.678501045891657384 -1.2675947330798329471
-42.542800836713325907 -1.0140757864638660912
-44.40710062753499443 -0.7605568398478994574
-46.271400418356662954 -0.50703789323193282357
-48.135700209178331477 -0.25351894661596663383
