-50 0
-49.932886638885904063 -1.2713163771347160136
-49.86577327777180102 -2.5426327542694320272
-49.798659916657705082 -3.8139491314041475967
-49.731546555543609145 -5.0852655085388640543
-49.664433194429513208 -6.3565818856735800679
-49.597319833315410165 -7.6278982628082951933
-49.530206472201314227 -8.8992146399430112069
-49.46309311108721829 -10.170531017077728109
-49.395979749973122352 -11.441847394212443234
-49.32886638885901931 -12.713163771347160136
-49.261753027744923372 -13.984480148481875261
-49.194639666630827435 -15.255796525616590387
-49.127526305516724392 -16.527112902751309065
-49.060412944402628455 -17.798429279886022414
-48.993299583288532517 -19.069745657020739316
-48.92618622217443658 -20.341062034155456217
-48.859072861060333537 -21.612378411290169566
-48.791959499946237599 -22.883694788424886468
-47.501953875509897784 -23.435172674316714136
-46.028223867059992358 -23.1875850198595721
-44.843647923266402699 -23.246018571690722609
-44.284371586178423286 -24.453507920574498513
-43.614250496229637122 -24.870889844982805528
-42.844790160243960031 -25.033048797401942664
-41.893908643879555598 -25.190354542899132895
-40.68193620402315247 -25.039518986138869394
-39.368108829955723138 -25.383896755333342554
-38.046288399793304791 -25.254627413115724011
-36.690458754143740805 -24.960311278677178137
-35.346660445757628111 -25.029114511461163062
-34.037861690168142559 -24.732800697728112738
-32.643972488871973781 -24.289298907021947826
-31.236968078689869799 -23.772506318768428457
-29.882797490539804386 -23.131935248042797326
-28.623538750614766712 -22.418444202608029059
-27.482774696660005276 -21.661358412925249439
-26.382100355614333864 -20.816152787236088528
-25.361870005044298892 -19.914824999055365851
-24.455649484735879184 -19.00054151000338365
-24.367062656444609559 -17.576970752442839796
-24.298152818169878486 -16.285829726508911364
-23.17759575789420623 -15.950770389485915857
-22.006725135126970372 -15.759314290932415759
-21.613130423708486916 -15.080888441449923576
-21.648193694670698761 -14.037942256765186144
-21.690544393626787212 -12.833071138396427102
-20.641922540353835558 -11.95063959065954684
-20.240951486198802911 -10.789631708740888172
-20.590777326813917369 -9.3093038414668356495
-20.76777335051720641 -7.8250728482620619531
-19.982424855330812363 -6.2552239909375124682
-19.197076360144414764 -4.6853751336129629834
-19.442991468160364832 -3.4956188271624291097
-20.696959971243028775 -3.1652756907772183759
-22.211170049361900425 -3.0568007987520759983
-23.725380127480775627 -2.9483259067269336207
-25.237161443291391549 -2.8389465004053424657
-26.167861376852652455 -2.513162048658414971
-25.503233878255667122 -1.5908369998392233313
-24.869034821516301292 -0.41272077376552879224
-25.045791965865028317 1.0183841526157502155
-25.012007624581414689 2.5174458690410195238
-25.359777031109192791 3.9315747596969310429
-25.376302098731859047 5.3588066711766959571
-24.994423713949750265 6.8307659918510603703
-24.864397931694462329 8.3305672931124430391
-25.524485246954778717 9.2957195292554501975
-26.46573658970829257 10.113511813130738659
-27.567727683747314416 10.950465872285747082
-28.665621937702702837 11.673044002526097529
-29.680023165522236184 12.253839941431120764
-30.902471944079927368 12.502241202772676587
-32.426934977257154458 12.545085692933787058
-33.95426389982141302 12.827522788181836333
-35.412788659380538547 12.860625438701170253
-36.743935968180167606 12.296222289291375063
-37.890084880328259942 12.619336713578519493
-38.895850467590058486 13.499932475470721727
-39.847667606654717076 13.01882439115340695
-40.785926364874242722 11.841427181495204124
-41.775144337856183085 10.724875747372477619
-42.853943860431812141 10.486346354619810128
-43.278127049891963907 12.282712267908348025
-43.702310239352115673 14.079078181196884145
-44.227117719406109586 12.905821666097143208
-44.751925199460096394 11.732565150997404047
-45.276732679514083202 10.559308635897663109
-45.801540159568077115 9.3860521207979239477
-46.326347639622071028 8.2127956056981830102
-46.851155119676057836 7.0395390905984420726
-47.375962599730044644 5.8662825754987011351
-47.900770079784038558 4.6930260603989619739
-48.425577559838032471 3.5197695452992210363
-48.950385039892019279 2.3465130301994818751
-49.475192519946006087 1.1732565150997391612
