-50 0
-48.201331047062922153 0.21449488017618936753
-46.402662094125851411 0.42898976035237873505
-44.603993141188773563 0.64348464052856801931
-42.805324188251695716 0.85797952070475747011
-41.006655235314617869 1.0724744008809468099
-39.207986282377547127 1.2869692810571360386
-37.40931732944046928 1.5014641612333254894
-35.610648376503391432 1.7159590414095149402
-33.811979423566313585 1.930453921585704391
-32.013310470629235738 2.1449488017618936198
-30.214641517692164996 2.3594436819380830705
-28.415972564755087149 2.5739385621142720773
-26.617303611818009301 2.788433442290461528
-24.818634658880935007 3.0029283224666509788
-23.019965705943860712 3.2174232026428404296
-21.036824891141307603 3.0723957131734840331
-19.053684076338750941 2.9273682237041271925
-17.698085006696526733 2.5423999569243309615
-16.343133521798112184 2.1572708461260252655
-15.426596908459915269 1.6632503347967699803
-15.907146508435991095 0.79033741307431093492
-16.329270498922415555 -0.41366293503726220271
-16.050235287968323661 -1.7599483125273387429
-15.36795600998986977 -2.9233418833079292121
-15.213634533284425387 -4.0276409357384137522
-15.844218030084277871 -5.2263254077045315782
-15.785492169426040832 -6.3437516853401172412
-15.363748302792814115 -7.5107309535256190358
-15.559973675206990151 -8.8944475095606136961
-15.588186372821365211 -10.291102505248471033
-15.353714784229804735 -11.675253719384967255
-15.205307319215206618 -13.091148622894634101
-14.910344775325604871 -14.362165410169197344
-13.876936199833686203 -15.072208901989299079
-12.717260349759877514 -15.762493310979685646
-11.518950967049040202 -16.294169833854244445
-10.13897227210792451 -16.080890481190397878
-8.9562442227295466779 -15.996628935512552161
-8.351635327587136004 -16.971329733735938561
-7.7954908606151782635 -17.675797918479542403
-7.1142877003623690157 -17.828778191463715785
-6.294187252256151055 -17.980217783207471882
-5.2780337800162042683 -17.875595173431289453
-4.0856768487107988364 -18.117147082307251793
-2.8542355226897928588 -18.240086416422435889
-1.6132814174251122186 -17.934608370774519415
-0.33212482950478566801 -17.875266133823306092
0.89806183961033081431 -17.843041027039792112
2.1314978533729211918 -17.55218347683072011
3.4345276044863339848 -17.124883578324496369
4.7496260535141825443 -16.64788440735255648
6.0176274587340774502 -16.055781417217964702
7.2085406276762356015 -15.396026570866919059
8.2354393861531534071 -14.737161963030683154
8.772890440525493716 -14.355545381474374977
8.5674699925393706934 -13.632857429284920059
7.9336821947224462903 -12.368221839735900502
7.2998943969055218872 -11.103586250186882722
6.6661065990886001487 -9.8389506606378649423
6.0705860344688318264 -8.56422512242539824
5.7935841185830465605 -7.2066158427963928901
5.4657339280832237804 -5.8893514122613686013
4.6913724782523305024 -4.7293314042878566994
3.9016460648837538727 -3.6247311217294684305
4.0175803121950952601 -3.1064515570868236338
5.1946019908298168843 -3.283987204025990092
5.4319863306848352735 -2.9754899677286994475
5.2059406307485058818 -0.33650771230250109411
4.9798949308121764901 2.3024745431236972593
4.1459877007209486877 2.8832594496777042004
3.7632623556804989384 3.3710539034785820256
4.7125684154240632395 4.1214649335962905141
5.0506906980298449383 5.1117580733943714932
4.8721716600985605083 6.3553324430640927289
4.6369270630755563545 7.5125038965810819747
5.0185636833005622393 8.8046785991668681248
5.4168367724925774453 10.170857965552539071
5.5102168368560340284 11.534825505033129645
5.1863008607586067455 12.854064710884808065
5.2081427639644690686 14.222143134190330827
5.4125056347241820021 15.614811348357179099
5.435519638503586215 16.999538625506044554
5.0832871668209094196 18.357804910854873981
4.3330492429820361977 19.353382679448465353
3.1001031122539108864 19.843516626643712186
2.0954709803162150372 20.753106275585601281
1.10154748346221254 21.318142278936321077
-0.051682700541022433272 21.451847100361352005
-1.2472214604689020323 21.440770811319517009
-2.2528183117068492081 21.741880489635814655
-3.1596323181194336804 21.758527932230336432
-4.0603467496299359141 21.734339835646206751
-4.9806995011965335962 20.937125607145883777
-5.8892649906188268005 19.82615363585457402
-6.8915186489437489925 19.148368503204931557
-8.1146737327096722936 19.496899116080061987
-9.4410683842460567661 19.775647748909914725
-10.836257759154259261 19.642720059474402916
-12.15242742713740931 19.579158375051818552
-13.729409617673351107 18.763360109424660038
-15.306391808209291128 17.947561843797501524
-16.883373998745234701 17.13176357817034301
-18.460356189281174721 16.315965312543180943
-20.037338379817114742 15.500167046916022429
-21.614320570353058315 14.684368781288863914
-23.191302760888998336 13.8685705156617054
-24.768284951424938356 13.052772250034546886
-26.345267141960881929 12.236973984407388372
-27.92224933249682195 11.421175718780228081
-29.49923152303276197 10.60537745315306779
-31.076213713568705543 9.7895791875259092762
-32.653195904104642011 8.973780921898750762
-34.230178094640585584 8.1579826562715904714
-35.807160285176522052 7.3421843906444319572
-37.384142475712465625 6.5263861250172734429
-38.961124666248409198 5.7105878593901149287
-40.538106856784352772 4.8947895937629564145
-42.115089047320289239 4.0789913281357943475
-43.692071237856232813 3.2631930625086376097
-45.269053428392176386 2.4473947968814790954
-46.846035618928119959 1.6315965312543170285
-48.423017809464056427 0.81579826562715851423
