100 100
98.305551815965401374 99.251925384002163355
96.611103631930802749 98.50385076800432671
94.916655447896204123 97.755776152006490065
93.222207263861605497 97.00770153600865342
91.527759079826992661 96.259626920010816775
89.833310895792394035 95.51155230401298013
88.13886271175779541 94.763477688015143485
86.444414527723196784 94.01540307201730684
84.749966343688598158 93.267328456019470195
83.055518159653999533 92.51925384002163355
81.361069975619400907 91.771179224023796905
79.66662179158478807 91.02310460802596026
77.972173607550189445 90.275029992028123615
76.277725423515590819 89.52695537603028697
74.583277239480992193 88.778880760032450326
72.888829055446393568 88.030806144034613681
71.194380871411794942 87.282731528036777036
71.887704136744872585 84.027856843544569188
72.078366631807568865 82.45249295782042509
72.31218060351341137 80.866895789536883399
72.545994575219253875 79.281298621253327497
72.779808546925110591 77.695701452969771594
73.013622518630953095 76.110104284686229903
73.197415087142744028 74.52297301672071228
72.747352034183634828 73.457349995997844871
72.156775205575172549 73.028767199924587317
72.026122955660682123 71.869985626548213986
70.957823769320370388 71.362621643644587266
69.623786476696466252 71.389739993346125857
68.774793677236829126 71.397376614534778128
69.088077745234585336 70.548474428081320298
67.978297360265614202 70.314335946972235547
66.361176899276983931 70.430850628036466787
64.767885927110015132 70.615153827675854359
63.175334885679248487 70.801505512692742172
61.582783844248481842 70.987857197709615775
59.990232802817665458 71.174208882726503589
58.442900436265233566 71.22748028259620412
57.190088110081703121 70.426106881987152519
56.212671757314964793 69.107276793979664831
55.385706973764825989 67.688488389411404
55.407990044380113659 66.353076395465635073
55.54670666465466411 65.003272101408711592
55.806598828148153757 63.523860563458072193
56.178369113886418518 62.062764990629943895
56.63168941209101348 60.706701407009887816
57.16947619501281963 59.411095026082954007
57.727558489766437333 58.284549279008231792
58.10125557768655824 57.617268765584164214
58.964437967110789884 57.693714033232708971
60.487086819330663445 58.190687947006836112
62.009735671550544112 58.687661860780963252
63.482295320058653942 58.95874747114174852
64.804864451407269144 58.330113053683575686
66.233648913125151125 57.617402063905153398
67.269129647157029694 56.442454942992164035
67.744571684946379264 54.914354416276722759
67.715542782506787489 53.321576076544992873
67.529391589539415008 51.719961384369298685
67.436782268368560267 50.257514798508900356
68.22462413311981777 50.097507736579274251
69.53755686702881178 50.62146596811541599
70.34271187896496258 49.800798427802320134
70.908948080918705159 48.403451679061646473
71.799834213811465133 48.384397282990668998
72.962247362174537102 49.410292233931471628
74.259335849641132654 49.531485244001196122
75.672147897493658775 49.25675316422888983
77.054108606449091212 49.629739296606942389
78.263041966031607899 48.922309881260368059
79.39073904121082137 48.131740609258642394
80.660443085853501088 48.436435385568728407
82.152772309425330377 48.933717048297445729
83.642371211208327964 49.516622127782376594
85.060562373638788358 50.230998922722122302
86.349415867022358384 51.010596748542681667
87.536719461261228048 51.854810141900415488
88.703668350498645623 52.82272049998670127
89.776727432936127116 53.858323590507808376
90.529592759322767392 54.686356362537537734
90.232954015053479679 56.063090199592643614
89.494760129556169659 57.436981137135944664
88.353228119406949759 58.542114405779678066
87.159318272164171049 59.612346571505334225
85.965408424921349706 60.682578737230976174
84.771498577678585207 61.752810902956632333
83.574224771944358281 62.820711160803860196
82.862026675625088501 64.621646491563623727
82.149828579305818721 66.422581822323380152
81.437630482986548941 68.223517153083136577
80.794577183739221482 68.807763157185348746
81.636026228791862991 69.454694522760789255
83.070276315058620753 70.176691278393235507
84.488990778764360812 70.926086869939211965
85.899495806369984052 71.689370494977907811
87.309889820640890434 72.452841923038803884
88.720283834911782606 73.216313351099714168
90.130677849182703198 73.979784779160624453
91.953434189166856072 74.7521276942663917
93.776190529151008946 75.524470609372144736
94.220748348497366464 77.272722708702701766
94.665306167843723983 79.020974808033273007
95.109863987190081502 80.769226907363830037
95.554421806536439021 82.517479006694387067
95.99897962588279654 84.265731106024944097
96.443537445229154059 86.013983205355515338
96.888095264575497367 87.762235304686072368
97.332653083921854886 89.510487404016629398
97.777210903268212405 91.258739503347200639
98.221768722614569924 93.006991602677757669
98.666326541960927443 94.755243702008314699
99.110884361307284962 96.50349580133888594
99.555442180653642481 98.25174790066944297
