100 100
98.279068380564353902 99.817489096780775526
96.558136761128722014 99.634978193561551052
94.837205141693075916 99.452467290342326578
93.116273522257444029 99.269956387123102104
91.39534190282179793 99.087445483903891841
89.674410283386151832 98.904934580684667367
87.953478663950519945 98.722423677465442893
86.232547044514873846 98.539912774246218419
86.064332855888167728 96.582903941051370111
85.89611866726146161 94.625895107856536015
85.561862018653911832 92.948518413652394088
85.227605370046433109 91.271141719448294793
84.893348721438883331 89.593765025244181288
84.537836758901406142 87.921437254519318572
84.076163075713580497 86.274095874385920979
83.620242583606980702 84.686429742327732129
82.937924575673292793 84.513981033145043398
81.727122329594251937 85.591536129319166548
80.344671168926481641 86.494469586953599105
79.41756168306311281 86.336129787519496404
78.191571540586892297 85.902318253525521641
76.504580972473746669 86.287442602538590108
74.919896489909973525 86.92775872183945296
73.40827864524362667 87.70865007318725759
71.899311377963172731 88.494639840750068061
70.390344110682761425 89.280629608312963796
68.869999029532294799 89.991614514345513953
67.84330800688042018 89.654026179926887608
67.266331544753597882 88.728670495739706325
66.771318913963639829 87.832529210022727284
66.354915531656061489 86.686313009976302624
66.064588954636107587 85.095322946708222389
66.442881242241782047 83.585794736352013956
66.815404553249294395 82.157256934608923871
66.176304719870771009 80.906184388226733972
67.022599221983696793 80.168247424472312446
68.63812372552241925 79.648994836399992892
70.258745843384772911 79.131191448961729407
71.456814733263101402 78.424577429119082694
71.434393998468934228 77.019822933012420663
71.890462515820317435 75.393672416540397307
72.509365797179782476 73.845194121884048855
71.88650019104143496 72.634467308013441311
70.550987640742391704 71.564261780063048946
69.207040563235835862 70.495659570727781329
67.863093485729265808 69.427057361392499502
67.158816116872600332 68.683767826979320148
67.586437076158048853 67.970911286355686798
68.402633538148933212 66.77117608760684675
69.368046402028880948 65.558682402140902923
70.436182935689785722 64.412943052235874575
71.664515649349795012 63.292079594555367805
73.010710113376489971 62.256689370822620333
74.418316755785753003 61.351850250986387891
75.834488667820963315 60.59767472372901409
77.500927192081149997 60.792630605056864113
78.90403435177491076 61.57442148242751756
79.754702218526546176 63.01141602095985661
80.514839506053021978 64.55475446077342383
81.274976793579554624 66.098092900586962628
82.033386262650438425 67.643682327355705297
82.773448232945867176 69.213174717001280101
83.530315468476715068 70.657879423310987477
84.509996933973425826 71.142748267712832444
85.518694998796178197 71.438928408386431101
86.725601563494791435 71.240423781453898755
88.181840714787938396 70.864438779884309838
89.551179042297732735 69.866413439097527771
90.711046077076616712 68.620963855124813335
91.833047446711731254 67.331809254704779732
92.955048816346874219 66.042654654284703497
94.077050185982002972 64.753500053864627262
95.199051555617117515 63.464345453444579448
96.188107800304763373 62.369932741532686293
96.675942881319770095 62.731719180397561786
97.826556148611942376 63.682568163960894481
98.962910246157647975 64.778806927275411454
99.74255470488623132 65.641620345901031897
99.36820570519510909 67.162318619661064645
99.91148380726860978 68.005722833729237209
101.51132077647106655 68.064116706104229593
101.95946859309977128 68.822737679914609998
101.98259087855522864 69.959558631609169765
102.05065162487956343 71.290072723726211734
102.43168149221854435 73.155562438441165796
102.81271135955753948 75.021052153156134068
103.1937412268965204 76.88654186787110234
103.57477109423550132 78.752031582586056402
101.87771446189931623 79.046649064844061172
100.18065782956310272 79.341266547102108575
98.483626433145133205 79.63595704563590516
96.815288275742759083 80.013667049722258184
95.475546677396891937 80.68429431114144279
95.896590202915248824 81.666650618106132242
96.775858391311871287 82.883461519209163271
96.669344579730889677 84.446804354799382963
96.531645316260380696 86.069101397898634787
96.505459766958054502 87.551828395957031148
97.391848868529208971 88.964611324652096869
98.748654497276561415 90.055701247933413356
100.10546012602391386 91.146791171214729843
100.08436810081913393 92.91743293697177819
100.063276075614354 94.688074702728840748
100.04218405040955986 96.458716468485889095
100.02109202520477993 98.229358234242951653
