-50 0
-49.849939476152172801 -1.2992566668939067309
-49.699878952304352708 -2.5985133337878134618
-49.54981842845652551 -3.8977700006817204148
-49.399757904608705417 -5.1970266675756269237
-49.249697380760878218 -6.4962833344695338766
-49.099636856913058125 -7.7955400013634408296
-48.949576333065230926 -9.0947966682573468944
-48.799515809217410833 -10.394053335151253847
-48.649455285369583635 -11.6933100020451608
-48.499394761521756436 -12.992566668939067753
-48.349334237673936343 -14.291823335832974706
-48.199273713826109145 -15.591080002726881659
-48.049213189978289051 -16.890336669620790389
-47.899152666130461853 -18.189593336514693789
-47.74909214228264176 -19.488850003408600742
-47.599031618434814561 -20.788106670302507695
-47.448971094586994468 -22.087363337196414648
-47.298910570739167269 -23.386620004090321601
-45.899393040634521412 -23.559655618406189603
-44.492157671401308505 -23.26913643205271498
-43.623173147731677091 -23.905733666245769342
-43.089093196811155906 -24.969902052279174143
-42.366549695429483791 -25.137938587252975253
-41.514642768482566737 -25.300250794994688874
-40.443263971587008143 -25.229911342205173952
-39.166683791196653885 -25.473420603806129492
-37.847550554748266904 -25.574053901476339945
-36.513587337490847062 -25.202392538028171032
-35.128869520292184347 -25.310862399251117694
-33.840146451117654181 -25.096527829080546468
-32.482663653015571015 -24.743038069974897297
-31.072068394964006188 -24.26089637356430373
-29.690050497055082701 -23.677143924017880039
-28.371537309288974882 -22.996535343564989518
-27.172915837271990114 -22.263710641321985406
-26.083860292964708094 -21.490694372714294502
-25.053484504337344418 -20.650786203096672011
-24.172887232205638952 -19.835081207478644671
-23.989758873897304881 -18.353610148458336937
-23.733776212576721321 -16.894196711597565752
-22.837727349146600631 -16.178199792190209649
-21.36868153490223321 -16.148859866143645547
-20.864807236320071837 -15.554692132073949296
-20.496708343746572467 -14.779628244819461358
-20.92114676123607353 -13.459683207693514007
-20.191002817642932143 -12.487418571878427187
-19.338069658724791111 -11.507573983355568359
-19.537571823698321793 -10.101731387447211219
-19.84097960616307077 -8.5994139033279584083
-19.323744862911230058 -7.3585695845811711635
-18.806510119659389346 -6.1177252658343839187
-18.289275376407548634 -4.8768809470875966738
-18.530992010904256517 -3.6849250564029194521
-19.769254465806195498 -3.3463535065715648287
-21.264787671610008601 -3.2280937835360550281
-22.760320877413825258 -3.1098340605005461157
-24.250618764801629368 -2.9887936466743365571
-25.159796308011209476 -2.559096555080354829
-24.8617213817007503 -1.3920159736189507971
-24.98797033778679122 0.025769458200026153921
-25.015459749924211508 1.5106932631616800666
-25.288911704868983321 2.9136826621994300623
-25.406230004221800556 4.2982604653332998623
-25.014153681964938158 5.7394707341106565579
-24.68351673954157377 7.2221833471291736473
-24.468967236394032483 8.7373879806050922525
-25.129906981648694853 9.5628319958799181677
-26.198552090117949831 10.423097813279728285
-27.328704650526908893 11.211348943654197541
-28.371314176183613398 11.842151692495129112
-29.39991514064247724 12.383642447169364686
-30.905103112007676458 12.29663795495681633
-32.300111763333639203 12.700594229506616983
-33.304117712675314067 13.759690097406355846
-34.2641223265759578 14.032119973754383579
-35.269858585614571211 13.10211331130020973
-36.294283849251534946 12.323433684708419378
-37.314714545804058332 12.967725021265685825
-38.312651322334922099 13.516674411142581391
-39.261613859732712228 12.631767633173668131
-40.224516142729143553 11.451932386675100162
-41.253891851959210157 10.475092394797115958
-42.409385342284458886 10.664795665810158809
-42.813587824201661647 12.223763829111284451
-43.217790306118871513 13.782731992412408317
-43.782974447275634589 12.634170993044707032
-44.348158588432390559 11.485609993677007523
-44.913342729589153635 10.337048994309306238
-45.47852687074591671 9.1884879949416067291
-46.043711011902672681 8.0399269955739036675
-46.608895153059435756 6.8913659962062041586
-47.174079294216198832 5.7428049968385028734
-47.739263435372954802 4.5942439974708033645
-48.304447576529717878 3.4456829981031020793
-48.869631717686480954 2.2971219987354007941
-49.434815858843236924 1.1485609993677012852
