-50 0
-49.191462197814409762 -1.375464215704010229
-48.38292439562881242 -2.7509284314080204581
-47.574386593443222182 -4.1263926471120306871
-46.765848791257624839 -5.5018568628160409162
-45.957310989072034602 -6.8773210785200502571
-45.148773186886437259 -8.2527852942240613743
-44.340235384700847021 -9.6282495099280716033
-43.531697582515256784 -11.003713725632081832
-42.723159780329659441 -12.379177941336092061
-41.914621978144069203 -13.754642157040100514
-41.10608417595847186 -15.13010637274411252
-40.297546373772881623 -16.505570588448122749
-39.489008571587291385 -17.881034804152132978
-38.680470769401694042 -19.256499019856143207
-37.998120274180173794 -20.397218710555783616
-37.138307890022801416 -21.627808275403872074
-36.158517120112364296 -22.824505643237305463
-35.063014205828736181 -23.967175469071960947
-33.809927524460576365 -25.077391644788036729
-32.448503389560741539 -26.092479698205544025
-31.342308076354065349 -26.794446965447615838
-30.433561436552313495 -25.865330686348475098
-29.472233116177164902 -24.451597276534464243
-28.510904795802019862 -23.037863866720442729
-27.549576475426878375 -21.624130456906421216
-26.588248155051729782 -20.210397047092410361
-25.626919834676581189 -18.796663637278388848
-24.621720186447909384 -17.409452660671178137
-23.578991497466340377 -16.423875545456475322
-23.243838751971932055 -17.319394817077110815
-23.136963814887366198 -18.631845507485724767
-22.496685438681900848 -17.910629287095474638
-21.590798807012426153 -17.430114653837136984
-20.579445696518259723 -17.393812631397040036
-19.474237666070688846 -17.694663619717204028
-18.083902486500814888 -17.63686171977787609
-16.409167721538924667 -18.025188459751120718
-14.827908687965203782 -18.6832838534049408
-13.457151334111822294 -19.671532675399049594
-12.169117394551353328 -20.796207729780697093
-10.881631521255036077 -21.921786746051719064
-9.5941456479587170492 -23.047365762322737481
-8.3066597746623997978 -24.172944778593755899
-7.6149736560931771123 -24.257526714872188478
-6.6841516347111031848 -23.339612301625706436
-5.926023224384225685 -22.494690682898649925
-6.3492674766504073602 -20.934193734649742424
-5.7113196558758039245 -20.160737522365661079
-4.1661738989770640273 -20.070678119783060822
-3.718578117209656142 -19.308342677679533494
-3.7560275445036985786 -18.129832388913659003
-3.5974084369127807825 -16.826633838686198885
-2.4591454137734864993 -15.79480965466797926
-2.4708169041081928796 -14.289577582030430491
-2.82257932322142846 -12.589093585017726795
-2.5277117309562036063 -11.039781526515225707
-1.2720742533617066528 -8.7664102093023767992
-1.6150231022701806438 -7.2806661022816161477
-2.7847583186868405392 -6.1951440595692277569
-2.8408073676076064373 -4.9386437287431723675
-2.1224245221781892212 -3.5147161158026873906
-2.6130990949527017619 -2.1440467241905540874
-3.3665277580584493933 -0.64402209671728405382
-4.2335016583804785384 0.7376700319341757961
-5.4639757000074435922 1.8432533001867505984
-6.0129578789802220484 3.4073222293808198557
-7.0468087018006464461 4.5803131126252498717
-7.7774942707824230581 5.2746897857274852583
-8.7697165275228154968 4.478464423449110221
-10.006619438123808052 3.2935304296491092479
-11.24352234872480949 2.1085964358491078308
-12.480425259325807374 0.9236624420491065246
-13.717328169926798154 -0.26127155175089478156
-14.953862386501182158 -1.444206488162139479
-16.081099779329719013 -2.0270284997455476628
-17.141811868957123721 -2.0907100546049344203
-18.454914459802065352 -2.9874182567910665398
-19.402420057690040522 -2.6440250322865388455
-20.160895626807814551 -2.544622307846719611
-20.872751756030112347 -2.0025438006087461495
-21.374084173173365286 -1.8187615944867809858
-21.814463557968419849 -3.3319605351329362186
-22.265518715915561643 -4.4451778323469355314
-23.182911127669061813 -3.6132555873764737875
-24.401270879864121355 -2.4480447977642305624
-25.375282812890581852 -1.0546731937488500463
-26.309461610280500565 0.37808750763413967455
-27.243640407670419279 1.8108482090171293954
-28.177819205060330887 3.2436089104001188943
-29.111998002450253153 4.6763696117831088372
-30.011852522537694199 6.2931144310123183772
-30.911707042625131692 7.9098592502415279171
-32.380037270115508363 7.3014085386844875813
-33.848367497605877929 6.6929578271274472456
-35.316697725096254601 6.0845071155704060217
-36.785027952586631272 5.476056404013365686
-38.253358180077000839 4.8676056924563253503
-39.72168840756737751 4.2591549808992841264
-41.190018635057754182 3.6507042693422437907
-42.658348862548123748 3.042253557785203455
-44.126679090038500419 2.4338028462281631192
-45.595009317528877091 1.8253521346711227835
-47.063339545019246657 1.2169014231140806714
-48.531669772509630434 0.60845071155704033572
