100 100
98.342640002833093149 99.919353504389249565
96.685280005666200509 99.83870700877849913
95.027920008499293658 99.758060513167762906
93.370560011332401018 99.677414017557012471
91.713200014165494167 99.596767521946262036
90.055840016998601527 99.516121026335511601
88.398480019831694676 99.435474530724775377
86.741120022664802036 99.354828035114024942
85.083760025497895185 99.274181539503274507
85.105735535657601076 97.535982668606862944
85.127711045817292757 95.79778379771043717
85.051753743230918303 93.992707364796117986
84.975796440644586482 92.187630931881813012
84.89983913805822624 90.382554498967593304
84.823881835471894419 88.577478066053274119
84.747135489614848325 86.77245696936306274
84.589514928736406318 84.991938543220967972
84.047066654172283506 84.405616754100265098
82.872933966288229612 85.534988472980444385
81.443289639592904905 86.519869331276737512
80.554881761388287487 86.2150483222920343
79.165034309555906589 85.97805229336670152
77.397845361486105276 86.311627621111853159
75.644145060590119556 86.379537259675132077
73.971050912473117478 86.97561888126881513
72.313497597167653907 87.690205932501271491
70.655944281862161915 88.404792983733727851
68.998390966556712556 89.119380034966170001
68.083931438248285417 89.392382284701284334
67.834892245463450422 88.955162386201308777
67.336523278313933361 87.993432355929954269
67.035519626908751434 86.456019693285895755
66.999141702187372971 84.814524205508021737
67.64779934263776795 83.271511828784412046
67.120645947633420292 81.859624594276510834
67.518413022605159313 80.849108782296525533
69.156422142672340669 80.127112519886409814
70.653238202614005559 79.313566791213332863
71.081334097516858606 77.82772489254939785
71.692149365646841375 76.109698233428673575
72.522079150477381404 74.471761861471904353
72.192630612117511646 73.128786289451937819
70.835677456025550214 71.963919452046397396
69.445421090353590898 70.804536334744511805
68.055164724681617372 69.645153217442597793
68.127793734700105688 69.084744142062646688
68.831352641204119891 67.980779946780913292
69.806969852538031773 66.672971092915503277
70.890521445553531521 65.444257808526344888
72.14259115909513298 64.245200931127541821
73.542942601425693283 63.123077304245924779
75.027310929927978123 62.137556646664009463
76.48599199884274924 61.34070652094727194
77.753362984636922306 62.070111695962545184
78.644798685608151345 63.628605418256988457
79.523209633713321409 65.211761813829227208
80.401620581818505684 66.794918209401473064
81.280031529923689959 68.37807460497371892
82.148750483920565557 69.843238076049061647
82.882612824829237752 69.69406033873275419
83.61381770331966834 69.916011091206570427
84.483704139905285047 71.205940845064986888
85.584743254108133215 71.458817396956135326
86.737914240229770257 71.355437966915530978
88.139559402934239074 70.949307899221849993
89.513730754141818124 69.995382735292380971
90.590433210005201659 68.559610055905082504
91.630974160572506548 67.089826724304032268
92.671515111139811438 65.620043392703024665
93.712056061707087906 64.150260061102002851
94.753114521224048872 62.681653940239293377
95.6886917285558809 62.163384657532326116
96.923975702278553968 62.974473743830479577
98.246349633159653081 64.000368113122561908
99.501591298986994616 65.156543166185628024
100.42610161761419363 66.149213203158808483
100.23495799262020967 67.604762625766284145
100.62048320454886152 68.637951856260542627
102.30886134842221225 68.7077773154092597
102.79006413179935464 69.509697225465274073
102.75399864574382036 70.754859725510442559
103.02521029382960194 72.103569494375108206
104.13869072340197874 73.236406982560922074
104.20733431696478988 75.290290948036783902
104.27597791052760101 77.344174913512659941
104.34462150409041215 79.398058878988521769
102.55395960200888794 79.657002971648878997
100.76329769992740637 79.915947064309264647
98.972635797845896377 80.174891156969636086
97.191706669977151023 80.474051784527475206
95.621312439854222021 81.069203841092345897
95.797247111742052539 82.022967134893207231
96.760956791876267857 83.22645738571208085
96.673010760547867903 84.797903043111489296
96.470375737611547606 86.467063598787149203
96.751760065890962892 87.972627889796441991
97.829355174196010125 89.426870149743180605
99.343894981972297842 90.657521233973341168
100.85843478974858556 91.888172318203487521
100.64382609231144272 93.916129238652615641
100.42921739487428567 95.94408615910174376
100.21460869743714284 97.97204307955087188
