-50 0
-49.028646612489445999 -1.4142874476442439668
-48.057293224978891999 -2.8285748952884879337
-47.085939837468337998 -4.2428623429327325667
-46.114586449957791103 -5.6571497905769758674
-45.143233062447237103 -7.0714372382212200563
-44.171879674936683102 -8.4857246858654651334
-43.200526287426129102 -9.9000121335097084341
-42.229172899915575101 -11.314299581153951735
-41.257819512405021101 -12.728587028798196812
-40.286466124894474206 -14.142874476442440113
-39.3151127373839131 -15.55716192408668519
-38.343759349873366205 -16.971449371730930267
-37.372405962362812204 -18.385736819375175344
-36.401052574852258203 -19.800024267019416868
-35.649715729098289785 -20.979098568835510719
-34.727404036123367348 -22.215593864890394116
-33.711209109590932087 -23.378732785696680452
-32.547491658518389102 -24.514920214562671674
-31.349167564450134194 -25.511583536117168336
-30.321992348083934843 -25.197146742984813272
-29.194527146535108386 -23.926918153863120153
-28.067861653590476578 -22.648062973530816322
-26.941196160645858981 -21.369207793198505385
-25.814530667701244937 -20.090352612866194448
-24.680613550560167369 -18.81933573623219047
-23.359013819760122033 -17.749218702247983259
-21.997681492813239146 -16.733628125155274091
-21.263498385267411095 -16.659453720322677128
-21.19203112921197274 -18.175346978216850857
-20.829838704599854537 -18.474958038895348267
-20.008479584505082016 -17.433104077235739737
-19.030292030826824856 -17.480938330770957378
-17.944891940228348659 -17.515718440046033066
-16.725550444235182113 -17.688429589403568798
-15.38116333680201997 -18.119517357542132885
-14.363565724414295133 -19.461684052963331482
-13.398502296184474858 -20.872076175580570379
-12.43343886795465103 -22.282468298197805723
-11.468375439724825426 -23.692860420815041067
-10.503312011495005152 -25.103252543432279964
-9.5333413708671557174 -26.502596254752010196
-8.6793069968192160246 -26.676633702994546837
-7.4713974426705931364 -25.870625002419455285
-6.2228429855053786213 -24.892796893890661636
-5.0351363799196615645 -23.798618474436867842
-4.1373816412685862076 -22.841026460428508926
-4.2109283843097902178 -21.546505647036966025
-4.1186391885698343529 -20.369876604755070559
-2.6400603340930199892 -20.217541820706596667
-1.8610059787554433797 -19.669821449528512858
-1.5096787510323694814 -18.758595718953998244
-1.8353552922298836947 -17.309473407360766117
-0.78526777571965555858 -16.26931802700763896
-0.32723656833630720975 -14.95475554958410136
-0.71389174339432470706 -13.270742832822881141
-0.740646550958098282 -11.632493161107550605
0.74399013741969410862 -8.8490279691804829554
0.40104134274890995693 -7.3632838597579066686
-0.76869389955496592037 -6.2777618099599390433
-0.82474297316577693806 -5.0212614812103071316
-0.10636076826289908581 -3.5973340762796617298
-0.59703530767303192306 -2.2266647268660548775
-1.3504633543054345157 -0.72663986909553568427
-2.2174373202573516295 0.65505225327810712166
-3.4479114422318173361 1.7606355420064778716
-3.996893394837467639 3.3247044869521888977
-5.0409745204076976677 4.5079119373401752568
-6.1796378363514286036 5.5594643815752249338
-7.4050410796935146607 6.526034221930480328
-8.6174572590355769108 7.3418424892552174299
-9.1978773338207400201 7.6888506219470826863
-10.063288793680225552 6.4189182434580986936
-10.996098011457888788 4.9893271844679452087
-11.928907229235552023 3.5597361254777903916
-12.861716447013220588 2.1301450664876364627
-13.794525664790880271 0.7005540074974827558
-14.727334882568547059 -0.7290370514926715062
-15.670888946839985678 -2.1497230509661209297
-16.780554503565525692 -3.06059449577744358
-17.558580617902485699 -2.4489073997932360172
-18.383006347107595957 -2.5831218870202450333
-19.0092205075407783 -1.7095470859132335661
-19.500051281987765606 -2.1903692794561142598
-19.922782325135070636 -3.800895088590422688
-20.478446405090544147 -4.3587590627285557332
-21.582097324327090604 -3.2879403634494961395
-22.987702443108322115 -2.3107737604879785565
-23.894656061166891448 -2.3102980083663808841
-24.737192493982025354 -2.2688849359156235685
-25.960739664123661186 -1.1296290458699391746
-27.199764428646883374 0.053575716148401578143
-28.438789193170094904 1.2367804781667424141
-29.677813957693317093 2.4199852401850834305
-30.99042414266526535 3.9273856395064861147
-32.303034327637213607 5.434786038827889243
-33.911849388761105217 4.9407145807526262615
-35.520664449884989722 4.4466431226773641683
-37.129479511008881332 3.9525716646021011869
-38.738294572132772942 3.4585002065268386495
-40.347109633256664551 2.9644287484515761122
-41.955924694380549056 2.4703572903763131308
-43.564739755504440666 1.9762858323010505934
-45.173554816628332276 1.4822143742257880561
-46.78236987775221678 0.98814291615052507467
-48.39118493887610839 0.49407145807526298142
