-100 -100
-98.888262582762536113 -98.963946618777640651
-97.776525165525086436 -97.927893237555267092
-96.664787748287622549 -96.891839856332907743
-95.553050331050158661 -95.855786475110534184
-94.441312913812708985 -94.819733093888174835
-93.329575496575245097 -93.783679712665815487
-92.21783807933778121 -92.747626331443441927
-91.106100662100331533 -91.711572950221082579
-89.994363244862867646 -90.675519568998709019
-88.882625827625403758 -89.63946618777634967
-87.770888410387954082 -88.603412806553990322
-86.659150993150490194 -87.567359425331616762
-85.547413575913026307 -86.531306044109257414
-84.43567615867557663 -85.495252662886898065
-83.323938741438112743 -84.459199281664524506
-82.212201324200648855 -83.423145900442165157
-81.100463906963199179 -82.387092519219791598
-79.988726489725735291 -81.351039137997432249
-79.06550183839310364 -80.443051724875971331
-78.41035458761180621 -79.721160214517695408
-78.573744286339390897 -78.58882444618902241
-78.671497745185178019 -77.491451444325463171
-77.665105847894125191 -77.209902823455195175
-76.484443616254480958 -77.084571876835042303
-76.118433813290579337 -76.461450801776635444
-75.947261835035888566 -75.617504458880574703
-76.263535112021514806 -74.40948343403985632
-75.496860419035130008 -73.527683463631021255
-75.125018238812330651 -72.02093129179162645
-74.753176058589517083 -70.514179119952231645
-74.381333878366717727 -69.00742694811283684
-74.009491698143904159 -67.500674776273442035
-73.637649517921104803 -65.99392260443404723
-73.75323599513599504 -64.694761845577630766
-74.625644987427008914 -63.738501619703619383
-75.653684485776437896 -62.804945400914810705
-76.297550568037422636 -61.540142629144305886
-76.780470694425304146 -60.157971038231913496
-76.973762956993112994 -58.752133228988249414
-76.916900072277556433 -57.347357674475162526
-77.428389443530676317 -56.124271925392100968
-78.067868907133586731 -54.900224460508823654
-78.430857622946234642 -53.545553525170468845
-79.315893651431608191 -52.589299689409017446
-80.250596890409880757 -51.70223223665212231
-81.223887544145796369 -50.890163688833681022
-82.267888681598464018 -50.126873653239613304
-83.277766090928352583 -49.481001703274628767
-84.219191009069206189 -48.951904503849121397
-85.390140307256956476 -48.764008349162828893
-86.800544757875996993 -48.704025836105572012
-87.982391643705867068 -48.100564747327965165
-88.91050252582424207 -47.189275087003366593
-90.004746344397233315 -46.960804532463939154
-91.23568871958579507 -47.085166321788634036
-92.303115437004194632 -46.683718413750767695
-93.251381444182740665 -46.647339579053777925
-94.135877419328281235 -46.653970246744407291
-95.06294128893479467 -46.994787184401609181
-95.969585854299722882 -48.102253075671448812
-96.906164251775990692 -49.090059438872891917
-98.04166784087283304 -49.135012566093962505
-99.332244268524718223 -48.672154250929779096
-100.70541407860889649 -48.704177228995476412
-102.10710550152010967 -48.73856514788464267
-103.17884234279422628 -49.119085276677608931
-104.10001079947684843 -49.657997674534570365
-104.88015994532261743 -50.579514331508107716
-105.81705976739624475 -51.577640307972217215
-107.03437229853155088 -52.304853064337656576
-108.19435821341980386 -53.030527980084265494
-109.07807734678868883 -54.048205294746132665
-109.85345583009825532 -55.06966172829292816
-110.41957861051098178 -55.911794594444756967
-110.87286630971071588 -56.660145915070074807
-111.27775134639087184 -57.398321140400511808
-111.69927868399926751 -58.256138901090672277
-111.86745907284125678 -59.559428088650975042
-111.98604803760292725 -60.843542508870278596
-111.40991681774055166 -62.059878016605345863
-111.26321503319768169 -63.223772653623619533
-112.04798209196322034 -64.331341213373193
-112.85239972726178337 -65.52283394739434641
-113.54337115943319247 -66.766554361210538104
-113.50229299484888656 -67.932111787427359673
-113.39327670398678549 -69.093848302380450832
-113.19207417513774772 -70.379226923610275435
-112.90160495769448801 -71.672432282194804998
-112.53590305529506566 -72.913991722975509902
-112.11439437898278015 -74.070212443949856151
-111.47679467482579696 -75.434938104794596825
-110.83919497066879956 -76.799663765639351709
-110.20159526651181636 -78.164389426484092382
-109.56399556235483317 -79.529115087328833056
-108.92639585819783576 -80.893840748173573729
-108.28879615404085257 -82.258566409018328613
-107.65119644988385517 -83.623292069863069287
-107.01359674572687197 -84.98801773070780996
-106.37599704156988878 -86.352743391552550634
-105.73839733741289137 -87.717469052397305518
-105.10079763325590818 -89.082194713242046191
-104.46319792909892499 -90.446920374086786865
-103.82559822494192758 -91.811646034931527538
-103.18799852078494439 -93.176371695776282422
-102.5503988166279612 -94.541097356621023096
-101.91279911247096379 -95.905823017465763769
-101.2751994083139806 -97.270548678310518653
-100.63759970415698319 -98.635274339155259327
