-50 0
-49.740558569599294003 -1.2169275073122864939
-49.481117139198588006 -2.4338550146245729877
-49.22167570879788201 -3.6507825219368599257
-48.962234278397176013 -4.8677100292491459754
-48.702792847996477121 -6.0846375365614324693
-48.443351417595771125 -7.3015650438737198513
-48.183909987195065128 -8.518492551186005457
-47.924468556794359131 -9.7354200584982919509
-47.665027126393653134 -10.952347565810578445
-47.405585695992947137 -12.169275073122864939
-47.14614426559224114 -13.386202580435149656
-46.886702835191535144 -14.603130087747439703
-46.627261404790829147 -15.820057595059726196
-46.36781997439012315 -17.036985102372010914
-46.108378543989417153 -18.253912609684299184
-45.848937113588718262 -19.470840116996583902
-45.589495683188012265 -20.687767624308868619
-45.330054252787306268 -21.904695131621156889
-45.070612822386600271 -23.121622638933441607
-44.811171391985894275 -24.338550146245729877
-43.472033492902447449 -24.738309299144319198
-42.017565243359982219 -24.441153379432996928
-40.962159766821500284 -24.734296782432387829
-40.464300842199875774 -26.046057322019954938
-39.740249780619571141 -26.222203587561850213
-38.938222602143163442 -26.384410594409686723
-37.943189885171911158 -26.492773908298833163
-36.692792209524441205 -26.446149211155031367
-35.375006741342993166 -26.704309459395371817
-34.049075273136502062 -26.455281509802542672
-32.680748577127623378 -26.330686086824563574
-31.36095633708948327 -26.297271103652658297
-30.032275710541231462 -25.977370837551916338
-28.631887900093417443 -25.506114347627864447
-27.23128594891912968 -24.971033610728095908
-25.904127958153736699 -24.3194954925825364
-24.763296314427481803 -23.656683956340437192
-24.236633804878046305 -22.304008948504606025
-24.151319434981687095 -20.814337336180138038
-24.023094521174421345 -19.402217288679004525
-23.103794030343404842 -18.413700359031146547
-22.359678036585112437 -17.232713977639694036
-21.52285511714685029 -16.502889711923387495
-20.10120245350544721 -16.696947525310072535
-18.61995200179638843 -16.98404910776043053
-18.040829798185651356 -16.679892670946895095
-17.658736638731074464 -15.98436412892423597
-18.097772994776804012 -14.666498039148201826
-17.447165494666997176 -13.670484566636332602
-16.535343083535696707 -12.714794754338623051
-16.688143713244823374 -11.328923464281595912
-17.006160049986579708 -9.8259492029699107007
-16.860575758066907781 -8.4250764765894725628
-16.163380251729741133 -7.2142071533766669589
-15.466184745392574484 -6.003337830163861355
-15.647703851846054945 -4.6375146895280527914
-16.662127578958777718 -3.65175327454495946
-17.977789428718597975 -2.9683327618717867402
-19.465900316082343835 -2.6934114078555921878
-20.985167158764735262 -2.4933161817127134086
-22.50849983642263652 -2.3320784876320641565
-24.022772224687138021 -2.2158829085699460748
-24.934178419744469579 -1.6306761863113270472
-25.197892556418370447 -0.3252731824223024093
-25.370730101962241321 1.0258902718528526421
-24.936999096239894413 2.4582393333764316345
-24.589909523762919719 3.9243912245905026026
-24.427859936718675726 5.396893786361862233
-24.712807260873297821 6.832416206194273478
-24.935683818475240514 8.297023298110145717
-24.880767368596202971 9.8113897592757304267
-25.298422636424703569 10.571520057024265782
-26.155496108056688342 11.043736941092138437
-27.290948674339702507 10.517844705802037453
-28.426401240622716671 9.9919524705119346919
-29.561853806905734388 9.4660602352218319311
-30.697306373188748552 8.9401679999317309466
-31.832758939471762716 8.4142757646416299622
-32.968211505754780433 7.8883835293515272014
-34.103664072037794597 7.3624912940614253287
-35.239116638320808761 6.8365990587713234561
-36.374569204603822925 6.3107068234812224716
-37.510021770886837089 5.784814588191120599
-38.645474337169851253 5.2589223529010178382
-39.780926903452865417 4.7330301176109159655
-40.916379469735886687 4.2071378823208140929
-42.051832036018893746 3.6812456470307122203
-43.187284602301915015 3.1553534117406112358
-44.322737168584922074 2.629461176450508475
-45.458189734867943343 2.1035689411604074905
-46.593642301150950402 1.5776767058703065061
-47.729094867433971672 1.0517844705802037453
-48.86454743371697873 0.52589223529010276081
