-50 0
-49.831539960283976143 -1.4255303437069799521
-49.663079920567959391 -2.8510606874139599043
-49.494619880851942639 -4.2765910311209403005
-49.326159841135918782 -5.7021213748279198086
-49.157699801419894925 -7.1276517185348993166
-48.989239761703878173 -8.5531820622418806011
-48.820779721987861421 -9.9787124059488601091
-48.652319682271837564 -11.404242749655839617
-48.502618171144433745 -12.698034728296086371
-48.244761990978403787 -14.09006210478151111
-47.889891059465156786 -15.457630398827991058
-47.465166114179154988 -16.727753585545983128
-46.965189092990470954 -17.947039613113197731
-46.431737075139452031 -19.044080657600211737
-45.874027338059462977 -20.037435624154745994
-45.201693752259402004 -21.083685376856344362
-44.393191167979857426 -22.17805652085029422
-43.512621662580635018 -23.214405679838606034
-42.528918047945673209 -24.221755377990163538
-41.422659347480212944 -25.202057605365972393
-40.229724709312975506 -26.110164580116858701
-38.986916328476816318 -26.917513409985396322
-37.737422986966905114 -27.605605763043065792
-36.323426009395390679 -27.71809308978145836
-34.933426350325483156 -27.445402158096520395
-34.110440313379903898 -28.166788908275080416
-33.562830380901687022 -29.158501501996596517
-32.838154440166476888 -29.325089148389242411
-31.973471050268415183 -29.487234470614922088
-30.883746852124676963 -29.385505491683964863
-29.601224872091396634 -29.69001679053310383
-28.281814940085901355 -29.748730926026464516
-26.957379243581133466 -29.208631035187924141
-25.671734803551757409 -28.392005124139295447
-24.94530756433513119 -27.275921812876632089
-24.913830692070522588 -25.809529219634207209
-24.951557945458961996 -24.30828024440202384
-24.989285198847404956 -22.807031269169851129
-25.015557880540864488 -21.301798897416361456
-24.988410550795322251 -19.778393725126331759
-24.662495609106770189 -18.491316025327300565
-23.453491959276849599 -18.293495229686062231
-21.974175248236456071 -18.547734645663062736
-20.462348017464520922 -18.334200414804413981
-19.558351449886821172 -17.698732923478239343
-19.384291102202368506 -16.67480840554954824
-18.288003383922873724 -16.766781020648537037
-16.859818649260361667 -17.23762443538303657
-15.431135223612805873 -17.704598279460888932
-13.996707996109723382 -17.8962623871169626
-12.554279338948983735 -17.530017737573302838
-11.164848019287449077 -16.913825256520748752
-10.022967119479643472 -16.059443837272251443
-9.9303934770908330876 -14.774611514465288309
-9.6506275216082944013 -13.344101651116512031
-9.370861566125755715 -11.913591787767735752
-9.0910956106432170287 -10.483081924418959474
-8.8113296551606783424 -9.0525720610701831959
-8.992846534340035447 -7.6867486280476846616
-9.9961231498664826489 -6.6959563543330880009
-10.592851520207181792 -5.6880554354746264423
-9.9604827075979684992 -4.4527409780624829239
-9.8034929787230815634 -3.261647609662512437
-10.440387873920474959 -2.1365559061735290847
-11.74373174035097378 -1.8622794250541481187
-13.230882871433689019 -2.0488612601365026045
-14.722530977524217022 -2.2468153167414484095
-16.215371745204802068 -2.4585262981673019489
-17.711000762278366949 -2.7023987389717643026
-19.180995993092135876 -2.8080120088492686037
-20.556334328351113072 -2.271860316415231118
-21.948993154289016871 -1.9908367852338406667
-23.240648955415665 -2.1564250989985191964
-24.305077531352154097 -1.7470776712452971147
-25.148310296099161576 -1.2413314346825403689
-25.293814663987678415 0.17606294051818657809
-25.262361167793407901 1.697984095395486781
-25.174406346609210061 3.1982515666883917227
-25.084472742310921944 4.6977606850852824394
-24.994539138012626722 6.1972698034821744884
-24.958602401576197138 7.6697387984633760283
-25.599387420377695435 8.8037017491039559758
-26.791521559522056606 9.7034460219662381775
-27.865876929680695184 10.228185882270818041
-28.83814622047650289 10.246110458277637889
-29.809203826044726071 10.216805328843570067
-30.789945730384907563 9.2269096963540828682
-31.770455036799049253 8.0652323509311720784
-32.914104789725158184 7.6704977406675665108
-34.273407185703952393 8.1613427612494486851
-35.732414690712275274 8.2061686600094549959
-37.233920696979751597 8.15041255412794996
-38.389064198442504505 7.7541674252149874746
-39.376536722936648971 7.17129234501951629
-40.556921531499241951 6.3744820844617926525
-41.737306340061834931 5.5776718239040681269
-42.917691148624435016 4.7808615633463436012
-44.098075957187027996 3.9840513027886199637
-45.278460765749620975 3.1872410422308963263
-46.458845574312213955 2.3904307816731718006
-47.63923038287481404 1.5936205211154481631
-48.81961519143740702 0.79681026055772363748
