-100 -100
-99.376603249631102699 -101.27632926832778537
-98.753206499262205398 -102.55265853665557074
-98.129809748893293886 -103.82898780498337032
-97.506412998524396585 -105.1053170733111557
-96.883016248155499284 -106.38164634163894107
-96.968510346087413154 -104.82382913944692859
-97.054004444019312814 -103.26601193725491612
-96.660822410326076692 -101.84635720339863951
-95.886021360605255381 -101.3934912319745365
-94.608433938309730138 -101.85147680819257232
-93.191489242260587389 -101.58977988687530569
-91.700912351043186277 -101.58144950889717961
-90.180196728468089873 -101.82205587444330774
-88.674236706635056748 -102.14692143767130972
-87.215459293228093429 -102.56988495469664713
-86.002914229555358361 -102.42961935894747683
-84.942641311787454583 -101.5792234569821062
-83.907902472465309529 -100.62453484414729132
-83.069250724661060303 -99.742111581482049587
-82.870544994024697871 -98.787120452999758413
-83.166059273877422697 -97.470398101857526285
-82.33710504609602765 -96.984522226788882904
-80.960126204054205346 -96.916866630481138145
-80.566648902804843146 -96.250939752218641843
-80.403166774353067581 -95.338032260897151104
-80.663614371840552053 -94.067376576117283093
-79.734396648571049582 -93.153310382207010321
-79.094040778412633586 -92.087840889056735705
-79.394347208175702235 -90.636045068092698784
-79.643938310914137446 -89.139188835815062362
-78.856847155279609751 -87.424957454146294822
-78.069755999645096267 -85.710726072477527282
-78.251275403261630004 -84.344903322987107686
-79.254552119595317095 -83.354110786749615158
-79.851279415683009688 -82.346208930451751939
-79.218908456124879081 -81.110892687005218704
-79.061918667318650478 -79.919798434544432553
-79.609083387518467134 -78.654141036646549878
-80.232401122036662855 -77.304702480155228272
-81.020020784256928437 -76.103082731092314361
-82.153076630115208445 -75.158977468436802383
-82.711883642332480804 -73.834781512799153802
-83.456978829888612381 -72.65991741394066139
-84.451459638409090758 -71.680568261830103438
-85.478627622465694458 -70.79948534118845771
-86.590697327317272425 -69.970681768852983851
-87.677790411836809881 -69.268609215078129182
-88.688221949665546617 -68.700633164082802296
-89.976523489431883718 -68.539300984742126843
-91.473072591818720412 -68.408495941755745662
-92.650475708452773915 -67.61082957507873914
-93.689327819198027214 -66.877141456386340224
-94.911063450260996888 -66.70243160028070406
-96.189197141188188311 -66.703000456785488836
-97.260051021774401647 -66.424623073018054242
-98.221970241640008226 -66.413173536240009298
-99.2047338790200115 -66.449294478128933861
-100.17795388749387087 -67.590012660458427263
-101.16613312139286052 -68.717917721049460056
-102.34567130938746971 -68.942185164711659695
-103.72059011102737713 -68.451910407161392413
-105.19077680376577177 -68.475828464061564205
-106.69215769877521893 -68.487745770645290122
-107.78067992342629111 -68.978203802969773051
-108.76896963106563021 -69.571978098724159167
-109.56792372798686586 -70.705476684148536037
-110.71640116100012108 -71.6513736017587064
-112.0618389043737011 -72.358739666729519513
-113.10707267910810003 -73.329616410453169806
-114.00877150450293129 -74.451521094640554566
-114.68926654444086921 -75.422322627180506061
-115.20217013101249393 -76.244998966885574987
-115.64100798894837396 -77.028051865839842094
-116.08675402745981842 -77.920021661415887593
-116.28965192478315771 -79.278817911549012365
-116.40404596597319653 -80.653874969023775066
-115.78790308701651668 -81.954126061260694769
-115.79981737457919166 -83.188724719668471153
-117.65970978243356626 -82.85235541151338623
-116.67861479452058404 -83.805002333095970357
-115.69751980660761603 -84.757649254678568695
-114.71642481869463381 -85.710296176261152823
-113.73532983078166581 -86.662943097843751161
-112.75423484286868359 -87.615590019426335289
-111.77313985495571558 -88.568236941008919416
-110.79204486704273336 -89.520883862591517754
-109.81094987912976535 -90.473530784174101882
-108.82985489121678313 -91.426177705756686009
-107.84875990330380091 -92.378824627339284348
-106.8676649153908329 -93.331471548921868475
-105.88656992747785068 -94.284118470504466814
-104.90547493956488267 -95.236765392087050941
-103.92437995165190046 -96.189412313669635068
-102.94328496373893245 -97.142059235252233407
-101.96218997582595023 -98.094706156834817534
-100.98109498791298222 -99.047353078417415873
