-100 -100
-98.685483778161369628 -99.516997605399538429
-97.370967556322725045 -99.033995210799076858
-96.056451334484080462 -98.550992816198615287
-94.74193511264545009 -98.067990421598153716
-93.427418890806819718 -97.584988026997692145
-92.112902668968175135 -97.101985632397230574
-90.798386447129530552 -96.618983237796769004
-89.48387022529090018 -96.135980843196307433
-89.492502484018928044 -96.110932573431412607
-88.17739716137839423 -95.633938059099392603
-86.909397198438981036 -95.041835483188592093
-85.718487472507717939 -94.382082492949578523
-84.636282066181451 -93.685166167294156025
-83.604357323457222151 -92.922614245501208075
-82.586431321480517909 -92.062070769788547864
-81.641547881312661161 -91.149531744910888165
-80.943574436067876832 -90.391543595286307777
-80.969014734564879632 -89.362669532576532561
-81.176787973212682914 -88.184008162381360307
-80.314458007740753942 -87.796016927690203602
-78.995075553058654805 -87.754625360093655217
-78.627869306176719988 -87.136935162618058826
-78.31933445988087783 -86.384059675673455558
-78.731826901604705427 -85.147012833979331958
-78.292217744738934471 -83.718520409828926176
-77.852608587873163515 -82.290027985678534606
-77.412999431007392559 -80.861535561528128824
-76.973390274141621603 -79.433043137377723042
-76.533781117275850647 -78.004550713227331471
-76.094171960410079691 -76.576058289076925689
-76.209762591132317766 -75.276893736053438033
-77.08182037019153654 -74.320686098749433768
-77.871017473638758588 -73.422384144981592158
-77.488653008572768499 -72.308710056291744195
-76.946991480242573402 -71.146799472309211865
-77.340695925349336903 -70.028681728868150458
-77.981081623110426904 -68.815437733182520219
-78.517292801743778341 -67.543242925906454843
-79.472056978707698249 -66.581008383594848965
-80.415927703235638546 -65.627095013096678144
-80.811754030052242115 -64.30287388382801339
-81.640552746216826563 -63.30617606182892132
-82.573229694207412876 -62.404558459556426442
-83.535750138981811119 -61.586496446840712338
-84.57475886330352921 -60.812166696747780748
-85.595500889934896804 -60.146913292599755607
-86.540899418562005962 -59.605748580824013061
-87.646138479407866839 -59.325512771529382405
-89.059831264791142758 -59.319960907099599012
-90.295714703144611235 -58.81216185608690239
-91.214459935071673158 -57.80837771132910774
-92.298259111169102198 -57.572946943515631801
-93.520228139194017558 -57.660776070481070121
-94.613634987317567493 -57.27546678274798353
-95.578981368093650417 -57.231778069990717484
-96.464350724879579957 -57.232725942222813842
-97.39012238809763744 -57.42026384984065146
-98.296443768265376661 -58.524887021190451719
-99.22094610735769038 -59.568514171432084936
-100.32214956008850493 -59.776391906894730255
-101.59955376789751824 -59.29601924376989075
-102.96202604078015952 -59.261293780034591805
-104.36374152308329144 -59.336924117403391676
-105.49995683049908735 -59.627461473718042839
-106.42461023150364952 -60.158863621200040939
-107.24221528892087463 -60.988022387546735104
-108.11410222722861363 -62.038260705905763359
-109.3102180992786856 -62.794426476791976199
-110.52155478582135117 -63.474814373937029188
-111.41072327504761574 -64.479101481087795378
-112.21297728462793941 -65.516329692591739331
-112.80392772624426811 -66.38129391787639122
-113.26943435752163225 -67.138951517294088944
-113.67666284762282203 -67.870804953846530339
-114.09133686278261166 -68.700153810739465143
-114.26972627953217909 -69.953506343841752368
-114.47729400462642957 -71.247157645877337018
-113.95767329090567443 -72.470574641389262638
-113.66996149936187521 -73.644836538749686383
-114.37461992168088898 -74.753149142231833935
-115.20402257553567438 -75.928170270046763335
-115.92323513190845574 -77.172805714121935239
-115.96854894267124791 -78.353134958596172055
-115.87049624532093617 -79.501914875437776686
-115.68313132234720797 -80.774812032222186531
-115.40488838960095563 -82.070931695962642038
-115.04793485370450412 -83.325378070054668456
-114.6355443199711317 -84.488618542372549314
-114.15582717072223318 -85.616342957237947076
-113.65807593177538592 -86.618906878037094543
-113.1339059416372379 -87.54422763986190148
-112.50641414708707089 -88.521005092311611406
-111.75800495093781706 -89.543730393823992131
-110.94426490190289769 -90.519319465212277009
-110.05042368706655509 -91.46085338801678688
-109.04503973860870758 -92.387608040943007381
-107.91440977128262091 -93.339157035825138564
-106.78377980395653424 -94.290706030707255536
-105.65314983663044757 -95.242255025589372508
-104.52251986930434668 -96.193804020471503691
-103.39188990197826001 -97.145353015353634873
-102.26125993465217334 -98.096902010235751845
-101.13062996732608667 -99.048451005117868817
