100 100
98.628590991582228753 100.21760872747371707
97.257181983164471717 100.43521745494743413
95.88577297474670047 100.6528261824211512
94.514363966328943434 100.87043490989486827
93.142954957911172187 101.08804363736859955
91.771545949493415151 101.30565236484231662
90.400136941075643904 101.52326109231603368
89.028727932657886868 101.74086981978975075
87.657318924240115621 101.95847854726346782
86.285909915822358585 102.17608727473718488
84.914500907404587338 102.39369600221090195
83.543091898986830302 102.61130472968461902
82.171682890569059055 102.8289134571583503
80.800273882151287808 103.04652218463206736
79.428864873733530771 103.26413091210578443
78.057455865315773735 103.4817396395795015
76.686046856898002488 103.69934836705321857
78.351399555057838597 102.23096542241081863
79.467745617795074509 101.06949701543118181
80.58409168053231042 99.908028608451530772
81.700437743269546331 98.746560201471893947
82.816783806006796453 97.585091794492242911
83.930879091557642369 96.424651359994768995
84.41025521054410774 95.554099165466766408
83.560296469230877392 95.298249421420820227
84.06890915571085543 94.455641975142327738
85.033874703602378986 93.250182329963450911
85.989015333056670443 92.122863783502850765
86.468396654941741986 91.363892983141440141
85.231229422481135316 90.658422856220553854
83.926265151480365034 89.764684930993681178
83.841668838961325605 88.476852805876092134
84.592598034843632604 87.395148797216720027
83.961305140769098898 86.269810080480667125
82.811485030967261878 85.137485007683295635
81.601138530609574673 84.073265438202199107
80.388285019992210323 83.011866806728306756
79.175431509374817551 81.950468175254414405
77.962577998757438991 80.889069543780507843
76.749724488140074641 79.827670912306601281
75.734774480821116072 78.713402000561856653
76.274851211292329367 77.726588501509311868
77.240827062404491699 76.641295397088867958
78.345569546414651541 75.572767362238550959
79.572903366365224542 74.558788502070839854
80.880800792328543025 73.643198713754827622
82.209612459149127517 72.860567552165207417
83.640180449096291682 72.445586915939486516
85.17928806434524347 72.754354610101472645
86.247009621172779248 72.258749864755714043
86.891266614466573515 71.055819515881125881
87.782095023483449836 70.857219716463291093
88.876279215097611086 70.670770202145789085
90.237183442304186087 70.777919103156463621
91.64417760754669473 70.472260616348862072
93.058696096574024637 70.735684933027968668
94.522678322374346749 70.805788543139826174
95.916693286648751382 70.924484195460109959
97.356417922228473572 71.292455923704409315
98.83837086145132389 71.814055227901022249
99.598649857846140776 72.6579960220238803
99.240005442319514373 74.12189452911199794
98.761512293039217525 75.652726925817248116
98.283019143758949099 77.183559322522484081
97.804525994478666462 78.714391719227720046
97.340622819879655481 80.244171598703118775
97.31687307230131978 81.746769700556029647
97.525458124656921655 83.285458355151277487
97.397690906629506458 84.849980990267212633
96.665796161204170289 86.181079691141462717
95.670491552625207987 87.348072815918925471
95.845482396738830744 87.694726939900505158
97.074176437730400835 87.28048408921874568
96.765165813154894181 87.733481593289184275
95.905493241837433516 88.590389479093914815
96.280998842807960614 88.995379686289268761
96.208939517716345335 89.589835240054910059
97.477014045488431293 89.863181574833618015
99.080851595186345548 89.952303554500659288
100.68216805917867873 90.019119321969441216
102.28348452317102613 90.085935089438251566
103.84860386768914964 90.02887848567165463
105.41372321220727315 89.971821881905057694
106.97884255672539666 89.914765278138474969
108.54396190124352017 89.857708674371878033
110.10908124576164369 89.800652070605281097
111.6742005902797672 89.74359546683868416
110.6129096275270598 90.675995878944263495
109.5516186647743524 91.608396291049828619
108.490327702021645 92.540796703155407954
107.42903673926893759 93.473197115260987289
106.36774577651623019 94.405597527366552413
105.306454813763537 95.337997939472131748
104.2451638510108296 96.270398351577696872
103.1838728882581222 97.202798763683276206
102.1225819255054148 98.135199175788855541
101.0612909627527074 99.067599587894420665
