-50 0
-49.586421786039416304 -1.2763639008219456183
-49.172843572078832608 -2.5527278016438912367
-48.759265358118248912 -3.8290917024658370771
-48.345687144157665216 -5.1054556032877824734
-47.932108930197088625 -6.3818195041097283138
-47.518530716236504929 -7.6581834049316741542
-47.104952502275921233 -8.9345473057536199946
-46.691374288315337537 -10.210911206575564947
-46.277796074354753841 -11.487275107397511675
-45.864217860394170145 -12.763639008219456628
-45.450639646433586449 -14.04000290904140158
-45.037061432473002753 -15.316366809863348308
-44.623483218512419057 -16.592730710685295037
-44.209905004551835361 -17.869094611507239989
-43.796326790591251665 -19.145458512329184941
-43.382748576630675075 -20.421822413151129894
-42.969170362670091379 -21.698186313973074846
-42.555592148709507683 -22.974550214795023351
-42.142013934748923987 -24.250914115616968303
-41.728435720788340291 -25.527278016438913255
-40.3144385517551882 -25.639766291948550503
-38.924438844308184571 -25.367076407169324881
-38.101452848957187314 -26.088463152609151052
-37.553842809812280734 -27.080174359938862239
-36.829166742456195038 -27.246762101994818295
-35.964482152812763616 -27.408907696519190011
-34.87475630718802222 -27.307176795978708839
-33.592234721914891793 -27.611688752344868192
-32.272825504285933107 -27.670404221677149081
-30.936664449900248997 -27.278236543118886459
-29.550764391799457798 -27.423870962618540403
-28.266514357148725622 -27.174999398338979262
-26.909696840196083656 -26.815183283233896105
-25.727207002926864021 -25.822427429530868892
-24.973746327823693747 -24.591598377120988062
-24.795586202550786936 -23.098071907709826434
-24.627949309715386761 -21.58559597920304185
-24.234896228253958839 -20.130819278837343234
-23.447912029423505942 -18.89506226356077434
-22.145560378390477752 -18.312280505494193505
-21.089444689628994212 -17.696350243179303163
-20.594624085707028627 -16.664980792002658916
-19.401543567325312267 -16.715219428123962331
-17.956263244384718547 -17.134525427207289994
-16.510672712582426414 -17.55428538368665059
-15.412809440921918736 -17.71279601834885753
-15.095566278361463475 -17.019306790507197746
-15.465030095406614663 -15.655244654127111303
-14.784046074269868498 -14.641806911451023865
-13.871499229309224077 -13.685701839772535848
-14.024297403947786123 -12.299830135518261542
-14.34231263846378468 -10.796855962807503815
-14.196729419995243404 -9.3959837504100409689
-13.499534870471634918 -8.1851146345108460878
-12.802340320948028207 -6.9742455186116503185
-12.983857201075629462 -5.6084223458560433784
-13.995968439178431808 -4.6181702586458248661
-15.162529699829777385 -3.6451091596851030729
-16.272854543308184816 -2.6738204332147081921
-17.656949771527788329 -2.4214181032797839066
-19.167378136155779345 -2.4887903620359113077
-20.679103806124864207 -2.549756083373040827
-22.192439318378756496 -2.5176559165669996077
-23.709834752100093169 -2.4561383342589997447
-25.052377348965492843 -2.3850483192560703039
-25.175771981396557919 -1.4742632985379537924
-24.687220246470943152 -0.025923653687306261878
-24.479324814655491593 1.4549331662337958715
-24.789682501041795604 2.8807373930645527871
-24.773129507324224363 4.3668210137049765507
-24.558650187994292224 5.8861527999011657997
-24.667279797064214364 7.3818987922931489365
-25.203909907093297704 8.7917635100672324455
-24.414754219664306589 10.522664563870264942
-25.633099256823150824 10.021585298924062357
-26.851444293981991507 9.5205060339778579959
-28.069789331140832189 9.0194267690316554109
-29.288134368299676424 8.518347504085452826
-30.50647940545852066 8.0172682391392484647
-31.724824442617361342 7.5161889741930458797
-32.943169479776202024 7.0151097092468432947
-34.161514516935042707 6.5140304443006398216
-35.379859554093890495 6.0129511793544372367
-36.598204591252731177 5.5118719144082337635
-37.816549628411571859 5.0107926494620311786
-39.034894665570419647 4.5097133845158277055
-40.25323970272926033 4.0086341195696251205
-41.471584739888101012 3.5075548546234216474
-42.689929777046941695 3.0064755896772181742
-43.908274814205782377 2.5053963247310147011
-45.126619851364630165 2.0043170597848138925
-46.344964888523477953 1.5032377948386095312
-47.563309925682318635 1.0021585298924051699
-48.781654962841159318 0.50107926494620258495
