100 100
99.60851593291279471 101.27316999571748113
99.217031865825589421 102.54633999143496226
98.825547798738398342 103.81950998715244339
98.434063731651193052 105.09267998286992452
98.042579664563987762 106.36584997858740564
97.651095597476782473 107.63901997430488677
97.259611530389577183 108.9121899700223679
96.868127463302386104 110.18535996573984903
96.476643396215180815 111.45852996145733016
96.085159329127975525 112.73169995717481129
95.693675262040770235 114.00486995289229242
95.302191194953564946 115.27803994860977355
94.910707127866373867 116.55120994432725468
94.519223060779168577 117.8243799400447358
94.127738993691963287 119.09754993576221693
94.610289804459924312 117.03231297518507859
93.171730322220867038 117.5198263333607116
91.616292601233993764 117.57599344508247441
90.015048068249043922 117.54229870106836131
88.843573912907828571 117.03701827361824428
87.786226404936883227 116.39600940307418853
86.92454484524171221 115.14773532580085202
85.634229312587763161 114.20308421161689694
84.221851833689015621 113.44283421077906837
83.205812742052131625 112.29505551551071107
82.323863184538183191 111.13444653990674738
81.698070615736867239 110.1896720525575688
81.203199571018743086 109.3495182677895059
80.739810761086090451 108.46587936360272408
80.470089554361251771 107.17832770239166962
80.203240555193133332 105.69333623779168363
80.762773439082536697 104.29342640684097887
80.910083799682055883 102.96475610867163653
79.988400874623991399 101.68938485245909931
79.113543038741099167 100.29891327840468307
78.69110911227424765 98.905120131330932054
78.768503628680861084 97.724248335673081556
78.861805866639826945 96.918700217747087322
80.22666107319106743 96.366086698681144185
81.741033131675166601 95.79588300318498284
83.242281806086609208 95.129119626741101001
84.476875457045778717 94.141950288784926215
84.586673333707267375 92.798561026597070622
83.923885247269453203 91.380606059771352534
84.182365021096231317 90.040419869347971371
84.486704714190452137 88.609256699084582465
84.262290313614656156 87.041231460717440882
84.544276392141284759 85.513998521945850939
85.640755587396540705 84.455577653655836912
86.884483761821584835 83.469492477644237738
88.203906770634915802 82.584266242046368234
89.535131703173917117 81.834378706273056991
91.025962848871941446 81.650961275813216389
92.50053719054032797 81.920443268139337079
93.336390154032002897 81.073544521538522645
93.952803301181688767 80.188371724065703461
94.489947798751018126 80.065572516594116337
94.704304753919629434 80.191821344304628383
95.158562125357377681 81.726406347753624004
95.61281949679514014 83.260991351202648048
96.067076868232888387 84.795576354651643669
96.521334239670636634 86.330161358100653501
96.975591611108384882 87.864746361549677545
97.44132030511815401 89.35150667657229917
98.184126707984475502 89.766197606949972965
99.278616730963932469 89.788373829888243449
100.44600467757429385 89.58829689698480081
101.71202583095801231 89.530361579483283663
103.20255582592029953 89.528986213395214122
104.77088891124094516 89.12069443022225812
106.32521847559358719 88.574193608153805712
107.71681878865643966 87.75287420536982097
109.01030050194206922 86.781718292281013305
110.1133026923012892 85.410936875035531557
111.21630488266050918 84.04015545779006402
110.46855122381647618 85.104145093937390243
109.72079756497244318 86.168134730084716466
108.97304390612841019 87.2321243662320569
108.22529024728437719 88.296114002379383123
107.47753658844034419 89.360103638526709346
106.72978292959631119 90.42409327467403557
105.98202927075227819 91.488082910821361793
105.23427561190823099 92.552072546968702227
104.48652195306419799 93.61606218311602845
103.73876829422016499 94.680051819263354673
102.99101463537613199 95.744041455410680896
102.24326097653209899 96.80803109155800712
101.495507317688066 97.872020727705347554
100.747753658844033 98.936010363852673777
