-100 -100
-98.747675214838423585 -99.244178911901343554
-97.49535042967684717 -98.488357823802672897
-96.243025644515270756 -97.73253673570400224
-94.990700859353694341 -96.976715647605345794
-93.738376074192117926 -96.220894559506689347
-92.486051289030541511 -95.46507347140801869
-91.233726503868965096 -94.709252383309348033
-89.981401718707388682 -93.953431295210691587
-88.729076933545812267 -93.197610207112035141
-87.476752148384235852 -92.441789119013364484
-86.224427363222659437 -91.685968030914693827
-84.972102578061083022 -90.930146942816037381
-83.889894611112524103 -90.233228737208179382
-82.857969013103215161 -89.470675763786360335
-81.840043450848170892 -88.610132154327772014
-80.895160511410551862 -87.697593111444703595
-80.19718745054562703 -86.939604985231213163
-80.222623505749808714 -85.910734832954375406
-80.430396878115445247 -84.732073628759778217
-79.568066864270420524 -84.344082311698940657
-78.248689782061589426 -84.302687146948557029
-77.881483763094209394 -83.684997059212989257
-77.572943147344503245 -82.932124855411871067
-77.985436079574697033 -81.695078155458801916
-77.545827721834783119 -80.266585708924651499
-77.106219364094869206 -78.838093262390515292
-76.666611006354955293 -77.409600815856364875
-76.22700264861504138 -75.981108369322214457
-75.787394290875127467 -74.552615922788078251
-75.347785933135213554 -73.124123476253927834
-75.463372406165575512 -71.824958912437992353
-76.335429094821350304 -70.86875121701537239
-77.124626851227574775 -69.970449214111184233
-76.742265166177915603 -68.856775162143307512
-76.200607666957068886 -67.694865116263628124
-76.594311757958834619 -66.57674821149203126
-77.234690810339969858 -65.363502013770030885
-77.77090151380227212 -64.091305404568885251
-78.725665733166351856 -63.129071539056667461
-79.669536478008510016 -62.175159801680059957
-80.06536272458109238 -60.850939176132278874
-80.894164669928400713 -59.854245795574342992
-81.826840390540013459 -58.952628751016156627
-82.78936103747602715 -58.134565963264371646
-83.828371208805037895 -57.360234657730799768
-84.849115762051397382 -56.694979368067151881
-85.794515182958292598 -56.153814071604443825
-86.899754450399996131 -55.873580759917260252
-88.313444173817870819 -55.868027985949268555
-89.549325629526194348 -55.360227213884961373
-90.468073867219800377 -54.356443488567521172
-91.55187336554362787 -54.121012520583271055
-92.77383906120516599 -54.208841374598030427
-93.867246334991520484 -53.823532314768485207
-94.832595827023155266 -53.779843295021841243
-95.717965213068538333 -53.780791084950024583
-96.643733758004017886 -53.968330252616297571
-97.550054670109332733 -55.072952363450006885
-98.474560356515283388 -56.116579366343025015
-99.57576576106778532 -56.324457093034887123
-100.85317009828790447 -55.844084689157000412
-102.21564235416475697 -55.809360913614455058
-103.61735782809559225 -55.884992082120561463
-104.75357353133611582 -56.175526857804143788
-105.6782251630237397 -56.706927950806559124
-106.49582627507301424 -57.536087810750061067
-107.36771442443308899 -58.586327590527425002
-108.56383376010657571 -59.342494400651212061
-109.77517165291558854 -60.022880123425885301
-110.66433962768182653 -61.027166690359671009
-111.4665930564432017 -62.064394101223967937
-112.0575419660644485 -62.929355860469954109
-112.52304756550647369 -63.687011353468719221
-112.93027648319073819 -64.418865043381316582
-113.34495149620838106 -65.248215390494294752
-113.52333801061784868 -66.501571499414424693
-113.73090953700466343 -67.795222836959709412
-113.21128962391347272 -69.018639826936123427
-112.92357783236965929 -70.192901724296575594
-113.6282362546887299 -71.301214327778694724
-114.45763890854348688 -72.476235455593638335
-115.17685146491626824 -73.720870899668810239
-115.22216527567906041 -74.901200144143047055
-115.12411257832874867 -76.049980060984665897
-114.93674765535502047 -77.322877217769061531
-114.65850472254388137 -78.618996881769461993
-114.3015511154593753 -79.873443478165427223
-113.88916010616894425 -81.036685131248020753
-113.40944223553265147 -82.16441088743056298
-112.91169058808220882 -83.166975216079649158
-112.38752067800456302 -84.092295477009940896
-111.76002976121466759 -85.069071328531421727
-111.01162122983258485 -86.091795648603778091
-110.16457344292238929 -87.161657521788100667
-109.31752565601219374 -88.231519394972423243
-108.47047786910198397 -89.301381268156745818
-107.62343008219178842 -90.371243141341082605
-106.77638229528159286 -91.441105014525405181
-105.92933450837139731 -92.510966887709727757
-105.08228672146118754 -93.580828760894050333
-104.23523893455099198 -94.650690634078372909
-103.38819114764079643 -95.720552507262695485
-102.54114336073060088 -96.790414380447032272
-101.69409557382039111 -97.860276253631354848
-100.84704778691019555 -98.930138126815677424
