-50 0
-48.743402495221872073 -1.3539752751196720837
-47.486804990443744146 -2.7079505502393441674
-46.230207485665616218 -4.0619258253590162511
-44.973609980887488291 -5.4159011004786883348
-43.717012476109367469 -6.7698763755983604185
-42.460414971331239542 -8.1238516507180325021
-41.203817466553111615 -9.4778269258377036977
-39.947219961774983688 -10.83180220095737667
-38.69062245699685576 -12.185777476077049641
-37.434024952218727833 -13.539752751196720837
-36.177427447440607011 -14.893728026316392032
-34.920829942662479084 -16.247703301436065004
-33.664232437884351157 -17.601678576555737976
-32.40763493310622323 -18.955653851675407395
-31.151037428328095302 -20.309629126795080367
-29.894439923549967375 -21.663604401914753339
-28.489926537984167965 -20.534723314033943353
-27.085413152418365001 -19.405842226153133367
-25.532887966340638286 -18.709959760494616177
-23.930915395658676204 -18.147188096540393332
-22.218474714803186032 -17.887792380606356346
-20.462760781110333141 -17.905296184918569224
-18.822056163269337503 -17.711065701885527091
-17.405527986505372695 -16.791021585529762206
-16.576804338648319259 -16.60060551164709608
-16.460874521931224024 -18.090843161143805418
-16.090747546959480729 -18.531513932781408016
-15.335410228399965149 -17.577517810474681426
-15.034476879008391137 -18.502262812488638133
-14.922367803952464982 -20.200529958767255323
-14.81083179194459909 -21.901144668457913411
-14.699295779936731421 -23.601759378148564394
-14.5877597679288602 -25.302374087839226036
-14.476223755920996084 -27.002988797529880571
-14.33433976967556589 -28.647723104361496382
-13.558043518973308394 -29.120090166168637325
-12.073863173198637 -28.706257873231880495
-10.545313294905930945 -28.777385701734640833
-9.0538508029789959153 -28.432220761279658916
-7.465750632504957629 -27.908186755609488472
-5.887698996048232658 -27.276236137726606046
-4.395169297557965038 -26.505958192016507269
-3.0529388090573625902 -25.668175688081102948
-1.7986461427012727654 -24.740960979950799015
-0.57627447702315492961 -23.677263279961799469
0.46066407624835115087 -22.623184836992969338
0.83367254777482269201 -21.605528866142929445
0.53632169221113434876 -20.141003230956783909
1.625260503234883469 -19.700773413234809794
2.8465702213324242109 -19.420063338892862959
3.2979981724946370036 -18.626798907347946965
3.0052968079677939706 -17.265245220476380439
3.6269673984305623726 -16.101616830496510602
4.5147224677990696051 -15.002996573148349668
4.105380388360150512 -13.473330762003220329
4.5305182518532083336 -10.896978673014547923
4.9556561153462661551 -8.3206265840258755162
4.6366044591305417555 -6.7964308442787029207
3.6489432890168527202 -5.5947556217755636254
4.0418981012040520184 -4.2780548653239218737
4.7057058373854729894 -2.9236925609577184559
4.176483603473435835 -1.5405658676413991337
3.4388651241283438864 -0.028867450146549226975
2.4959520559745955737 1.2968854026202056851
1.3156652855413852876 2.4342873559741198264
0.77569988971817238621 4.0018834861667684777
-0.310338695968670919 5.1533941680440751298
-1.4536736821745428472 6.1899978719022836771
-2.6917497022059162504 7.1483637688463907978
-3.9336046300477498505 7.9662511017049197903
-5.0830503984349881819 8.6125900248844473595
-6.6068288398505314873 8.7331042129009155417
-8.2386639273479413959 9.0570228680027220491
-9.4187310494278655426 10.202466889483721602
-10.727360527112629995 10.543227026096133159
-12.199150287558518713 10.473833862999553546
-13.447026007394038416 10.847493546519213936
-14.236710681053942551 10.865813685497993646
-14.396009573644764856 10.24325878315002214
-14.469166488573755203 8.5362661605593643799
-14.542323403502743773 6.8292735379687110608
-14.615480318431732343 5.1222809153780550773
-14.688637233360722689 3.4152882927873999819
-14.761794148289713036 1.7082956701967442203
-14.834951063218699829 0.0013030476060888441462
-14.90879715518487636 -1.7056066862121375127
-15.020363331663290296 -3.4074167640666077617
-15.342869840000487258 -4.4437460375393031953
-16.23515183793227834 -3.5472285347442165104
-17.560521980740006143 -2.5220335913326255017
-18.576887769354783586 -2.2065151524802386618
-19.516603532921656949 -2.8208811118160332931
-21.139018421632663092 -2.5311557378651370342
-22.824800343150005943 -2.413442427238461363
-24.440880951247208941 -2.0745671380009902407
-26.004918022588089599 -1.3871362773878224139
-27.567984489949228788 -0.69297015332051403735
-29.373016697952159859 0.45588039983362549368
-31.178048905955094483 1.6047309529877651357
-33.060244015359586456 1.4442578576889886222
-34.942439124764078429 1.2837847623902121086
-36.824634234168563296 1.123311667091435595
-38.706829343573055269 0.96283857179265908144
-40.589024452977547242 0.80236547649388256787
-42.471219562382039214 0.64189238119510605429
-44.353414671786531187 0.48141928589632954072
-46.235609781191016054 0.32094619059755302715
-48.117804890595508027 0.16047309529877651357
