100 100
98.420654960930818334 100.2145966731609974
96.841309921861636667 100.4291933463219948
95.26196488279244079 100.64379001948297798
93.682619843723259123 100.85838669264397538
92.103274804654077457 101.07298336580497278
90.52392976558489579 101.28758003896597018
88.944584726515714124 101.50217671212696757
87.365239687446518246 101.71677338528795076
85.78589464837733658 101.93137005844894816
84.206549609308154913 102.14596673160994555
84.72174504114595095 100.02391375988221967
85.236940472983746986 97.901860788154479565
85.183312581775936678 96.285907572076467886
85.132477029156689241 94.669352222925581941
85.096570515348304298 93.049577612310031327
84.895369585635165777 91.502212565608814998
84.600722862434238891 90.093945652347812825
84.969687128879840543 88.547104618802691789
84.919987174581706313 87.084620597771319694
83.796702964196541075 86.443854385239887961
82.301540641532071163 86.822562077009067139
81.266601776609917351 86.816881664945825037
80.584865808822570443 86.170341510109849992
79.030425441416326748 86.131467877261314925
77.40170840352327275 86.179583156693539081
75.790498262890565684 86.237910181142467536
74.180013260014220577 86.296660177278482706
72.578186082660565148 86.333045151853653465
71.185446874318003552 85.829432749428221427
70.114850487994331729 84.611241356025004734
69.258515728260690025 83.209030332866888102
68.944559547715101644 81.828734570379467073
69.034489602392369534 80.621722471294503976
69.178921929454133988 79.534385052196142851
70.28097484228349856 78.507161697752820828
71.482992423902175005 77.382468152824372964
72.634465851894901789 76.254377818509340159
72.786220479760615376 74.993200642111773391
72.003357608166666637 73.594005620469076234
71.865471398104972423 72.271746929735300569
72.707280364025166364 71.006624796151328383
73.626747293111151293 69.82800571321206462
74.608266628002780863 68.74531346967101797
75.730922618724889617 67.680139437391318324
76.970318577256335857 66.676749080344706044
78.249235785567350376 65.798261310845305161
79.150341869192232025 65.545625077256786994
80.199498640342483213 66.73011355394930888
81.242607278755656353 67.970471443292836966
82.285715917168857914 69.210829332636350841
83.336261541948701392 70.445481988695519249
84.444076048008071211 71.636201213721491854
85.477542312992270013 72.480114851682259314
85.932678563460569876 71.608581572080765909
86.227848244987072235 70.330770053766457295
87.009892016286613625 70.845119014065346619
87.993001963862809589 71.332528388560461963
89.086535242051638761 70.431858020478955495
90.29000557523443149 69.58297566072525342
90.980844903556970849 68.189492725313300525
91.573634617875086406 66.683171922223323236
92.166424332193201963 65.176851119133345946
92.76231209160047797 63.680594651990176658
93.512993539782939934 63.243883911729668057
94.875636518753694304 63.616283786416850887
96.378658549261530197 64.151336973811993403
97.838284523677216953 64.806497343113278475
99.206613323743184196 65.555653331846116316
100.43790888428935659 66.356490520380347675
101.61553135550268223 67.252444814805869555
102.75825413260733399 68.266037359718467314
103.71797166626170394 69.250569415201269408
104.07985948207436877 70.191076565228016193
103.74298863265330795 71.6115770349048546
104.61615299785434274 72.138011543240040169
105.98454065194741247 72.271407541689285381
106.40478927497034078 72.991461027930256478
106.3474291644765799 74.102044245372454156
105.41772032575443063 75.332281385249402206
104.06835885956941468 76.157626823594100074
102.6645009408705107 76.930392676010242781
101.26064302217159252 77.703158528426371277
100.07822251696211424 79.105774355868106795
98.895802011752635963 80.508390183309842314
97.713381506543171895 81.911006010751563622
96.530961001333693616 83.313621838193299141
95.533105704654630586 83.915372749763378124
95.892202243096349434 84.599598829240903797
96.733247879840320138 85.562873497478136642
96.623601009792125183 86.8805021544652476
96.471188317153945491 88.076261207433162781
97.302805977683334504 89.215578973817912356
98.40345881895783009 90.376995625183766947
99.504111660232325676 91.538412276549607327
100.60476450150679284 92.699828927915433496
101.70541734278128843 93.861245579281273876
102.85039610075946825 94.860228013068748965
103.99537485873763387 95.859210446856224053
102.66358323915842732 97.239473631237487439
101.33179161957920655 98.619736815618736614
