-50 0
-48.146678849648090193 0.12578565938645491773
-46.293357699296187491 0.25157131877290983546
-44.440036548944277683 0.37735697815936475319
-42.586715398592367876 0.50314263754581967092
-40.733394248240458069 0.62892829693227458865
-38.880073097888555367 0.75471395631872950638
-37.026751947536645559 0.88049961570518442411
-35.173430797184735752 1.0062852750916393418
-33.32010964683283305 1.1320709344780941485
-31.466788496480923243 1.2578565938645491773
-29.613467346129016988 1.383642253251004206
-27.760146195777110734 1.5094279126374590128
-25.906825045425200926 1.6352135720239140415
-24.053503895073294672 1.7609992314103688482
-22.09107243441852475 1.8425763260662519905
-20.128640973763754829 1.9241534207221349106
-18.636105447575364025 1.6674163525778253891
-17.195729007352561268 1.3625217325700325066
-16.384827307964609844 0.45898468060269015378
-15.906700243690261587 -0.9146206013990739736
-15.198502064948170798 -2.0774555336165048125
-15.519615361018560762 -3.2835466696887150029
-15.918119508838206144 -4.4964881491250023871
-15.42304679846448856 -5.6407492739304672114
-15.523678943982664791 -7.0385615966557795176
-15.577537097789274867 -8.5081612836400175581
-15.344228300707483115 -9.9830556927980271809
-15.273054851791441067 -11.491193069203925248
-15.128635790130427807 -12.985988261789850995
-14.655835079775208385 -14.377603054353503609
-13.572306417165515668 -15.007212201226970194
-12.266890344557735304 -15.449722643935290378
-10.804839212955133831 -15.164858697261577092
-9.7045895273309010776 -15.375871863079908053
-9.1925141020427467708 -16.670370820662618883
-8.4836253686050042688 -16.915422093799730163
-7.6931085790120850021 -17.077560053512357285
-6.7170298679920481533 -17.232488814271121669
-5.4746787502390663605 -17.116932390156001986
-4.1577652629928136818 -17.408140960623637028
-2.8334567289655199218 -17.197473732164088034
-1.4693749884116455995 -17.013976795252911955
-0.14146646695227271806 -17.018547924605929467
1.1802314334946002461 -16.706699856446505237
2.5783564447523334984 -16.242615263013696847
3.9818542930639519994 -15.715579476110033141
5.3274083606326723128 -15.062632790311006659
6.5697862066159231631 -14.342873026159068672
7.6998014283948155168 -13.57786464490895284
8.7668016617271060653 -12.744462942518724802
9.3870122623084295554 -12.203205007301026086
8.8606924264676010239 -11.173541001975674902
8.0555877904387589439 -9.8902840627317640809
7.2504831544099168639 -8.6070271234878532596
6.4450351015966251822 -7.3239198603694148915
5.6177800829707686958 -6.0503170312185394764
4.7470828411120065127 -4.7956482319400466352
3.9150190354257481395 -3.5737486930724973178
4.0572188969897045041 -2.9677967079718099441
5.289579178691350414 -3.0659562006633365172
5.3255822010493112373 -2.557284145574053813
4.3598825070230757817 -1.5154650372627531674
4.3345767921286952884 -0.6908243600307414356
4.5702868940658003538 0.094846388013266627603
3.7936108893025317634 1.2170720597670692253
4.1221586554360207799 2.1446060207104040707
4.9440537524841996486 3.2285146549051733089
3.9586034689482634263 3.9445373791718165712
3.9184170608656692103 4.6022374600837645531
4.9149790213410025075 5.4884384950448632523
5.0155913934038300894 6.6707927337408934321
4.8345677339422552521 8.008247240766765529
4.6387445161633307222 9.2789138660093968269
5.0846434323186446846 10.687284184720187596
5.4705020411306177763 12.176542134417504215
5.5330419739541714108 13.666666309892821829
5.1702121787085726368 15.105743925552022944
5.2138058244381140227 16.597331218262770136
5.4141075892179708617 18.1064342222761816
5.163975946612165302 19.398638177306906982
3.9856145910011653299 20.180947156774625029
2.5292088904240506153 20.566628124018816237
1.3231651621847715372 21.317485777568787597
0.29541685132975814554 22.109264040715515875
-0.91088329693966707534 22.329849374512864557
-2.2048182532666120714 22.262566341627007205
-3.2842400515407832451 22.576198406974341992
-4.2510121212946216929 22.590857525868454303
-5.2277141545153922308 22.558178280181067521
-6.2049377219897889901 21.492796012439292497
-7.1888725732457183781 20.345976655199610406
-8.3504200963664985125 20.036256280869441326
-9.7177643951242025366 20.530591633310969257
-11.182520260274715795 20.539454425988694197
-12.684046503187028421 20.504987893985539671
-12.737559747413081723 20.61628106330713095
-14.290161424604203688 19.757269352335999457
-15.842763101795325653 18.898257641364871517
-17.395364778986447618 18.039245930393740025
-18.947966456177567807 17.180234219422608533
-20.500568133368687995 16.32122250845147704
-22.053169810559811737 15.4622107974803491
-23.605771487750931925 14.603199086509217608
-25.158373164942055666 13.744187375538086116
-26.710974842133175855 12.885175664566958176
-28.263576519324296044 12.026163953595826683
-29.816178196515423338 11.167152242624696967
-31.368779873706543526 10.308140531653565475
-32.921381550897663715 9.4491288206824357587
-34.473983228088783903 8.5901171097113042663
-36.026584905279911197 7.7311053987401745502
-37.579186582471031386 6.8720936877690430578
-39.131788259662151575 6.0130819767979115653
-40.684389936853271763 5.1540702658267836256
-42.236991614044391952 4.2950585548556503568
-43.78959329123551214 3.4360468438845224171
-45.342194968426639434 2.5770351329133909246
-46.894796645617759623 1.7180234219422629849
-48.447398322808879811 0.85901171097113149244
