-50 0
-49.634471683357936911 -1.2071751780776314167
-49.268943366715866716 -2.4143503561552628334
-48.903415050073803627 -3.621525534232894028
-48.537886733431733433 -4.8287007123105256667
-48.172358416789670343 -6.0358758903881568614
-47.806830100147600149 -7.243051068465788056
-47.44130178350553706 -8.4502262465434192507
-47.075773466863466865 -9.6574014246210513335
-46.710245150221403776 -10.86457660269868164
-46.344716833579333581 -12.071751780776313723
-45.979188516937270492 -13.278926958853944029
-45.613660200295200298 -14.486102136931576112
-45.248131883653137209 -15.693277315009208195
-44.882603567011067014 -16.900452493086838501
-44.517075250369003925 -18.107627671164468808
-44.15154693372693373 -19.314802849242102667
-43.786018617084870641 -20.521978027319732973
-43.420490300442807552 -21.72915320539736328
-43.054961983800737357 -22.936328383474993586
-42.689433667158667163 -24.143503561552627446
-42.323905350516604074 -25.350678739630257752
-40.852621693637345857 -25.210310172963652064
-39.560981563921480131 -25.082826363197490593
-38.905131538523342272 -26.11230029873344094
-38.291609569970447069 -26.785616673630403994
-37.547491236866846975 -26.948609817868291572
-36.633173438830617386 -27.108745033734745533
-35.471602643921293918 -26.942992554917712056
-34.167157607185096424 -27.326923843036880157
-32.846723172730300178 -27.318071575692908226
-31.501900901727427851 -26.893037474094928285
-30.136617049900340959 -27.02444636005886025
-28.843035558318828038 -26.749821894869704408
-27.454916001477961629 -26.353128262367025769
-26.085409894423403188 -25.830259803420617004
-25.231409334143439338 -24.818860043227534362
-24.820051975572724245 -23.342174696646829091
-24.44186363057892919 -21.853543044826484021
-24.091946639783952122 -20.36766721155389348
-23.713182875800587368 -18.963458828417696367
-22.672336221161856429 -18.305951912592639985
-21.612538764615283782 -17.695892512660581275
-21.066583724072337702 -16.65989883471059585
-19.85469984157493073 -16.688555693096887467
-18.403024799800423494 -17.081210253094049278
-16.951054811950537982 -17.474312534741404335
-16.313889376941546061 -17.32249750037473035
-15.95257224897011028 -16.667734925470838903
-16.356821051347580465 -15.377465961609091849
-15.790193661119444002 -14.356241364666040283
-14.827189425528198186 -13.421897460867352692
-14.926964293664234162 -12.058273956633378532
-15.257807295430533046 -10.555237656854783879
-15.162978849494871625 -9.1400183578858040789
-14.447349635040151128 -7.8864471236893951556
-13.731720420585430631 -6.6328758894929871204
-13.913236772212595582 -5.2670527186338622627
-14.926835309097098659 -4.2790964549401868666
-16.189334441503177686 -3.4541154410678052145
-17.523449982964816485 -2.7746464522577602985
-18.941802358921204785 -2.4259457645332749287
-20.450388102043124405 -2.4624200116966781238
-21.9682245107318046 -2.5316234933496248871
-23.492451522221269755 -2.4375961411925279876
-24.902061906035076078 -1.9386749734417265678
-25.326119503253831766 -0.85504448650547248967
-24.861224579240229104 0.56276272025817219991
-24.508391435219923693 2.0459400776846470293
-24.569634948448015876 3.5179093867112993799
-24.863281492298838771 4.9717289599199450123
-24.724622151813662185 6.4594356055423194363
-24.554796496764140556 7.9423410637757303476
-24.922990608486745856 9.2912691903227706547
-24.352813847513573364 10.378594760064341784
-25.518595036262954778 9.9068404527886890776
-26.684376225012339745 9.4350861455130381472
-27.850157413761721159 8.9633318382373854405
-29.015938602511106126 8.4915775309617345101
-30.18171979126048754 8.0198232236860818034
-31.347500980009872507 7.548068916410430873
-32.513282168759253921 7.0763146091347781663
-33.679063357508638887 6.604560301859127236
-34.844844546258016749 6.1328059945834745292
-36.010625735007401715 5.6610516873078227107
-37.176406923756786682 5.1892973800321708922
-38.342188112506171649 4.7175430727565190736
-39.507969301255556616 4.2457887654808672551
-40.673750490004934477 3.7740344582052154365
-41.839531678754319444 3.302280150929563618
-43.00531286750370441 2.8305258436539117994
-44.171094056253082272 2.3587715363782599809
-45.336875245002467238 1.8870172291026072742
-46.502656433751852205 1.4152629218269545675
-47.668437622501230067 0.94350861455130363709
-48.834218811250622139 0.47175430727565270672
