-50 0
-50.164621318237479386 -1.2531783367463562584
-50.329242636474958772 -2.5063566734927125168
-50.493863954712438158 -3.7595350102390683311
-50.658485272949917544 -5.0127133469854250336
-50.823106591187389824 -6.265891683731781292
-50.98772790942486921 -7.5190700204781366622
-51.152349227662348596 -8.7722483572244929206
-51.316970545899827982 -10.025426693970850067
-51.481591864137307368 -11.278605030717205437
-51.646213182374786754 -12.531783367463562584
-51.81083450061226614 -13.784961704209919731
-51.975455818849745526 -15.038140040956273324
-52.140077137087217807 -16.291318377702630471
-52.304698455324697193 -17.544496714448985841
-52.469319773562176579 -18.797675051195341211
-52.633941091799655965 -20.050853387941700134
-52.798562410037135351 -21.304031724688055505
-51.634122802164711175 -21.959773758850321457
-50.355656802591319376 -22.236328355478594432
-49.002760986512420516 -21.938928773647003112
-48.013941726656241826 -22.205404931816364211
-47.54402592213995149 -23.428388377287383548
-46.89309353750510212 -23.70552678044631989
-46.176303402826775368 -23.856699664076291612
-45.299783249401109231 -24.004739838134149466
-44.197264716470911594 -23.820671666888994622
-42.978485026548383985 -24.206750977686940729
-41.748086999327249202 -24.203990827250208895
-40.497685625545685184 -23.787169498601969053
-39.204025563761412343 -23.956559698351870935
-38.007294835321950188 -23.724694156747833773
-36.739525827213682874 -23.394742361809615971
-35.426868516715281032 -22.939667269159826901
-34.1273060124700649 -22.420047782660560642
-32.879903787041143914 -21.79933555120438271
-31.728347896335705514 -21.12471197626542363
-30.674692850698818347 -20.411379840444766387
-29.644438249077161629 -19.612552473835762612
-28.643810102297081244 -18.72500170497269778
-27.762528495072483992 -17.83495636695292319
-27.165207415355055787 -17.162985149191882783
-27.521388716931021179 -15.877318449423546198
-27.410942381733857331 -14.933778249989218878
-26.230393920068429736 -14.780910238053426298
-25.269477497627626406 -14.523452946609609171
-24.901919115207867605 -13.886108417442361684
-24.933428738327844343 -12.912035449891929417
-24.664085065938735397 -11.607793687397959914
-24.394741393549626451 -10.303551924903990411
-24.125397721160517506 -8.9993101624100209079
-23.856054048771412113 -7.695068399916052293
-23.586710376382303167 -6.3908266374220836781
-23.317366703993194221 -5.0865848749281132868
-23.048023031604085276 -3.7823431124341451159
-24.115519604034734158 -2.8546071981615215307
-25.245682743227167322 -1.9805335555779830514
-26.277092073972745823 -1.1455964786959125234
-26.144831236138735164 -0.18399077053046447583
-25.236471652644876684 0.87241518690171360184
-24.821631872962058196 2.0498816868919216283
-25.067317398463064393 3.4061726587914784581
-25.067553779047866414 4.8028013149412762672
-25.39200082653093915 5.9917958918794926859
-26.422897984356247036 6.8614526702133620262
-27.059073877151870846 8.0193969052859923607
-27.600189727684398378 9.228510384095539365
-28.513411775580294716 10.170412381792884204
-29.453270538307144477 11.022292968382389589
-30.457460436501495593 11.821993562169279102
-31.502525178139073603 12.550190648824074202
-32.481466262264660827 13.147756678701160382
-33.425705283330081841 13.654530945012627541
-34.673796573459718218 13.33790767669266053
-35.857366005900438211 12.55940338085208019
-36.992000158256551856 11.903256514017888534
-38.010247558663692757 12.324779112772613843
-39.048690132776073369 12.770677392741788481
-40.218654545483090601 12.291556437897552811
-41.241516596978570419 12.583784439023277812
-42.122999165492970519 13.462002501000210231
-42.974153794837299358 13.168236010328607577
-43.814874305333368909 12.049567552162329775
-44.691370505853463158 10.927237637695814243
-45.651935588195769355 10.392089194924531981
-46.737180614517619404 11.004252385757153476
-47.959179635930716756 11.656466378304120468
-48.485080198927100525 13.160101594572218175
-49.010980761923484295 14.663736810840315883
-49.10089160174862144 13.330669828036651126
-49.190802441573758585 11.997602845232986368
-49.280713281398895731 10.664535862429321611
-49.370624121224032876 9.3314688796256568537
-49.460534961049170022 7.9984018968219903201
-49.550445800874314273 6.665334914018326451
-49.640356640699451418 5.3322679312146608055
-49.730267480524588564 3.9992009484109960482
-49.820178320349725709 2.6661339656073312909
-49.910089160174862855 1.3330669828036647573
