100 100
99.543598741839389277 101.16636846962619245
99.087197483678764343 102.3327369392523849
98.630796225518139408 103.49910540887856314
98.174394967357528685 104.66547387850475559
97.717993709196917962 105.83184234813094804
97.261592451036293028 106.99821081775712628
96.805191192875668094 108.16457928738331873
96.34878993471505737 109.33094775700951118
95.892388676554446647 110.49731622663570363
95.435987418393821713 111.66368469626189608
94.979586160233196779 112.83005316588807432
94.523184902072586056 113.99642163551426677
94.066783643911975332 115.16279010514045922
93.610382385751350398 116.32915857476663746
93.153981127590725464 117.49552704439282991
92.697579869430114741 118.66189551401902236
93.07231842803766142 117.44389039866300095
91.516877211958174598 117.50005377399726569
89.915629625525994584 117.46635590478310007
88.74415260107733161 116.96108140106937867
87.686808679026825075 116.32007463295195748
86.82513137075989107 115.07179943822349344
85.534811854269946707 114.12714789009477556
84.122430720371312418 113.36689626007569132
83.106391814678630681 112.21911735924616949
82.224444047921934953 111.05851047083999106
81.598652999201306102 110.11373833353164287
81.103782651377770208 109.27358599484783497
80.640393623118910682 108.38994704678864878
80.370678532034617092 107.10239230636372554
80.103829529119593644 105.61740082242883432
80.663362401965443382 104.21749092594166086
80.81067276084915818 102.88882060797440943
79.88898907850322928 101.6134494277601874
79.014127340958964396 100.22297789801622514
78.591690476318802894 98.829184651001767747
78.66834966366556614 97.656042877841997552
78.75549887811328631 96.893747133251977743
80.175904459046975603 96.407018075367986398
81.701864214893120675 95.883527152073227739
83.175739003685933426 95.177390018959044937
84.423417463727730592 94.182543474658288574
84.620062275903109139 92.858066120855241365
83.950033853640491088 91.446702895473094941
84.141323611559229789 90.112608100327790339
84.49397889259134331 88.705595463323959393
84.265488732341054856 87.145375760982759061
84.462995488339302597 85.580575080775560082
85.468579085526812378 84.442491356343325037
86.704405637161698905 83.45276020777720305
88.021424169935912118 82.559675916729815981
89.351976021054483112 81.801735037884014901
90.828148354118312113 81.558117258601313893
92.321803775340711695 81.8475212572307953
93.203943288339914375 81.085939794542113646
93.807192851102826125 80.123726399857019942
94.370331075792790898 79.993973765580307145
94.577684356327495152 80.031206215582813002
95.032963057659060269 81.575511949206372719
95.488241758990625385 83.119817682829932437
95.943520460322190502 84.664123416453477944
96.398799161653741407 86.208429150077037662
96.854077862985306524 87.752734883700597379
97.316887254553193998 89.265045574823417951
98.028033389389506169 89.782702714908438679
99.103945557685733547 89.767971525914404651
100.25912108430165404 89.622780772890777712
101.51740409175003776 89.509323385292887565
103.04844556944952672 89.530274464245621857
104.62759453840622825 89.120694421094128757
106.17329738488604107 88.573956427555472715
107.5583844046424673 87.750575250472820699
108.84646803193344056 86.776275729131583603
109.97882743618680479 85.36795575190768659
111.11118684044016902 83.959635774683775367
110.37044105107749203 85.028993389704851324
109.62969526171481505 86.098351004725941493
108.88894947235213806 87.167708619747017451
108.14820368298946107 88.23706623476810762
107.40745789362678408 89.306423849789183578
106.6667121042641071 90.375781464810259536
105.92596631490143011 91.445139079831349704
105.18522052553873891 92.514496694852425662
104.44447473617606192 93.583854309873515831
103.70372894681338494 94.653211924894591789
102.96298315745070795 95.722569539915667747
102.22223736808803096 96.791927154936757915
101.48149157872535397 97.861284769957833873
100.74074578936267699 98.930642384978924042
