100 100
99.407336288275672587 101.10437296333881818
98.814672576551330963 102.20874592667763636
98.222008864827003549 103.31311889001644033
97.629345153102661925 104.41749185335525851
97.036681441378334512 105.52186481669407669
96.444017729653992888 106.62623778003288066
95.851354017929665474 107.73061074337169885
95.25869030620532385 108.83498370671051703
94.666026594480996437 109.93935667004933521
94.073362882756669023 111.04372963338815339
93.480699171032327399 112.14810259672695736
92.888035459307999986 113.25247556006577554
92.295371747583658362 114.35684852340459372
91.702708035859330948 115.46122148674339769
91.110044324135003535 116.56559445008221587
90.517380612410661911 117.66996741342103405
90.776235267393388995 117.01187175031898846
89.174990693889824911 116.97817383961587723
88.003513266017961314 116.47289899314789352
86.946165564670366166 115.83188972001586592
86.08448754152352933 114.58361222267566859
84.794171949846216307 113.63896463890591804
83.381791861513576691 112.87871406046409106
82.365751686015869382 111.73093358729556712
81.48380293509686112 110.57032502206844526
80.858012141482134894 109.62555285147286099
80.363142107101339207 108.78540067290219895
79.899753371280937131 107.9017618979701183
79.630032190504579148 106.61420812695104132
79.363183226681769611 105.12921237080189485
79.922716183165363191 103.72930187617092201
80.070026563562677779 102.40063174191536177
79.148343562506383364 101.12526100098064319
78.273485681108581957 99.734793208316474988
77.851051743782250014 98.341002572716277541
77.9245119649376079 97.20186708637237416
77.985780537125563683 96.63278831478498887
79.561003865750620889 96.422096960689671619
81.166408884193131712 96.215810182316786836
82.71100671644437341 95.913153649738148943
83.816300354646742221 94.897951117114629938
84.646746022531260678 93.609146777314578003
84.399356700449132518 92.26260286023070023
83.884662537389843351 90.877356600786058038
84.386771633775339296 89.562951198579312972
84.380988734767001347 88.043528600277625173
84.145771549199650963 86.433866543289639139
84.160846951336381494 84.834278485210020904
84.963207219599325981 83.753264011826985325
86.206651190437042942 82.788167120439169366
87.529891822417511094 81.919179251934309605
88.862443027745044333 81.18522229555854608
90.382087573938406422 81.12588184956383941
91.81008877791101952 81.333646159341640214
92.558565778120907908 80.325684121155745743
93.201832955287969185 79.602808181995555969
93.681307953531600674 79.494752966984634668
93.910090284022174956 79.831584910643684339
94.35620670208778904 81.375148914082458873
94.802323120153388913 82.918712917521233408
95.248439538219017209 84.462276920960007942
95.694555956284617082 86.005840924398768266
96.140672374350245377 87.5494049278375428
96.591821736118276931 89.0732511802798399
97.28171871154340522 89.722162635369684835
98.370109590596612748 89.775601143374217372
99.511990384123279796 89.591360607235358771
100.7772496098691164 89.537861945625934368
102.30894981252268394 89.48108580979362614
103.87756978154942544 89.032535115054372454
105.41174389245492193 88.637180801502779559
106.95873329419357844 88.61273278689425581
108.38145555145361243 88.028698799955805043
109.75854814659530234 87.202041018928611038
110.88856701823961259 86.078127323874369381
112.01858588988392285 84.954213628820127724
111.21734683055832704 85.957266053565447805
110.41610777123273124 86.960318478310782098
109.61486871190713543 87.963370903056102179
108.81362965258153963 88.966423327801422261
108.01239059325594383 89.969475752546756553
107.21115153393034802 90.972528177292076634
106.40991247460475222 91.975580602037396716
105.60867341527917063 92.978633026782731008
104.80743435595357482 93.98168545152805109
104.00619529662797902 94.984737876273371171
103.20495623730238322 95.987790301018705463
102.40371717797678741 96.990842725764025545
101.60247811865119161 97.993895150509345626
100.8012390593255958 98.996947575254679919
