-50 0
-48.997529144038118432 -1.3174266685008171329
-47.995058288076236863 -2.6348533370016342658
-46.9925874321143624 -3.9522800055024513988
-45.990116576152480832 -5.2697066740032685317
-44.987645720190599263 -6.5871333425040852205
-43.9851748642287248 -7.9045600110049027975
-42.982704008266843232 -9.2219866795057203746
-41.980233152304961664 -10.539413348006537063
-40.977762296343080095 -11.856840016507353752
-39.975291440381198527 -13.174266685008170441
-38.972820584419324064 -14.491693353508988906
-37.970349728457442495 -15.809120022009805595
-36.967878872495560927 -17.126546690510622284
-35.965408016533686464 -18.443973359011440749
-34.962937160571804895 -19.761400027512255662
-33.960466304609923327 -21.078826696013074127
-33.038139375411248011 -22.293873410383838518
-32.42609892635381641 -23.004658936615427933
-31.223407225198478443 -22.26026800084527224
-29.828084167348681177 -21.268529071324962842
-28.432761109498891017 -20.276790141804628576
-27.037438051649100856 -19.285051212284315625
-25.632627134406625657 -18.324153214922361599
-24.07211932506264418 -17.885784321405648001
-22.385946957249235112 -17.854246772776519947
-20.872714621534377955 -17.109287088509290697
-19.838755828628229949 -16.423225322710731433
-19.627014416680815145 -17.617101056045534335
-19.454494370626221666 -18.6633680988954751
-18.736105112810321316 -17.700587343537982576
-17.812375878038515964 -17.471128699168481546
-16.792464504187041285 -17.383995640211324485
-15.792226715665083958 -18.285726798349671185
-15.067030960607803891 -19.820704880135533443
-14.409695114185479881 -21.394923813715905681
-13.75235926776315587 -22.969142747296285023
-13.095023421340828307 -24.543361680876664366
-12.437687574918507849 -26.117580614457040156
-11.758499629632826355 -27.648283256247388806
-10.622216265603459107 -28.26904049100565075
-9.0720252866621251542 -27.702512228230776969
-7.5867246962558283485 -26.926711212082675928
-6.2532165592189841163 -26.085696369881205214
-5.0001956716796378544 -25.150436080555103047
-3.7821081314608893109 -24.080275147393319202
-2.76636981454235098 -23.039107745209307154
-2.4722122784950593122 -21.978120037430013411
-2.7208072746191165336 -20.549619509312691434
-1.5518276926223304457 -20.168529440383842655
-0.40232370167521835924 -19.845018411103168887
0.050991221795413821383 -19.04331522596103099
-0.28040622625704164639 -17.65117604071963342
0.42841998556996147007 -16.51322914907557049
1.2860514502123523428 -15.359624540833261008
0.98219303413681946502 -13.726744493301859862
0.76775266661559127268 -12.045145942667215166
1.4141787784337327416 -10.599226900419415287
2.3323934514393753759 -8.8034566418450932446
1.9894445588734825936 -7.3177125335855031096
0.81970928332583437026 -6.2321904921374295938
0.76365866466489407127 -4.9756902293005351723
1.4820425981341109889 -3.5517616924821364677
0.99136810413430964672 -2.1810926740157556836
0.23793983440038204979 -0.68106855870897586858
-0.62903403808731117586 0.70062355947064536288
-1.8595081223633069811 1.806206829288565352
-2.4084901341691788978 3.3702756561492659415
-3.4525709981162098217 4.5534834436840689875
-4.5912343259234127402 5.6050358722264927991
-5.8166375017662268476 6.5716056392230264294
-7.0686331402944464486 7.411930662432304473
-8.2216876961555573899 8.0724232166910780961
-9.50793755039161681 7.9623455000203442466
-10.44364278081258135 6.6429988709411418313
-11.21894725411005922 5.1173499411361014211
-11.994251727407533537 3.5917010113310610109
-12.769556200705013183 2.0660520815260192684
-13.544860674002489276 0.54040315172097852514
-14.320165147299963593 -0.98524577808406232915
-15.09120811256877559 -2.4775176153660143363
-15.712809789878262379 -2.7597084287487247956
-16.396782148545543834 -2.4809836825687177075
-17.165502030701446756 -2.2044533554640501904
-17.685735789252266414 -1.6696978088914904426
-18.142764987649051989 -3.0400152084073490677
-18.56585229838905704 -4.3845526542819843741
-19.387816183866821262 -3.8291993247987345939
-20.729028303539450917 -2.7560327303314045011
-21.944688977539041019 -2.0980619678414593743
-22.775534495856966544 -2.7361663115077807795
-24.194965559529954646 -2.4004616194119501316
-25.573638540091785387 -1.4004155585204531853
-26.934071355576541862 -0.36751104787306926314
-28.294504171061287678 0.66539346277431465904
-29.654936986546044153 1.6982979734216987477
-30.918789473030386716 2.8812074083122460877
-32.182641959514725727 4.0641168432027932056
-33.80240178137702145 3.6946516756389029545
-35.422161603239324279 3.3251865080750127035
-37.041921425101620002 2.9557213405111220084
-38.661681246963915726 2.5862561729472322014
-40.281441068826211449 2.2167910053833415063
-41.901200890688514278 1.8473258378194512552
-43.520960712550810001 1.4778606702555610042
-45.140720534413105725 1.1083955026916707531
-46.760480356275401448 0.738930335127780058
-48.380240178137697171 0.36946516756389025105
