-50 0
-48.10806548414145567 0.32358612537870556913
-46.216130968282918445 0.64717225075741113827
-44.324196452424374115 0.9707583761361167074
-42.432261936565836891 1.2943445015148222765
-40.540327420707292561 1.6179306268935278457
-38.648392904848748231 1.9415167522722334148
-36.756458388990211006 2.265102877650939206
-34.864523873131666676 2.5886890030296445531
-32.972589357273122346 2.9122751284083503442
-31.080654841414581568 3.2358612537870556913
-29.188720325556040791 3.5594473791657614825
-27.296785809697500014 3.8830335045444668296
-25.404851293838955684 4.2066196299231721767
-23.512916777980414906 4.530205755301878412
-21.620982262121874129 4.853791880680583759
-18.262580543966670632 4.193478728030332725
-16.995855095970480164 3.5998335637674219178
-15.726166785342602594 3.0094942969969182833
-14.6535125460050768 2.3604308454458222677
-14.737530288824912006 1.3862906594130637306
-15.618815103471735739 0.3087542267217306402
-16.289029949726167246 -0.82812603939254980645
-16.234426814021780672 -2.1877459738795326238
-15.745410942710881486 -3.491270328341707252
-15.13740512014922146 -4.6161832677069867259
-15.443888249598156648 -5.805519730223312358
-15.973726215441951481 -7.0267078358585530751
-15.597168089412869918 -8.1673456893922029565
-15.366939110849804351 -9.4318616538462833887
-15.600720321105546518 -10.832950910138753997
-15.575707400419164017 -12.232182865755159895
-15.233840589430046819 -13.591783503850262349
-14.414891654616711847 -14.682285573768513842
-13.298108325456219347 -15.505495439100783983
-12.13826646927046049 -16.242641485777312482
-10.970997666977206464 -16.878141389002838224
-9.6483878783091761022 -16.980911538292946972
-8.3286664065738840179 -16.692188241669786208
-7.4747990755546762642 -17.207422572064999144
-7.010582073307457307 -18.365969250429611037
-6.3381632240224146102 -18.527748940076257611
-5.5899906245808050897 -18.679200986008378749
-4.6797700483686188733 -18.823853524663405778
-3.5303058433689153972 -18.664145313447665586
-2.3025540814407778889 -19.002303550612673178
-1.0698466305733778103 -18.935440411561224039
0.18783661376436330825 -18.557965696251393695
1.464752492757840141 -18.702823808346568768
2.6672554005622215456 -18.453229137446683694
3.9535137543492639978 -18.099012365650608558
5.2705828315144280793 -17.63758662400719146
6.5565681941170410596 -17.083403847219859273
7.787902574655587884 -16.447737500905002861
8.9096254962322518622 -15.769250365028121053
9.6749080083858096657 -15.245750237418526751
9.8575129709221318564 -14.979398371404609946
9.1744165679275475611 -13.74971872464848488
8.4913201649329650422 -12.520039077892359813
7.8082237619383798588 -11.290359431136234747
7.1251273589437991163 -10.060679784380113233
6.4427815625063686866 -8.8307991015470328477
5.9113076840565961234 -7.5605101672453267625
5.6646503134574643923 -6.221141459104218896
5.0104750457978628475 -5.0194095437765140488
4.1359670499447114267 -3.8944696247738952444
3.8312368616338923211 -3.1524687096356949212
4.8631141600867531238 -3.3047725864865404866
5.5272186830654446155 -3.297325594112770375
4.7680594061270253903 -2.5115161340730502992
4.167131339217649888 -1.6969741507815894188
4.87717699758127754 1.4997707303482630259
4.050224907458626511 2.0652752240202874034
4.2412834396987291186 2.6500191400098920269
5.0104218763268209003 3.4521023297539001895
4.9619947843661789122 4.55093143784538956
4.6756840292969288342 5.6474687074179996671
4.8966711841539733996 6.8192426364573170972
5.3594768719539249702 8.135657040033210663
5.4897023993003219999 9.4823946361578830277
5.1875055442662736382 10.803828071035395553
5.2634282223641140064 12.182621184307894424
5.4517640543613410387 13.577128623458600387
5.2576537807263381552 14.932945179726461404
4.774872523560363291 16.264916073075049496
4.3183759127280429979 17.614482289091302647
3.8028006850950384354 18.937484580060718997
3.0473865254585872364 20.14869636749989823
2.0228561403634062188 20.587273688841332131
0.84116256137382039437 20.632794626982441599
-0.32036888449941525181 20.764008803041374307
-1.3115480368662271182 20.983618384000493506
-2.2083797602384098724 20.994237384921557776
-3.1194344930738857613 20.963819403466587232
-4.0336854658748784175 20.015570504173449962
-4.9449745641839610855 18.914116521081098199
-5.9779766240446496894 18.382278863642028455
-7.2227403027707968164 18.807304881143043218
-8.5612450053136353034 19.002389069886202577
-9.9600197883850860592 18.873909217027605933
-10.134226301625520961 19.265022459826980139
-11.795300205724457143 18.462313190667522633
-13.456374109823395102 17.659603921508065127
-15.117448013922331285 16.856894652348607622
-16.778521918021269244 16.054185383189150116
-18.43959582212020365 15.25147611402969261
-20.100669726219141609 14.448766844870235104
-21.761743630318079568 13.646057575710777598
-23.422817534417013974 12.843348306551320093
-25.083891438515951933 12.040639037391862587
-26.744965342614889892 11.237929768232405081
-28.406039246713824298 10.435220499072947575
-30.067113150812762257 9.6325112299134900695
-31.728187054911700216 8.8298019607540325637
-33.389260959010634622 8.0270926915945750579
-35.050334863109569028 7.2243834224351175521
-36.71140876720851054 6.4216741532756600463
-38.372482671307444946 5.6189648841162025406
-40.033556575406379352 4.8162556149567450348
-41.694630479505320864 4.013546345797287529
-43.355704383604262375 3.2108370766378300232
-45.016778287703189676 2.4081278074783725174
-46.677852191802131188 1.6054185383189150116
-48.338926095901072699 0.80270926915945750579
