-100 -100
-99.638293668965360439 -101.45114127269916082
-99.276587337930720878 -102.90228254539833586
-98.914881006896081317 -104.35342381809749668
-98.553174675861441756 -105.80456509079667171
-98.191468344826802195 -107.25570636349583253
-97.829762013792162634 -108.70684763619500757
-97.468055682757523073 -110.15798890889416839
-97.106349351722883512 -111.60913018159334342
-96.744643020688243951 -113.06027145429250425
-96.38293668965360439 -114.51141272699166507
-96.021230358618964829 -115.9625539996908401
-96.420866615380219855 -114.30206321948506343
-96.820502872141489092 -112.64157243927928675
-96.857683330228667273 -111.13360438934182639
-96.89484386265563387 -109.62563505023359767
-96.915804833367218407 -108.11661761527118131
-96.883832394620810646 -106.6041538237019779
-96.789355065624093299 -105.08283871103995466
-96.379329575248647188 -103.61597366536288689
-95.361391846728608357 -102.53740992576824453
-94.783161976461300924 -101.71089929857316747
-95.111643047696674103 -100.71707707760016604
-94.267436967612496801 -100.79479106969058932
-92.853787826116544579 -101.36196957931142038
-91.530350679691537152 -101.74856661188592
-90.619302683597467762 -101.22900466181951629
-89.338953453910420421 -101.07850161079986151
-87.838666884180810257 -101.24786509759159969
-86.338838352908425122 -101.41203987458138158
-84.869323498953065155 -101.34660758345793852
-83.455232206553588981 -100.88783978720775281
-82.47080490631766736 -100.11204858165972098
-82.343451221029511089 -98.770149207938757741
-81.709338645833412329 -97.513382906759034086
-80.791845136246465131 -95.816812805133849906
-80.973360318806030023 -94.450990040471552334
-81.976636200094446849 -93.460197437749954474
-82.573364654380696948 -92.452295547054887948
-81.940997049351025794 -91.216979335335238943
-81.784010618186925967 -90.02588436106628933
-82.331169250278463778 -88.760222460407405265
-82.954485260863293661 -87.410785559360263619
-83.742106859232094962 -86.209167092098397234
-84.875166811982282411 -85.265059410616530045
-85.43397520950763635 -83.940869131683982118
-86.179069139044685244 -82.766005587034953805
-87.173553127403692997 -81.786653326825913268
-88.200718482242422169 -80.905572724720414612
-89.312785579079616127 -80.076770870867065355
-90.399881051415235333 -79.374696568097164118
-91.410314829865697561 -78.806719262721088626
-92.698615105692709903 -78.645381979316098864
-94.1951642419948314 -78.514579883552102046
-95.37256740043828529 -77.716913462785143452
-96.411420740034060373 -76.983227913723567326
-97.633155148675726309 -76.808514811824295521
-98.911288818720478844 -76.809086781154022106
-99.982142696579089147 -76.530709803975085492
-100.94406191644469573 -76.519260267197040548
-101.92682555307855807 -76.555381209040149315
-102.90004559880092927 -77.696097996436463973
-103.8882249299465883 -78.823999340633136512
-105.06776311250764877 -79.048266991944856841
-106.44268182483567386 -78.557995188608074955
-107.91286852479665015 -78.581910623071919986
-109.41424942369890516 -78.593827526199973477
-110.50277071651558458 -79.084290038196655814
-111.49105888884363935 -79.678063280980424565
-112.29000862227893265 -80.811562237221608029
-113.4384858255169064 -81.757455754470342413
-114.78392689282422623 -82.464826477446564468
-115.82916565362543793 -83.435704644395400464
-116.73086098343129891 -84.557604882544765701
-117.41135526815429557 -85.528404870751828071
-117.92425950169501903 -86.351081794478901088
-118.36309689930206446 -87.134133393510964538
-118.80884220751607927 -88.026100940124422323
-119.01173950767893928 -89.38490066784846988
-119.12613715842081774 -90.759961223671226094
-118.50999476182117576 -92.060212792217726019
-118.52190904938387916 -93.294811450625502403
-119.42271423934445806 -94.491039347667523884
-120.24027528781383012 -95.796448806785846841
-120.69230999144976124 -97.109756476044921669
-120.61864335264233716 -98.331724308686062841
-120.45484509985168131 -99.646438093321378915
-118.99378473557655411 -99.671692515226993692
-117.53272437130144112 -99.696946937132608468
-116.07166400702632814 -99.722201359038223245
-114.61060364275120094 -99.747455780943838022
-113.14954327847607374 -99.772710202849452799
-111.68848291420096075 -99.797964624755067575
-110.22742254992584776 -99.823219046660682352
-108.76636218565072056 -99.84847346856631134
-107.30530182137559336 -99.873727890471926116
-105.84424145710048037 -99.898982312377540893
-104.38318109282536739 -99.92423673428315567
-102.92212072855024019 -99.949491156188770447
-101.46106036427511299 -99.974745578094385223
