-100 -100
-98.630784028854264989 -99.432635092006307787
-97.261568057708529977 -98.865270184012629784
-95.892352086562794966 -98.29790527601893757
-94.523136115417059955 -97.730540368025259568
-93.153920144271324943 -97.163175460031567354
-91.784704173125589932 -96.595810552037875141
-90.415488201979869132 -96.028445644044197138
-89.04627223083413412 -95.461080736050504925
-87.677056259688399109 -94.893715828056826922
-86.307840288542664098 -94.326350920063134708
-84.938624317396929086 -93.758986012069456706
-83.569408346251194075 -93.191621104075764492
-83.578039679295756059 -93.16657553176848694
-82.262942942096501042 -92.689581362355212946
-80.994942362951562131 -92.097478899297556154
-79.804027584208469648 -91.437723271821681692
-78.721819049589086603 -90.740804725977710632
-77.68989345410763292 -89.978251754552360353
-76.671968416406173219 -89.117708619694013805
-75.727087346912725252 -88.205171572397773616
-75.029114922631606532 -87.447184443721965863
-75.054548035436980058 -86.418314325321148317
-75.262321348581522784 -85.239650870110835967
-74.399991362130975858 -84.851660742561449524
-73.080616630858898475 -84.810267029215481216
-72.713411007887117421 -84.192577967702277419
-72.404867688480436527 -83.439705067883650713
-72.817360547447634644 -82.202655739428251991
-72.37775218453339221 -80.774163422824798886
-71.938143821619149776 -79.345671106221345781
-71.498535458704907342 -77.917178789617906887
-71.058927095790650696 -76.488686473014453782
-70.619318732876408262 -75.060194156411000677
-70.179710369962165828 -73.631701839807547572
-70.295296840569065466 -72.33254076478282002
-71.167353530541134887 -71.37633117441382069
-71.956551289122515414 -70.478026040190599133
-71.57418960465160751 -69.364351155037510921
-71.032532105433617176 -68.202441105033187796
-71.426236188379647274 -67.084324221142750844
-72.066615245681930446 -65.871078892328455368
-72.60282594740429829 -64.598884333780247857
-73.55759020038939866 -63.63665128150248762
-74.501460965757743793 -62.682739536324845631
-74.897287167550857134 -61.358518860873168421
-75.726087905127116073 -60.361823025528053677
-76.65876436912679992 -59.460205156371344515
-77.621284420637621793 -58.642142793036676096
-78.660293945943237759 -57.867811830688481223
-79.681038713959082997 -57.202556262399184561
-80.626440344182725539 -56.661389672399238293
-81.731684387083291199 -56.381157809330019859
-83.145372465759152192 -56.375605862691649861
-84.381250617090614696 -55.86780674844230532
-85.299997425054016276 -54.864019694371314984
-86.383797105554762652 -54.628588640912241203
-87.605763502802048492 -54.716421041659330626
-88.699170603460828488 -54.331108315353304761
-89.66452024823557565 -54.287419284155106425
-90.549889670731559477 -54.288367074164888493
-91.475658184493440217 -54.475908859806978057
-92.38197907424580535 -55.580532028621846052
-93.30648472054225806 -56.624159154349293033
-94.407690117499399207 -56.832036877314074275
-95.685093970472877345 -56.351664220817269779
-97.047562943812280878 -56.316938792173054651
-98.449276824433056277 -56.3925691594949825
-99.585497391293571923 -56.683102534312638454
-100.5101511322335881 -57.214504874451499461
-101.32775100452614936 -58.043667434860893195
-102.19964207046281501 -59.093905677862792913
-103.39576217179116213 -59.850071370543204807
-104.60709601271292968 -60.530456029118013817
-105.49626417729523098 -61.534742813474835543
-106.29851904383261285 -62.571972234307764893
-106.88946814779525596 -63.43693455004462578
-107.35497357139527708 -64.19459002531293379
-107.76220194242580419 -64.926442960570668106
-108.17687628159407609 -65.755792115257705177
-108.35526244128280382 -67.009147544696716636
-108.56283299801144437 -68.302798848718367708
-108.04320987004705046 -69.526215926423290625
-107.75549523780755123 -70.700479040581981849
-108.46015326680107194 -71.808795087525140843
-109.28955845013024373 -72.983815943768618695
-110.00877408991712514 -74.228447903096508753
-110.05408970012091174 -75.408776381847147263
-109.95603692505176241 -76.55755685129520316
-109.7686718238317809 -77.830454704611469197
-109.49042823635102195 -79.126576574992910196
-109.13347377539874117 -80.3810250223257583
-108.7210833519292521 -81.544264180993522473
-108.24136594306598624 -82.671988458114370246
-107.65269694713269644 -83.909703568249057071
-107.06402795119942084 -85.147418678383743895
-106.47535895526613103 -86.38513378851843072
-105.88668995933284123 -87.622848898653117544
-105.29802096339956563 -88.860564008787804369
-104.70935196746627582 -90.098279118922491193
-104.12068297153300023 -91.335994229057178018
-103.53201397559971042 -92.573709339191879053
-102.94334497966642061 -93.811424449326565878
-102.35467598373314502 -95.049139559461252702
-101.76600698779985521 -96.286854669595939527
-101.1773379918665654 -97.524569779730626351
-100.58866899593328981 -98.762284889865313176
