-100 -100
-99.628149866783175526 -101.32689892581696256
-99.256299733566351051 -102.65379785163391091
-98.884449600349540788 -103.98069677745087347
-98.512599467132716313 -105.30759570326783603
-98.140749333915891839 -106.63449462908478438
-97.768899200699067364 -107.96139355490174694
-97.397049067482257101 -109.2882924807187095
-97.025198934265432626 -110.61519140653565785
-96.653348801048608152 -111.94209033235262041
-96.919868200647826484 -110.28693620630046723
-97.186387600247044816 -108.63178208024831406
-96.88951646895523595 -107.14291750070830744
-96.773480927996075707 -105.64317221475431552
-96.781334036969170143 -104.13597266592282153
-96.780335263404765556 -102.64212019887420979
-96.243468435566938979 -101.71543475443118609
-94.846211991706454114 -101.86271592056139923
-93.396985639671598278 -102.30905470712754379
-91.959172050574650825 -102.57970124384372923
-90.45686029183394794 -102.38794392747379902
-89.083979515744019295 -102.04821659606967899
-88.41735562671586024 -101.0348140416327567
-87.382108168721501329 -100.77466144816550297
-85.927201094322484209 -101.17333733508228022
-84.46197401006702421 -101.58817574718642618
-83.165690459964963566 -101.79598513828463524
-82.796956822817662669 -100.85866422620344451
-82.414252135090436013 -99.59103373110174573
-81.303149104144992521 -98.699575747166178985
-80.982258743460434403 -97.506556241250621042
-81.339136548823987027 -96.019817003476973127
-81.486803119729756872 -94.541804275615504594
-80.903606121855048627 -93.26977636272478378
-79.923642926773808881 -91.495470336872131156
-80.105158109333402194 -90.129647572209833584
-81.108433990621776388 -89.138854969488264146
-81.705162444908040698 -88.130953078793169198
-81.072794839975259151 -86.895636891192140183
-80.915807928453688191 -85.704543292259387499
-81.462967062043134092 -84.438885279749172241
-82.086283067130537461 -83.089446742280586022
-82.873904692195154098 -81.887827010706857322
-84.00696471763892248 -80.943721736005713296
-84.565773025344256553 -79.619525777325790727
-85.310867276663898906 -78.444662752241058001
-86.305345685563622737 -77.465315663421264958
-87.332512452757740107 -76.584233315059051961
-88.444582050362271275 -75.755429316413909646
-89.531676184782270411 -75.053355696509456152
-90.542109481031232576 -74.485378441286187012
-91.830412930433055863 -74.324046218257549867
-93.326962057049897226 -74.193240208475174313
-94.504365173784805165 -73.39557383777405164
-95.54321715737727061 -72.661885747003523761
-96.76495292883201671 -72.487179935056573754
-98.043086625634813913 -72.487750598798029955
-99.113940396515957332 -72.209367338971873096
-100.07585972143742481 -72.197917799111067438
-101.05862360746586148 -72.234038756980254448
-102.03184332768604747 -73.374762754256465769
-103.02002257675765406 -74.502664295608369116
-104.19956077416576079 -74.726929555843838671
-105.57447957635945102 -74.236654669856719124
-107.0446662728466265 -74.260572898806586295
-108.54604721863572081 -74.27249253588161082
-109.6345715871500488 -74.762949301675334368
-110.62285860597410192 -75.356722047182373103
-111.42180641275807318 -76.490221755701867323
-112.57028355023103927 -77.436117956631989045
-113.9157246061824651 -78.143483975334476099
-114.96096196143179213 -79.114360461518018042
-115.86266078250615408 -80.23626510626584718
-116.54315498869642909 -81.207065337241729708
-117.05605789377601411 -82.029740345296076498
-117.49489576794840673 -82.812792954498547715
-117.94064216179074833 -83.704763085865607763
-118.14353727020493068 -85.063562199134452158
-118.25793494558996599 -86.438619235077311487
-117.64179245019568043 -87.73887032451882817
-117.65370449282835352 -88.973468995294965111
-118.55450640538559526 -90.169696910393682288
-119.37207004483212813 -91.475106487928513843
-119.8192555028757198 -91.458597592872990845
-118.58055203394599175 -91.992435243318425364
-117.34184856501624949 -92.526272893763859884
-116.10314509608652145 -93.060110544209308614
-114.8644416271567934 -93.593948194654743133
-113.62573815822705114 -94.127785845100177653
-112.3870346892973231 -94.661623495545626383
-111.14833122036759505 -95.195461145991060903
-109.90962775143785279 -95.729298796436495422
-108.67092428250812475 -96.263136446881929942
-107.4322208135783967 -96.796974097327364461
-106.19351734464865444 -97.330811747772813192
-104.9548138757189264 -97.864649398218247711
-103.71611040678919835 -98.398487048663682231
-102.47740693785945609 -98.932324699109130961
-101.23870346892972805 -99.466162349554565481
