-50 0
-48.473287045919001059 -0.96705607662251491519
-46.946574091838002118 -1.9341121532450298304
-45.419861137756996072 -2.9011682298675447456
-43.893148183675997132 -3.8682243064900596607
-42.366435229594998191 -4.8352803831125745759
-40.83972227551399925 -5.8023364597350894911
-39.313009321433000309 -6.7693925363576052945
-37.786296367351994263 -7.7364486129801193215
-36.259583413270995322 -8.7035046896026333485
-34.732870459189996382 -9.6705607662251491519
-33.206157505108997441 -10.637616842847664955
-31.6794445510279985 -11.604672919470178982
-30.152731596946996007 -12.571728996092693009
-28.626018642865997066 -13.538785072715210589
-27.099305688784994572 -14.505841149337724616
-25.572592734703995632 -15.472897225960238643
-24.045879780622996691 -16.439953302582754446
-22.519166826541994197 -17.407009379205266697
-20.992453872460995257 -18.374065455827786053
-19.465740918379992763 -19.341121532450298304
-17.939027964298993822 -20.308177609072814107
-16.302754842554826098 -18.080772020694141133
-15.613588507143678186 -19.204042066458505644
-15.066665622390456036 -20.614958886530761362
-14.308273084063094061 -21.827533447246270981
-13.109658014525377823 -22.006834949922183142
-11.893196466531984257 -22.006498092865228955
-11.305018630078279784 -23.160715063795937141
-10.654087835183467803 -23.66411984461502982
-9.8939859797347846637 -23.826424127667291231
-8.9553803193548429107 -23.984779255006159815
-7.7596718807911750915 -23.82350169460309175
-6.4482475383157726867 -24.186831458625480451
-5.1272054153073884919 -24.099268534134825615
-3.7752985519268973391 -23.754988113610917111
-2.4239362193593492201 -23.849455333247547628
-1.1208436524415192892 -23.560593862246484775
0.27110861112803930073 -23.130747080408323058
1.6786380611193632006 -22.615904318668786033
3.0369504561339315529 -21.981622333877727016
4.3287840827815013967 -21.256648323963567293
5.4860371271206318511 -20.493302514576022588
5.8513887555323860212 -19.29877956414058815
5.8035175237899654377 -17.785264522293868339
5.7901593854851540755 -16.248824934906725304
5.5830905789434446262 -14.767814277046351634
4.8720264480400832241 -13.447672370829424793
4.057609841035538345 -12.165506218106893144
3.856571799198819317 -11.237331425193769263
5.0394684831591254337 -11.112933289532861636
5.4820662130880837282 -10.667939504724907707
4.6108218777967664437 -9.5975668652164181083
4.138968080312275255 -8.5712042578482545707
4.685262553959649523 -7.7345411170887992114
4.1820426396568857186 -6.618040528791417465
4.9313375521378945976 -3.5458161591821566461
4.1968900407765667993 -2.6421971677241566923
3.7165397292633759463 -1.932758709982238754
4.6694654782771944923 -1.004676668201525791
5.0749276894401953442 0.14127860188314725343
4.967546981686599139 1.5763721828969226024
4.7029566058670733142 2.9741945071498392394
4.6792024454426801583 4.3584067967539086297
5.1237687430253116005 5.8164538195396913167
5.4384470823483157531 7.3109280046931264252
5.573750885841098679 8.8155543924915598097
5.2661003689136709482 10.304857386583657686
4.8937949251025019137 11.808285783716685913
4.3402781784388082542 12.869836901711014576
3.4508922614586605704 13.383136775020133769
2.3055393462524622628 13.72001439979787385
0.79346893972027587871 13.727948182711001479
-0.49947818113260450401 14.32531953544710035
-1.5034947507607885342 15.275128042395788697
-2.6840531923371013789 15.516511942246854261
-3.9956973058855509429 15.402135154246028748
-5.1056408900660308348 15.785454546167606793
-6.0906001798256452773 15.810106670341113499
-7.0519132620072575435 15.787364774574584203
-8.038241732423738739 14.948874078584006853
-9.0139859540397271331 13.767872698891975958
-10.122853418219511568 13.207959857659657743
-11.464178666331006795 13.668317061335574891
-12.907508356977215769 13.781651276443358967
-14.261191345920760654 13.242146492376569711
-15.189590602133717923 12.195035992844163175
-15.257942718210241395 10.821827580838538907
-14.974383842004083789 9.3366829171517640162
-14.72156641641923791 7.847925698865405586
-14.664969903771980952 6.3464368990086290623
-14.903792432468568663 4.8844343269740280178
-15.097251988443359139 3.4351429109762321445
-15.398515628294667579 2.3210078876241810875
-16.321923638892332775 1.862379768650207712
-15.876654799694620124 0.96111889854646137543
-14.979397347768319548 -0.19516064495514776067
-14.387278909513476322 -1.4352501733455793609
-13.489169176871145694 -2.3741242238932143138
-13.926782612889356372 -2.7180060875341456317
-15.397371404144324814 -2.7055374046980205094
-16.904136943300006379 -2.6805886526919664448
-18.410902482455696827 -2.6556399006859132683
-19.917380126570019883 -2.6329807743075606119
-21.405576435557726711 -2.7557128752881685507
-22.857354021812884781 -3.1680826181728520829
-26.06131226934172318 -2.9727344620565245847
-27.902749787084665911 -2.7440625803598690524
-29.744187304827612195 -2.515390698663213076
-31.585624822570558479 -2.2867188169665575437
-33.427062340313497657 -2.0580469352699015673
-35.268499858056443941 -1.8293750535732458129
-37.109937375799390225 -1.6007031718765902806
-38.951374893542336508 -1.3720312901799345262
-40.792812411285275687 -1.1433594084832787718
-42.63424992902822197 -0.91468752678662301747
-44.475687446771161149 -0.68601564508996704106
-46.317124964514107432 -0.45734376339331150874
-48.158562482257053716 -0.22867188169665597641
