100 100
98.104806844821951017 99.417826206488300045
96.209613689643887824 98.835652412976585879
94.314420534465838841 98.253478619464885924
92.419227379287789859 97.671304825953185969
90.524034224109726665 97.089131032441471802
88.628841068931677682 96.506957238929771847
88.078596426551769127 94.697318490179142714
87.528351784171874783 92.88767974142851358
86.78329007274450646 91.246513133322324052
86.03822836131718077 89.605346525216134523
85.287204926927387305 87.967530759452941425
84.356905609104572363 86.476685156767302942
83.398396097576537045 86.435699038372405312
82.694234707584456601 87.06758328598940011
82.064610479396250753 85.644305306200649852
81.425576401549676575 84.311370945524771514
80.361532677955167969 85.01574132734104694
78.826287447336710557 85.993376168002498616
77.430055255274211845 86.648099664758333915
76.467918486454891536 86.218310906961974638
75.20119348135138182 87.080330684101042493
73.84801746736289374 88.271036608761505704
72.494841453374363027 89.461742533421954704
71.141665439385832315 90.652448458082417915
69.736757792378256227 91.540536476383948639
68.223643282216826833 91.054832648265943362
67.096717060960301637 89.74427589313731346
66.199369455133449947 88.510512056551760907
65.572657610373283887 87.513639670253226654
65.047708416921039998 86.563260671325508611
64.638339341810251426 85.304051668804191877
64.343667345038383587 83.625652593233198218
64.916317572994657326 82.050910737669880746
66.147729888341942228 80.878273098446300082
67.809196291544964197 80.231971731770912015
69.506635322403340638 79.629722189233532958
71.204074353261702868 79.027472646696153902
72.55120145235325424 78.233610106925965511
72.168053954625349888 76.820420957392784089
71.791313328375792935 75.178319693789873668
72.216076732929181503 73.398957621971277376
71.562056968312091954 72.077493048019690036
70.119810443518574061 70.999685304057692292
68.664558919904521872 69.925678792020121932
67.209307396290498104 68.851672279982551572
65.754055872676460126 67.777665767945023845
65.565735802307926861 67.24206161322591413
66.207762881629292906 66.220907782475961767
67.166584624269518145 64.911425276320940725
68.237100369975507874 63.6747622275697438
69.468890909087036789 62.472332813605852664
70.855922610803901307 61.338066151259667436
72.335349596004732575 60.334672550503228194
73.833176706527837041 59.500030114984319596
75.549334209460312195 59.488272174669305059
77.029932390035114054 59.506819347098293349
77.70299355795130225 58.061384436767525585
78.465197570249529235 57.849731518208855618
78.742287391530865648 57.790112405822455344
79.180309236366198888 59.322180004180168567
79.662431353808457857 61.068869408737860738
80.144553471250702614 62.815558813295552909
80.62667558869291895 64.562248217853252186
81.108797706135163708 66.308937622410951462
81.59317501429742947 68.053304456012355672
82.381535310546823325 69.498271872218822409
83.37240183423300266 70.625693457516362628
84.385595203941903719 70.847089866666195235
85.771877044318969752 71.107353858112517742
87.464221661526636353 70.496405041949742554
89.149581483036072882 69.952121762314533271
90.685291616710514973 69.08110121240844137
92.138433944265159425 67.997231703233325106
93.591355677372746413 66.912789897153331253
95.044277410480347612 65.828348091073308979
96.497199143587948811 64.743906284993300915
97.656727336334640199 63.970758894083701307
98.060765461663038423 64.4324028725737179
97.64838750388526023 66.038593730076385668
98.41840808551438613 66.787689704422476211
99.896945104397275372 66.976937774657614
100.37287070531429833 67.802930657692570549
100.13622334005941639 69.196615305497246595
100.7831263925511962 70.432673746035845852
101.6717600708730771 71.661271184687990399
101.34021008539838249 73.39833178159091176
101.19281030784902953 75.160447016440741663
102.7221198760696268 78.214175401729363557
102.16431962091320429 79.408030793726936736
100.46539651074992605 79.613004919253185676
98.650513400803731656 79.717489714518265487
96.835630290857537261 79.821974509783331087
95.441742697597234724 80.078998161209241857
96.110856427294976356 81.087546355470323078
96.80565173384678701 82.495801852190254522
96.662257237669976462 84.221753906081460173
96.525345881736029696 85.947510384020048946
96.388325542486839481 87.581239928408336937
98.795900885442350159 89.391527580493288951
98.996584071201965571 91.15960631707774553
99.197267256961566773 92.927685053662187897
99.397950442721167974 94.695763790246644476
99.598633628480783386 96.463842526831101054
99.799316814240398799 98.231921263415543422
