-50 0
-50.45684100245122039 -1.188225268333838347
-50.913682004902440781 -2.376450536667676694
-51.370523007353668277 -3.564675805001515041
-51.827364009804888667 -4.752901073335353388
-52.284205012256109057 -5.9411263416691912909
-52.741046014707336553 -7.1293516100030300819
-53.197887017158556944 -8.317576878336868873
-53.654728019609777334 -9.5058021466707067759
-54.111569022060997725 -10.694027415004544679
-54.568410024512218115 -11.882252683338382582
-55.025251026963445611 -13.070477951672222261
-55.482092029414666001 -14.258703220006060164
-55.938933031865886392 -15.446928488339898067
-56.395774034317113887 -16.635153756673737746
-56.852615036768334278 -17.823379025007575649
-57.309456039219554668 -19.011604293341413552
-56.147753454103991544 -19.758081669135730607
-54.981459720397324986 -20.400261494813754837
-53.673348915191716912 -20.562546662131520492
-52.340576845738034706 -20.264708918608512533
-51.4412955582025333 -20.69623140504572234
-50.98707965288102173 -21.917454428773542219
-50.312874770537938218 -22.081463544960474366
-49.575788589748000845 -22.232773091239494079
-48.677007714766205027 -22.37863867279286012
-47.542539168374808867 -22.205391273185906442
-46.317029199010519847 -22.56524315556873006
-45.084819482775301935 -22.540243703693612076
-43.830452534307617896 -22.124126919962996851
-42.547263225916324814 -22.282120400966693552
-41.347572991743675175 -22.038653791830626005
-40.06713139621580666 -21.692543562361894516
-38.749288497903975781 -21.238175004983585126
-37.46062258762987085 -20.690465506768624948
-36.223594174958421377 -20.059568665980606283
-35.08827909753729557 -19.379902974349636935
-34.042740868176451841 -18.658011522464821752
-33.013306918140457924 -17.844335475555904935
-32.021228289054192828 -16.947316845278898256
-31.174922078955827232 -16.077839498257610273
-30.677408733432034893 -15.3763816670762683
-31.080544553043456091 -14.052600439698821333
-30.808769011627987311 -13.22826283857158991
-29.544841842568558832 -13.137000728510574987
-28.732577261041232219 -12.790628677129459945
-28.362076086854262513 -12.140097380296520413
-28.520777623266905465 -11.085551023461022169
-28.493410396578124022 -9.9811825740288266928
-27.488297855072516995 -9.1665650509149170233
-27.194079636928087496 -7.7168198232212148469
-26.899861418783657996 -6.2670745955275126704
-26.605643200639224943 -4.8173293678338104939
-26.311424982494795444 -3.3675841401401083175
-26.017206764350365944 -1.917838912446405697
-26.132794447148523176 -0.6186774607874948595
-27.004852151363905932 0.33753182871252679353
-27.794050844504237574 1.2358362103288886846
-27.411690065887576395 2.3495096525594272308
-26.870025719866504232 3.5114206687103406423
-27.263729793668186829 4.6295376815985491703
-27.904114543665233583 5.8427814003280387212
-28.440324103113198362 7.1149778238765390981
-29.395087901694136434 8.0772117915059222781
-30.338958986612880153 9.0311240916414483593
-30.73478616176128142 10.355345764004624698
-31.563584985637589853 11.352042916349557089
-32.496260579345005226 12.253659597043558449
-33.45618171463307533 13.069650224554766993
-34.627568692097504766 13.570419001578541085
-36.058285331732768952 13.503702306316212045
-37.399746588696338279 13.087211809442530708
-38.671884283433882956 12.42348967812436733
-39.998844872696999175 11.876526222778405639
-41.282054061836028325 11.819871477754889
-42.261629105579181953 12.578792164607339288
-43.293192296257885232 12.614268044784267886
-44.378838101003850625 12.28266011653995804
-45.284754382456917199 13.078862139665758946
-46.110130548906752779 13.453977870568978759
-46.894357275652005512 12.488761186348151355
-47.688045087947827483 11.299526744162461611
-48.546933024549183244 10.439021144714933698
-49.571081816390446306 10.829646891568676992
-50.735116912123032762 11.581979746682174337
-52.058376756543601971 11.979422512199237261
-53.363984094230382027 12.492007457783959268
-54.072924094125099259 13.927013499333806834
-54.781864094019809386 15.3620195408836544
-54.383375419518159788 14.081851245810016238
-53.98488674501651019 12.801682950736378075
-53.586398070514860592 11.521514655662739912
-53.187909396013203889 10.241346360589101749
-52.789420721511554291 8.961178065515465363
-52.390932047009904693 7.681009770441826312
-51.992443372508255095 6.4008414753681890375
-51.593954698006605497 5.1206731802945508747
-51.195466023504948794 3.8405048852209127119
-50.796977349003299196 2.5603365901472763255
-50.398488674501649598 1.2801682950736381628
