-50 0
-48.605605398320918198 -1.1475375282803139676
-47.211210796641843501 -2.2950750565606279352
-45.816816194962768805 -3.4426125848409419028
-44.422421593283687002 -4.5901501131212558704
-43.0280269916046052 -5.7376876414015693939
-41.633632389925530504 -6.8852251696818838056
-40.239237788246455807 -8.0327626979621982173
-38.844843186567374005 -9.1803002262425117408
-37.450448584888292203 -10.327837754522825264
-36.056053983209217506 -11.475375282803138788
-34.661659381530142809 -12.622912811083454088
-33.267264779851061007 -13.770450339363767611
-31.872870178171982758 -14.917987867644079358
-30.478475576492904509 -16.065525395924396435
-29.084080974813826259 -17.213062924204709958
-27.68968637313474801 -18.360600452485023482
-26.29529177145566976 -19.508137980765337005
-24.900897169776591511 -20.655675509045650529
-23.407806954367018193 -19.348906571198650539
-21.914716738957448428 -18.04213763335165055
-20.392725053522553935 -17.99354072515958336
-18.846638639575644447 -17.856751135742307213
-17.290754976301393242 -17.902323216686735208
-15.857096239515005465 -18.300702324527083675
-14.958617114988161489 -19.372919665331462369
-14.634223987277914958 -20.829143823231440535
-14.482206233102006721 -22.33312549808882963
-14.448854194973561604 -23.844562781753388947
-14.427320381168531327 -25.356742588703408359
-14.405786567363508155 -26.868922395653420665
-14.043504982404364512 -27.039407688872362456
-13.350369831314957025 -27.175254602092412171
-12.338636260510616793 -27.231275032818921034
-11.081468688147245061 -27.261774832170967642
-9.7631212421267008494 -27.483592361807353655
-8.4353676588366184319 -27.198652666836174774
-7.0627770709046995279 -27.133983353410936701
-5.7510808313550958459 -27.059054762360869262
-4.4152195313161417545 -26.730940183772400331
-3.0124680894965787381 -26.254425875035305893
-1.6154921447222623243 -25.70952107319493507
-0.27974888757666960259 -25.044888768922433542
0.94543154027803311124 -24.319414891927884526
2.0667445253198639676 -23.545194483229387572
3.1680449667252617019 -22.666212870801444978
4.2180284247094235184 -21.698714451710600315
5.0074405058176001404 -20.871414560732493015
4.9331202263387492479 -19.985884222760940787
4.2096415418250625606 -18.659857818286567976
3.7212458433805895019 -17.449853662831330325
4.5394565712521632861 -16.884756915055429971
5.5599274465964381164 -16.458711118902016324
5.1128866331159148473 -15.436113595551196553
4.2535388975953054569 -14.233576034947592603
4.2566324236457084851 -13.130871193750790482
4.7452664781358881996 -12.047638585130373556
4.152688091703869766 -10.751362378087659266
4.6164281407033582738 -8.7585480538031355024
5.0801681897028467816 -6.7657337295186099624
4.4560142072314192774 -5.5587002806413945422
3.6341058098608427507 -4.6682713193809437513
4.2677869720490182459 -3.6515673923390794542
5.0957986915088389068 -2.5241694643071577175
4.9913351170127304712 -1.1449812626078172961
4.9894057803032758613 0.35634837854034567828
4.7996033334933310144 1.8079636437581958486
4.5303656100607145873 3.2251975809584192412
4.8425868659127218052 4.7011692539900034049
4.8743932102009779328 6.0500485043845131372
3.9435119960120470495 6.9976919801261487919
2.9315544901994847748 7.8982795374596630467
1.8376052174815740159 8.7451391313811939199
0.73055858076381419153 9.4877190121826657787
-0.29081621652807854161 10.083345880131645345
-1.447014325053520567 10.426121538105091346
-2.9590847232897630192 10.434055310332617239
-4.2520318622768566996 11.031426451212164253
-5.2560484479490261478 11.981234760432421638
-6.4366067923670566842 12.222618628741987123
-7.7482508136622971762 12.10824143139800313
-8.8581943538058709464 12.491561208955502593
-9.843153602801756108 12.516213333075786096
-10.804466506194220443 12.493471447768090599
-11.790794868828042397 11.654980368635262877
-12.76172900029555457 10.457966432684335345
-13.668695830872142238 9.225987772470096715
-14.414540081239364255 7.9318132168910553403
-14.729554466773642218 6.5075225345991221104
-14.761391469037652868 4.9990388533336069798
-14.950670373932622326 3.5209496093345937773
-15.301626121502660993 2.1084603018411867126
-15.056637438758100345 0.65706479281260921077
-14.733441058930242917 -0.81410326784616815488
-15.087892594887927444 -1.9977031049616338354
-16.41339982703340894 -2.4003283451763808287
-17.877161410553888743 -2.1840967189507796142
-19.323896312715458379 -1.7673736269306645763
-20.44880661707924574 -2.01094106933505401
-21.533223580985055179 -2.4744420808171141424
-23.003728302827003205 -2.2844590537218123494
-24.502393957773776378 -2.0454754636362522113
-26.551682334949767039 -1.284823141828272286
-28.600970712125761253 -0.52417082002029236065
-30.384223152781949295 -0.48048991835193466393
-32.167475593438133785 -0.43680901668357696721
-33.950728034094318275 -0.39312811501521927049
-35.73398047475050987 -0.34944721334686157377
-37.51723291540669436 -0.30576631167850387705
-39.30048535606287885 -0.26208541001014618033
-41.08373779671906334 -0.21840450834178848361
-42.866990237375254935 -0.17472360667343078688
-44.650242678031439425 -0.13104270500507309016
-46.43349511868763102 -0.087361803336715393442
-48.21674755934381551 -0.043680901668357696721
