-50 0
-49.081902848096930825 1.3575835862742049454
-48.163805696193868755 2.7151671725484098907
-47.24570854429079958 4.072750758822614614
-46.327611392387730405 5.4303343450968197814
-45.409514240484668335 6.7879179313710249488
-44.49141708858159916 8.145501517645229228
-43.573319936678529984 9.5030851039194352836
-42.655222784775460809 10.860668690193639563
-41.737125632872398739 12.218252276467845618
-40.819028480969329564 13.575835862742049898
-40.215905411574610184 10.449303904789713826
-41.324626997253766092 10.636377443618846073
-42.520601200753887383 11.370478891853755599
-43.868772378759153696 11.679595444747258526
-45.291095778062135935 11.79136341504087504
-46.461974498886476681 11.574563671788659747
-47.389475315525267263 11.046283029278576748
-48.228686973519337755 10.266506015893762438
-49.067332116109618312 9.1899375060493184719
-50.251150852815349879 8.4184409630548806547
-51.486896762828862961 7.7589010676847998127
-52.378779900906863531 6.7612497781515106254
-53.193070003701237169 5.7183839832559719696
-53.797589291177388304 4.8408145477338262452
-54.269503584032989352 4.0782089377857282386
-54.678421837348324175 3.3485434594126850527
-55.09036424453451275 2.5315551504637401337
-55.274648050383632381 1.3058746327685573085
-55.517896468555683498 0.0079934924636858428054
-55.036400456215673671 -1.2193837201297321737
-54.685102528731555083 -2.3983775616180205148
-55.339516340650625636 -3.5084739003781595379
-56.181190013208208711 -4.6751229166306691454
-56.902001643282439147 -5.9192602181881017742
-57.003458117047244968 -7.1070341940854948604
-56.910635339534472621 -8.2509687360986809779
-56.730247110161840851 -9.5162035234869453149
-56.45814334922516764 -10.813671531258805203
-56.105849231920998932 -12.073893045830891069
-55.697751670889402931 -13.241524177844429033
-55.221928653311735502 -14.373665103323171266
-54.724206652410202878 -15.386406658804705927
-54.204525928136391144 -16.312101336625246972
-53.586033238736021644 -17.283673186716200121
-52.84489124800226989 -18.306038958453388688
-52.034703317919849042 -19.286414035888526541
-51.148653213526621641 -20.22846485894617885
-50.150561202505002711 -21.157517200783637179
-49.065714302856818563 -22.035849626050755035
-47.920109702207611235 -22.837762712924497777
-46.757898765979504674 -23.537326993727294422
-45.576886730893292565 -24.114828604589099825
-44.193573752143684885 -23.927382825641625885
-42.980008829665834469 -23.790304519058881993
-42.339017551260205607 -24.697940954273452263
-41.800848116395812326 -25.484946730000135773
-41.12367563831379158 -25.638839875727320816
-40.315597250244280758 -25.790519352781203111
-39.317135794462011233 -25.720268237953796131
-38.130765511171894389 -25.896557946870753852
-36.899282843854486202 -26.061682945142699452
-35.660125802565353581 -25.790907347740049005
-34.383092823777154479 -25.673268100950149773
-33.144512689411840256 -25.680906682529531793
-31.917517912430433569 -25.397435741712236279
-30.615933925870383092 -24.981978518911951426
-29.300037728005058568 -24.507595116680946035
-28.028671468106001186 -23.921627086013195651
-26.830375367842243861 -23.265367350763167309
-25.759497012412708727 -22.583565913847223783
-24.913021277831397526 -21.973120479739673527
-24.258243228567579308 -21.272881228993075098
-24.038787932917205836 -19.854228979065734251
-23.615209879936703175 -18.472189127621025051
-23.170399546621741393 -17.147010440728745806
-22.329990192376136804 -16.427863124951667118
-20.972685648188797103 -16.458940310424420517
-19.891706717797429604 -16.369995740438433529
-19.549352357515623169 -15.778077657712850979
-19.51678835893680386 -14.850587246066913494
-19.038379598001519355 -12.962666032850396647
-18.55997083706623485 -11.074744819633881576
-18.081562076130953898 -9.1868236064173665056
-17.603153315195669393 -7.2989023932008487705
-17.124744554260384888 -5.4109811799843328117
-17.281516434577408603 -4.2109733404711304772
-18.331214131929161937 -3.6813085093865312025
-19.701694830574897566 -3.3924639547883463919
-21.073463636744865113 -3.1027827597495041267
-22.43445846971929214 -2.7418852702974985114
-23.758160983302623492 -2.2336438355479724116
-24.773447566560253819 -1.3489921729290308416
-25.029922115249117809 -0.015169298104100750052
-25.18409111201797046 1.3445977757913250006
-25.436059434259153278 2.6320053569222352507
-25.102954893576033157 3.9649717884780124599
-24.744113603324823458 5.3281161243886510093
-24.50558131978427312 6.7277683366429155143
-24.468967479954155664 8.1108386291557827974
-24.938873750021468112 9.4285914673663491214
-25.758897587946503194 10.458926573288941597
-26.764799398524090179 11.102085420208876343
-27.70622454244301025 11.631182776756212149
-29.192476239613476707 10.85577059163913205
-30.678727936783943164 10.080358406522050174
-32.164979633954409621 9.3049462214049700748
-33.651231331124876078 8.529534036287888199
-35.137483028295342535 7.7541218511708080996
-36.623734725465808992 6.978709666053727112
-38.109986422636268344 6.2032974809366470126
-39.596238119806741906 5.427885295819566025
-41.082489816977201258 4.6524731107024841492
-42.568741514147667715 3.8770609255854040498
-44.054993211318134172 3.1016487404683239504
-45.541244908488600629 2.3262365553512420746
-47.027496605659067086 1.5508243702341619752
-48.513748302829533543 0.77541218511708187577
