-50 0
-49.507693670121192042 -1.4208202150395874419
-49.015387340242376979 -2.8416404300791748838
-48.523081010363569021 -4.2624606451187627698
-48.030774680484753958 -5.6832808601583497676
-47.538468350605946 -7.1041010751979376536
-47.046162020727130937 -8.5249212902375255396
-46.553855690848322979 -9.9457415052771125374
-46.061549360969515021 -11.366561720316699535
-45.569243031090699958 -12.787381935356288309
-45.076936701211892 -14.208202150395875307
-44.584630371333076937 -15.629022365435462305
-44.092324041454268979 -17.049842580475051079
-43.600017711575453916 -18.470662795514638077
-43.107711381696645958 -19.891483010554225075
-42.695242619285693308 -21.182875777559061703
-42.210834675703495122 -22.409767075294837468
-41.678283142299733299 -23.540199331679129813
-41.132022320427587658 -24.540125274995425286
-40.488161828164130895 -25.56972446971778723
-39.702703502874946651 -26.66327047025612984
-38.834438767188629527 -27.713937075094342788
-37.8765564112940325 -28.722772243162332018
-36.792026407888585027 -29.712642155485447404
-35.613994274843143728 -30.637588018286965763
-34.376080239518074677 -31.46805377607340759
-33.128920755436382706 -32.178383164714077225
-31.758989108423751446 -32.468160909233013456
-30.32162671098943818 -32.081491650335067334
-29.313476746059230038 -31.175606430940515423
-28.75769221768636541 -29.798716698783412227
-28.237965803821676758 -28.384283128652480599
-27.718239389956981 -26.969849558521541866
-27.198512976092313664 -25.555415988390613791
-26.678786562227625012 -24.140982418259682163
-26.159060148362932807 -22.726548848128746982
-25.639333734498261919 -21.312115277997811802
-25.121318216370994492 -19.895630948151207917
-24.624766662949642892 -18.453418905508080172
-24.168068440753511794 -17.440862439831480657
-23.77029351106493138 -17.44926195343217401
-23.282470998277414509 -17.57150779153274911
-22.522405140166121384 -17.770634603741601865
-21.273436287744594608 -18.296333796113476211
-20.208651575730147698 -18.192747104146366866
-20.531597308548544589 -17.226355227088994582
-20.802304369546956053 -16.618815422588692599
-19.679729676407031747 -17.081287571438352302
-18.367483418933542083 -17.682711464409678115
-17.959124079890241177 -17.48733341402757091
-17.513475153857690714 -17.16886947243715511
-16.126379508007222086 -17.523229656243952235
-14.675114675050101809 -17.924265759341281523
-13.223849842092986862 -18.325301862438614364
-11.772585009135866585 -18.726337965535943653
-10.321320176178748085 -19.127374068633280046
-8.870055343221631361 -19.528410171730609335
-7.418790510264513749 -19.929446274827931518
-5.9719563633347210185 -20.326041330819560216
-5.4668143951258274527 -18.683177863791872397
-4.9616724269169338868 -17.040314396764188132
-4.4565304587080403209 -15.397450929736500314
-3.951388490499146755 -13.754587462708814272
-4.132905106304657572 -12.388764705921378351
-5.1361816720248079093 -11.397972145312925463
-5.7329100442777907176 -10.390070858134350829
-5.1005412283057669498 -9.1547563655874206745
-4.9435513823729309024 -7.963662864383856288
-5.4907147841711783087 -6.6980050023717883079
-6.1140311274015930465 -5.3485649696027151023
-6.9016519488628160772 -4.1469429238420110195
-8.0347106744707428305 -3.20283549745687246
-8.5935166060543988209 -1.878641934790907575
-9.3386119319838858388 -0.70377949631753367044
-10.33309497619169548 0.27557179921556240743
-11.349873613455418564 1.1483303392756862849
-12.481263257101639752 1.3451564509107976075
-13.710935862427158227 0.51952148404909215262
-14.919957266745624835 -0.39062188324873853285
-16.136530881987983577 -1.2903787010003286984
-17.395098109620342086 -2.1323817377585361221
-18.700830140334367968 -2.8904851393890229616
-20.015032158829320963 -3.1947233016341956002
-20.964841168646668024 -2.464860922183827352
-21.962158672136350646 -2.5066807903117545031
-22.945082789786834354 -2.4755816363271390124
-23.686695279795120683 -1.2655344849717979905
-24.267089619235441944 0.13043151630513324934
-24.777657343905072906 1.5598309329799957546
-25.287125436846039861 2.9897568601335655636
-25.85735955883104964 4.0746948660657462682
-26.711024179445551852 3.5697478708526633184
-27.80229709033305241 2.9375239031078606011
-28.280995658711795215 5.049831064343827336
-29.832353111660953715 4.6891288454621253834
-31.383710564610108662 4.3284266265804234308
-32.935068017559267162 3.9677244076987214783
-34.486425470508422109 3.6070221888170195257
-36.037782923457584161 3.2463199699353175731
-37.589140376406739108 2.8856177510536156205
-39.140497829355894055 2.524915532171913668
-40.691855282305056107 2.1642133132902117154
-42.243212735254211054 1.8035110944085097628
-43.794570188203373107 1.4428088755268078103
-45.345927641152528054 1.0821066566451058577
-46.897285094101683001 0.72140443776340390514
-48.448642547050837948 0.36070221888170106439
