-50 0
-48.220507429869776672 0.1431314610221962047
-46.441014859739553344 0.2862629220443924094
-44.661522289609322911 0.42939438306658861411
-42.882029719479099583 0.57252584408878481881
-41.102537149348876255 0.71565730511098102351
-39.323044579218652927 0.85878876613317722821
-37.5435520090884296 1.0019202271553735439
-35.764059438958206272 1.1450516881775696376
-33.984566868827982944 1.2881831491997659533
-32.205074298697752511 1.431314610221962047
-30.425581728567529183 1.5744460712441583627
-28.646089158437305855 1.7175775322663544564
-26.866596588307082527 1.8607089932885507721
-25.099318600889333197 2.1382352033498333022
-23.332040613471580315 2.4157614134111158322
-21.827869692062336071 2.326060588064788881
-20.321292036331087161 2.2393056350251168141
-18.801331879864271457 2.1689310268993726716
-17.274911747786219962 2.1043256494889197583
-15.796595146651846164 1.8761957383825544898
-15.260138926122190028 1.1130453834087150611
-15.852386558108111814 0.010202806654434508349
-15.53578001877168191 -0.96102331964154630306
-15.524682240923675991 -2.2417108067432449658
-15.457829229783540015 -3.7259666373462376754
-15.280040618068728264 -5.2407297300205701873
-15.272710016720925097 -6.7540435905389211158
-15.298657261225514503 -8.2601234485008081521
-15.25448736364644553 -9.7599655931207287551
-15.10098447906239727 -11.250450793498661284
-14.622728764776764976 -12.375911861898769573
-13.362845001956749513 -12.605803000013191095
-12.4999670696484948 -13.445827098096646779
-11.951006023546455026 -14.441552597103314071
-11.226329403944582452 -14.608140448400050104
-10.361645948951878182 -14.770285822656056496
-9.2719217663491519943 -14.668557182829717433
-7.9893993456554524002 -14.973068807857490725
-6.6699892918203254055 -15.031782423277167737
-5.3338284667597992694 -14.639616863317629125
-3.947928170998822317 -14.785249217633925412
-2.6636775572813577995 -14.536377547705797042
-1.2993629066758245472 -14.174287219521445991
0.11203505384356571284 -13.68761535609582225
1.4899317742457540703 -13.093810253132843968
2.8020206044784377042 -12.408325718602988275
3.9932838016190679298 -11.672258316862517802
5.1033212904323494996 -10.875338841357645947
6.1006764045693842036 -10.053638132199541388
6.6371924073130381672 -9.3996292538963519547
6.1892440108533772758 -7.9329754472921525377
5.6525404098018219301 -6.5129330126990936378
4.9115697844065087097 -5.2025479552909814629
4.1270628454877433811 -3.9161258062912551736
3.7851788090042504109 -2.8727001452297060702
4.8637816687205113197 -2.6110313514775937982
5.5400296140139513312 -2.2071686318525376436
4.7778848718369948401 -1.1476529246575060128
4.1083240367031130802 -0.040896659987568001471
4.6233187653876059997 0.88485270929314741029
4.4249351022284004742 2.0096500744871734767
4.6818977435455444436 3.8169295947036592231
4.9388603848626893011 5.6242091149201449696
4.2700898481473608115 6.6199949295603328636
3.6784128665712527706 7.3797266034514734656
4.5620085073885316973 8.3260404759086625859
5.1007922004866452781 9.4561341212772731524
4.963499355580740513 10.859310750724119998
4.8562739901213243243 12.286782184145884855
4.5664879707271461839 13.66932319743013835
4.9114377994947897577 15.104218192628202644
5.2848417890009447007 16.575490855517141853
5.5265822353761153707 18.08377550035975645
5.4336401424171949515 19.536145360031365925
4.7949146544335308207 20.886271370247108337
3.7601449787215592835 21.752316169437055038
2.7182062898249039762 22.382684690576034825
1.6896037467964113432 22.924176290232811226
0.1844146561637832471 22.837170096685408538
-1.2105920568644821245 23.241127928385164836
-2.2197563598901646209 24.307554374122947394
-3.3670466370069442874 24.610282352565157282
-4.6705187965588743637 24.533216190063686923
-5.8314935202579221141 24.922579642594371307
-6.8480508258343304462 24.961705738381624542
-7.7980459228516210146 24.951522225512366759
-8.7896767306147083332 24.417448875691732724
-9.7616810751493332532 23.226854813701006464
-10.81007781972227022 22.380306665772984331
-12.102150462385386831 22.675239802684121315
-13.452840535591802151 22.810689007246200077
-14.605171273953299504 22.045619297791883895
-15.184378522637757669 20.705069894820930188
-15.528604257865746163 19.208762553918656835
-15.803592562478465666 17.759982690225122326
-16.693919674644952522 17.091311151744900343
-18.172068677924769986 17.187067217002589103
-19.35081141482648448 18.48943662771851848
-20.529554151728198974 19.791806038434451409
-22.003076444141790091 18.802215736512728483
-23.476598736555377656 17.812625434591005558
-24.950121028968968773 16.823035132669282632
-26.42364332138255989 15.833444830747561483
-27.897165613796147454 14.843854528825838557
-29.370687906209738571 13.854264226904115631
-30.844210198623329688 12.864673924982394482
-32.317732491036920806 11.875083623060671556
-33.791254783450511923 10.88549332113894863
-35.26477707586410304 9.8959030192172257046
-36.738299368277694157 8.9063127172955027788
-38.211821660691285274 7.9167224153737798531
-39.685343953104869286 6.9271321134520587037
-41.158866245518460403 5.937541811530335778
-42.632388537932044414 4.9479515096086128523
-44.105910830345635532 3.9583612076868899265
-45.579433122759226649 2.9687709057651687772
-47.052955415172817766 1.9791806038434458515
-48.526477707586408883 0.98959030192172292573
