-50 0
-50.702257783613490005 -1.142382860005749734
-51.404515567226980011 -2.284765720011499468
-52.106773350840470016 -3.4271485800172496461
-52.809031134453967127 -4.569531440022998936
-53.511288918067457132 -5.71191430002874867
-54.213546701680947137 -6.8542971600344992922
-54.915804485294437143 -7.996680020040248138
-55.618062268907927148 -9.139062880045997872
-56.320320052521417153 -10.281445740051747606
-57.022577836134907159 -11.42382860005749734
-57.72483561974840427 -12.566211460063247074
-58.427093403361894275 -13.708594320068998584
-59.12935118697538428 -14.850977180074746542
-59.831608970588874286 -15.993360040080496276
-60.533866754202364291 -17.13574290008624601
-59.318324096589044814 -18.014001426051716948
-58.073240559049565945 -18.780159387940329907
-56.817981752789911809 -19.424493766703069042
-55.335812333725762358 -19.226581687273018417
-54.076926206513093121 -19.154468050874292828
-53.456477518457667486 -20.249199175008776308
-52.824471096360980482 -20.838069725637666352
-52.072839023474635667 -21.000644127804203976
-51.146392975272853221 -21.159945849799640882
-49.967521737735665965 -20.993560628767955478
-48.659199122198394605 -21.370211145977560108
-47.3385861737626783 -21.324141149558258235
-45.990409858937859156 -20.934829402295910938
-44.631853756776308728 -21.050264914973656261
-43.333855791034935123 -20.768634126787556937
-41.94368145844539697 -20.354832732711841459
-40.53650869320470207 -19.839671543495231987
-39.174727456462221653 -19.212029322284255528
-37.899197299735803313 -18.505506793718268455
-36.745796446424563442 -17.755258350828412972
-35.641156286015750254 -16.922990466223666317
-34.561362842923507799 -15.983426244297954
-33.604651177997091338 -15.026137534933731388
-32.96105125971554628 -14.302674644235397139
-33.364961178196203662 -12.905144583296756622
-33.066008325319266703 -12.027662771798093289
-31.692315841690309242 -11.944279266352824109
-30.965684480190631689 -11.486559827026518121
-30.561754544697883773 -10.763309259892073655
-30.92519469987723113 -9.5017125554500587725
-30.445667463449012757 -8.454256055075298093
-29.440068397805653433 -7.5381465430562482055
-29.480961695436953107 -6.1988868340020584213
-29.822612705130374877 -4.6964561455127258327
-29.775942496666502279 -3.2678595662413978395
-28.968317696304882958 -2.0630886876103446959
-28.312080833645342892 -0.67403387032402706236
-28.493597299637166032 0.6917892723516577691
-29.496874232528913495 1.6825815162006576564
-30.093602816203841144 2.6904824960638529241
-29.461233636861660301 3.9257970592818480782
-29.30424257860510906 5.1168907950565891696
-29.851407230419752636 6.3825478953734746668
-30.474724121546742595 7.7319883540851552794
-31.262345228079151838 8.9336106930136391924
-32.395403810221893082 9.8777176427027164607
-32.962956496535987583 11.193546446778935177
-33.69804596973690991 12.375446237410830719
-34.950026992266685966 13.052852523236204263
-36.383805184345554551 12.943760531482192633
-37.827242066495742279 12.714494640701476058
-39.185256189259376924 13.116030842238194154
-40.504351224476600635 12.99001952784441194
-41.836033722682742564 12.27617469498800773
-43.235070522786458014 11.776075920950798803
-44.419716651560307241 12.163551561022423186
-45.413213951685591496 12.730517542146934318
-46.546599518819100183 12.290315035276739408
-47.49511428767005583 12.893978324021079018
-48.320997480485310405 13.467953413550191044
-49.118828200543951823 12.475402202190052137
-49.925595705479899777 11.15127896128745455
-50.83042555725524636 10.444308945822388779
-51.940039303026409812 11.143204709129840069
-53.267679637352891575 11.815540969558906426
-54.568027039441254544 12.485586516138800661
-55.627547827560960059 13.540932734163687812
-56.371696817699429971 15.039625376278515034
-57.115845807837892778 16.538318018393344033
-56.56847305338882137 15.26613970928616304
-56.021100298939757067 13.993961400178983823
-55.473727544490685659 12.721783091071802829
-54.926354790041621357 11.449604781964623612
-54.378982035592549948 10.177426472857442619
-53.83160928114347854 8.9052481637502616252
-53.284236526694414238 7.6330698546430824081
-52.73686377224534283 6.3608915455359014146
-52.189491017796271422 5.0887132364287221975
-51.642118263347207119 3.816534927321541204
-51.094745508898135711 2.5443566182143619869
-50.547372754449071408 1.2721783091071792171
