-50 0
-49.253773738733407583 -1.4551425552510828254
-48.507547477466815167 -2.9102851105021656508
-47.76132121620022275 -4.3654276657532484762
-47.015094954933630333 -5.8205702210043313016
-46.268868693667037917 -7.275712776255414127
-45.5226424324004455 -8.7308553315064969524
-44.776416171133853084 -10.185997886757579778
-44.030189909867260667 -11.641140442008662603
-43.28396364860066825 -13.096282997259743652
-42.537737387334075834 -14.551425552510828254
-41.791511126067483417 -16.006568107761911079
-41.045284864800891 -17.461710663012993905
-40.47682558295330324 -18.655962300354602235
-39.885502700427025502 -19.718730477771870824
-39.168294702885944503 -20.83443773107244823
-38.299383978441127852 -21.999469927852604911
-37.349328955770225491 -23.097071634687061703
-36.272196200815407963 -24.16911251835843899
-35.064217956536133158 -25.19768243965078014
-33.76801901683243301 -26.134229231988530984
-32.440192241449807398 -26.942542401649919981
-31.058567306343046965 -27.513218671993250553
-29.492813959204177365 -27.215555921262321704
-28.244764224372055139 -26.401927041662737849
-27.497354773111496229 -25.018963817436301156
-26.814937972276950973 -23.562245356457172107
-26.132521171442405716 -22.105526895478032401
-25.450080627654759979 -20.648810846042685796
-24.74470439116979037 -19.194424347908970674
-23.963375395995917927 -17.795385415681959529
-23.094871904225094283 -17.436641215010514117
-22.130597279184357262 -17.394102871793485576
-21.087045335812206304 -17.669797195625871922
-19.811658008171484369 -17.636164761680827695
-18.227269511194844398 -17.910702536207800506
-16.678153204114018138 -18.431079245221329899
-15.154953433111113981 -18.575500268274961257
-13.742397614702801079 -19.030027379268073418
-12.410480420206923213 -19.924877210047668541
-11.08029436820685909 -20.829546420271324081
-9.7501083162067985199 -21.734215630494979621
-8.4199222642067361733 -22.638884840718631608
-7.7891269790261006278 -22.783022833784812633
-7.5271081153648866646 -22.082739741643230502
-7.8972719544600753494 -20.637863977047683051
-7.1126032747437371029 -20.046041062097287977
-5.6798833353775250998 -19.950796421886117571
-5.2596220906145774165 -19.235119166394213153
-5.2339762348358309652 -18.165985095235452462
-5.2657203695644287933 -16.884840189351283612
-4.1583689459741188799 -15.936505296176054713
-3.8922212432373868296 -14.633233788339998327
-3.5284028909743900826 -12.661293089322818162
-3.1645845387113937797 -10.68935239030563622
-2.8007661864483970326 -8.7174116912884560548
-3.0584887590109643973 -7.2895838570671998013
-4.1638096119032921294 -6.2562277152512253409
-4.5048739775006261254 -5.1267293108364171417
-3.7502050054733366835 -3.7870639445772216192
-3.9558363578084865253 -2.5256157490087556283
-4.6480163271548322612 -1.1439467141186572263
-5.286771593411024206 0.29291820750242170135
-6.4219911814333316968 1.3596275247597449098
-7.3027636062208713952 2.5804606785235040256
-7.8385589755353537456 3.6571816117956630343
-8.9783605169022351333 3.1429665071245795893
-10.288224782251921496 2.2006921861545079011
-11.598089047601607859 1.2584178651844355468
-12.907953312951295999 0.31614354421436352549
-14.217817578300984138 -0.62613077675570816272
-15.552948731054573983 -1.5314024694705414831
-16.98414389220915055 -2.1443819872790146341
-18.099960484073296385 -1.9369900984137951028
-19.200949034444558805 -2.43474012579184107
-20.411660578491449769 -3.0835694104591122588
-21.121185451155486845 -2.4507051392138645696
-21.877598959122202871 -2.5977893564820324634
-22.48332488399981699 -1.8367621685470401083
-22.949957008564481953 -1.945368538075006537
-23.361960193693622756 -3.4681910839671008517
-23.722285335451697819 -4.4370446661005527034
-24.225366576755213543 -3.442937369370150158
-24.772318536038234527 -1.9299559045711818239
-25.319270495321251957 -0.41697443977221371192
-25.866222454604280045 1.0960070250267544001
-26.413174413887293923 2.60898848982572229
-26.960126373170329117 4.1219699546246912902
-27.507078332453346547 5.6349514194236594022
-28.054030291736360425 7.1479328842226284024
-28.778915456799570194 8.3536591647066860133
-30.174805895696312774 8.4426965516779102217
-30.404465790626325372 8.9938971503244076189
-31.804146805581588353 8.3514759253012353923
-33.203827820536851334 7.7090547002780631658
-34.603508835492114315 7.0666334752548918274
-36.003189850447377296 6.4242122502317196009
-37.402870865402640277 5.7817910252085482625
-38.802551880357896152 5.139369800185376036
-40.202232895313159133 4.4969485751622038094
-41.601913910268422114 3.8545273501390315829
-43.001594925223685095 3.2121061251158593564
-44.401275940178948076 2.569684900092688018
-45.800956955134211057 1.9272636750695166796
-47.200637970089474038 1.2848424500463435649
-48.600318985044737019 0.64242122502317222654
