-50 0
-49.018612465565787772 -1.3527180279423602904
-48.03722493113158265 -2.7054360558847205809
-47.055837396697370423 -4.0581540838270813154
-46.074449862263165301 -5.4108721117694411618
-45.093062327828953073 -6.7635901397118027845
-44.111674793394747951 -8.1163081676541626308
-43.130287258960535723 -9.469026195596521589
-42.148899724526330601 -10.821744223538882324
-41.167512190092118374 -12.174462251481243058
-40.186124655657913252 -13.527180279423605569
-39.204737121223701024 -14.879898307365964527
-38.223349586789495902 -16.232616335308325262
-37.241962052355283674 -17.58533436325068422
-36.260574517921071447 -18.938052391193043178
-35.279186983486866325 -20.290770419135405689
-34.440364971623850465 -21.513847927234451163
-33.47003689252859715 -22.721227764999909482
-32.417560004751877045 -23.841636403087214546
-31.46466136863374885 -24.188621324385334077
-30.19059152082634867 -23.105065047611418549
-28.923395557156215574 -21.960844906426405743
-27.656199593486082478 -20.816624765241410699
-26.389003629815945828 -19.67240462405639434
-25.11485535538783509 -18.550514191494759331
-23.658673214244469563 -17.953836893037671274
-22.082737923503312771 -17.407618884096365264
-20.85910933433312664 -16.465618865921982206
-20.432462736552466254 -17.130493633529216169
-20.356443949709561281 -18.562792855462117103
-19.781398482608889111 -18.062435795007441897
-18.894323850040809276 -17.405353487782271316
-17.896511310591591837 -17.41839648741703428
-16.812536039203017424 -17.653206422624688088
-15.74264706568805039 -17.940730299011256932
-14.898674197049224688 -19.168754059488978925
-14.096827580984131245 -20.671019801546982819
-13.294980964919036026 -22.173285543604986714
-12.49313434885394436 -23.675551285662990608
-11.691287732788852693 -25.17781702772099095
-10.888777094077058294 -26.678666187500553519
-9.8733690996148073538 -27.70019661392457877
-8.5509871228623559603 -27.017796106846073911
-7.1997752125528062805 -26.183172320107420461
-5.9439411898860115002 -25.263754174072676761
-4.7176794569317337391 -24.206841115781283946
-3.6608058121637281346 -23.14154146672538559
-3.207540912092955665 -22.165663904477050039
-3.5472466606665911115 -20.669685718347761139
-2.5428178490230206599 -20.16701316422960133
-1.251466497648198839 -19.927881655201233002
-0.80159697738889335028 -19.142360374113859933
-1.0509402054319119113 -17.813573369480440789
-0.5194134635516712839 -16.622713728293447843
0.46621518441574899549 -15.522080548603094385
0.23388497383041359501 -13.922585952442808832
-0.035747908128796836158 -12.231302195914441455
0.7499365540111554429 -10.515147730480876476
1.5356210161511076873 -8.7989932650473114961
1.1926721675206928275 -7.3132488943761755351
0.022936950833114942705 -6.2277268305542161642
-0.033112116467086283311 -4.9712265780442184138
0.68526904066952454286 -3.5472996089448711743
0.19459454243139617802 -2.1766303511102513824
-0.55883257157902466172 -0.67660509435158533442
-1.4258065735941047869 0.70508703698531238757
-2.6562807031201343122 1.8106703156241992225
-3.2052626479183410346 3.3747392184418480987
-4.2493441858477076778 4.5579459181287180769
-5.3880071913872864542 5.6094981754090014192
-6.6134102955853872885 6.5760680228149865911
-7.865405992802807944 7.4163932045683864658
-9.01846036769937065 8.0768857564536702398
-10.304743063124927716 7.9667058193804489719
-11.240604533411458377 6.6468784432778260651
-12.016098712610714827 5.1206458706308781714
-12.791592891809971277 3.5944132979839320541
-13.567087071009227728 2.0681807253369863808
-14.342581250208484178 0.54194815269003970837
-15.118075429407740629 -0.98428441995690696409
-15.889300760190819162 -2.4771339482529857179
-16.510807799238030213 -2.7596779840267355866
-17.194288240968134573 -2.4809836856204783295
-17.96256116139290171 -2.2044533745097578681
-18.482438266258974124 -1.6696978010937719716
-18.939116671623253296 -3.0400151717344763291
-19.361766458695743864 -4.3845526009987603189
-20.183237241800114248 -3.8291992488766966041
-21.52378574330593608 -2.7560327305091769645
-22.738446785576741149 -2.0973573396903479882
-23.435561922740319574 -2.5150745456792189536
-24.543601657272809291 -1.6896922160756850939
-25.777178176396823517 -0.50940524450100810316
-27.010754695520837743 0.6708817270736684435
-28.244331214644859074 1.8511686986483448791
-29.477907733768880405 3.0314556702230213148
-31.580833841804377471 5.4240809969892218589
-33.255303492549437294 4.9309827245356565584
-34.929773143294490012 4.4378844520820903696
-36.604242794039549835 3.9447861796285250691
-38.278712444784602553 3.4516879071749593244
-39.953182095529662377 2.9585896347213935798
-41.627651746274715094 2.4654913622678282792
-43.302121397019774918 1.9723930898142620904
-44.976591047764827636 1.4792948173606967899
-46.651060698509887459 0.98619654490713148931
-48.325530349254947282 0.49309827245356530057
