-50 0
-48.726656926173873785 -1.1767115066765498899
-47.453313852347754676 -2.3534230133530997797
-46.179970778521628461 -3.5301345200296498916
-44.906627704695509351 -4.7068460267061995594
-43.633284630869383136 -5.8835575333827492273
-42.359941557043264027 -7.0602690400592997833
-41.086598483217137812 -8.2369805467358485629
-39.813255409391011597 -9.4136920534123991189
-38.539912335564892487 -10.590403560088949675
-37.266569261738766272 -11.767115066765498455
-35.993226187912640057 -12.943826573442049011
-34.719883114086520948 -14.120538080118599567
-33.446540040260401838 -15.297249586795150122
-32.173196966434275623 -16.473961093471697126
-30.899853892608149408 -17.650672600148247682
-29.626510818782026746 -18.827384106824798238
-28.353167744955904084 -20.004095613501348794
-26.81346964634575869 -18.91789487836143735
-25.273771547735609744 -17.831694143221522353
-23.786812555157499816 -17.879496003093510836
-22.270296469900131342 -18.052945772717951201
-20.740842467997246956 -17.899092575365031621
-19.218794148196682414 -17.86862593008481781
-17.684877107993528966 -17.90858655302785607
-16.273574621965146036 -17.466453685618230196
-15.091812688112758778 -16.765611349391281948
-14.663317082923052581 -17.220156338253492123
-14.791575537951780817 -18.673370259063876375
-14.946334011199599701 -20.174267221076263468
-15.101092484447415032 -21.67516418308865056
-15.25016171854016811 -23.175317707239109666
-15.166134696965420048 -24.645011520132211302
-14.685161332057310446 -26.062834611344371183
-14.0618503979131102 -27.405441265973028209
-12.976063027713498954 -28.360263517491077323
-11.659886018689510578 -28.471926340603545214
-10.325921602937960131 -28.100263563810901957
-8.9412064951028540349 -28.208733440072755627
-7.6524853895793230052 -27.994400940259978938
-6.2949999234496516465 -27.640910608127946091
-4.8844052455405657653 -27.158768372008612602
-3.5023876051528901598 -26.575016907898170615
-2.183872403682412866 -25.894407298699782416
-0.9843031021774919509 -25.160956213436946882
0.12784014017688605236 -24.370240121054980165
1.2248741558190161527 -23.469086841012739342
2.2535357328437761737 -22.494089655241520376
3.0246475591182910847 -21.663699462349640612
3.0052256377989650105 -20.562312204716427289
2.8546157821249265041 -19.341097139554577211
3.9145519960210153343 -18.969535831558172134
5.1444050966774064193 -18.75635765873192895
5.4540775470185822726 -18.106775415023630416
4.6429034776083195624 -16.877088422749519481
4.0410150244201226144 -15.649347295430413141
4.2684143387420041549 -13.681822510387597447
4.4958136530638856954 -11.71429772534478353
4.7232129673857663477 -9.7467729403019696122
4.9506122817076478881 -7.7792481552591539185
4.6820003976262167811 -6.4876484481234006907
3.7298542921764181735 -5.5304673853032682018
3.8865524812003457988 -4.5052510651147814613
4.8451504995491481154 -3.388673010666072738
5.1488008440330563786 -2.1232805303240676054
4.9221681053217061219 -0.67842065207111224012
4.9861939597961617565 0.79629749357719226133
4.4151306006369663848 2.0053946664888915308
3.539673240463633519 3.1525110177231194797
3.1316844520446576183 4.5906655851081801245
2.1839629215807168094 5.6145262303566134676
1.1819410607279703385 6.5568726473993788062
0.1258909190074355422 7.421725787607298841
-0.99448582704715171587 8.217677950049441904
-2.0497650973710186406 8.8680679212088655561
-3.0674655474129739474 9.4141182747650304918
-4.514304687392185933 9.3895494316078771391
-5.9496169398512810389 9.7060543732203203859
-6.9966084188667769794 10.717558287000688466
-8.1094781069776971094 11.140843252463220381
-9.3968644026754866161 11.116047514503554439
-10.58623168223818567 11.474214574013789303
-11.621411630410676707 11.521211893301689599
-12.570612601035445977 11.517156376449339206
-13.528074764288227527 11.12462705460304413
-14.038188703790172696 9.7811014665430864312
-14.153547785991577257 8.2893654628408803831
-14.244234689611699807 6.7883663081610299272
-14.33492159323182058 5.2873671534811839123
-14.426766031024280679 3.7863045647477830968
-14.533132261160604415 2.2844461669789248859
-14.651369783742669739 0.78142380299506231101
-14.737236910283934677 -0.73004852479983006752
-15.03141292270868945 -1.8286473912979934742
-15.807314298717297874 -2.1224069825833931091
-16.544284679268780991 -2.7806541665999966462
-17.932762903682053945 -2.5874062279721288249
-19.417351376586374556 -2.4231470602024201
-20.904854451773726254 -2.3351168725346598265
-22.353957344535391627 -1.954830424498751551
-23.803857037891905435 -1.5659999937912532086
-25.278039399758348793 -1.265834761750978199
-26.766481117334556927 -1.0177358257339632619
-28.313533080628818794 -0.2358939254468134239
-29.860585043923080661 0.5459479748403364141
-31.691440949020982742 0.49631634076394220978
-33.522296854118884823 0.44668470668754800545
-35.353152759216783352 0.39705307261115374562
-37.184008664314688986 0.34742143853475954129
-39.014864569412587514 0.29778980445836533697
-40.845720474510493148 0.24815817038197107713
-42.676576379608391676 0.19852653630557687281
-44.50743228470629731 0.14889490222918266848
-46.338288189804195838 0.09926326815278846416
-48.169144094902094366 0.049631634076394204325
