-50 0
-49.451238851321235757 -1.2843937906225182388
-48.902477702642471513 -2.5687875812450364776
-48.35371655396370727 -3.8531813718675547165
-47.804955405284943026 -5.1375751624900729553
-47.256194256606178783 -6.4219689531125920823
-46.707433107927421645 -7.7063627437351094329
-46.158671959248657402 -8.9907565343576294481
-45.609910810569893158 -10.275150324980145911
-45.061149661891128915 -11.559544115602664149
-44.512388513212364671 -12.843937906225184165
-43.963627364533600428 -14.128331696847702403
-43.414866215854836184 -15.412725487470218866
-42.866105067176071941 -16.697119278092738881
-42.317343918497307698 -17.981513068715258896
-41.76858276981855056 -19.265906859337775359
-41.219821621139786316 -20.550300649960291821
-40.671060472461022073 -21.834694440582811836
-40.122299323782257829 -23.119088231205328299
-39.573538175103493586 -24.403482021827851867
-39.024777026424729343 -25.687875812450368329
-38.476015877745965099 -26.972269603072884792
-36.913754676048434078 -26.83898094525442346
-35.579837186943464644 -26.781855530454691916
-34.942895584027311884 -27.995411592734168238
-34.234298117220220092 -28.466942085509430171
-33.401445360051177147 -28.639978110216109286
-32.357629386767911228 -28.791932648356944213
-31.023999422491172595 -28.739752999625949315
-29.618813096325673939 -28.975620289076406522
-28.200213253756192699 -28.647239514978508623
-26.73038907296505684 -28.695189170880009755
-25.625396763701829173 -28.546037017691794802
-25.316501129293985883 -27.34444688458204098
-25.198284662132195422 -25.745793232800263439
-25.083600011293885501 -24.146774213049514657
-25.009563355596796441 -22.543550140128640891
-24.965218872231424996 -20.937234266184521658
-24.78168888127694558 -19.352518785191545447
-24.036013004725219844 -18.427402774202843005
-22.601075772058919711 -18.570581304596426975
-21.035055314378425351 -18.383022625055893684
-19.784774177132323558 -17.920772426496895946
-19.459359119851193043 -16.803657114382218651
-18.405877327790999942 -16.80075405225305829
-16.907159998876821305 -17.390202792339184867
-15.405017781217615891 -17.984208084750044065
-13.9028755635584087 -18.578213377160899711
-12.503638020517275464 -19.102694020018546439
-12.255275003058667238 -18.667299217721485149
-12.307812161503839832 -17.584047651204688378
-12.254503888945938783 -16.328557098976240525
-11.138306090579698449 -15.379950961905976214
-10.950901075660457451 -14.044931971681496208
-11.32462701513392922 -12.447976588772521112
-11.314235281801540367 -10.914380547773635755
-10.576526529142132205 -9.5700604238084885367
-9.8388177764827258187 -8.2257402998433395425
-10.096540062037119512 -6.797912726619958157
-11.201861160243527848 -5.7645566070566580663
-11.54292448464026144 -4.6350582085315314984
-10.788252956778686453 -3.2953928781077967969
-10.992897801499317723 -2.0366200389034094798
-11.988223236687227669 -1.1680174937385718881
-13.502526899437489405 -1.3337456957594870932
-15.082890112864323129 -1.6842583348678432653
-16.663253326291147971 -2.0347709739761992154
-18.247439031871991233 -2.3773024758830252345
-19.848780981649948529 -2.6840127561147477664
-21.410259289582434405 -2.7458765821853927669
-22.834073449508707654 -2.0955504643480598048
-24.221991486077079969 -1.9625110057829306953
-24.6537681275825733 -1.1673783846051042357
-24.6932650912410665 0.33631351410996984663
-25.178238970059293678 1.7754248343852587766
-25.286776525550830996 3.3769369907401975972
-25.329844298517656398 5.000513998134317184
-25.363450913054922609 6.6222267493112463299
-24.849507371868824634 8.4496053384559761668
-24.335563830682723108 10.276983927600706892
-25.686323629067842944 9.736090036674353243
-27.037083427452962781 9.1951961457480013706
-28.387843225838082617 8.6543022548216477219
-29.738603024223202453 8.1134083638952958495
-31.08936282260832229 7.5725144729689422007
-32.440122620993442126 7.031620582042588552
-33.790882419378561963 6.4907266911162366796
-35.141642217763681799 5.9498328001898830308
-36.492402016148801636 5.4089389092635293821
-37.843161814533921472 4.8680450183371766215
-39.193921612919041308 4.3271511274108238609
-40.544681411304161145 3.7862572364844711004
-41.895441209689280981 3.2453633455581174516
-43.246201008074400818 2.7044694546317655792
-44.596960806459520654 2.1635755637054110423
-45.947720604844640491 1.6226816727790591699
-47.298480403229760327 1.0817877818527072975
-48.649240201614880164 0.54089389092635187239
