-50 0
-50.065542031391089495 -1.2971714320140084187
-50.131084062782178989 -2.5943428640280168374
-50.19662609417327559 -3.891514296042025034
-50.262168125564365084 -5.1886857280560336747
-50.327710156955454579 -6.4858571600700418713
-50.393252188346544074 -7.783028592084050068
-50.458794219737633568 -9.080200024098060041
-50.524336251128723063 -10.377371456112067349
-50.589878282519819663 -11.674542888126074658
-50.655420313910909158 -12.971714320140083743
-50.720962345301998653 -14.268885752154092827
-50.786504376693088147 -15.566057184168100136
-50.852046408084177642 -16.863228616182109221
-50.917588439475267137 -18.160400048196120082
-50.983130470866363737 -19.45757148021012739
-51.048672502257453232 -20.754742912224134699
-51.114214533648542726 -22.051914344238142007
-49.864721986310144075 -22.740006282218612199
-48.450725219977407221 -22.852493408966267907
-47.060723960690104661 -22.579804374755447327
-46.237737953310414696 -23.301191563591295619
-45.690129069689248809 -24.292902263303474797
-44.965453982533723831 -24.459489743178149723
-44.100769549367392131 -24.621635291452427907
-43.011044001480279064 -24.519906641168162764
-41.728522446704737092 -24.824417060668963586
-40.409114156912458782 -24.883131789508663445
-39.072954458361095931 -24.490966049963144968
-37.687051313100013772 -24.636598386405495376
-36.402798884735815932 -24.387726224326375046
-35.038487233915084573 -24.025636582158441001
-33.62708804408398322 -23.53896424523948383
-32.249188820801592215 -22.945157843568690481
-30.937100043905470415 -22.259672990194633968
-29.745837449488774951 -21.523605637207602115
-28.635801452047267901 -20.726686995730446483
-27.540852340825612288 -19.818573971571701975
-26.521396184437083576 -18.843323190464239758
-25.773132114215272281 -18.03148841936694069
-25.862457103818879744 -16.879557644325242194
-25.950762631537223513 -15.715941790043105541
-24.82019763899921827 -15.452916991588816487
-23.722176202812995882 -15.218053068906284508
-23.327683389868862918 -14.533855763033304953
-23.425364792761797617 -13.450135264101836796
-23.385700252119089981 -12.270002690752239261
-22.31813477409077251 -11.391075595169571244
-21.997246291601292967 -10.198057083089194563
-22.354125675104050686 -8.7113193962168544715
-22.501791171218126664 -7.23330746299833649
-21.720336656002206865 -5.7104551549350404116
-20.938882140786287067 -4.187602846871743445
-21.181991932171833071 -2.9730656998540578861
-22.425454838383231504 -2.5500195734680630721
-23.927171396106245993 -2.3313067401836464754
-25.426487841359247 -2.1117844518698487555
-26.351577378164453336 -1.6986000477770655248
-25.696192853473849738 -0.7523895068380441753
-24.890898033683061641 0.39442062363859220486
-25.001378883573931233 1.7919396139840377824
-25.019349232777212677 3.3137643130350951104
-25.129513903812149778 4.8080112589276691182
-25.580530158828754139 6.2600571386866228352
-25.741734530792999891 7.7722358112755784987
-26.39533976719440389 8.9368451588543891262
-27.387138116189269965 9.9042529530845690999
-28.419320269225227804 10.781501176819135779
-29.534399685143910119 11.604651748766645625
-30.615573351711162786 12.296362682650130438
-31.625218393314462162 12.858688253754490205
-32.913745216111529146 12.810554569409791981
-34.306615882229081649 12.190803731407180877
-35.603170073116537253 11.9692588180379893
-36.743222687102779389 12.685876218506260571
-37.964801236653833882 12.553995721158232257
-39.174876487866100661 12.291499700897441372
-40.19458420742308391 13.173738493960852836
-41.155623763810709193 13.41222569034804657
-42.09239739479866671 12.338221549597506055
-43.04301125859669952 11.145423083139409215
-44.06093815010317627 10.390602045665241704
-45.241642672291803251 10.915255898500626941
-45.723456876587420084 12.648203965252577063
-46.205271080883044021 14.38115203200452541
-46.550246437166400426 13.073774574549569039
-46.895221793449763936 11.766397117094612668
-47.240197149733120341 10.45901965963965452
-47.585172506016483851 9.1516422021846981494
-47.930147862299840256 7.8442647447297417784
-48.275123218583203766 6.5368872872747836311
-48.62009857486656017 5.2295098298198272602
-48.965073931149923681 3.9221323723648708892
-49.310049287433280085 2.6147549149099127419
-49.655024643716643595 1.3073774574549581473
