100 100
98.490500323475259847 98.840409555834597199
96.981000646950519695 97.680819111669180188
95.471500970425779542 96.521228667503777388
93.962001293901039389 95.361638223338374587
92.452501617376299237 94.202047779172957576
90.943001940851559084 93.042457335007554775
89.433502264326818931 91.882866890842151975
87.924002587802078779 90.723276446676734963
86.414502911277338626 89.563686002511332163
85.070409905540046225 86.796098833559767627
83.731637465066455661 85.77486538613855771
82.233041982220115074 85.560367887068792925
81.064552821424413764 86.385446542613152587
79.762097075739276875 86.128074475491786188
78.569305115841132192 86.489887565548556836
77.580440311610345816 87.190245066147213038
76.652301661443047465 86.180198935837381669
75.707474959851055019 86.235514122349826494
74.733329910330994039 87.610296231464104721
73.556867728095141956 88.810783355864060695
72.029005095920453527 89.503168198607468753
70.365264325373104271 89.500454551755410648
68.70868849435586867 89.449466074771635249
67.547294515678942162 88.817910110140445568
66.587307637967228402 87.934824478201321085
66.859202459407413244 86.400544358260631839
67.762741513496095536 84.956756364055195263
68.689219657745852032 83.516254724610504923
69.615697801995594318 82.075753085165828793
70.542175946245336604 80.635251445721181085
71.468654090495064679 79.194749806276547588
72.389116287994369259 77.753368891406680063
72.922132564153272938 76.23801500196846348
72.634669134613943697 75.141936926481861292
71.694202039426215833 75.059697675132383665
72.427663958652814813 74.181207126169624644
73.34984262746858974 73.047566899785323358
74.007584443043953115 72.306396457334869865
72.745512009205043569 71.936219329592518079
71.080701886366497888 71.435299595341021472
69.442452064535899581 70.874410408172735742
67.802793692598740449 70.355610453670820448
66.160554943074586731 69.873941738142434588
64.518222483339741302 69.393621498218777788
62.875890023604888768 68.91330125829514941
61.233557563870043339 68.43298101837149261
59.591225104135205015 67.95266077844783581
58.097833629444338044 67.493262488831575752
58.24064145419097116 66.85962236784372692
58.642467663598942806 65.43504670656766109
59.155931191844715045 64.025954320690857458
59.752723313294957563 62.701232702030750943
60.368087793096073312 61.553538084456995705
61.096547075838103069 60.389225608826038183
62.149723195535500508 59.271514869567596406
63.732419767126415877 58.63173232707367788
65.36539410494546587 58.223034803793126457
66.708803315954114055 57.227658802534676852
67.526292978504500297 55.713913235712020366
68.452527177381043089 54.306427333191180651
69.906510295108333253 53.664156875712258454
71.455939066702981677 53.865626407759947369
72.350033237688904819 52.976860361468595784
73.027151945453638859 52.121208559155626006
73.883635834795882147 51.936194923986420235
74.96155892953078137 51.758341775430430687
76.360797990958047876 51.821856355880996148
77.8527212362567127 51.573874326685526626
79.362765992168647244 51.936257056312967961
80.924620271699623686 51.838495444936043555
82.387588321556549431 52.135691566859890145
83.956785500739329109 52.588460158814079648
85.352813185147226704 53.2138810278170169
85.396367119430422576 54.494425385199299683
84.826861648912597502 56.103032401990915901
84.253293491815597349 57.713813458937679002
83.679725334718568774 59.324594515884442103
83.106157177621582832 60.935375572831205204
82.532589020524568468 62.5461566297779612
82.120675227822218289 64.167264038309326679
82.188146418262022053 65.860141288610918764
82.010887417246635778 67.506626566063957284
81.017816005304524651 68.824276614888361792
80.709202531977851436 69.470703320497094069
82.007717600037778993 68.948673715599511524
82.41994666164370642 68.941049355697131773
81.545817046586876131 69.781260751016318977
82.182068756428364509 70.061588570271993603
82.575403318811254394 70.770037969344144813
83.892869215919574799 71.139149759633340864
85.597469070189930562 71.193696107286811525
87.302245268667462597 71.247897357445637567
89.007021467145065685 71.302098607604435188
91.173157369292582075 71.250284840186935753
93.339293271440112676 71.198471072769422108
95.505429173587629066 71.146657305351922673
97.671565075735145456 71.094843537934423239
97.817092258501702418 72.901415816813525339
97.962619441268259379 74.707988095692627439
98.10814662403480213 76.514560374571715329
98.253673806801359092 78.321132653450817429
98.399200989567916054 80.127704932329919529
98.544728172334458804 81.934277211209007419
98.690255355101015766 83.740849490088109519
98.835782537867572728 85.547421768967211619
98.98130972063412969 87.35399404784631372
99.126836903400686651 89.16056632672541582
99.272364086167229402 90.967138605604503709
99.417891268933786364 92.77371088448360581
99.563418451700343326 94.58028316336270791
99.708945634466886077 96.386855442241795799
99.854472817233443038 98.1934277211208979
