100 100
98.23128376651708038 98.92933530457104041
96.462567533034174971 97.858670609142080821
94.693851299551255352 96.788005913713121231
92.925135066068349943 95.717341218284161641
91.156418832585430323 94.646676522855202052
89.387702599102524914 93.576011827426242462
87.618986365619605294 92.505347131997297083
85.850270132136685675 91.434682436568337494
84.081553898653780266 90.364017741139377904
82.312837665170860646 89.293353045710418314
80.544121431687955237 88.222688350281458725
78.775405198205035617 87.152023654852499135
77.006688964722115998 86.081358959423539545
75.237972731239210589 85.010694263994579956
74.635055416586610022 82.0318537788165969
74.156991967403058652 80.190640166025090707
73.678928518219549915 78.349426553233612935
73.200865069036012756 76.508212940442135164
72.722801619852489807 74.66699932765062897
72.242994374209914099 72.844131625559811027
71.651797358750684452 72.222156597807199319
71.091603328156224961 71.871921362073223349
70.785798037534647165 70.000114044764146115
70.465009551364275353 68.864279245723267309
69.374675099811469181 69.903813712108956224
68.178230658172566336 70.661761968649557275
67.38120049758046548 70.201973441330522974
65.884122673841233109 71.073288270317675597
64.40434790490037642 72.279394518361527844
62.925720950938163867 73.48726173634379677
61.44709399697598684 74.695128954326037274
59.968467043013788498 75.902996172308334621
58.489840089051575944 77.110863390290589336
57.018607360498450021 78.282603673213756679
55.855883894198740336 78.151490510985155424
54.851001461552058913 76.827574579064162208
54.142308924264142433 75.734248111341784693
53.579598035168800152 74.73741818017228411
53.231472017233713245 73.462286761419548498
53.61302678612253203 71.60140499418182003
54.530402126278943342 69.993332192464649211
55.123293914643284097 68.493919559655182638
54.230002239691152965 66.907054674332542277
53.20200751978425302 65.272146021172858354
52.041287730675428236 63.735567799390693722
51.529974184261689629 62.196538063663524554
51.837900422544045398 60.677743500169967206
52.318886492280391565 59.017622335140863754
52.919407217687094658 57.455810330724389701
53.583636092435526166 56.071289028623347406
53.978394609586089814 55.359014928475957618
55.199443696344310695 55.810598637864607952
56.937999988429616849 56.597892859601294901
58.676556280514944319 57.385187081337967641
60.415112572600250473 58.172481303074675907
62.14547320387130469 58.878702191961544088
63.84487802631729636 58.723008359395372224
65.615912017500548359 58.158309754911805101
67.224252402838530429 57.306402190254836171
68.411564741554286684 56.649013587082315269
68.290755270726194226 54.908469593147195553
68.020936810394601935 53.025751614228624931
67.751118350063009643 51.143033635309990359
67.481299889731431563 49.260315656391419736
67.211481429399839271 47.377597677472806481
67.022953059306516366 45.864409066708461182
67.249377117717457963 45.816570224827337654
67.817020820242859713 46.287139468172568968
68.667406554282820252 48.012597273489610927
69.593929911319662551 49.459887246749104861
71.015672996808802964 49.310197082288624415
72.6396523014108908 49.605225669494743101
74.296996269623221565 49.182329914226180279
76.029432871701175145 49.163267598955997073
77.603164099506273033 48.534919463422951935
79.107182838514091827 47.434553382575458613
80.671153032357068469 47.755240210400174306
82.220667885399137731 48.672226232851400596
83.631002011107156591 49.685072767513617009
84.9994765982706042 50.86468988166207339
86.125999982042941383 52.017442432327470669
86.287688251487168145 53.31979439423226097
86.340506695797742509 54.672036697841591035
87.998554035287455122 54.838082706214102302
88.684257699919513129 55.571595869707351767
88.707257270543664163 56.841661910854377027
88.998298032923401024 58.263681586792522182
89.833298785011763243 59.244312898985732829
88.507528735520637042 60.06318480999043885
86.776049307485664031 60.857110349142502059
85.044569879450776284 61.651035888294543952
83.313090451415831694 62.444961427446600055
81.633115542703180267 63.320716971102243065
80.632841518690000271 64.48495405044749873
81.158070575066403762 66.205305580516750297
80.176042445352962318 67.190667199399626952
81.103857143235430271 68.178126234800927818
82.705262124189971473 69.226836527526344867
84.321336495829385171 70.258624701533534562
85.939319080891209524 71.288211624325342086
87.886914265623659048 72.068905784771970957
89.834509450356094362 72.849599945218599828
90.560615918187806983 74.788914234845847773
91.286722386019505393 76.728228524473081507
92.012828853851218014 78.667542814100329451
92.738935321682930635 80.606857103727577396
93.465041789514629045 82.54617139335481113
94.191148257346341666 84.485485682982059075
94.917254725178054287 86.424799972609292809
95.643361193009752697 88.364114262236540753
96.369467660841465317 90.303428551863788698
97.095574128673163727 92.242742841491036643
97.821680596504876348 94.182057131118270377
98.547787064336588969 96.121371420745518321
99.273893532168287379 98.060685710372752055
