-100 -100
-98.78155990862946112 -99.387563858361914981
-97.56311981725893645 -98.775127716723829963
-96.34467972588839757 -98.162691575085744944
-95.126239634517872901 -97.550255433447659925
-93.90779954314733402 -96.937819291809574906
-92.68935945177679514 -96.325383150171489888
-91.470919360406270471 -95.712947008533404869
-90.252479269035731591 -95.10051086689531985
-89.034039177665206921 -94.488074725257234832
-87.815599086294668041 -93.875638583619149813
-86.547598935839062051 -93.283536174103190319
-85.356685452797961489 -92.623781188913284268
-84.274476938202198539 -91.926862637532096301
-83.24254967741318012 -91.164308331761247928
-82.224622842028978198 -90.303763358818301299
-81.279741683245518402 -89.391225754694602301
-80.581769872992595083 -88.633238907393206318
-80.607206025281058714 -87.604368866157500406
-80.814979397646681036 -86.425707661962903217
-79.952649383801670524 -86.037716344902065657
-78.633272301592853637 -85.99632118015171045
-78.266066282625459394 -85.378631092416114257
-77.957525666875753245 -84.625758888614996067
-78.370018599105947033 -83.388712188661926916
-77.930410241366033119 -81.960219742127776499
-77.490801883626119206 -80.531727295593626081
-77.051193525886205293 -79.103234849059475664
-76.61158516814629138 -77.674742402525339457
-76.171976810406377467 -76.24624995599118904
-75.732368452666463554 -74.817757509457038623
-75.847954925696839723 -73.518592945641103142
-76.720011614352600304 -72.56238525021849739
-77.509209370758824775 -71.664083247314295022
-77.126847685709165603 -70.550409195346418301
-76.585190186488304676 -69.388499149466767335
-76.978894269434334774 -68.270382265576358805
-77.619273326736632157 -67.057136936762049118
-78.155484023788062586 -65.78494214736501533
-79.110248245749161811 -64.822707544661597012
-80.054118996488497828 -63.868794133301321381
-80.449945025550889 -62.544573104881813208
-81.278746519301094509 -61.547880520047705488
-82.211421168760139722 -60.646264361565314971
-83.173942347741203207 -59.828200960157161603
-84.212953567848089165 -59.053868802639044588
-85.233698489702518941 -58.388613274491397931
-86.179100022308915641 -57.847446859516871598
-87.284342456337029148 -57.567212041293437608
-88.698030499931050485 -57.561660109877884395
-89.93390865650532362 -57.053860992566498567
-90.852656386751050377 -56.050077521770646172
-91.936455885074849448 -55.81464655378640316
-93.15842158073641599 -55.902475271083929442
-94.251828939741940871 -55.517166342048987815
-95.217178263659590698 -55.473477329971451866
-96.102545870693845131 -55.47442507493704511
-97.028311258051843424 -55.661963114867205604
-97.934630265359672308 -56.766586333026218369
-98.859135988183879817 -57.810213548445084086
-99.960341374485523147 -58.018091290327738818
-101.23774490038285023 -57.537718585066045307
-102.6002137386268771 -57.502993125517413375
-104.00192906693301609 -57.578623453491850626
-105.13815215686732074 -57.86915878918521372
-106.06280739269476499 -58.400561806981350799
-106.88040910779399439 -59.229721684121251712
-107.75230017538170557 -60.279959947366442918
-108.94841881338523137 -61.036125614449986188
-110.15974958299932496 -61.716509310631678886
-111.04891732616715672 -62.72079489573634703
-111.85117325705520841 -63.7580249241174144
-112.44212434143385337 -64.62298967032472774
-112.90763126826068685 -65.380647412096536186
-113.31486001977901878 -66.112500998011441311
-113.72953432037859045 -66.94185007001192389
-113.90791750774306479 -68.195205602075276374
-114.1154842656710855 -69.488856940820554087
-113.5958603603964292 -70.71227407122135844
-113.30814697628876786 -71.886536038526827497
-114.01280891811337881 -72.994848503781696536
-114.84221640148867039 -74.169869522099943993
-115.56143217680093471 -75.414504944365944539
-115.60674778214881542 -76.594834409018702104
-115.50869513056782978 -77.743613808458491121
-115.32133064070718831 -79.01650866639970161
-115.04308763691349782 -80.312629333151704714
-114.68613321477731404 -81.567078823936000731
-114.27374217029691295 -82.730320333194100613
-113.79402467638971075 -83.858045090901114804
-113.29627309385432454 -84.860609275152370401
-112.77210276412762369 -85.785930229990214002
-112.14461050068035775 -86.762707963372733388
-111.3961998728814109 -87.785434641426121516
-110.58245846909633769 -88.761024626207870369
-109.62041679008757455 -89.782749660188969187
-108.65837511107882563 -90.804474694170082216
-107.69633343207006249 -91.826199728151181034
-106.73429175306129935 -92.847924762132279852
-105.77225007405255042 -93.86964979611337867
-104.81020839504378728 -94.891374830094491699
-103.84816671603503835 -95.913099864075590517
-102.88612503702627521 -96.934824898056689335
-101.92408335801751207 -97.956549932037802364
-100.96204167900876314 -98.978274966018901182
