-50 0
-49.692682885418165029 -1.2349196318107233949
-49.385365770836330057 -2.4698392636214467899
-49.078048656254495086 -3.7047588954321701848
-48.770731541672660114 -4.9396785272428935798
-48.463414427090825143 -6.1745981590536169747
-48.156097312508990171 -7.4095177908643403697
-47.8487801979271552 -8.6444374226750646528
-47.541463083345320229 -9.8793570544857871596
-47.234145968763485257 -11.114276686296509666
-46.926828854181650286 -12.349196318107233949
-46.619511739599815314 -13.584115949917958233
-46.312194625017980343 -14.819035581728680739
-46.004877510436145371 -16.053955213539403246
-45.6975603958543104 -17.288874845350129306
-45.390243281272475429 -18.523794477160851812
-45.082926166690640457 -19.758714108971574319
-44.775609052108805486 -20.993633740782296826
-44.468291937526970514 -22.228553372593019333
-44.160974822945135543 -23.463473004403745392
-43.853657708363300571 -24.698392636214467899
-42.498949866938168896 -25.04403300848967362
-41.053527944603700917 -24.739603082210745555
-40.044138267741097081 -25.117389188882899731
-39.540364508194450366 -26.374490495717630267
-38.818043553496046627 -26.548278481905441595
-38.003995679341436187 -26.710568220986356636
-36.989279717308747308 -26.767119840521800711
-35.732113241649038571 -26.797619629913540962
-34.413766969896208536 -27.019435732036175324
-33.08601292051552889 -26.734497471934528079
-31.713421714254870665 -26.669828154887987637
-30.401725431723640725 -26.594897797642921944
-29.065863487832199752 -26.266782919775785388
-27.663445043280368907 -25.789691372888359666
-26.280640314547003555 -25.251910327361787978
-25.128577256041445764 -24.320838769767519238
-24.47971310533406708 -23.019830370109566786
-24.18196446389276133 -21.534322579671542286
-24.087029819114356144 -20.020398028935762369
-23.738315598686199337 -18.77507254638089762
-22.571145861669339894 -18.190769788904379567
-21.848547375199309784 -17.148376716677269371
-21.004562358177405912 -16.527970471212306336
-19.58568236459314349 -16.800852869295415104
-18.120157594335083218 -17.145748741904522916
-17.237303652536770215 -17.116393114579139478
-16.89647168567174873 -16.509626001673474605
-17.166831892260649539 -15.316935884530218814
-16.865540473902960628 -14.215717823966510736
-15.803992051213537451 -13.325528681116152185
-15.711418411722364752 -12.040696197528591327
-16.067687210845274848 -10.541772760962432542
-16.108623024354312037 -9.0896844305139801179
-15.350489124269600438 -7.7041707411197286604
-14.592355224184887064 -6.318657051725478091
-14.773871577516398901 -4.952834109302392207
-15.787973032084147817 -3.9662248488521982814
-17.082909884083278484 -3.2281311210444281201
-18.509650053734638675 -2.7913098409562482338
-19.970815854928179789 -2.4692804010743016896
-21.481666048986259199 -2.4281153720225971959
-23.013509667628600397 -2.50670807358534109
-24.340668215794117657 -2.2799834987213998261
-25.14771286997055455 -1.1666542624158535713
-25.338385973799301354 0.1521953186363814714
-24.882920493594983924 1.5596892338054659799
-24.538544253665076411 3.0264985752554944831
-24.484602721888897747 4.5074746486852701466
-24.830753124785932329 5.975378214615622241
-24.80831154330309829 7.4627716779979165196
-24.611289519214576416 8.9584659897164975462
-24.74688414959741678 10.210021177512279777
-25.967165218063673393 10.665381500291477579
-25.809222915381994312 10.992669341730341159
-26.961164681316184044 10.469208896886039284
-28.113106447250377329 9.9457484520417374085
-29.265048213184567061 9.4222880071974355332
-30.416989979118756793 8.8988275623531336578
-31.568931745052950077 8.3753671175088317824
-32.720873510987139809 7.851906672664529907
-33.872815276921329541 7.3284462278202271435
-35.024757042855519273 6.8049857829759252681
-36.176698808789709005 6.2815253381316242809
-37.328640574723905843 5.7580648932873215173
-38.480582340658095575 5.234604448443019642
-39.632524106592285307 4.7111440035987177666
-40.784465872526475039 4.1876835587544158912
-41.936407638460664771 3.6642231139101131276
-43.088349404394854503 3.1407626690658112523
-44.240291170329044235 2.6173022242215093769
-45.392232936263241072 2.0938417793772075015
-46.544174702197423699 1.5703813345329074025
-47.696116468131620536 1.0469208896886037508
-48.848058234065810268 0.52346044484430187538
