-50 0
-50.345416678436230029 -1.2518499784772534333
-50.690833356872467164 -2.5036999569545068667
-51.036250035308697193 -3.7555499354317603
-51.381666713744934327 -5.0073999139090137334
-51.727083392181164356 -6.2592498923862667226
-52.072500070617394385 -7.5110998708635206
-52.41791674905363152 -8.7629498493407744775
-52.763333427489861549 -10.014799827818027467
-53.108750105926091578 -11.266649806295280456
-53.454166784362328713 -12.518499784772533445
-53.799583462798558742 -13.770349763249788211
-54.145000141234788771 -15.0221997417270412
-54.490416819671025905 -16.274049720204295966
-54.835833498107255934 -17.525899698681548955
-55.181250176543493069 -18.777749677158801944
-55.526666854979723098 -20.029599655636054933
-54.363015735165546971 -20.692275349322546418
-53.099803581594891 -21.023388939049802104
-51.739316915852839429 -20.734590330476578401
-50.707388679204321136 -20.921792317434412922
-50.217345396912925537 -22.107677106745949658
-49.585557314433081899 -22.470909302592882995
-48.877775408068799834 -22.622145953664148266
-48.012263163964846058 -22.771125539252032866
-46.926464798532215639 -22.59064504860892697
-45.712333575238922379 -22.980379136581191801
-44.481949426222897159 -22.983086500925814732
-43.233419597539061385 -22.57912653608589082
-41.93685802756109382 -22.739407482666933902
-40.739001452676419035 -22.520404968999883977
-39.478019924520246775 -22.198480129959122564
-38.167645634240621177 -21.745233935408489145
-36.863554308290218842 -21.237627056994313079
-35.611458741906666603 -20.622308266738979654
-34.451810474094173742 -19.950358086635777255
-33.393353183371104365 -19.240831029471074487
-32.362850450760419108 -18.44945307882584018
-31.358272955810605254 -17.566917688660090846
-30.461635956254358604 -16.66924201268734862
-29.846179167472879357 -15.98154590144239684
-30.140471771388977373 -14.746070235878603327
-30.104523446305432088 -13.747485625764571893
-28.975777524002722885 -13.556341971956474168
-27.940752011760920936 -13.343331703955907841
-27.574124294436380467 -12.711508445596356509
-27.539171100838355954 -11.77971724798506159
-27.733697306680664241 -10.608418004708223492
-26.845061638505246293 -9.7623275288964741492
-26.562062162299270085 -8.5252670638263374769
-26.279062686093293877 -7.2882065987561990283
-25.996063209887317669 -6.0511461336860623561
-25.713063733681341461 -4.8140856686159247957
-25.430064257475365253 -3.5770252035457881234
-25.147064781269389044 -2.339964738475650563
-25.262652464696685684 -1.0408032977467180924
-26.134710171251064992 -0.084593986321378142335
-26.923908379368054256 0.81371041542298794269
-26.541545501742024982 1.9273838328562307165
-25.999885055555431279 3.0892930079106255548
-26.393589191709182273 4.207410501100128819
-27.03397220342224827 5.4206558069623609342
-27.570182118172699148 6.6928517777116942611
-28.5249459287325422 7.6550857428489695877
-29.468817019680191294 8.6089980866051298847
-29.864644173180611375 9.9332193392640366625
-30.693443867728767316 10.929916024946665587
-31.626119913040071197 11.831533245691183254
-32.587716818196966528 12.648859702099041868
-33.747919086050949034 13.253108079725375745
-35.150543374869265278 13.38156438917985902
-36.457666601279136387 13.011365774700422548
-37.713018161601063127 12.366067091459891358
-39.02232668557559947 11.853969814538183769
-40.288377253143231371 11.816522742683831737
-41.288484309349307466 12.578787257023675394
-42.350681451689276003 12.614285643978984552
-43.450349629808513896 12.28622827038222276
-44.329337224111675653 13.111700447817300486
-45.122937201896718307 13.694060776793746115
-45.877192770025942536 12.844269184632215897
-46.64507871815327178 11.640239413166570515
-47.494291561297934834 10.582710983282058947
-48.499186099460096955 10.607964790851363901
-49.648163091731944974 11.407247451968274277
-50.971091089737193158 11.87663579102962963
-52.326943786306131301 12.321924955478143815
-52.980633422687525069 13.698107221284409718
-53.634323059068918838 15.074289487090673845
-53.331462804146511303 13.81809869649978495
-53.028602549224096663 12.561907905908894278
-52.725742294301689128 11.305717115318005384
-52.422882039379281593 10.049526324727114712
-52.120021784456866953 8.7933355341362258173
-51.817161529534459419 7.5371447435453369224
-51.514301274612051884 6.2809539529544480274
-51.211441019689637244 5.0247631623635573561
-50.908580764767229709 3.7685723717726684612
-50.605720509844822175 2.5123815811817777899
-50.302860254922407535 1.2561907905908906713
