-50 0
-50.529223393107990603 -1.2479166645220898246
-51.0584467862159741 -2.4958333290441796493
-51.587670179323964703 -3.7437499935662694739
-52.116893572431948201 -4.9916666580883592985
-52.646116965539938803 -6.239583322610448235
-53.175340358647922301 -7.4874999871325389478
-53.704563751755912904 -8.7354166516546278842
-54.233787144863896401 -9.983333316176718597
-54.763010537971887004 -11.231249980698807533
-55.292233931079870501 -12.47916664522089647
-55.821457324187861104 -13.727083309742987183
-56.350680717295844602 -14.974999974265077896
-56.879904110403835205 -16.222916638787168608
-57.409127503511825807 -17.470833303309255768
-57.938350896619809305 -18.718749967831346481
-56.693549750989760128 -19.501591887733709996
-55.442013581467733729 -20.167808898471406565
-53.985087198615254067 -20.091924569043211335
-52.663928613631270537 -19.916463624291967704
-51.969786618662240585 -20.875353145432882229
-51.374129292056259999 -21.631634348429084724
-50.636506255455749681 -21.795218380175924722
-49.73436386537170506 -21.9560638217292734
-48.590439451190910347 -21.797088013361904046
-47.290725669105533768 -22.181854572651868551
-45.971090156569673013 -22.17888684149128764
-44.628346373021123838 -21.754500091951005203
-43.256887236495728644 -21.89690685407145665
-41.966951755565929716 -21.62905942490209199
-40.584176814886916418 -21.241016378971178113
-39.176089893389644203 -20.731896922921212223
-37.807472298587555315 -20.11759274614506765
-36.516512817277792635 -19.418833828514721063
-35.348882281012230067 -18.674619364682129685
-34.242887621583165014 -17.857231917814203825
-33.156120762916422962 -16.929578654561662887
-32.170669624794243191 -15.960818518658662413
-31.487925027974988268 -15.203863351704715257
-31.774342782899655191 -13.901274037594308908
-31.64346244914186812 -12.899607905534251628
-30.347589668254663309 -12.758725716803235528
-29.471981496530656131 -12.390647341003502291
-29.072649220741062948 -11.6848282830132284
-29.341114011858937971 -10.488615991175780806
-29.039823951557693249 -9.3873978753152460541
-27.978277676860258794 -8.4972083672442941804
-27.885702754039545681 -7.2123759200662984625
-28.241969290008903215 -5.7134525436379952623
-28.282904303686883907 -4.2613640173981552906
-27.555208356026753336 -3.0326397209502502506
-26.766636345050688561 -1.4903367514575716068
-26.948152811767229764 -0.12451378448354656625
-27.951429761179301892 0.86627841967647922772
-28.548159211679944747 1.8741794505439761664
-27.915792560146300616 3.1094941749646030082
-27.758798535596600487 4.3005893169338289539
-28.30596411716573968 5.566245040791798715
-28.929279662356165659 6.9156848460975028914
-29.716900733547767288 8.117307065522677334
-30.849959148946389575 9.061414823220196979
-31.408764562371416673 10.385608302795352742
-32.15385892101350862 11.560471450367881374
-33.096744793489023095 12.492274181319618975
-33.85503234680658835 13.0997107443390437
-35.306885425361762998 12.744221447528534696
-36.669292445776676459 12.95431127625431067
-37.966551088857123375 13.191181015810766297
-39.29316599554691436 12.589164798034522263
-40.667869090882923899 11.957947961521046665
-42.035382069150315942 11.786925343726538884
-43.080795409052392131 12.547291404369470769
-44.21626361360740276 12.612713914784048796
-45.398299061174164137 12.519676225840800754
-46.356561778736313784 13.406730101923011844
-47.214042470914115768 13.097260270189325482
-48.030623113660418255 11.849833935356995696
-48.881379991899031268 10.671377431535960412
-49.885430406456563901 10.590621081933646153
-51.0710533305763974 11.430273571639768093
-52.464035474437885398 11.958320576342957864
-53.726613798197483618 12.719477688053325792
-54.47603337352204278 14.304334760928224313
-55.225452948846601942 15.889191833803124609
-54.823495029704552906 14.666946308125961451
-54.421537110562510975 13.444700782448798293
-54.019579191420461939 12.222455256771635135
-53.617621272278420008 11.000209731094471977
-53.215663353136370972 9.777964205417307042
-52.813705433994321936 8.5557186797401438838
-52.411747514852280005 7.3334731540629807256
-52.009789595710230969 6.1112276283858175674
-51.607831676568181933 4.8889821027086544092
-51.205873757426140003 3.6667365770314894746
-50.803915838284090967 2.4444910513543263164
-50.401957919142049036 1.2222455256771631582
