-50 0
-50.986275733753103623 -1.0312183307111801867
-51.97255146750620014 -2.0624366614223603733
-52.958827201259303763 -3.09365499213354056
-53.945102935012407386 -4.1248733228447207466
-54.931378668765511009 -5.1560916535559000451
-55.917654402518607526 -6.1873099842670811199
-56.903930136271711149 -7.2185283149782621948
-57.890205870024814772 -8.2497466456894414932
-58.876481603777918394 -9.2809649764006216799
-59.862757337531014912 -10.31218330711180009
-60.849033071284118535 -11.343401637822982053
-61.835308805037215052 -12.37461996853416224
-62.821584538790318675 -13.405838299245342427
-63.807860272543422298 -14.437056629956522613
-62.815360088071429345 -15.443894485615615508
-61.702227461547664689 -16.4205566830084706
-60.504522335865750904 -17.322881857065485889
-59.260752952277222505 -18.122191981696126106
-58.010479802117799863 -18.802987285358323533
-56.582130238433755665 -18.853695556347158657
-55.21204974674783017 -18.605928486976672787
-54.433857091552610541 -19.409886883403395075
-53.871342778725534117 -20.325825242424421901
-53.143453246536573431 -20.491192807883756188
-52.266110603716455785 -20.653044334448292574
-51.158161853760205418 -20.526077507969279878
-49.87008105010997383 -20.884646670229031429
-48.550252484764413907 -20.901943456949318545
-47.211880217739739862 -20.493996756778933843
-45.830045014402855941 -20.643508584941407946
-44.544825468552780023 -20.388531909055384261
-43.173995441818199481 -20.017806876261204252
-41.763359467566651517 -19.52355936420560667
-40.388457584706372927 -18.922873281077222885
-39.083115782368480495 -18.232740492276953148
-37.899974876668977686 -17.494029761089542774
-36.791630931319247111 -16.690580045816439281
-35.699089415121946445 -15.775726747633161295
-34.689853501122982493 -14.801358778241473502
-33.964072179454007028 -14.008111961963017222
-34.121419482272685286 -12.805486993293083486
-34.142033656121128615 -11.691885190321533727
-32.949766746513553528 -11.47445073145099137
-31.925449843341692002 -11.195444873110680817
-31.529677208648987374 -10.504727155495462654
-31.687442885601669218 -9.381772387179760031
-31.562554520756613385 -8.2273458898751083979
-30.486545916358270603 -7.348311371299927508
-30.24433630944873741 -6.1237674492563600737
-30.604320469862908993 -4.6319015910133263247
-30.719704588340057683 -3.1612620459959472896
-30.085590819148613662 -1.9044926102005708124
-29.168096992646422194 -0.20791817755956365499
-29.349613459488512746 1.1579049429110765956
-30.352890395865586015 2.1486972228446363786
-30.94961898045390214 3.1565981950818891022
-30.317249795583798289 4.391912633913860553
-30.160260373908638343 5.5830057181961745272
-30.707423274480063924 6.8486633424959055816
-31.330739285386624005 8.1981035851687344973
-32.118359577722245035 9.3997259809346083159
-33.251418094053761365 10.34383338514315831
-33.821022186124338305 11.65480356619264235
-34.575643269270749158 12.732031313930077587
-35.993106323092398213 13.122320074439450366
-37.470982944060850173 12.980317959486429302
-38.919750238884219584 12.716182244178243721
-40.250019896350231363 13.08528427348987222
-41.551137477604903836 13.013575934234113518
-42.896585633463310216 12.285006493894139012
-44.314360840378220985 11.778787998407599602
-45.468824740017709019 12.224639392144508676
-46.453229254347078836 12.701112902410397254
-47.588711478429992496 12.302384530587207934
-48.515958717273520051 13.075112332752523159
-49.326536693546557899 13.364325545777257176
-50.095928792090589354 12.209051366340924361
-50.876094279228702533 10.911391943501124402
-51.784109375015226817 10.500200589178009025
-52.848098316207469338 11.394279130210533069
-53.816628392149013393 12.5524864666510787
-54.71666056158919389 13.773023478866637248
-55.227286281437990567 15.102428511701186054
-55.737912001286787245 16.431833544535734859
-56.248537721135583922 17.761238577370281888
-55.802213598197326405 16.492578678986689056
-55.355889475259068888 15.223918780603099776
-54.909565352320818477 13.955258882219506944
-54.463241229382560959 12.686598983835915888
-54.016917106444303442 11.417939085452324832
-53.570592983506045925 10.149279187068732
-53.124268860567795514 8.880619288685140944
-52.677944737629537997 7.6119593903015498881
-52.23162061469128048 6.3432994919179588322
-51.785296491753022963 5.074639593534366
-51.338972368814765446 3.8059796951507749441
-50.892648245876515034 2.5373197967671821118
-50.446324122938257517 1.2686598983835892795
