-50 0
-50.32054299149079668 -1.2583146876297193195
-50.641085982981600466 -2.516629375259438639
-50.961628974472397147 -3.7749440628891579586
-51.282171965963200932 -5.0332587505188772781
-51.602714957453997613 -6.2915734381485961535
-51.923257948944801399 -7.5498881257783159171
-52.243800940435598079 -8.8082028134080356807
-52.564343931926401865 -10.066517501037754556
-52.884886923417198545 -11.324832188667473432
-53.205429914907995226 -12.583146876297192307
-53.525972906398799012 -13.841461563926912959
-53.846515897889595692 -15.099776251556631834
-54.167058889380399478 -16.35809093918635071
-54.487601880871196158 -17.616405626816071361
-54.808144872361992839 -18.87472031444578846
-55.128687863852796625 -20.133035002075509112
-53.966343022126892492 -20.840395895782588553
-52.796573868602251878 -21.448942356054505609
-51.416484554138889962 -21.301935114920489411
-50.175313750589779715 -21.119324370186433271
-49.495359887057546189 -21.955139375025051862
-48.974388036302066496 -22.822592606666528781
-48.300191216900238089 -22.977612989507097296
-47.504279757475856627 -23.1294050869264467
-46.523678379968607999 -23.099243590367798618
-45.343553651681133942 -23.205713006993107683
-44.112156083724322286 -23.411582287243888345
-42.874683952185144165 -23.178491931875360166
-41.601753483307220449 -23.003269733117519991
-40.35488804771742366 -23.047051269653806571
-39.133938775507338903 -22.770776121628490074
-37.833617532703328834 -22.369564203061575114
-36.517809697003279723 -21.895526685742360939
-35.243267892445238942 -21.315791110382122042
-34.037819637919042748 -20.663227855859911841
-32.941518948516893772 -19.971524109135032177
-31.907698480594248736 -19.222173744582647714
-30.884871231173285366 -18.373943836229273074
-29.922591338925442983 -17.461658872530776421
-29.180424159564513076 -16.667760891141647051
-29.063240771618730207 -15.739035930906084104
-29.35439165678949891 -14.498765801943013898
-28.653390891215757108 -13.99157190160794606
-27.27652640854024213 -13.983802848589755641
-26.836106386397567292 -13.412281929251905765
-26.454042550818105184 -12.719275930761288151
-26.874040734856095014 -11.49440430238309041
-26.531643448327201895 -10.250088894401507389
-26.189246161798312329 -9.005773486419922591
-25.84684887526941921 -7.7614580784383395695
-25.504451588740526091 -6.517142670456756548
-25.162054302211632972 -5.2728272624751726383
-24.819657015682743406 -4.0285118544935887286
-24.477259729153850287 -2.784196446512005263
-24.984846272050869942 -1.5098772804351219268
-25.916929352115690932 -0.48975786968841555913
-26.423876483381736335 0.49465794094301468453
-25.763746377632770646 1.5910641073956066638
-25.111976016995285477 2.6970567437394432631
-25.496871568373844497 3.7875373903049354141
-26.137058673759295147 5.0002699664178891226
-26.673268589421518016 6.2724659696900060268
-27.6280323848540732 7.2347001135325355037
-28.571903467420238343 8.188612655345993474
-28.967730590043228034 9.5128339476966026211
-29.796529076997995134 10.509530852772851262
-30.729204445598622186 11.411147379466086704
-31.691724731576055518 12.229209745423302635
-32.730734330813263 13.003540564927675405
-33.725377459459309648 13.652868443596346992
-34.41564105949606045 14.056075346069363263
-35.352386865120500659 13.525506645329654631
-36.464912968297824136 12.658948418656558843
-37.676663246862652557 11.964267927897493493
-38.994100385771524486 11.74080733472543514
-40.038974081869433519 12.38152586223168683
-41.053506800469776294 12.740698509138526973
-42.210586749495867309 12.269706156847075107
-43.194902247523806693 12.747633675677935372
-44.052629904501927172 13.519964216633757914
-44.863954545264157048 12.948339568680873768
-45.664531536280797752 11.804673050271583534
-46.500498102534479017 10.721735763020941334
-47.454219606631212969 10.466382585721694554
-48.552566501792128406 11.211656486222123519
-49.798802215321494202 11.767006255624632871
-50.240921902612591055 12.956319253061483465
-50.683041589903687907 14.145632250498334059
-51.125161277194784759 15.334945247935184653
-51.031397837428549735 14.057033143940586228
-50.937634397662321817 12.779121039945987803
-50.843870957896086793 11.501208935951387602
-50.750107518129858875 10.223296831956790953
-50.656344078363623851 8.9453847279621925281
-50.562580638597395932 7.6674726239675914385
-50.468817198831160908 6.3895605199729939017
-50.375053759064925885 5.1116484159783954766
-50.281290319298697966 3.8337363119837952752
-50.187526879532462942 2.5558242079891986265
-50.093763439766235024 1.2779121039945984251
