-50 0
-48.107664444287820515 0.20775639339293922037
-46.215328888575648136 0.41551278678587844073
-44.322993332863468652 0.62326918017881771661
-42.430657777151296273 0.83102557357175688146
-40.538322221439116788 1.0387819669646960463
-38.645986665726937304 1.2465383603576354332
-36.753651110014764924 1.4542947537505745981
-34.861315554302592545 1.6620511471435137629
-32.968979998590413061 1.8698075405364529278
-31.076644442878237129 2.0775639339293920926
-29.184308887166061197 2.2853203273223314795
-27.291973331453881713 2.4930767207152708664
-25.399637775741705781 2.7008331141082098092
-23.507302220029529849 2.9085895075011491961
-21.614966664317353917 3.116345900894088139
-19.722631108605177985 3.3241022942870275259
-17.739212436308100962 2.9897630997836381894
-15.755793764011022162 2.6554239052802484089
-14.641909122390355691 1.8665986822117148769
-14.415498491095840805 0.88682787456955214367
-15.192456386681465474 -0.26487228748286967273
-16.05701594646789232 -1.400979141716849119
-16.354191082598635631 -2.7055732919667900838
-16.137849292458280814 -4.1121848409752264075
-15.601862039723354059 -5.4304170022442495025
-15.089682177141044761 -6.637048434451533474
-15.473637250018644096 -7.865637525026285104
-15.996029096852932838 -9.1010134271287359553
-15.685136336265918189 -10.304818822584682181
-15.305647865141471797 -11.586464409288913302
-15.307221375413263331 -12.873389956942256518
-14.613956540906803738 -13.655284757241766158
-13.70363638576732157 -14.568593746746639539
-12.664456958793147479 -15.480436897258520901
-11.55096873301925342 -16.328079144290708058
-10.391298105024072029 -17.089484578867352838
-9.2268577271920264593 -17.745227196835077876
-7.9483913269689878689 -18.021783614897735504
-6.5954975984363519714 -17.724383393865817737
-5.606679870203103988 -17.990858916742940465
-5.1367635808542786435 -19.21384222566138078
-4.485830194832189477 -19.490980200334611538
-3.7690396531339147579 -19.642153278573889708
-2.8925194786345191922 -19.790193576349221161
-1.7900004292882158996 -19.606125816334060374
-0.5712194292302817944 -19.992205075763259003
0.65917890746216423192 -19.989444963770658603
1.9095797713509417015 -19.5726235919717233
3.2032397148082258909 -19.742013999038324101
4.3999709853801949322 -19.510148405334380328
5.6677413263079632344 -19.180196256177104885
6.9803988938840166867 -18.725121861482815433
8.2799609746445828051 -18.205501630755648534
9.4619223314787390677 -17.620091622898140571
9.9127693235500782265 -17.059935937875952305
9.3755948660931291982 -15.795072611670088136
8.7934619570508001374 -14.509426738147841007
8.2113290480084693002 -13.223780864625593878
7.6291961389661384629 -11.938134991103348526
7.0470632299238094021 -10.652489117581097844
6.4654492227732864862 -9.3667179590247080512
5.9881344958755562402 -8.0557645086051525851
5.8150147060843409008 -6.6599915863523166948
5.5948362101456643458 -5.2716823089611155595
4.8370521017210235115 -4.1290438751013267549
3.9577088212109856613 -3.1066418176680357099
4.0005699793807281139 -2.7272911908018788729
5.1476811222061709117 -3.1245684097192922835
5.4245975877965353362 -3.0416139156157995238
4.4778215893812882697 -2.2512377242256533805
4.2985327756171765046 -1.703098856832419461
4.8141027164195122623 0.39486148308733309831
3.8428935560857868659 0.68087192252629036293
4.0724445628257566199 1.0967336360830419739
4.962238962568998879 1.7371048094512400173
4.9138265689682878445 2.6213221104718620325
4.7132138376712244821 3.5554881283848116524
5.1749757449872646475 4.7623596467477131711
5.4507195452557608562 6.0551506065912921173
5.218127543416502867 7.2790753478103074059
5.3583775134178370791 8.6308233010187418444
5.2681633639285179171 9.9412822666475602063
4.8287705708552879358 11.211949881998155121
4.7252268831976822483 12.613267384907828728
4.6804926242924835833 14.034853401308128085
4.6062429966876852205 15.445394261481878218
4.5147760706747908088 16.849492113856793907
4.4228172218502352919 18.253405880294607755
4.257837428020954107 19.540987619721420288
3.4400900497290582969 19.701432987485901549
2.2232830531319724976 19.56515098491241389
1.1680082712775572418 19.965474853095344088
0.22766798691288717138 19.998354927240427514
-0.6576419472402527111 19.988873812307446087
-1.5847521865575857625 19.571640625056492269
-2.4915604045705417313 18.462732325978404191
-3.4358886769189846966 17.5111790392673079
-4.5879327698594041252 17.544393428780853839
-5.8847058479215927917 17.988476307772913287
-7.2626833217018358368 17.928371149336555845
-7.5091256586609000934 18.536812818921998058
-9.2087606323144637344 17.795340306165119415
-10.908395605968028264 17.053867793408237219
-12.608030579621592793 16.312395280651358576
-14.307665553275157322 15.570922767894478156
-16.007300526928720075 14.829450255137597736
-17.70693550058228638 14.087977742380719093
-19.406570474235849133 13.346505229623836897
-21.106205447889411886 12.605032716866958253
-22.805840421542978191 11.86356020411007961
-24.505475395196537391 11.122087691353197414
-26.205110368850103697 10.380615178596318771
-27.904745342503670003 9.6391426658394401272
-29.604380316157232755 8.8976701530825597075
-31.304015289810795508 8.1561976403256775114
-33.003650263464358261 7.4147251275687988681
-34.703285237117924567 6.6732526148119184484
-36.402920210771490872 5.931780102055039805
-38.102555184425057178 5.1903075892981611617
-39.802190158078616378 4.4488350765412789656
-41.501825131732175578 3.7073625637843985459
-43.201460105385741883 2.9658900510275199025
-44.901095079039308189 2.2244175382706394828
-46.600730052692874494 1.4829450255137608394
-48.3003650263464408 0.74147251275688219607
