-50 0
-48.632388662406718538 -1.1887640515685204967
-47.264777324813437076 -2.3775281031370409934
-45.897165987220162719 -3.5662921547055610461
-44.529554649626881258 -4.7550562062740819869
-43.161943312033599796 -5.9438202578426020395
-41.794331974440318334 -7.1325843094111220921
-40.426720636847036872 -8.3213483609796430329
-39.059109299253762515 -9.5101124125481639737
-37.691497961660481053 -10.698876464116683138
-36.323886624067199591 -11.887640515685204079
-34.956275286473918129 -13.07640456725372502
-33.588663948880636667 -14.265168618822244184
-32.221052611287362311 -15.453932670390766901
-30.853441273694077296 -16.642696721959286066
-29.485829936100799387 -17.83146077352780523
-28.118218598507521477 -19.020224825096327947
-26.750607260914240015 -20.208988876664847112
-25.187065546177382913 -19.006948585179156197
-23.623523831440525811 -17.804908293693465282
-22.158244432199492024 -18.053619855874014632
-20.642719546818049992 -17.961935837872470501
-19.091582560934604373 -17.852617630987307251
-17.525981152229540783 -17.92695665024522711
-16.027671972511562615 -17.835647970154113295
-14.938297924153465246 -18.198060024413393876
-14.573138483678423682 -19.556225822867148167
-14.657069099133520851 -21.054256012963541878
-14.79062005737653962 -22.557266377640775801
-14.924171015619554836 -24.060276742318013277
-15.0577219738625665 -25.563287106995254305
-15.191272932105581717 -27.066297471672502439
-15.057703505254576015 -27.581086236216197705
-14.403683030636459605 -27.708915933762938266
-13.322685724482493441 -27.705446212004758877
-12.038853123965845171 -27.834614676054748372
-10.719482700379622031 -28.018364411201012842
-9.389755471477151616 -27.700627203222115469
-8.0129582547195479236 -27.695594460201736098
-6.7092147300322038106 -27.576256174529230947
-5.3660826957465781462 -27.239787053711882692
-3.9608582881349039262 -26.759794624682260888
-2.5682049756948934771 -26.203417728629815997
-1.2378573043925893415 -25.533239302054408171
-0.02128538001617386044 -24.805055734095216025
1.0964683244096722348 -24.02569608561960024
2.196697317117401127 -23.139097638646738631
3.2406673569245434408 -22.167957948090112552
4.0420624257318049644 -21.319165548224788154
4.0911395595693864635 -20.336821355298535963
3.6596509380882582541 -18.982480337822313032
4.2723338290179500021 -18.190275350037641289
5.4662639071133982682 -17.74995330453112885
5.3007151887816466029 -16.794410259069291413
4.437558761703638055 -15.570022538409466151
4.0905742050853586278 -14.398475512552570521
4.7210227787353611362 -13.316597321021637512
4.7975396788653856817 -11.322098711469372745
4.8740565789954102272 -9.3276001019171079776
4.9505734791254347726 -7.333101492364842322
4.6045327585622732869 -6.0933304716619982599
3.6752477869590469695 -5.1748179919921772907
4.0312010614070379333 -4.1595441528563705802
4.9750789493117313356 -3.0476940922483470864
5.0744719831539084609 -1.7147581354691074917
4.9483435731947880143 -0.20272887162907940461
4.9605406020349001039 1.314777662371258149
4.5175711250146370901 2.7672712482807502177
4.2641149830875342275 4.252615726510604155
3.807430033638308231 5.5398185128048140768
2.833109961344071337 6.5254596373917301833
1.8179553614409620366 7.4206367113909976752
0.71864045948774268879 8.2636365696471649755
-0.38405309740359427906 8.9962932363911427558
-1.4015958414860616443 9.5842631391787378448
-2.5909488483515685786 9.8789823508977185895
-4.1012558045411608987 9.9158440403571024291
-5.3657977249570780742 10.563604074437586533
-6.3760619151501352064 11.463711852896324217
-7.5640738520778247889 11.70157800341350196
-8.8724290824890275076 11.593231011707725742
-9.9713768806411486878 11.959539393576871902
-10.949710801265331028 11.980791938238393612
-11.915589468327757672 11.954798862135117332
-12.880033363386672818 11.031119478030648295
-13.76674648160285841 9.7924899840621275615
-14.398807248829601946 8.4630241794574931902
-14.560609084840045568 6.9836755934585239558
-14.637842778041427749 5.4773752563780586655
-14.708566704883963894 3.9678397261566482612
-14.749124839402945497 2.4433125420053198873
-14.909403487681517575 0.96704135626333120879
-15.269576730091152683 -0.35080818620132248054
-15.040764449553524429 -1.7452813497675119248
-15.363484000457757972 -2.6498329257760948607
-16.701935975496137843 -2.5106753413708675637
-18.183156501332316424 -2.4259908815772797119
-19.656340880069453902 -2.2034998529541893753
-21.111088200990327124 -1.7917720982776121907
-22.372260342218304174 -1.8963382589079007534
-23.499692097977991523 -2.4930466310994745527
-24.949204873985809883 -2.4349902114006014564
-26.447091620122339606 -2.2730574477103888675
-29.655261472316595928 -1.0877430003096684175
-31.504783156651452458 -0.98885727300878945023
-33.354304840986308989 -0.889971545707910483
-35.203826525321161967 -0.79108581840703151578
-37.053348209656014944 -0.69220009110615254855
-38.902869893990867922 -0.59331436380527369234
-40.752391578325728005 -0.49442863650439472512
-42.601913262660580983 -0.39554290920351575789
-44.451434946995433961 -0.29665718190263679066
-46.300956631330294044 -0.19777145460175793446
-48.150478315665139917 -0.098885727300878967228
