-100 -100
-98.853407225458951757 -99.33752171413708254
-97.706814450917917725 -98.675043428274179291
-96.560221676376869482 -98.012565142411261832
-95.41362890183583545 -97.350086856548358583
-94.267036127294787207 -96.687608570685441123
-93.120443352753738964 -96.025130284822537874
-91.973850578212704932 -95.362651998959620414
-90.827257803671656688 -94.700173713096717165
-89.680665029130608445 -94.037695427233799705
-88.534072254589574413 -93.375217141370896456
-87.38747948004852617 -92.712738855507978997
-86.240886705507477927 -92.050260569645075748
-85.094293930966443895 -91.387782283782158288
-83.947701156425395652 -90.725303997919255039
-82.801108381884347409 -90.062825712056337579
-81.654515607343313377 -89.40034742619343433
-80.507922832802265134 -88.737869140330516871
-79.361330058261231102 -88.075390854467599411
-78.214737283720182859 -87.412912568604696162
-79.125616929738384897 -86.995163791049535007
-78.748808911186912951 -85.770741885381184488
-78.372000892635441005 -84.54631997971283397
-77.995192874083969059 -83.321898074044483451
-77.618384855532511324 -82.097476168376132932
-77.241576836981039378 -80.873054262707782414
-76.864768818429567432 -79.648632357039431895
-76.487960799878095486 -78.424210451371081376
-76.603547964611877319 -77.125045900771027618
-77.475607626232104508 -76.168838262150757146
-78.264807840532014893 -75.27053630620775948
-77.88244420320550887 -74.156862216939131827
-77.340782678973042152 -72.994951632953743115
-77.734487117841155168 -71.876833905683767512
-78.374871049502118581 -70.66358990009622687
-78.911078135564153513 -69.39139509630000191
-79.865840664766594159 -68.429160486561258381
-80.809712748701684859 -67.475247064826874066
-81.205542900668504558 -66.151025997977356496
-82.034343876727334077 -65.154328292842478731
-82.967020892937867416 -64.252710620200957692
-83.929541321003284793 -63.434648620800977881
-84.968549631739136885 -62.660319156891688408
-85.989290824086367593 -61.995066223578646714
-86.934689040569963936 -61.45390158786126733
-88.039929296091585798 -61.173668534270781549
-89.453619038654437645 -61.168115010560583755
-90.689500490450214443 -60.66031490429309514
-91.608248143462034818 -59.656530608942588856
-92.692047730284159002 -59.421099590043397143
-93.914013920974596772 -59.508929237113363797
-95.007421198178164445 -59.123619290042384478
-95.97277083268863862 -59.079930267171093305
-96.858141878822635817 -59.080878101827792648
-97.783913585992181083 -59.268417237357652994
-98.69023494485857384 -60.373040160142743105
-99.61473723755671017 -61.416668951085021888
-100.71594069291475648 -61.624546586145683591
-101.99334494467966294 -61.144172403007850392
-103.35581722004656058 -61.109447939960169549
-104.75753271186859195 -61.185079885626308283
-105.89374950705762046 -61.475614432034006995
-106.81840124785722423 -62.007015670460248202
-107.63600116317313393 -62.836175569930041718
-108.50788931102513857 -63.886412976317792811
-109.70400865892575837 -64.642578647194412156
-110.91534598455180571 -65.322966534581539122
-111.80451447377808449 -66.327253641732326628
-112.60676848335840816 -67.364481853236270581
-113.19771892497475108 -68.22944607852093668
-113.66322544366443026 -68.987103485212514897
-114.07045345574928774 -69.718955998719792433
-114.48512704259255202 -70.548303809666691677
-114.66351298576880424 -71.801658535547147721
-114.87108440272730547 -73.095309812057394083
-114.35146448963614318 -74.318726802033765466
-114.06375269809227291 -75.492988699394246055
-115.99523565106480305 -75.101383584951861394
-115.29979062275764079 -76.183932124736557512
-114.60434559445047853 -77.26648066452126784
-113.90890056614330206 -78.349029204305963958
-113.2134555378361398 -79.431577744090674287
-112.51801050952897754 -80.514126283875370405
-111.82256548122181528 -81.596674823660066522
-111.12712045291465301 -82.679223363444776851
-110.43167542460747654 -83.761771903229472969
-109.73623039630031428 -84.844320443014169086
-109.04078536799315202 -85.926868982798879415
-108.34534033968598976 -87.009417522583575533
-107.64989531137881329 -88.091966062368285861
-106.95445028307165103 -89.174514602152981979
-106.25900525476448877 -90.257063141937692308
-105.56356022645732651 -91.339611681722388425
-104.86811519815015004 -92.422160221507084543
-104.17267016984298778 -93.504708761291794872
-103.47722514153582551 -94.58725730107649099
-102.78178011322866325 -95.669805840861187107
-102.08633508492150099 -96.752354380645897436
-101.39089005661432452 -97.834902920430593554
-100.69544502830716226 -98.917451460215289671
