-100 -100
-99.646008791075928457 -101.32584377057729341
-99.292017582151856914 -102.65168754115457261
-98.938026373227785371 -103.97753131173186603
-98.584035164303713827 -105.30337508230914523
-98.230043955379642284 -106.62921885288643864
-97.876052746455584952 -107.95506262346373205
-97.522061537531513409 -109.28090639404101125
-97.168070328607441866 -110.60675016461830467
-96.814079119683370322 -111.93259393519558387
-96.460087910759298779 -113.25843770577287728
-96.746023965662914179 -111.74780798552137639
-97.031960020566515368 -110.23717826526987551
-96.799205566173597504 -108.77503623779688269
-96.829426227456934839 -107.25566414440146445
-96.872183727399090003 -105.73356371642178431
-96.899225410617219723 -104.21041761465082232
-96.752430719756233657 -102.70289498074848211
-96.024431231125475961 -101.93580433024932574
-94.662348204565006426 -102.29890692276508446
-93.246089634336769336 -102.55628319677660443
-91.772400889379738942 -102.33179667361000043
-90.846814446832524936 -101.69873287316137578
-90.645479018416608596 -100.6748081746989385
-89.53227584082254964 -100.76678084508931477
-88.090406006647498316 -101.23762438614228643
-86.648869653768272769 -101.7025967951417158
-85.254180129094578433 -101.76516031347010482
-83.934577454873931401 -101.06870517369547713
-82.547245206641690629 -100.4256268399485208
-81.420682527629281822 -99.71757610074519107
-81.439443390093458675 -98.431032141581425776
-81.781001834010851326 -96.928819113167818955
-81.734328913280577922 -95.500221951062016501
-80.926704388883479169 -94.295451371249626504
-80.270467574806630751 -92.906399706860852916
-80.451983670116391067 -91.54058028742740305
-81.455262939399347033 -90.549785199553227244
-82.0519930837529472 -89.54188164350334489
-81.41962253675214356 -88.306568398489744709
-81.26263102523610371 -87.11547462543887832
-81.809797021499122138 -85.849813988041674406
-82.433111323654216562 -84.500373619002317582
-83.220729702124401683 -83.298753831005740267
-84.353788702652678921 -82.354649216852877203
-84.912593561886140492 -81.030456848845602735
-85.657688922835717449 -79.855592738931051144
-86.652175119127974767 -78.876238085868578764
-87.679341787970813016 -77.995156379353105081
-88.79140826212304205 -77.166355050694647844
-89.878501056222006582 -76.464282379889169761
-90.888931796539054631 -75.896306482647304392
-92.177231945472428265 -75.73497297856130217
-93.673784187814277402 -75.604167001172498885
-94.851189709913299453 -74.806500655479425177
-95.890041234032580064 -74.072812690874485497
-97.111773627316807733 -73.89810674066521301
-98.389905572168288472 -73.898677398531006588
-99.460762421617019413 -73.620294252092648435
-100.42268525445402361 -73.608844628736363802
-101.40545267390159268 -73.644965847257026326
-102.37867356823711873 -74.785689547964210533
-103.366849440832965 -75.913591104488787664
-104.54638554338848166 -76.137856374137754756
-105.92130495502705401 -75.647581481187543773
-107.39149539739790384 -75.671499671706655477
-108.89287674977938991 -75.68341930461025413
-109.98139738609768301 -76.173876768751526356
-110.96968479494812243 -76.767649854687533661
-111.76862970001646147 -77.901154166413064672
-112.9171035117012849 -78.847047279582028523
-114.26254936441104348 -79.554414722993996634
-115.30779133260672609 -80.525292744554647584
-116.20948683706403415 -81.64719381295796552
-116.88998066526166042 -82.61799372315786627
-117.40288415548329226 -83.440669901285389187
-117.84172152925603427 -84.223721872600322058
-118.28746723397500773 -85.115690813522817848
-118.49036200479996239 -86.474492440621304468
-118.60476099826492202 -87.849551650397742719
-117.98862215680989607 -89.149799622475569549
-118.00053651748372374 -90.384398115559335452
-118.90133781326021278 -91.580629003687263889
-119.71889771221930232 -92.886036047826181061
-120.16608025644524105 -92.869527325626677339
-118.82167490601555926 -93.344892170584898849
-117.47726955558587747 -93.82025701554312036
-116.13286420515619568 -94.295621860501341871
-114.78845885472651389 -94.770986705459563382
-113.4440535042968321 -95.246351550417784892
-112.09964815386715031 -95.721716395376006403
-110.75524280343745431 -96.197081240334227914
-109.41083745300778673 -96.672446085292449425
-108.06643210257809073 -97.147810930250670935
-106.72202675214840895 -97.623175775208892446
-105.37762140171872716 -98.098540620167113957
-104.03321605128904537 -98.573905465125335468
-102.68881070085936358 -99.049270310083556978
-101.34440535042968179 -99.524635155041778489
