-50 0
-49.528655651404172033 -1.2477388413000565226
-49.057311302808351172 -2.4954776826001130452
-48.585966954212523206 -3.7432165239001693458
-48.114622605616695239 -4.9909553652002260904
-47.643278257020874378 -6.2386942065002823909
-47.171933908425046411 -7.4864330478003386915
-46.700589559829218445 -8.7341718891003949921
-46.229245211233397583 -9.9819107304004521808
-45.757900862637569617 -11.229649571700507593
-45.28655651404174165 -12.477388413000564782
-44.815212165445920789 -13.725127254300620194
-44.343867816850092822 -14.972866095600677383
-43.872523468254264856 -16.220604936900734572
-43.401179119658443994 -17.468343778200789984
-42.929834771062616028 -18.716082619500845396
-42.458490422466788061 -19.963821460800904362
-41.9871460738709672 -21.211560302100959774
-41.515801725275139233 -22.459299143401015186
-41.044457376679311267 -23.707037984701070599
-40.573113028083490406 -24.954776826001129564
-40.101768679487662439 -26.202515667301184976
-40.044148285049324443 -26.077170472992868611
-38.575748903470945095 -25.809027070413893767
-37.432285616152199736 -25.941459599225382249
-36.898295208995264716 -27.195561132150782413
-36.208879288670971164 -27.526819017597553341
-35.429251217153833409 -27.688931470057365658
-34.465906385655557642 -27.845092326345934453
-33.238353129262875996 -27.709629677204567599
-31.922726492239490881 -28.029832814817723374
-30.599803351288024089 -27.859305862316222857
-29.239901894713621999 -27.618910284203074923
-27.903957350014653827 -27.657651894866344122
-26.595581667549737404 -27.355448312639971675
-25.610561986728381356 -26.49624458482167455
-25.251242524606499984 -25.037684801434451742
-24.995550810939377584 -23.5228781469417072
-24.830708342837919389 -21.995875149020012174
-24.623617015221046955 -20.490278058885095902
-23.965447607786039441 -19.199245632869104128
-22.720802182806039582 -18.506692460899980546
-21.274306072706288262 -18.243004037599458655
-20.459060101297250611 -17.46643879508001973
-19.937255403630388173 -16.587549767775680465
-18.647133817418794166 -16.806712838724884307
-17.208691984344380188 -17.233135688634920513
-15.770653225061174396 -17.659106180459467339
-14.660313458031106748 -17.717309548779720529
-14.595819396731883444 -16.58748814688932427
-14.256811814460649046 -15.35736326886909886
-13.157473909161206294 -14.470015682683545322
-12.915264309888167205 -13.245471553933606756
-12.646204480940941295 -11.766509225212509193
-12.377144651993715385 -10.287546896491409854
-12.108084823046489475 -8.8085845677703105139
-11.839024994099263566 -7.3296222390492129506
-12.020541460543300971 -5.9637990684790347373
-13.023818395158693662 -4.9730068363976753787
-13.620546979388681308 -3.965105875652868761
-12.990812688910299499 -2.7361503530315025579
-12.842665701286787083 -1.8999259116393609759
-14.097276174669605808 -1.9277149960725485922
-15.604161211197830283 -2.1108899122253101943
-17.111046247726058311 -2.2940648283780729066
-18.617856583718786823 -2.4716480908634115288
-20.123099987050295567 -2.5319397609439833197
-21.625142987387587112 -2.4797501000706492214
-23.118698567558173096 -2.6448106827075799075
-24.407538415116160735 -2.7044523827260560367
-24.698058053198685968 -1.6561656186608251229
-24.49608285115596118 -0.17179231484777995886
-24.7657618015534986 1.2161219462913583911
-24.753586287069243355 2.6698014774708451746
-24.554047552603801563 4.1662387113872423328
-24.806909181343886672 5.6036305589569659347
-25.277133400975934308 7.0303735780977198999
-24.565039752392340944 8.6877100679397720739
-23.85294610380874758 10.345046557781824248
-25.098043908389282564 9.8524252931255471566
-26.343141712969817547 9.3598040284692700652
-27.588239517550356084 8.8671827638129929738
-28.833337322130891067 8.3745614991567141061
-30.078435126711426051 7.8819402345004370147
-31.323532931291964587 7.3893189698441599234
-32.568630735872496018 6.896697705187882832
-33.813728540453034555 6.4040764405316057406
-35.058826345033573091 5.911455175875327761
-36.303924149614104522 5.4188339112190506697
-37.549021954194643058 4.9262126465627735783
-38.794119758775181595 4.4335913819064964869
-40.039217563355713025 3.9409701172502185074
-41.284315367936244456 3.448348852593941416
-42.529413172516782993 2.9557275879376634364
-43.774510977097321529 2.4631063232813863451
-45.019608781677860065 1.9704850586251101419
-46.264706586258398602 1.4778637939688312741
-47.509804390838922927 0.98524252931255418275
-48.754902195419468569 0.49262126465627709138
