-100 -100
-99.476215270326591167 -101.30326469305236969
-98.952430540653182334 -102.60652938610473939
-98.428645810979773501 -103.90979407915710908
-97.904861081306364667 -105.21305877220947878
-97.381076351632955834 -106.51632346526184847
-96.857291621959547001 -107.81958815831421816
-96.333506892286138168 -109.12285285136658786
-96.529863840358260063 -107.60484707436339136
-96.726220788430381958 -106.08684129736018065
-96.527117136896535499 -104.69288206714062994
-96.322632024356863667 -103.30236782568356091
-95.826169187240552105 -102.10310273020631655
-94.671855271821215183 -101.55952343559252427
-93.266725436780490099 -101.68012991371138298
-91.882304111803577484 -101.97542504458667167
-90.523142113770163064 -102.33653073976869052
-89.162186823103255051 -102.61011587609387163
-87.769079731579921599 -102.4986332234573041
-86.34323449302880249 -102.33118069302713593
-85.029204559376736938 -102.10864427945216448
-84.472329692670911072 -101.12482602482498351
-84.029985485946866675 -100.06025350848156563
-82.821791497268719695 -99.85319951935048266
-81.786767593882842675 -99.640187293541544022
-81.420139824696860842 -99.008363891398730061
-81.385183971109526624 -98.076574807182879567
-81.043454849420896835 -96.728038911631344376
-80.701725727732267046 -95.379503016079809186
-80.359996606043637257 -94.030967120528273995
-80.018267484354993258 -92.682431224976724593
-79.676538362666363469 -91.333895329425189402
-79.33480924097773368 -89.985359433873654211
-78.993080119289103891 -88.63682353832211902
-79.108666587472598053 -87.337665952088599397
-79.980723278754481953 -86.381454467749179571
-80.769921035123175557 -85.483146863922911507
-80.387559332359614928 -84.369473991548900926
-79.845900094069733655 -83.207565951029351936
-80.239604692537795927 -82.089446776738853373
-80.879984993446214503 -80.876198700501049643
-81.416195703051826627 -79.604003888359542884
-82.370959987060842877 -78.641772386507369674
-83.314830767058296601 -77.68786230751241817
-83.710657141581990004 -76.36364198502859324
-84.539457122984174475 -75.366942899172727266
-85.472135401525704879 -74.465323319340754438
-86.434654325565361432 -73.647261994080196246
-87.473662156069195817 -72.872932226902506159
-88.494406611015307362 -72.207676715469276019
-89.439806671076084399 -71.666510834195321422
-90.545048625297994249 -71.386280276046747417
-91.95873835351297032 -71.380723547857954259
-93.194619768246795388 -70.872921391656959145
-94.113367134426624716 -69.869139028355078835
-95.197166217810462285 -69.633708084948978012
-96.419133256898959417 -69.721544043681575431
-97.512540184430079648 -69.336227650899061814
-98.477890121890865771 -69.292538605300890708
-99.363261240926178175 -69.293486440120801717
-100.28903288658428039 -69.481030779656194341
-101.19535422204603492 -70.585655004348879515
-102.11985630293531813 -71.629281987678254495
-103.22105763702597869 -71.837156403355692191
-104.49845888745643663 -71.356779013515463816
-105.86093307923809448 -71.322056524544052536
-107.26265163466520391 -71.397691631757666642
-108.39887045775148522 -71.688223647605155975
-109.32352270380410175 -72.21962531008624353
-110.14112042199261055 -73.048790557550177027
-111.01300853345934172 -74.099028816217114013
-112.20912791903374739 -74.8551945609934819
-113.42046898489863338 -75.535578754124884426
-114.30963626169665304 -76.539864957921665223
-115.11188862090999407 -77.577091317292243389
-115.70283765978068402 -78.442053503508631707
-116.16834329280504789 -79.199709298431400839
-116.57557169330073066 -79.931562284109133998
-116.99024612182810756 -80.760911628354620007
-117.1686321897467451 -82.014269837614705239
-117.37620370177835127 -83.307923917448306383
-116.85658378576638938 -84.531338536037949893
-116.56887075608355531 -85.705599979406784428
-117.27352544752010033 -86.813919039432661862
-118.72028169855424551 -86.6191073903038955
-117.61908865746282515 -87.40621872028602013
-116.51789561637139059 -88.19333005026814476
-115.41670257527997023 -88.98044138025026939
-114.31550953418853567 -89.76755271023239402
-113.21431649309711531 -90.55466404021451865
-112.11312345200568075 -91.34177537019664328
-111.01193041091426039 -92.12888670017876791
-109.91073736982284004 -92.91599803016089254
-108.80954432873140547 -93.703109360143002959
-107.70835128763998512 -94.490220690125127589
-106.60715824654855055 -95.27733202010725222
-105.5059652054571302 -96.06444335008937685
-104.40477216436570984 -96.85155468007150148
-103.30357912327427528 -97.63866601005362611
-102.20238608218285492 -98.42577734003575074
-101.10119304109142035 -99.21288867001787537
