32.364772770317074446 10.329649010751442262
28.963622756423891502 10.513759790792404303
25.562472742530683689 10.697870570833366344
22.299638752992176904 10.897071840340938564
22.98838718232511269 11.527396785840680948
26.258021428737723824 12.439300315014053311
29.533675461075066693 13.351957375691902996
32.385162019129658972 14.891186529687489681
32.692047157158455661 17.617628516667384275
31.04593006821612633 20.421132060633418348
28.22933728267747 20.661825654368115579
25.255116500605122809 18.996490224143457226
22.502320259362956989 17.499915707879239335
23.066107339307738044 18.932146003203371265
25.103931450891142418 21.666067325900112195
27.120805450354719568 24.392593428702781466
26.505392428088626389 25.976680642124641452
23.552043358636936432 26.089204242648435184
21.374099014781016592 27.913502784477767449
18.917766302330438322 29.537411136413002311
17.696856888831206334 27.796261597260766507
16.756658225951831298 24.515894430661465009
15.816459563072449157 21.235527264062135089
15.04247982025955821 19.506311773467249537
14.769017497199072864 22.447914949049863509
14.545792982069144728 25.858336355066654733
14.322478564877602736 29.26848164157806309
13.492010001466844926 30.229085350737776139
11.396151561777212891 28.287458850673388611
10.658033771184031835 25.142702303240838546
10.826647305282694589 21.796181321863748792
9.9726869330582665896 21.795972841437283307
8.2291905244651459839 24.701058755541733802
6.7103826264840407134 27.136423536456941719
7.2306693170752200928 25.232305981969361142
8.3649306328668711075 22.021563391362938944
9.4436467193466064884 18.906935732615757217
8.6072731688359311875 19.106160806926883566
6.3952396121524710537 21.685814756817364923
4.1816805987481089346 24.269816561957966883
3.5877719229865716599 24.77633017325281628
5.4737024391000712598 22.102011154182420682
7.446434003932943746 19.316354428610278404
9.4191655687658180085 16.530697703038146784
11.391648000017054798 13.745238133110216694
12.046254700786535707 11.943735637147383954
9.361568752216824052 12.870222920816917878
6.2054843474874710196 14.162559880709263638
3.0503635914942082152 15.447150687783123502
-0.10475716449905536631 16.731741494856972707
-3.1359804413704934767 17.700915826046866641
-4.0225010726944443462 15.613169809446533876
-3.9127152600066352761 12.898827201859115021
-2.0681677220459659949 11.602895084588320529
1.2763702542522901151 10.810964268809460265
2.5043676044408429426 10.047747388407955782
-0.59023765337712741363 9.3431728654538606094
-3.9333103476654645014 8.6419691627080652552
-5.6467916059494100978 7.4793147258368453123
-5.0765751614156009452 4.7732935285826672001
-2.9382035976278997325 4.389390075513716738
0.40363895515207498521 5.1235165575760168721
3.5901313058472168471 5.7877915345374137956
3.0523799726336320326 4.7775014115352627542
0.30393978153784084739 2.7731994239811932346
-2.2826506649169253649 0.73155727583330942831
-1.8315918149895775713 -1.7686172574017628989
0.2541781693067175496 -4.1326041129650921135
2.8327510405777633906 -6.2416454793800966172
4.9803766776802804728 -6.1543168752387966691
7.085222440743645933 -3.4777812028208674455
9.127497856014993971 -0.74420762079701696656
10.753294579201646997 2.2553321632461482693
12.269103696103396572 5.2956872076451357856
12.917206479077051995 5.3649745010665395029
12.65714064469311495 2.018467030626146741
12.494667327434520132 -1.3841726610076554582
12.334953648268276893 -4.7866037877618499152
12.218471945797769962 -7.8931858239295991098
12.750469893763099805 -6.5620315013007166627
13.570681080265032392 -3.2588512933997062504
14.391313254877546868 -2.0506003347007921711
15.212805211854917076 -5.1208151538285120452
16.179117754943916907 -8.3138425701048586092
18.6699296057447377 -9.2449755054146081079
21.80508934603059501 -8.241550408284211926
23.90529082259239857 -6.8200604398265829431
22.724149781737015275 -3.8288352879692211239
21.290751153772713877 -0.7222890211648411718
19.804612140775660123 2.3530202694366808558
18.026130728623563471 5.2551815528740224437
16.258307270031504999 8.0778775798929896013
15.173629860874166653 9.5795502410364630208
17.804737745841507035 8.2448201060373431659
20.945388954788857205 6.9060303971775383047
24.099554851282245949 5.5991979438295800264
27.253720747775599165 4.29236549048162086
30.400098460067141559 3.1465771275734937262
32.800698050216027468 4.3542578944578167466
32.608156537179951329 7.5311197625728194538
