37.179175927550510039 14.818431854248046875
37.349788480019512349 16.923062570262686677
30.629474666961364449 17.646266272317330248
36.784795496593929442 21.141120379788048922
21.143947592246018274 16.518488097949916238
30.722613825290437717 22.553224622367714858
32.83607656829726551 26.087481501266697848
32.410353191981329246 28.400843314598489542
31.414412893005831506 30.465692280602439723
29.087267070117782453 31.00703612749847693
23.392421442903959417 25.326548802531409166
25.23787061920439001 32.589776102823144299
23.181601874863503099 32.841482113785218644
21.621154874738699903 35.027630462355119789
19.350767137264650586 34.087019283084856625
17.325557708740234375 36.304396118351618838
15.707868852897851397 30.209712913107992449
13.699395468384793162 31.878186311816698151
16.138812917697677563 18.470855994020407564
15.680671990857803166 18.512905548514506648
6.8159458831411061652 33.021612425591506224
5.9395446133865608118 30.489935210092873774
11.621755684000083519 21.153146144385047478
2.2102990339992540925 28.428271841684349397
1.243356111679286613 26.502832820811278225
-1.8212736704418936995 25.872860370424202614
-0.60642211474667107041 22.802262594900930992
10.872947238110405976 16.91501220685151452
8.943409091811886924 16.60011108986522288
-1.5113346117565740201 16.798268314624852593
-2.612914667766030874 14.818431854248046875
-4.0119337177543741291 12.57577090723152935
-3.562126192989012452 10.378617936834451996
2.8055225095093252463 10.10058601511791565
12.319092728146880944 12.589410012125943794
11.184425513561146559 11.272847396136212339
4.5057073732435064528 5.50426593334059433
1.7129284134524418448 0.76075684943997146092
3.648863117126818878 -0.37107689863295334476
5.3118480247661743476 -1.717022999255799931
8.2370384846781750099 -0.92334706769835506179
13.114392986032033406 5.3600020805334267493
11.666215706179951184 -2.5992300325740416156
15.716346407557894693 7.2476943456915794428
16.740686900698133144 9.2537637838458124406
17.325557708740234375 -5.6514300289513492714
19.355249099958292902 -4.4927990791928102965
19.777525875770727737 3.2828278513529287608
23.473854784468692003 -4.1040817738352934896
25.521051601148222687 -3.5889474794221634113
27.637580499093935771 -3.0425191253019399085
29.984849886468424529 -2.6055904750585270335
21.512328554243921985 10.168548450629000257
21.702740096459439911 10.87720029762818541
31.847364731339848021 4.2677215694796988288
35.661014293391595231 4.2324499274549367556
34.26750358680490649 7.2753909213628364938
36.47641061565762044 8.5959426728482490887
35.797367716229615553 10.892127983534306779
35.510762462983691989 12.907089620961867737
