68.877310423813057128 49.990049309768998853
68.034378434360164078 51.731010957164464514
67.20970673976596288 53.225519054897198146
68.009961655991219232 55.048160528646228329
67.284542801921944033 56.848209632748222475
66.317609120477399642 58.773359781249858713
64.808970537878138884 60.269070688795800095
63.961196978596476015 62.196973226777885202
62.537349652697372449 63.651882191100554564
61.000036381332023439 64.934191102922426353
59.384879601955880446 66.030463002293245722
57.877400262123167352 66.86269845603220574
55.732067213302237008 66.9284601500173153
54.018497592785841732 68.096802159656022013
52.343361083823992885 68.667952067113162684
50.516401970401510368 68.875254382542294707
49.014795042586705165 68.953785093815980645
47.583963531574674732 68.76021434245987507
46.153533921369621851 67.041317343698949571
44.467227359730848946 66.500371732635258581
42.405086795062246097 66.934951027218431818
40.211641181765386932 66.89441968180501874
38.679819822415417718 66.101185784445860349
37.899854266581037621 64.627061516105968053
38.838920700277277831 62.742542553270212125
40.062152585905060675 60.901590904734234755
41.285384471532829309 59.060639256198264491
42.508616357160605048 57.21968760766235107
43.731848242788380787 55.378735959126352384
44.7381350661959587 53.647114119207273575
43.700490497575692928 53.555702128517076233
41.841805906866198939 54.737359838986179739
39.99295749849000714 55.956318493102678246
38.144109090113822447 57.175277147219155438
36.295260681737623543 58.39423580133564684
34.446376817715048446 59.613013285828827748
32.563744506554051839 60.386534452783678262
31.830596961564161518 59.254660189684337013
31.181713591139089914 58.088273162241542025
30.721310221706154664 56.415887923907234835
30.690920010840201826 54.406728522950963622
31.229183535273953964 52.54184611472312838
30.114401444980696709 50.76397416476486768
28.974253968463496989 48.834810263485117332
29.069029349763386705 47.005460738810299404
29.321819500448043527 45.239565433107465253
30.026282149996166737 44.81512570284942143
32.215074047597212825 45.154838041685067651
34.403865945198226939 45.494550380520706767
36.59265784279927658 45.834262719356360094
38.781449740400319115 46.173975058192006315
40.873077677197152013 46.477337005698252881
40.814290499649843014 45.976198701464234375
38.978727802487398435 44.810343923056635163
37.138425682709616638 43.587512188393418455
35.397949704116520309 42.231728065908889391
33.673042940203600892 40.855208249910944573
31.948136176290674371 39.47868843391299265
31.805845158361027103 38.694299702553024645
32.620933647236327602 37.439466450692449939
34.598310254000018915 37.752061890871267735
36.651420238918504424 38.421966375357122558
37.167607227809668302 37.722648662004807818
36.241487102308433066 35.738400654662065392
35.801715664300857611 33.904123784069319925
37.052926578445962491 32.894860671499870364
38.655637293754494976 34.067621065081155507
40.242863053397961437 35.611597755203895588
41.792309788653412284 37.088987291744210495
42.289210008079734848 36.711218373627467315
41.798360462597074161 34.592498058210189527
41.282917821196249974 32.428411816424585368
41.585833447732248658 31.133370280164808008
43.26933718980298238 31.916196352631683197
44.227204797816810355 33.815696654089499873
45.04672369327602155 35.862621726245066611
45.866242588735232744 37.909546798400626244
46.685761484194451043 39.956471870556178771
47.351858324128606625 41.290146590407296401
47.387220046904261039 39.691569861895722227
47.289994808115061176 37.476603940034628693
47.192769569325854206 35.261638018173535158
47.095544330536661448 33.04667209631244873
47.024880950719357031 30.845757314672514582
47.909145164529853389 29.170500865378460986
49.813162491022765721 29.004469965091558947
51.810446772537218862 29.266196269150679399
53.732616299994191422 29.528209342277520477
55.770658171394231317 30.153546955333776936
57.798535537390478112 31.005963387113627761
59.653047896695525765 32.043599324186502031
61.29885384563439743 33.202779041019546469
62.872282236834479363 34.572068778541307665
64.05630747844153916 35.819102702116090597
63.841554585581796744 37.598397231988606393
64.961907470464211656 38.381539769174906951
66.270782287584694359 38.913017293528156415
66.46993610998829638 40.250242723791785693
66.818317774925617414 41.894115733156667147
67.804895177221027325 43.431456789066025692
