59.325915842981991943 50.860059447356469775
59.144395971356253483 52.225881777428739383
58.141117504730942755 53.216672757662784932
57.54438819249057957 54.224573256156567425
58.176757311334974077 55.459889126473207455
58.333750398967126216 56.650984067605826056
57.786589511596261559 57.916640933695653359
57.163274366677946148 59.266081261315449069
56.375651796596834231 60.467703586072531152
55.242590729945128203 61.411810385991927319
54.683786976559801474 62.736003467526956001
53.938692281569686315 63.910864854245247102
52.944208254132774982 64.890217386660651755
51.917041919721079068 65.771298970325787536
50.80497577078006799 66.600100242912674275
49.717883648696215459 67.302172683537008879
48.707452163761708164 67.870149167057959971
47.419150247574833656 68.031482700646421335
45.922595582988336105 68.162284764805420423
44.745190076233960497 68.959951146063062311
43.706339913257053809 69.693644131366212946
42.484604574461748427 69.868353911856445393
41.206470888597031887 69.867785065675505507
40.135617008010825657 70.146162449442883258
39.173697788145204868 70.157611986220942413
38.19093415076522291 70.121491044332003639
37.217714142291342228 68.980772862002595502
36.229534995489451887 67.852867624326847817
35.049997987264397636 67.628597781972160874
33.675080164278718087 68.118869438128839988
32.204443461593832865 68.068549518072501314
30.705364180182396439 67.694092763402011315
29.73512677915458724 66.944661180437151415
29.820126854291970631 65.574168475753552343
30.094837649919742972 64.09267792042949452
30.311490098632702939 62.601157575165792935
30.323821891528382366 61.080928758689083224
30.057341695724911546 59.610043143005512434
29.901251169117625039 58.152898147936383566
29.60312053075131189 57.024525508537074359
28.678076349379036714 56.517356010962977564
29.123345207637974852 55.577727736459081598
30.020558705277078815 54.383293990118161787
30.607751884311902302 53.099029663476542851
31.573239146967161162 52.110676997181073489
31.449174743444128666 51.284939080219807295
30.207125876167960854 50.515391313435650034
28.823191556548025005 49.998627980966141138
27.348461278827478793 49.702953081089418674
25.869323139684023971 49.417868672541771957
24.390185000540565596 49.132784263994139451
22.911046861397114327 48.847699855446492734
21.431908722253659505 48.562615446898853122
19.952770583110211788 48.277531038351206405
19.53483041931296782 47.988425001294473304
19.664238767887852077 47.02208504666040767
19.934390252618889861 45.638013816601073813
20.300664972081591486 44.278807411865884092
20.733925486591619602 43.020851532128432382
21.243081161060157314 41.80923481959249699
21.776781594008575382 40.733923051105847435
22.344569258389991973 39.740700763560951714
23.036364195083702811 38.683678581166887511
23.858253246516333945 37.591863350677073186
24.748205823204749265 36.563660240719372041
25.749498876961396832 35.55744547069703998
26.869345261008167114 34.584614949746651291
28.071729112032617337 33.688146138196358947
29.316141296866852883 32.897020580089943564
30.567119891379949337 32.22350445921665596
32.009755596660241395 32.235639015340908031
33.356975832161694484 32.45109670570045779
34.092059268148396711 31.567675418986421931
34.670651840925337694 30.730368409637261351
35.402850886594464441 30.565999568624572902
36.292696099449926805 30.404577743969756654
37.418717097974116825 30.550625902085780439
38.712853932977857596 30.171476496621608021
40.032419780828234934 30.168568552797658811
41.373002564383213553 30.587255669569994865
42.750003652778559626 30.438819369598306253
44.037134942412535565 30.700119484815353132
45.41412833765512147 31.079499629193747978
46.823654438404190614 31.581229443839461624
48.195471965080741938 32.188753281385032778
49.49376471149909662 32.883310148446469157
50.669012807582944902 33.624725002678282237
51.7760261459917146 34.435006725537647299
52.865835589822253837 35.356372082496818621
53.86376245816395425 36.32861413548707219
54.567636910631932778 37.103487146660079077
54.34447804943396676 38.356487356111387044
54.39707710604097457 39.415993634782680033
55.644602102951772338 39.592599680541134433
56.594616932728243341 39.916104017386231817
56.992016494577264041 40.614047874559048523
56.77717281918049963 41.774546357694561038
56.98957384564992168 42.902575070894961584
58.063557201202321778 43.785352406026909478
58.229366229269473365 45.040610619941858772
