65.424571587950907769 47.141857147216796875
65.595187955117168599 49.246487863231436677
63.303420975813054383 50.911004692824207041
65.030191148604245654 53.464545698578803012
63.646135325136064864 55.189443746906306387
63.03324270874182389 57.223712992971023539
61.08147604339492176 58.410906794235444295
60.655752681239121671 60.724266684492185675
59.659812468209217684 62.789113668738316676
57.332664637229171944 63.330461420930490135
56.158241048659903072 65.479569628851635343
53.483268230476681993 64.913201376414093602
51.427001349961159349 65.164907406753968644
49.866554349836356153 67.351055755323869789
47.596170309100727991 66.410444588451596815
45.570957183837890625 68.627817596623103213
45.042244273562559442 52.172222072500986201
44.918535087275458295 50.21125908465068477
39.665243001964789471 65.317775992587030487
37.655774382336772987 64.919651444403001506
35.061345358238760639 65.345037718560263329
34.184945489551658682 62.813360481669285207
32.511258299073077183 61.646115738129836359
30.45569921368615951 60.751695215458127564
29.488754278222607752 58.82625811756211931
34.855446345942965536 53.328456844569494422
27.638977063242347043 55.125687889923874252
26.823151134484174207 53.233388750466495765
28.25915399223022817 50.821590616584757072
26.734062957096295321 49.121693618095989109
42.796466960270464597 47.141857147216796875
41.34802892080564618 46.698004538660697449
41.288199323621576298 46.231526222277913973
25.669788713335758956 40.675571375613884584
27.52229116689820998 39.106074504038744521
29.243098453216983756 37.714962166072666605
29.230836964855441806 35.270068334281575062
29.958328655842226595 33.084180654104983432
38.204674006740454217 38.960772502667147421
33.557248978295007191 30.606399636292884736
35.248085831662741896 29.262118575579709301
37.488348696773840629 28.988016652118584915
43.282091613250187834 40.097449654027187194
41.043382695849736308 25.841288815079490604
43.54455043930001068 27.861909496263400854
45.570957183837890625 34.803804975473696004
47.600652289987657184 27.830622865430044044
49.868178318413683314 26.925016395468180264
51.719254260292913727 28.219343042532376131
47.365467199839741852 43.111316706670429255
47.898851014113517977 43.109825812142297252
58.23024726240413429 29.71783205594535815
59.736898139936087659 31.408984289528852685
61.235147683787822359 33.037754037358148196
60.092764113467502796 36.591148641834841726
63.906413780588394502 36.555875718217173187
62.512903010352872002 39.598818005897697958
64.721806267839497195 40.919365079500046534
64.042767191327271803 43.215553276503058555
63.756161963579586427 45.230512295506940745
