39.807155206114963164 20.283290863037109375
39.97776775872414845 22.387921577718024935
28.820207572116729011 22.167958787206618609
39.412770956266079736 26.605979401488113467
38.028711317285889493 28.330877455134352516
37.415822516111816753 30.365146702030813231
35.464055819582092965 31.55234054760295237
35.038328628938543829 33.865704260622742083
30.323064356140228881 31.799817699271216043
22.879730373931799647 24.310851968300184467
23.031461309177064578 25.614417375618259598
27.865846126594846055 38.054635092234398996
23.144791891658726968 30.104967088744771786
24.249130278321977983 40.492489483957918139
21.978744508480470898 39.551878291873919125
19.953535079956054688 41.769255127140681338
17.949629074811927154 39.349189685868523725
16.327372839600613474 37.343045320605760651
16.570709020073550732 30.694561250891275961
12.038351346261286778 38.061085169787119753
9.4439232543569264777 38.486471434380568724
8.5675223945786349589 35.954797985001917482
6.8938380313516933739 34.787553204549269026
4.838276661550214186 33.89313277772039612
8.7918310245211390708 28.39274066456154344
0.80670359323822538045 31.337719374429493513
2.0215551970474230359 28.267121604100832855
1.2057283163280452243 26.374822469307389383
2.6417329705675776097 23.963026003256157281
12.253759207147584931 21.092568541428100559
0.015062539537016306213 20.283290863037109375
14.315337706143264285 19.690693788367585881
14.567390121471561315 19.138431474587537906
9.6634867693592347848 16.939851892087865792
1.9048692966448577124 12.247507276943478516
2.2626012392333905154 10.069426856665259606
3.613416061611772534 8.4115010846660105415
4.3409060165108588336 6.2256163423695589643
12.205446523117036151 11.678166341610719314
7.9398258722039631863 3.7478367252359596762
9.6306637111145629859 2.4035534931152326976
13.225289095870319755 5.1714044017052902547
16.805660950287645505 10.595130243364094369
15.42596053598116157 -1.0172743577583212016
17.927132046482363137 1.0033470376732616103
19.953535079956054688 -0.18657039431351662984
20.808234862983251645 12.151362621954419296
24.250754267255089758 0.066453202243035747188
26.101832154413017406 1.360778069005665003
21.443090633909953624 16.937694605046512919
21.996637296849776533 16.744538223655187181
32.612825280523992433 2.859269198265170786
34.119477991180708898 4.5504175715313515127
35.617723677650005243 6.1791896661830598703
34.475343895872654798 9.7325813749919642959
28.625495622972422893 15.27653109666588982
36.895479047848652954 12.740250877484658787
39.104386082105541789 14.060803596928625581
38.425346990195365038 16.356986970688168981
38.138741731262101098 18.37194948556001961
