47.201694085509494414 43.410083770751953125
63.107040216854009884 45.514718326842995566
60.815273240217351258 47.179231316359363291
62.542039589921188281 49.732772347935977564
61.157983781603682871 51.457670355256929895
60.545094973146120765 53.491939616506179789
58.593328307799218635 54.679133417770600545
58.167601105446465226 56.992493336347614274
57.171664632507784631 59.057344197106345973
54.844516901633468819 59.598688044465646385
53.670093313064199947 61.747796252386784488
50.995120494880978868 61.181427999949242746
48.938853555538329942 61.433130234705956241
47.378402678975561457 63.61928240448649774
44.01749234526248955 52.303007437082243314
43.0828094482421875 64.896048034855525088
42.827019667931509161 45.843742370199585423
42.974422830441689314 43.91999983516249273
42.371545926259443604 45.599125266171924409
35.16762291796644746 61.187878106193380745
32.573197622643057514 61.613264342095412474
37.039975579452232068 51.727331450793755607
30.023110517706207645 57.914346135149699535
27.967549556241678488 57.019921822889244822
27.000604639275145757 55.094484746598503477
23.935976738007045839 54.464512227715651704
25.150827426151355581 51.393914526605861681
24.335001494157026514 49.501615382056534997
25.771004358773510035 47.089817284755689286
38.006064184523566496 43.943672769244436438
37.067306651432573972 43.410083770751953125
21.745314225655707929 41.167419785694093548
22.195122437998758613 38.970269896021854095
23.181639010094887254 36.943801999419918047
31.120794268458332965 38.084250646211501135
24.449744355185444533 32.652279170775699413
37.940010126270500734 39.673625214580809484
37.748508834432143999 38.607057424380798238
29.406112912780585589 28.220576272630520265
31.069099288046153617 26.874628201545405659
32.759938096067038771 25.530345199114865551
38.145903330102711948 32.321610017592796282
37.423468314825427683 25.992421434558426796
38.555234925800661472 22.109517353286570085
42.6286837103601286 39.089379881298775388
43.0828094482421875 37.848047834360414754
45.112500843790670046 24.098851407254766599
47.380026659092706609 23.193244903177362204
45.667370584845713211 35.455615861590580096
51.278301422073575111 25.002704670501309181
53.394834180916156186 25.549132096137107339
55.74209959652367985 25.986060637480225211
57.248750404340384534 27.677210913064008935
58.746996092546922341 29.305982522764669085
57.604616377871799671 32.859375265369997976
61.418266044992691377 32.824102341752329437
60.024751505962711917 35.867044732532264106
62.233654722707981932 37.187595533617823662
61.554619455731568678 39.483779900038214805
45.658776444823871543 43.139339962759386538
