96.553615167052470269 86.09493255615234375
96.833789634573776084 86.783074673359607232
94.869507186340285898 87.069068629937547144
97.138101305171559829 88.321128339203767155
96.504266813285198623 88.863233546468876511
107.74885701978310237 96.176788415427623136
105.7970903417074453 97.363978416737921862
105.371374683301255 99.677338218957345362
104.37542647566672827 101.74219698744528273
102.04827895387501258 102.28354064616300434
100.87385927921312145 104.43264116708213862
98.198890052916709692 103.86627302666310868
96.142615908687147908 104.11798655244561473
94.582164638478516849 106.30412739536978961
92.311777364828330406 105.36352377358745969
90.2865753173828125 107.58089682025591571
88.282669295799678366 105.16083519195321117
86.660413176294269988 103.15468322012355884
84.380857424316360493 104.27085524985031384
82.371381367813015117 103.87272317043934322
84.337067450425891479 96.399770757362119866
85.216371027945285732 93.073469474700885939
85.169595020229962756 91.777909787570322919
84.594317642848196215 91.220262065480184788
84.944818486114428424 89.97594681575955633
83.020355808518857543 90.290084977603754623
85.18560774941400382 88.366036316821322316
85.120003313662252253 87.773649272726061099
87.097830120061800585 86.772722816524989753
85.900225475262715236 86.555955200066406974
70.348102702457964597 86.09493255615234375
68.949080065946105833 83.852272660283233563
69.398886394207579542 81.655118707689013036
70.38540301532989929 79.6286468364192217
72.483930551458428226 78.168681359891436955
71.706150780732841099 75.36753171434141052
73.946453202457419707 74.223139912821267217
74.673942888534028839 72.037256158726307831
76.609878823605512821 70.905421205800934104
78.272863242345849244 69.559475085040645581
79.963703991873799737 68.215192061770920873
83.402769821461888 70.633663681859346184
86.040415244442911558 73.02658785004614117
86.79684995265951386 69.677075698943141902
88.750200575237897738 71.477277406021329398
90.2865753173828125 69.016077619516664754
92.316259309050408888 66.78369830900891202
94.58378856561239445 65.878089842438384949
96.434868599935995803 67.172416550876135943
98.482071119103565593 67.687549647077929649
100.59860002428646908 68.233978959310377377
102.94586138934207042 68.670907325450400549
104.45251222443788208 70.362055672761258052
97.501291382612066627 79.598770009056281083
95.041463994298396756 82.640304733983612095
97.714946083476732497 81.806153477590498824
95.371034371112912709 83.831186367480341914
96.829716431829154999 83.968937094287070977
95.608852935024813746 84.963649405094017197
94.994763468449818333 85.600086086257419993
