59.270309045226291289 50.159088134765625
59.440917782998027974 52.263718850780264802
57.14914700442608364 53.928235607783165051
58.875920976485105029 56.481776686127631137
57.491868960953610213 58.206674749639653044
56.878976359126326656 60.240943966998806047
54.927205871275781135 61.42813778178427242
54.50148634931692726 63.741497643720748556
53.505542296090077059 65.806344656287137695
51.178398280156031319 66.347696222923218556
50.003974956269559016 68.496796648687109155
47.329001747252647192 67.930428605276389931
45.272731119014892442 68.182134598719628116
43.712284203344701439 70.368282922728141671
41.441896452641131532 69.427679376996621841
39.41668701171875 71.645052398869196963
37.412780990135608761 69.224990770566492415
35.790524870630200382 67.21883879873684009
33.510972879662645596 68.33500318162512599
31.501502384085558361 67.936878653414510154
29.49038820456163279 67.351942338024372248
30.369691270509157732 62.611212038635414956
30.322915177768219763 60.25874460897958329
29.74763797630830453 58.865136661512664773
30.098138797082597762 56.929411321707803495
28.17367617209658448 56.650242079012443241
30.338928251038833395 54.200764982568891526
30.273323571443636837 53.129945643625873686
32.251150807237976892 51.682167480848498542
31.053545744061871403 51.038090556985416413
29.715082301456988034 50.159088134765625
18.079195606861826917 47.916424120857506352
18.529003827338932808 45.719274207501989338
19.515518541216618331 43.692802363162712709
21.368020994779069355 42.123305491587572646
20.783623862145581995 39.401283472201825475
23.076568706592190949 38.287299312873926738
23.804056533296517273 36.101411689496700319
25.739992406753330556 34.969580615802037471
27.402976871428826655 33.623630643747816293
29.093815686209744342 32.279347640384202123
31.334076627505481838 32.005247635126337968
33.757345878301990183 32.741425798572095118
34.889112523730595683 28.858519802628318729
37.390283972159281234 30.879142402692785652
39.41668701171875 29.689224821054754244
41.446378407267232546 30.847855771268438474
43.713908146294542689 29.942247383017008389
45.564984088173773102 31.236574030081204256
47.612182818733124634 31.751707135396721071
49.728715622590648593 32.29813458946428284
52.075981096891922562 32.735063182924683645
53.582627967816947034 34.42621527707768081
55.08088141844707053 36.054985127173424075
53.938493941348362171 39.608379629383669851
57.75214747905005197 39.573106802559124162
56.358636607028209653 42.616048890347151712
58.567536095720349465 43.936596067048874659
57.888493213708272833 46.232784307322297934
57.601891791460445802 48.24774328305576887
