101.79367406597825152 76.69256591796875
101.96429042808995291 78.797204311468732385
94.970329505729509378 79.462242456211782837
97.138101207306092988 81.630721841085943424
96.504266772755158854 83.176977228809278131
96.841775409534051278 85.296081639135152841
96.030176186974543384 86.929644322377725985
97.024855213086411254 90.274971580773751612
96.028922708955519738 92.339829948838911378
93.701767115605250069 92.881174006126343556
92.527339614981713112 95.030282270308589432
89.8523781155146537 94.463914060875040946
87.796103705764409142 94.715620031916216703
84.105320125626263916 86.879330278865438686
82.87744345005562252 85.611234967157713527
81.94005584716796875 87.719049896427790713
81.023971623719262425 85.408546356533889821
80.444226783042367401 83.729886189689892717
79.114781901648186135 85.387874776974840074
77.911900403813604044 85.739971403572667441
75.922227517105071115 87.115759358169412963
70.554047832015342578 92.364072968625777094
68.880364398587261121 91.196831964308898932
66.824801688505701236 90.302400167950196419
65.857858640605513756 88.376970671364077248
62.793229009815973996 87.746994636190180472
64.008079503269314614 84.676400390022877218
63.192249781704468603 82.784101286334916381
73.808851637796180967 78.420908990596046806
73.519068457354975976 77.57765227977846223
72.938923014957950386 76.69257349556649217
71.607763719297750526 75.606607331442646114
71.726332114082580915 74.521582657289286544
71.943683869870312719 73.444549824245171976
72.297773352982744655 72.399546775323031511
63.306996584561971986 65.934761130229816217
65.599941351840243442 64.820780917516430009
66.327431124339668145 62.634893250138233611
68.263366992006808687 61.503062188708682356
69.926351471306972485 60.157112210855146373
71.617184468326669844 58.812829269076004834
73.857451168025576749 58.53873114793313448
76.280718284834208021 59.27490556827891055
77.412489533576092526 55.392003192033754999
79.913652813694284305 57.412622092604905788
81.94005584716796875 68.428965192758852254
82.593022802654090242 70.480017844689783146
83.40632179977119165 69.794342102026107
83.812920182960283455 70.928512380314330699
84.478020125556852804 70.992229613385248399
85.35482585340717776 70.778015964946689564
86.655496045831611696 70.202334096917809347
87.429503020133878977 70.595928077788826727
88.888452925015513983 70.43620318970840799
96.461866270461612771 66.141860785419538615
100.27551631449927072 66.106584585762249162
98.882005339378082454 69.149530256682481877
101.09090876364248857 70.470081534354363839
100.41186204915749158 72.766262090525415829
100.12526440403600247 74.781224523492866751
