60.648349778849443226 55.063039642984939803
60.532762961179109595 56.362202455797344669
59.660704784907117926 57.318411069807261526
58.871505475841679811 58.216714286226256547
59.25386674916823182 59.330387359890714549
59.795528656189659955 60.49229727432479109
59.401824740238311051 61.610414056399420701
58.761441083094823057 62.823658485898924653
58.225230613187861195 64.095854860353284721
57.270467912990497439 65.058087241037725335
56.32659812348073558 66.011998726065456822
55.930770400337131321 67.336222741264350589
55.101970683522338845 68.332918880570247211
54.169296255065425783 69.234534709630096927
53.206774180164273957 70.052598737078852764
52.167762764204852033 70.826930859074835212
51.147019212890441509 71.492185387360777327
50.201620070112923599 72.033350481214299066
49.09637847822529011 72.313580912936103573
47.682689632860650875 72.319136111753081764
46.446809877826531476 72.826938224832034052
45.528062789463618287 73.830720585174574921
44.444264257533490081 74.066151426034252836
43.222299367869652542 73.978321166280935017
42.128891831807870005 74.363631821243671993
41.163540723190713777 74.407320993951756805
40.278170551932610977 74.406373222928465339
39.352401983528849883 74.218833989296285836
38.44608183239369481 73.114210229051892043
37.521577892987693303 72.070579726762119321
36.420373453609080627 71.862703302742445999
35.142969222854333111 72.343080620384114354
33.78049701922675041 72.377803160611975386
32.378780834480927808 72.302169618881762858
31.254654877718031969 72.018159231575126
30.497911602010596255 71.588874779382194902
30.304683626470268365 70.550982060761455728
30.348237691906518876 69.14199042981337584
30.352128409702793022 67.736813874683107883
30.285042218018912052 66.336712870767698291
29.994716258479378723 64.948027077985003075
29.893838426752690651 63.53673801092637774
29.746340675880372117 62.331850648363612777
28.806401872752186222 61.725477392209754157
28.81340408317945645 60.923921462077103683
29.661148709625035025 59.850831956419881408
30.251875433780991642 58.662330459095592516
30.778398970640807875 57.494017259702452805
31.679846712009837262 56.574240523731269548
31.484181878390529619 55.72780929770363656
30.448822553658761336 54.810980670808191917
29.395727467768185903 53.83508837950948589
28.71970762542102662 52.70396000699307848
28.826547811631058948 51.324911764242507672
28.439647659209498443 50.241147257683920202
27.325585845929449391 49.446112506571964218
26.157155460871884145 48.671663602489466882
24.988725075814311793 47.897214698406983757
23.82122423925257948 47.122081616106683555
22.840562650352726592 46.209428712025918173
22.977962608562684466 45.223192760798468726
23.48992107181165423 44.294604563047101919
24.090720815055671977 43.333570689139534693
24.816337177667250558 42.313618775860838639
25.619591088249386246 41.323409191064492063
26.49080550074304341 40.379793298639640398
27.473804649984653992 39.446863061528723904
28.548176833060470159 38.559177048707354629
29.686777135594674348 37.745136116766687451
30.849250594186035102 37.029918321554035288
32.01876730479521882 36.414517646589004585
33.384421443845440081 36.497678376731094829
34.649737924146549517 36.717900712019556408
35.370977593532536787 35.958187803519486181
35.875734950086723529 35.012868399436655409
36.547994785775067328 34.85649980817655802
37.331717305020035269 34.704698807899625024
38.294192332006446122 34.689503617230407428
39.467885448815600569 34.656166111463150514
40.698970053331578356 34.411805273348583967
41.934917045724496631 34.604947077113287435
43.203817476002086551 34.835989962443946411
44.4587544227449456 34.760100247230440118
45.674149997986432936 35.02938341762919805
46.973369137409164864 35.413948674917079984
48.288196013372882476 35.889910529919916371
49.565757596421853748 36.463335377922845737
50.7781051635699896 37.111995088160476541
51.881866044428107898 37.801244381660552563
52.917140467194286657 38.544424522532139576
53.941932208574286278 39.386158500107924851
54.911538298273100622 40.296817689075652424
55.675729202608977175 41.107943295042105092
55.866135666021364159 41.988314835273811809
55.542423410087415903 43.252645078197012651
56.158565371094518071 43.82253896117762082
57.522150449511421755 43.84016455790470701
58.036433511741478242 44.366283728841139578
58.415912229063629013 45.050026950918137914
58.039686385428886695 46.244919151635436094
