81.225032403380595269 65.77490234375
81.454112817572564609 66.720399179717674087
79.630180341841878544 67.299325485593016083
82.350267109142691879 68.98899036554323061
83.813440290567982061 70.83051894237441104
89.920617594477889156 75.856758175983173942
87.968850941859727754 77.04395577720174515
87.543127556348224516 79.35731569885523129
86.547179605565688121 81.422158965377263939
84.220039515507593819 81.963510431907593556
83.045612014884056862 84.112618696089839432
80.370642982604209692 83.546242814260764931
78.314376105666752892 83.797956457697466703
76.753925438696256833 85.984097131712516671
74.48354508146958608 85.043493610776977221
72.4583282470703125 74.384127105900446963
71.893523924634678224 71.148689146071333766
71.784168280367552484 68.946583577584377167
71.01307509558640163 70.222927479198020251
70.443593140453941714 70.300075876874785763
69.174150125582556825 71.463270650282780139
69.465958610446307375 69.893552780310756134
68.68370160845974226 69.967049961296268634
67.098376477137165352 70.601022254351235574
56.376127233804339767 77.459307108147783083
53.311497494462869895 76.829330887799599736
54.526351903171658364 73.758736815804127218
53.710522181606812353 71.866437712116166381
55.551149916885542268 69.368633098458019504
54.353544966140432848 67.677796072400539629
53.361526622135698972 65.77490234375
51.852945894793258219 63.609188567152934013
51.57064314975869479 61.335088442753139759
52.557159776568184384 59.308616572147087709
54.409666037151573903 57.739119717813260024
53.825265097497144495 55.017097681186200475
63.478405149028894527 59.250601860250533548
64.270820965187027696 58.402837643528556555
65.70394929939736528 58.273402125716138755
66.531904250440447868 57.617870343220154439
67.152493502984981433 56.584920067337399985
68.103789072442665997 55.99444632123586274
66.79898354257046833 48.357238021052779686
68.608396679450393663 47.662389029212491209
70.801424365489253887 50.010495786093017045
72.4583282470703125 48.930140119516664754
74.118527844630236245 49.979209126353076442
76.077906522463266015 48.746116622606535884
77.746819228145980674 49.498618925458970352
80.653824059378308675 47.367523254086606244
82.770353005514593292 47.913952591362289013
85.117622332243485062 48.350877391909058645
86.624265265157532667 50.04202937502991233
88.122522653798625925 51.670799336157799075
86.980138856303923944 55.224193652428063217
90.79378871440161447 55.188921011543499162
89.400277842379779258 58.231863099331526712
84.427677862283559307 61.885826299343413837
81.057186746934874577 63.947158806022549982
79.906735727230639554 64.992040626351510468
