58.024357665660453165 48.539537139043254399
57.842840363830688943 49.905359477857217598
56.839564023787062297 50.896150490441371517
56.242835559478521645 51.904051005135968921
56.87520319423783377 53.139366847280903983
57.032194703216795517 54.330461940519683139
56.485030982647636222 55.596118615549698916
55.861715006597300714 56.945558953351550713
55.074094410446910786 58.147181306674774248
53.941036840665653074 59.091288137643800837
53.382230917021523453 60.415481241792882372
52.637135473641151862 61.590343786055640862
51.642652370357957636 62.569695308095880648
50.615486202161960705 63.4507767292444953
49.503418484656748433 64.279579079263754693
48.416324235487856242 64.981652646368331716
47.405891976104037155 65.54962924767752952
46.117591756706161732 65.710964188616273418
44.621041037198970969 65.841766277612876479
43.443636697200808783 66.639432678463407456
42.404784128796784159 67.373121856156558351
41.18304892747539725 67.547831316759157971
39.904915244131004215 67.547259349931749739
38.834061502679134037 67.825640136481482045
37.872142112592499075 67.837089677360921769
36.889378295359840365 67.80096872235947103
35.916158503065176433 66.660248139135276801
34.927979298899948901 65.532346803697649307
33.748442273058124385 65.308079140764405679
32.375450262495640175 65.794025995559820785
30.958235750594504054 65.679749360492166943
30.042144167448437742 64.740962703268039036
29.667248953356228469 63.276568450769467233
29.704012306082578476 61.782292589140794803
30.001610929693740104 60.28996530036188517
30.271964121611080856 58.796359154659747048
30.320826030285378039 57.298207192236432661
30.02973426213656083 55.836163056956401363
29.896709194695539225 54.421343962296461427
29.257526749644082287 53.659449269785596925
28.671635114835677172 53.196273654844887346
29.495166278004038674 52.180460583580867251
30.183042802427937801 50.950202223264952295
29.874816364396540536 49.78856526745499167
28.594696181890476794 49.565084922145388191
27.092041807017341881 49.60594256160465676
25.589387432144210521 49.646800201063918223
24.086733057271068503 49.687657840523186792
22.584078682397926485 49.728515479982448255
21.08142430752478802 49.769373119441723929
19.658762328005277453 49.662209825216152126
18.68015902227697822 48.732719217509185228
18.119604440224083675 47.415597182511845631
18.183368130455178857 46.187864812636682643
18.333069727420607364 44.8940731968109219
18.590925868060335091 43.502046577196196608
18.945797391359814554 42.134476547488382892
19.3705222875450076 40.864354040162645276
19.870498524546441388 39.645070111134273816
20.403950650658345012 38.548028853921685766
20.961660657001495167 37.554673459326423313
21.63399406639730671 36.508424039555279705
22.442496555654461332 35.414053050457624749
23.323066039133777849 34.377703929584527032
24.306769610095855683 33.370354282417828529
25.413028601637222437 32.390051818450686483
26.605963012558603964 31.481945040571471139
27.848770328910539718 30.674596856327259076
29.093921773088560201 29.98869811651078976
30.42606814087712408 30.036028113765610215
31.683287187555848163 30.811266414285459092
32.750790863813492138 31.145598134559602244
33.34931731213109174 30.076117581138070989
33.877081102348093111 28.857023885418666254
34.742361971464788439 29.065551100268343987
35.814527907691264375 30.041431889582934645
37.000671674616100404 30.150954608004870039
38.30533165794668804 29.839197837036955718
39.653055991042464257 30.256079902968714634
40.987900291935986274 29.961759754835920688
42.348553150802935363 29.610186811264117779
43.795290687450872724 29.939018964503752329
45.303467445908509603 29.95489782205985918
46.820082030839309084 29.907308981113001067
48.056718004333156102 30.484463851534975731
49.217277587580447573 31.20299100782443702
50.327182578476282515 31.99982201634094281
51.422134393224489202 32.907937214149470151
52.44158849185072313 33.883185983144940678
53.189851652401578974 34.695019552529849705
53.100529441137716447 35.84695159899445116
53.012225858458997152 37.010568635813434923
54.142789032434720298 37.273593454723339846
55.240809042140746499 37.508456216643978109
55.635301621451176857 38.192652979692859105
55.53761739311439527 39.276375406293439596
55.577282348696151359 40.456507514609491238
56.644848925817576912 41.335432724290789963
56.965739305018914251 42.528451289547859915
56.608861510840249309 44.015189918688953696
