48.593196465880588164 28.10561370849609375
48.763809018349590474 30.210244424510733552
46.472038312367558888 31.874764654702087086
48.198812211836667529 34.428302259858099887
37.00686837218592018 31.786449557728865045
46.201867594477889156 38.187469540729274797
41.542341134647941203 37.407366658136552928
43.824373744471543546 41.68802324577148255
42.828433431335909631 43.752874134850486598
40.501289516434127336 44.294217981283253494
39.326862014884056862 46.443330060835933182
36.651893021359839508 45.876957976448998977
29.36831233324229018 30.040658869391737795
29.496967296467929032 31.668852485600854862
29.004598905203643255 30.627128887423975101
28.7395782470703125 49.591577972599665713
26.735672258365205778 47.171508718358055035
25.113414432140164223 45.165364422100772401
22.833864065197211346 46.281532553866327362
25.529412607817786096 35.31576201130768311
18.229966505649485953 46.308798143137181569
17.353564684694156028 43.777117071471700172
15.679880257500142804 42.60987606145104678
13.62431931599419066 41.715451768685404943
24.093462003488024692 31.481213037984254299
21.719076821510117981 32.15890149360534167
10.807598126474768918 36.089444451203171127
9.9917712453508720216 34.197145315773234131
11.427774966191059036 31.78535057257124663
9.9026849734511088741 30.08545017412409095
8.8011046784711517432 28.10561370849609375
7.4020858733558725362 25.862951746394934105
7.8518931760254631058 23.665797776575153932
8.8384087668107014224 21.639331924196618218
10.690912221509979219 20.069829177331715897
22.045504601056677529 24.240789856572440897
12.399458993972281462 16.233822971406475233
13.126948719939921517 14.047938219547495109
15.062882697698951162 12.916104273838595162
16.725868086874278617 11.570158139289546284
21.960015202414240321 16.363063066065528517
21.465306036232416176 11.767333546135294142
23.08023711365354913 10.687951372302567421
24.212001655189727245 6.805047325484096632
27.504736416365108909 16.356888403885626815
28.7395782470703125 7.6357513484595394004
30.7692696397318457 8.7943822983697934603
33.036799394611335856 7.8887748668519535045
30.542212263249162163 22.557674268446540111
31.219633288883628097 22.53531842629054438
39.051602979744281186 10.244662033881247964
41.398872401958733747 10.681590714654877416
42.905519147652441347 12.372738893472632782
44.403768772586857949 14.001511580706358373
43.261385269669929698 17.554903423727743927
47.07503871440161447 17.519632376289596465
33.137277349037333352 26.147632664990275941
34.733162619243714175 26.158178472519011848
47.211384470695051618 24.179308075489782226
46.924783009813182844 26.194270602402021098
