60.910088146458718938 42.183268824609001513
59.267999800045849668 44.123307397918324568
56.515680877385740644 44.281362980119986617
53.62481398870207272 43.867352970236701992
50.733947100018419007 43.453342960353381841
48.62401111235786999 43.288973895817790094
50.425237387321367066 44.374889899231718005
53.007394563307968838 45.710446847993324582
55.589551739294591925 47.046003796754938264
58.093607407900030637 48.415130844978691016
58.452027222649306282 50.515195972297306071
56.680946194664286963 52.624218800820770525
55.267684461559007048 54.932950625439637804
53.28684135703126401 56.680220861691651635
51.185012043629740219 58.097660078409120388
48.874224975952152761 58.743309379997441511
46.627179823086926547 57.838239053781563825
45.527980220103607678 55.207122571495254704
44.483952367639638226 52.488192313573989622
43.439924515175668773 49.769262055652703225
42.567315584698796727 47.853953922239846008
42.553229755173944682 49.963453262406581246
42.710562847636211359 52.876574727081745664
42.86789594009847093 55.789696191756902977
43.003389063594809727 58.694870135532958955
42.055547282802450582 60.816561204181866174
40.188123539700931985 60.820848069841247252
38.282756302682471983 58.992247658923226084
36.095596430698741131 58.486631281721251696
35.487749129147132976 57.012632014821001292
35.943353426575995968 54.113481639602923678
36.000689161562071661 52.151014964754082825
34.475738660833627591 53.9022440374669074
32.704301359566727569 56.231988528141599204
31.043136475692151066 58.142072784254125395
29.651493242757823054 56.913144928714494597
27.463813543501856884 55.127617324437139246
26.969191965255511434 53.533858315410512319
29.004851542513559792 51.526614318747576249
31.106756299403659938 49.507808000318632935
33.208661056293763636 47.489001681889696727
35.310565813183856676 45.470195363460746307
36.4235991249185318 44.030990498506689335
34.101219265440839479 44.687218711702740848
31.382450333063701464 45.709573070120598004
28.667503668427823271 46.736048638211272532
25.95255700379193442 47.762524206301954166
23.431372593247935754 48.313849929481548884
22.849897351572217019 46.253637704753657545
23.025375605278199487 43.828819478337010196
21.434292693197665614 41.385151242141652972
21.168309262990227637 38.920954298873674304
21.59173442988231173 36.327868478322940859
22.261015906518036189 34.77853525786143507
25.0025113105678507 35.552270522590454505
27.777599783098249731 36.406311508041419245
30.552688255628648761 37.260352493492383985
33.327776728159030029 38.114393478943370042
36.10286520068944327 38.968434464394341887
37.870092000265202614 39.284960173654631888
36.072274004194298413 37.735105205532008199
33.773525879939782612 35.956812065531067901
31.474468335733067903 34.179152772098717605
29.17541079152633543 32.401493478666353099
26.876353247319617168 30.623834185233995697
25.186426884498601453 28.694688554676911707
26.731140337172078603 26.904074451445964655
28.843236829484673933 25.017791478854402243
30.944997090758349145 23.596339120997274819
33.123356211228106361 24.997907667259529063
35.04763756098739691 27.135198727862658075
36.49823759083408703 29.646893296665730588
37.91648876410110347 32.14790329014979875
38.48877109420647713 32.203660090548197559
38.069106589502752058 29.392217720675624548
37.62364677703801874 26.506214615878750607
37.178186964573292528 23.620211511081876665
36.881385377494893874 21.285375380900852349
37.964281497791475317 21.084113305107653247
40.286154419879295574 20.905700481782229616
42.858333968211503873 21.133964516928354982
45.445370854108368519 21.323690827084234911
46.845662364412348211 22.821410786008922145
46.112330034342043916 25.572067344750859519
45.263743822952541507 28.360659053380075534
44.415157611563060414 31.149250762009287996
43.56657140017356511 33.937842470638507564
42.759550572754569941 36.683544731854397014
43.663545763651178788 37.17670731519867644
45.86612424954832079 35.322321826327197414
48.111506054031629276 33.472007626388339929
50.406900106390814642 31.679631206453443326
52.702706874028670825 29.887732905540097761
54.998313930463226029 28.096121042271196444
56.213736644205489768 27.769676184338294433
56.108339812253902323 29.839388815048913273
58.150409267277822778 30.425976709242213758
58.643032097905127387 31.998164092283925442
59.27435542609734398 34.120097540229046729
59.698270671483093963 36.518834955076933113
