31.123418404967502227 9.0921154022216796875
31.294032864925320325 11.196746116902593471
18.880212840419950737 10.709758908316823423
30.729034144468077017 15.414804927125995704
29.34497833504766362 17.13970389220731505
28.732085711061159827 19.173971247975906351
20.756351273648689926 15.984496159302167939
26.354595683558457608 22.674524939497068488
25.358657333360788755 24.739375778523211125
22.48864188679396392 24.533527292818249066
21.857084050979239009 27.42982788385651105
15.519667062735356566 18.637471268012255621
11.729598286791260264 10.507227884392131401
11.92899896953736949 12.193403868360132236
11.487125287116537464 11.159822792092851884
11.269800186157226563 22.820534195133845401
10.559943515925700908 15.845947200751012929
10.141859271549009236 14.398661684159694829
5.3640855217035889879 27.268036153074415751
3.3546157724448315562 26.869907817312071785
6.1895287368814635443 17.891403464428030645
-0.11621323027440233489 24.763618762968917508
-1.7898973329300389423 23.596377749455239581
-3.8454589851499925146 22.70195346039798423
0.086346814837954255495 17.217369480278200911
-7.877031545264067347 20.146543902728325293
-6.6621799475851517514 17.07594802274912027
-7.47800681958965896 15.183647950777938718
5.902310865526239958 10.23301081765082543
-7.5670930874619770634 11.071951867849676887
-8.668672428767617788 9.0921154022216796875
-6.575310148068606253 7.2165189656361414805
-9.6178839546884944411 4.6523014880914326241
-8.6313692941023845151 2.6258336179222023787
4.8068723466024776414 6.2146345998534364696
-3.3950709208488589752 0.62534911480877752865
-5.070319070299483144 -2.7796746149893785116
-4.3428296086979294444 -4.9655591005047892139
-2.4068948962217007193 -6.0973925930601158285
-0.74390983781627006977 -7.4433387271815831809
0.94692845436104988721 -8.787622203043337521
3.1871900436286786373 -9.0617231915231499784
5.6104586358891364029 -8.3255459997881047229
8.8538893797474074177 -2.2738496269733605715
9.2433962279603818502 -10.187828426185056685
11.269800186157226563 -11.377746004140558256
13.299491575931813969 -10.219115054533734366
13.413673307479289321 -0.99402038975391882047
12.453737051683299697 5.4483288374808589438
13.00359649702275 5.1979451717037541414
21.581824931716351301 -8.7688353112795986988
23.929090386725164308 -8.3319062625502589015
25.435743097381880773 -6.6407578892840781748
26.933990737240385727 -5.0119857434991406109
17.245920479658565228 4.7502099532204766774
29.605256784420120653 -1.4938659645537590848
28.211746048112622987 1.5490750292008819144
30.420649277804532318 2.8696271727332582913
14.799911163314703799 8.3417672930082904514
14.012583979715421023 8.8038371985359979988
