21.413493544891814224 1.3701427021418328689
19.872321502168595941 2.77919202887879635
17.977286985904576966 3.6413148490789946088
19.314329953639862936 5.1447678578973503605
20.219920996900892618 6.2636222307205962068
17.99549721744286046 5.9468321161328310254
15.42177200262668002 5.4698278464948231203
13.007535714952648931 5.073620845166852078
13.311621690987125888 6.054518933386889401
15.199327022914900454 7.8774429090034168155
16.510064384686117478 10.091734448794786871
16.793428071362050957 12.552729704324853799
15.229124957445991484 13.260137523485168387
13.04940278300861678 12.771416631237972439
12.963371055700726231 14.647914494466501623
12.649872601102613245 16.824425355472413912
11.566646349168362207 17.497738654244443524
10.208101677386942185 15.41758209074655106
8.8300160451355651503 13.206629933067345561
7.4519304128842014379 10.995677775388138286
6.0738447806328341727 8.7847256177089327878
4.6964083147408945962 6.5752418782051300639
3.9491500922646958216 5.7912250824734936572
4.5451793590370419551 8.0457325961938899184
5.2515669069123243062 10.5498711997327419
5.9579544547876075455 13.054009803271595658
6.664342002662891673 15.558148406810452968
7.0991117452851950631 18.024184398890795933
5.7997574886275824468 19.728162203740311043
3.6438026799469538375 19.893816499426144162
1.8646974074770901186 20.181315156977078118
0.87450821662513922305 19.515534638143719803
0.017703178282203226035 17.185324150117004649
-1.8399186541047631849 17.13527179733788941
-4.2424492408147322919 18.091548112295978257
-6.8074322095647739062 18.106264717442485335
-8.7391728232288734546 17.330746299552881595
-9.4339663220766105667 15.483633753644305386
-8.2705865703870760086 13.199720745345700834
-6.9407607273078184562 10.936025295770017252
-5.6162606653614357555 8.6783004132327015157
-5.5204183107693829413 7.7979853464464117252
-7.4896475904497243903 9.2327576487865332666
-9.58003839090297582 10.803360351249486015
-11.670429191356232579 12.373963053712431659
-13.583508724771716558 13.156284692107366396
-14.922906099136827862 11.517909546423897638
-15.830912416214886207 10.068786263171032758
-16.436505778895845964 8.6846833444584223827
-14.426523510997458999 7.2458417193627822073
-12.068362665387606825 6.1312323099397616488
-9.7102018197777546504 5.0166229005167419785
-7.3520409741679042526 3.9020134910937227524
-4.9938801285580529665 2.7874040816707035262
-2.6316340184833291183 1.6767790044333328314
-0.51382157794149219132 0.71205813288100172631
-1.741899091197204541 0.44714756435724167805
-4.3580590575162485578 0.40926565188967301001
-6.972032811016098286 0.36722592132309095359
-9.5860065645159515668 0.32518619075650900818
-12.199980318015802183 0.28314646018992700727
-14.813954071515651023 0.24110672962334506186
-17.393495903612379294 0.1367012213518008501
-18.396708119991192376 -1.1989900491515554926
-18.110504529829839271 -3.4564432164056442254
-17.524227138457131758 -5.8134899305430485228
-16.709978797529707606 -7.9633504792628944102
-15.76971108410620559 -9.8082502057156073505
-14.586102532855999669 -11.625216414088230366
-13.078019286396104448 -13.449412029627040965
-11.260955322316423377 -15.170122248734598358
-9.1721025098369999284 -16.695863158016599925
-6.9941541406420792981 -17.829778661706974674
-4.6015526980389278577 -17.628989162856232298
-3.4086038606488990865 -19.190459058687558525
-2.0858329156949499961 -19.482028929034154174
-0.22393440763460442655 -19.534662024565704996
2.0404735198810866059 -19.810411329974002115
4.3927822346299363332 -19.518466626966358035
6.6764356831035458484 -19.149565169831920031
9.1038126303209825352 -18.33714803832385698
11.422379015230596622 -17.212945156481161746
13.441614401040316906 -15.901032403083874556
15.315737152824510758 -14.330224159853454324
16.70968747013617417 -12.868065011262359576
16.53240457463005697 -10.81314610084095662
18.501409930232476597 -10.367119866952439367
19.231263809835390077 -9.1739213655819398241
19.198090675305230945 -7.1334945432432492751
20.347308429396512963 -5.3304685986355400118
19.051156110389403153 -3.5629717310873871838
16.566853252371142702 -2.8645760383850964459
14.032480294151687517 -2.2215180153150364539
11.49810733593223766 -1.5784599922449755738
8.9637343777127878042 -0.93540196917491513773
7.4559887664500914539 -0.40176629769256116953
9.5300318990142987019 -0.24989305286064966705
12.136400322593120293 -0.15475732366680833296
14.742768746171940109 -0.059621594472966936429
17.349137169750758147 0.035514134720874404594
