111.54109533062668902 90.4722137451171875
111.7117116980733158 92.576844458464378818
109.41993717711365264 94.241364691323184388
111.14671487384809723 96.794906164826414852
109.76265910660484337 98.519811701768034595
109.14976645922398291 100.55406957735036144
107.1979998066058215 101.74126717856893265
106.77228410148818227 104.05462704358190251
105.77634397360395724 106.11947777598734888
103.44918838025368757 106.66082183327478106
102.27476087963015061 108.80993009745702693
99.5997993801630912 108.24356188802347845
97.543524970412846642 108.4952678590646542
95.983074303442350583 110.68140853307970417
93.712686552738787782 109.74080498734818434
91.68747711181640625 111.95817800922075946
89.683578406814135064 109.53811634804009145
88.061321666094116267 107.53196421055473309
85.781766541502662449 108.64813633918120672
83.772290543285436115 108.25001187822354609
81.177865370395579703 108.67539817975827532
80.301469096663780078 106.14372079577421459
78.627785663235698621 104.97647979145733643
76.572223017570323123 104.08205569603457263
84.944818488099627984 95.37104264368726092
83.02035718044061241 95.476191174639907899
85.185607845808334559 93.367035984009646654
85.120003159325335673 92.606122552608894694
87.097830381623637663 91.447772875200513454
85.900225485044018114 91.080476167153122447
84.908207072575152097 90.4722137451171875
83.399626281149423335 89.601128721543474853
83.521948523846162971 88.73657777262565105
83.966640764870064118 87.963562131211432416
85.06892197590792648 87.525439546360175314
83.534123813156000438 85.764869507113701275
75.347362616488680942 78.600428744664867509
76.074852293302299699 76.414544998253788322
78.010788256655246187 75.282710015857119856
79.673772696143188909 73.936763881626106354
81.36460567964280699 72.592480941713134257
83.604864844077127373 72.318378956917285905
86.028139454973711509 73.054549611437863632
87.243307204025413171 69.564030887439670892
89.661081488299444686 71.19227375751439979
91.68747711181640625 70.002352338754946004
93.71716849004320693 71.160987101845321945
95.98469828528789094 70.255378723681999986
97.835777987985807158 71.54969772821590368
99.882980611664848425 72.064838496039300253
97.012021715983152603 81.249832876270744464
97.603584490401985363 82.329393194255203525
97.483327941764216007 84.035273979971449876
97.501291766411654294 85.237434680914404339
95.041462761650464586 88.03540649197680068
97.714946981528356673 86.992258853862438173
95.371033932134338329 88.832192461595099076
96.829716464858819336 88.801403321430356641
95.6088527183403869 89.638704843189387361
97.329411712694678727 89.879223808831611109
