47.582276780999535504 28.97342086770430214
46.189872283789810581 31.356588280816939829
46.483588929635430986 33.387382435485804422
43.742140660911552175 33.028451287176750384
40.500249514452072219 32.32792379574698316
37.911538152035852534 31.919418949689713827
39.584824880501862765 33.416361864688319372
42.270540274234924993 35.365939880014380492
44.441721198655500302 37.140265866172924802
42.559211447710282528 37.613543407431485832
42.360828523278627245 39.74090892425887489
40.999511445830648881 40.379179746951372465
39.066921226534923051 40.653090382185482099
39.2470919690010831 43.707039400851257938
37.882519132490322988 44.753951146573456299
36.176373281917385327 42.112637391053702629
34.464651046060829742 39.27690463134352683
32.752928810204259946 36.441171871633336821
31.041206574347693703 33.605439111923161022
29.375421448468504337 31.121591010742072569
29.1641757011980296 32.770165639359909449
29.734974530989642716 36.060937087490721353
30.012095707861494276 39.364280725775522285
29.729433159144203813 42.689722847515362503
28.969913510089870812 45.91743741633374043
27.64429388169420676 47.469205049447793954
25.621368176940645611 46.28782591546713121
24.395713433494172762 43.418387038866917749
24.727597545468277929 40.153051941678882031
25.120315336956767993 36.895718137070424802
24.616079464382252695 36.472232651660554836
23.07518254198130947 39.323989011322169063
21.513419614917818734 42.241669726511304361
19.86959896858069996 44.482609432830592766
17.552985239256138073 43.355147043162865828
17.717968353547739468 41.222025595704721468
19.558509699528713099 38.468966482016554664
21.400032330719817253 35.715522293897748796
23.227318586243789866 32.969605682067346208
22.939341693060303129 31.870946568193915027
20.203832443123499019 33.548255349826746397
17.437543687788270574 35.379957965013275611
14.671254932453045683 37.211660580199797721
11.850304034433799316 38.767625647249808196
10.509390361694027405 37.487938628402581287
10.106834906970702193 35.627024752680569009
12.68396533891433009 33.632452708115913254
15.345232909502788843 31.85116349308016126
14.359458962743493871 31.150879002804060747
11.094328571881609591 30.959936273762707515
8.7220416507406497431 28.883846017821102947
7.8703867380707031032 26.044367973366359337
8.2492191374944781046 23.346432193056848803
10.247397377036907784 21.995833916870889624
13.421777189003259778 22.647585469992193907
16.603456167110778097 23.545342084776468283
19.785135145218287533 24.443098699560742659
22.368109409777606089 24.961513224365333485
20.901859592410755084 23.214397629557335989
18.334658923556517607 21.133482429663153823
15.763934959825776971 19.057745079318419101
13.194957897438074568 16.981495171787059917
12.313209459848129868 14.838482572951569693
14.369596998049608771 12.667954136369910856
16.587710084233037833 11.841180511964674693
18.960214566664628677 14.077034149201017144
21.05442286719778977 15.958113212417732285
20.896989355734255867 13.894595929977963777
20.137934716280014413 10.737798344678735063
21.44385831625017147 9.6185850473873859556
23.078858454571154368 8.0399393774054033202
24.854644193881199499 7.6909546606482344089
26.35887178535607589 10.217786238241522767
27.252121871320749591 13.395354610349816227
28.144296074529766116 14.124729669862508885
29.037329265369741904 11.066532579615781628
30.348872212480589639 8.23875606715789921
33.083426638299336275 8.1751231270714228572
35.455878429824494447 9.4985713888289513562
34.743753988302820801 12.325136998810320321
33.545143801585517451 15.401248525626074937
32.346533614868206996 18.477360052441831328
31.39068703089725787 21.131316346032818387
32.718616561651295171 19.813886371509369155
34.783828145190561543 17.214355318303304898
36.849039728729827914 14.614824265097244194
38.914251312269115601 12.015293211891183489
40.290538364068304134 11.834323139689281845
42.381323801443819832 13.760352793374778457
42.796056664300913042 16.070698352362853711
44.839868375412152091 16.967234214268547277
45.358402040473229988 18.794796753860758542
46.106154575644872295 20.984720857705728037
44.233695166821455302 22.2625413897028821
41.119554400636729952 23.417604073522234387
38.005413634451997495 24.572666757341586674
34.9424710415705988 25.716995590065415911
35.121769132607120412 26.181578907048507432
38.390644263529786429 25.998423100648476947
41.696754429582163937 25.807460857088052819
