117.69181401959153277 99.05799102783203125
117.86242276241780758 101.16261406636131426
115.57065572089874195 102.82713502766117131
117.29743361445693495 105.38067565920279378
115.91337014932727811 107.10558139292926683
115.30047750318153987 109.13984688710731064
113.3487108251058828 110.32703688841760936
112.92299511005916202 112.64040438293726254
111.92704695906516577 114.70525545912497023
109.59989943912653132 115.24659148710182421
108.42547976261155895 117.39569963876182612
105.75051053631514719 116.82933149834279618
103.69423639208558541 117.08104502412530223
102.13379299240719433 119.26718581579454792
99.863397823430915423 118.32657461847875879
97.83819580078125 120.54395529193560321
95.834289812076136172 118.12388603769399253
94.212033659692707488 116.11774169180324634
91.932477907714797993 117.23391372153000134
89.923009308760754266 116.8357815656085279
87.328583891003802364 117.26116773587784792
86.452180427361398074 114.72949064608002345
84.778504352200542371 113.56225707417218018
82.722934019140041073 112.66783291433324621
81.755991002816656987 110.74238820412489304
78.691361132918416388 110.11241939770982867
79.906211850901470939 107.0418255524734974
79.090385958074421069 105.14951888207502861
80.526388902723041952 102.73772119176432227
79.001299709804314375 101.03782027951319833
77.899723185856402097 99.05799102783203125
76.500700549344543333 96.815331131962921063
83.223334064072545857 95.951505247526483799
83.966640914378388061 94.550841944509997461
85.0689219766963447 93.372737213046420379
83.534123603165795657 90.799530210182709311
84.686901202692439483 89.503016618793907355
84.096947146413498331 86.685312069621289766
84.161507028988708612 83.86847959411203135
85.824483725744286744 82.522533556720333081
87.515324475272237237 81.178250533450608373
89.755583514877685047 80.904148618324853715
92.17885109628140583 81.640326705134810936
93.310621347246467394 77.757420781022801748
96.907434967900456968 90.20240555874789834
97.83819580078125 89.230135541879946004
98.760877658412368874 90.279204608690633904
99.96628055527897061 89.046111982096206816
100.84674907572366465 89.798614360171598037
102.06539930541410399 89.563526182525947661
103.55306017394143225 89.159554218898108502
105.54075557105868199 88.456315180208491711
107.04749025059487622 88.830019569274739411
113.50239000297672476 84.953880163688609173
112.35999923674697243 88.507279149617289704
116.17364852695092736 88.47200950203925629
114.78013816780014622 91.51494124021553489
116.98904870196435013 92.835498967760983646
116.31000200277077283 95.131687200388697079
116.02339673540133447 97.146649701351350359
