60.805404679887871566 57.9027803969738315
60.689817863494752714 59.201943204390026665
59.817759693806813459 60.158151789340614357
59.028560713952508365 61.056454981191428999
59.410923377287225833 62.170128073216872622
59.952587298863363685 63.332038256702333001
59.5588832130067658 64.450155439585557815
58.918497113762654749 65.663398338564036294
58.382288226548041621 66.935593126591768964
57.427524868376472966 67.897827741962501591
56.483654824628146685 68.85174115938390571
56.087830534358907641 70.175962164463300041
55.259030926729749922 71.172658058240415357
54.326354496839996955 72.074275892212625649
53.363834424007279722 72.892338272539177524
52.32482429562153925 73.66666965250013277
51.304078309691163895 74.331925908455531271
50.358678337885493193 74.87309147490242367
49.253438979393017405 75.15332351750998896
47.839748501567861183 75.158876997230592565
46.60386609812378822 75.666677086832194732
45.685120006535385073 76.67046170771487823
44.60132163053802401 76.90589243213416637
43.379355363164791015 76.818059870207477502
42.285948347725224039 77.203372727308050116
41.320598674779269288 77.24706176322695228
40.435229133360572007 77.246113972982939799
39.509460681473392185 77.058570993850679542
38.603139791721055474 75.953948887655229782
37.678634235034714095 74.910321987247442621
36.577429897106242151 74.702445363523679589
35.300027046389580221 75.182819595197059925
33.937553807502588654 75.217544071354467405
32.535836778177753104 75.141912146607722889
31.399619687286936198 74.851377549512989162
30.474966528022122247 74.319975437760007253
29.743316461672218765 73.457922603978502707
29.702383468366317487 72.088655194089156453
29.968710750729592007 70.71506978083220929
30.178069928879420303 69.33826238047645063
29.991354532790129639 67.944623239997483211
29.88913964915855459 66.545283697289391966
29.790955086067814506 65.336155440615826251
28.865437507669494011 64.702031638852972151
28.767085680126694314 63.921061250748451243
29.601364353076284885 62.846069432499170659
30.224782429648005433 61.656384635925014948
30.720271964528681252 60.456005437177033457
31.634779152742044772 59.513921077324361875
31.544404505679732864 58.652325053219627193
30.523434339863904086 57.727986931631825485
29.4688594221622715 56.739417702241453867
28.731642042041357854 55.650134545383863838
28.83830148047184494 54.335813758839165644
29.493598048011175905 53.15291345928312694
29.820669920829345756 52.094649377037811178
29.167878961595508969 50.926733798306976553
28.31985983444663546 49.787131858184224598
27.409654092308155526 48.708678174914879833
26.492266693845426317 47.637286232594512114
25.574879295382690003 46.56589429027412308
24.862034163925535779 45.455532671236440478
25.428783524834102536 44.576226336889149593
26.261801099528334191 43.622739928013992028
27.196545660552768453 42.683245637438403719
28.235726031119426693 41.771401603930478075
29.349214946273100679 40.923758873336055331
30.508884786622473939 40.16235398984893834
31.673323703721980138 39.506612125957936144
32.951788770620488833 39.230055067987713358
34.304684728343332267 39.527455290843526825
35.293504010894096723 39.260979269239733469
35.763419644626949889 38.037994719190820092
36.414352799415802053 37.760858321634955814
37.131143547330182741 37.609685205417477505
38.007664957396258387 37.461644738425121659
39.11018440284821196 37.64571121486694949
40.328964254140949208 37.259633434886708869
41.559361020243024143 37.262393539980088519
42.809760917447434281 37.679213323078997178
44.103421661987283642 37.509824369226919316
45.300153723140070383 37.741690077633442968
46.567923456990712339 38.071642032315708093
47.880582412384519841 38.526716773286182161
49.180144730397003627 39.046337265934525362
50.42754441891544559 39.66704824472195412
51.5790999217867423 40.341671472898617878
52.63275596973583248 41.055004193423634717
53.663011048647227597 41.853831901298597984
54.663639742861562354 42.741383184301653841
55.544921657294693773 43.63142891655802913
56.1422423140223259 44.303399719088268682
55.786059261285494415 45.589066573297294838
55.896503761588583359 46.532607318688008036
57.077052453842611612 46.685474795914736035
58.037971188673637357 46.942930376068851217
58.405529561946536887 47.580274792091550751
58.374016341808271591 48.554349673777430496
58.248708846692466068 49.704769805176816533
59.185966291269082262 50.537096605306203401
