60.757898513221498149 56.028121027365948237
60.576382873711914101 57.393945439573329281
59.573105307100064465 58.384736692727571494
58.976376008162347375 59.392637117499589294
59.608745063348415272 60.627953141481299326
59.765737064545120916 61.819047566573445351
59.218571477046083373 63.084702150941097898
58.595254609417530389 64.434141618365131876
57.807634022146473285 65.635764918501322995
56.674576839242043036 66.579873750005504007
56.115772670084197671 67.904067531285434711
55.370677957190466145 69.078927360691764648
54.376196857449791366 70.058276917232149117
53.349030655652612154 70.939358493615728207
52.236961376892111275 71.768162039290444909
51.149864722003989925 72.470237005743541658
50.139434412355569748 73.038212362218374096
48.851137000816130751 73.199544904144602242
47.354583414082718207 73.330350099274411946
46.177177894222189991 74.128018945654858385
45.138326207289125591 74.861704756555170093
43.916592313461684682 75.036417744248709027
42.63845864832060073 75.035845774998364277
41.567604770461997532 75.314222752177258258
40.605685550596376743 75.325672288955317413
39.622921913962514395 75.289551347112194435
38.649701868240164515 74.148834559715950832
37.661522621884259365 73.020933214365655317
36.481985587839155016 72.79666554742711071
35.107067638031473678 73.286936591831405963
33.636875885543496167 73.263017399009385144
32.135493285395156704 73.251100103620302662
31.046974902712491939 72.760641479052836189
30.059461719882435204 72.167364637691505891
29.615904905666038616 70.89395471788731129
29.806761631502695309 69.406069490396049559
30.113045006765258194 67.912976616029638421
30.083265055700834978 66.419020099075268604
29.874933456638196105 64.92583203867992836
29.863203562436812177 63.552912221080426036
28.96997259713553774 62.801856411367438682
28.752608930046111624 62.00244196932811036
29.629913292386063972 60.856887522615856767
30.26435357959814354 59.575362394290728218
30.876082565784731315 58.335581233923306854
31.750939048354599237 57.359386847517143337
31.24193157151806588 56.438668433712720685
30.112523686067280693 55.413272437949096627
29.038941726605830951 54.343254618147014412
28.704080057201057485 53.041114812344879681
29.190083301683152683 51.677074780866071535
29.754783084127485182 50.605775492384346137
29.005236856418548541 49.685103507362711639
27.80752194251973819 48.782304679609879372
26.609255029361193579 47.879527356305722208
25.41098811620265252 46.976750033001550833
24.212721203044104357 46.073972709697386563
23.475899813263851001 45.418228710419995764
23.767661199994940091 44.923352241935134543
24.417625653501218608 43.924489765323052382
25.233030603280944604 42.831082771532123843
26.118138652690873869 41.798981319453261563
27.110637666972117188 40.792144603951960846
28.223769755191892017 39.815482722246102298
29.4214750966232792 38.913157224833966552
30.665245190240057127 38.113846548869162234
31.915517600157734535 37.433051564385820598
33.343865812782510716 37.382341322993696053
34.713948006954346681 37.630109319123121736
35.492140426632040828 36.826151334361249212
36.054653431124819463 35.910213577372665839
36.782541969200480025 35.744846121062550992
37.659884363212533742 35.582994474491449921
38.767833472250146087 35.709960499844889625
40.05591614490561625 35.351390419628302197
41.375746045897585645 35.334094746917379837
42.71411847000443629 35.742041122425867172
44.095953652307002812 35.592529619605272728
45.381172371987624103 35.8475061018261556
46.752000999318653385 36.218230637701097407
48.1626392010361144 36.71247883628129216
49.537541475418606751 37.31316510654480112
50.842881322804679201 38.003296802738574911
52.026023966944173083 38.742008551964246976
53.134368783655993695 39.545458961867865355
54.226909594461730535 40.460311749988704833
55.236144420234531083 41.434678636072696634
55.961925269177115183 42.227924816416013698
55.80457683197839458 43.430551318612891976
55.783961314047715518 44.544154389522560678
56.976227302342742576 44.761588134050356302
58.00054724397209327 45.040590666328810698
58.39632005753469457 45.731308452943871146
58.238551378397211522 46.854266120510736471
58.363440303253881325 48.008692088528015063
59.439448954668122838 48.887724323941952775
59.681658565622818458 50.112268664540337682
59.321674792439537782 51.604135803712289032
59.20629165328284671 53.074774334529031705
59.840405047721255016 54.331544261648211602
