98.153918816954814019 72.49658966064453125
98.324535179066515411 74.601228054144513635
96.032760663441777638 76.265740606850528138
97.759538360176222227 78.819282080353758602
96.375482562563917099 80.544180056110832311
95.762589945552107906 82.578445492877705192
93.810823292933946504 83.7656430940962764
93.385099964062973754 86.078995323449532862
92.389151756428447015 88.14385409193747023
90.062011866581812569 88.685197748802124806
88.887584365958275612 90.834306012984370682
84.193770570496610617 85.733521632472601937
82.439269005473889251 85.235006417214592034
81.357448784651552387 86.879330266547540873
79.678712489646699169 85.611235018833212962
78.30030059814453125 87.719049896427790713
76.943199422775208518 85.408546377445233588
75.912594207582245076 83.729885954659152958
72.394590027830787449 90.672512254708550472
70.38512148716280592 90.274387717240472284
67.790688856723704703 90.699774095285619069
66.914292582991905078 88.168096711301558344
65.240609149563823621 87.000855706984680182
72.149401909572276281 78.034883079594678179
73.075143753227123966 76.292894683580456672
71.252893742649007436 76.565424999663704853
73.392875584909262443 74.681519576884099365
73.247688709439373156 74.138288089921346113
75.054975380801195683 73.186409452370980944
73.6193949248066275 72.988578426591544712
72.297901286442339597 72.49658966064453125
70.216894733640387471 71.646988242272840353
68.858153087498834566 70.489598848931507291
58.399132023902851074 66.030311837713639989
60.251638405467105031 64.460810810680442273
59.667237323396250304 61.738789029587671564
61.960182275105026406 60.624804678105171263
62.960460964901038494 58.684537828285478156
65.562004429194715271 58.349272626079951465
67.047239182465347085 57.008075836216370647
67.977429219303232344 54.616853011751786084
70.217695919002139249 54.34275489060891573
72.640963035810770521 55.0789293109546918
73.772726006796233378 51.196027072522994672
76.273897564670846805 53.216645835280687038
78.30030059814453125 52.026732068979555379
80.329999397573871533 53.185359180793504663
82.59752177161601594 52.279754639209343736
84.448601468501394152 53.574077456551890464
81.454452835141026412 65.412265888916920176
81.679418824757433981 66.643799876334284704
82.462334017873516245 66.768045332963808391
82.574270852230824858 67.749874064448974309
82.857004425907149425 68.393714941797142615
80.703708900381286639 70.750417310488145972
83.714649805893756707 69.370624059013906049
81.809533387632257018 70.934182218502044748
83.817753601676869835 70.703869226204204779
83.457325521427137005 71.400432200548294759
96.485509155012564975 70.585248266168648001
