81.40903051129076573 64.999290379077564239
81.451526450248664446 66.334000888814188102
79.634094234325857542 67.312219100769780766
82.661485388286052967 69.518561845118966858
86.82775305352853934 73.046865640826794674
86.214868082759139156 75.081138669147236442
84.263101279952238087 76.268328847688422911
83.837378044629474516 78.58169619201929379
82.841437945598798365 80.646539258329852373
80.514282371843762576 81.18789092692472309
79.339862697181871454 83.336991447843857372
71.695304274213796702 71.608750427303476727
70.39723902338606365 70.061025589827096383
70.093876177283803486 71.309582323568548645
69.262498147421652561 69.850790414818575869
68.752588477892089713 71.850237335391128113
68.281142265926206392 69.484763903990383938
68.147813981906651293 67.844494275391639349
67.259961686106606749 69.59309024274857336
66.448345993847595992 70.174686662261876791
64.591241593734281423 72.206938309703957657
57.366566984019101483 80.670789944617325773
55.692879850586749058 79.503541427827101984
53.637320797407916473 78.609124755623369651
52.670373937386969487 76.683680013206924286
49.605747982744119895 76.053711380963662236
53.638927426618124628 71.728318402829359002
53.573322777305492082 69.931325705076886834
55.551149703017941306 67.805338635259644775
54.353544947471419846 66.512688167726480515
53.361526622135691866 64.999290435930703325
47.415083512765079377 62.756618851856202923
47.86489363803994479 60.559468935917202259
48.851406433298642185 58.532997117180933344
50.703912718411885407 56.963500193736010146
50.119515585778394495 54.241478174350262975
52.412456602513223913 53.127494032935317136
61.690124761068716452 58.640222548690303483
63.383404001607551947 59.036211970305970453
64.295400715949938331 58.864494287764237868
64.956784484022122683 58.424763696352201237
65.973746054987287835 58.757923641185740848
67.0580242014872141 59.783980631170692277
66.796302235742203379 55.795689555739173215
67.916925827106013003 57.04857408812260644
68.752586594548859011 48.930140119516721597
70.331258212798474005 49.979209122196543547
72.20730133338886958 48.746116682053454383
73.789055555262493158 49.498618925131296464
75.758590917745081583 49.26353079756661657
78.070859761163077906 48.859558917651554566
81.411864807310820424 47.575257606212126404
82.91852362946070798 49.266410090258254684
84.416773142079875925 50.895179829321861575
83.274389344585173944 54.448574145592125717
87.08803920268286447 54.413301504707561662
85.694520793072086917 57.456243798694373481
87.90343163653466263 58.776790776843022002
87.224384937341085333 61.072979009470735434
80.554379668821752603 63.758866291446821606
