60.756537988097385039 56.2883758544921875
60.927150540566387349 58.393006570506827302
58.635383561262273133 60.057523400099597666
60.362157557140804442 62.611064380032189547
58.978097895400765083 64.335958673589445311
58.36520529419104264 66.370231700246421269
56.413442313887784962 67.557421865266547911
55.987715238368075177 69.870789237917691139
54.99177897953434524 71.935632275907977373
52.664627221751857178 72.476983943576314573
51.490203731117411223 74.626084465421982372
48.815230777170285137 74.059716286247322614
46.758967510229275888 74.311422377273331108
45.198516960913060814 76.497570642454704171
42.928132882151949445 75.556959482332800349
40.902919769287109375 77.774340118595759463
38.899013780582002653 75.354270864354148785
37.276757628198559757 73.34812651846340259
34.997205637231004971 74.46429090135168849
32.987737006041221832 74.066166354013446949
30.393307859509654634 74.491552562538004167
29.51690801795465191 71.959882962195450773
30.322915200008026204 68.038659484961428348
29.747637992789304207 66.332635459113546972
30.098138815402862178 64.138506348144190383
28.173675989994258373 63.637603671560810881
30.338928257086678286 60.991765362363523195
30.273323569476971784 59.742139698852398055
32.251150870390056014 58.127362022340996361
31.053545797157809716 57.323583005519559208
30.061527385075152097 56.2883758544921875
28.552946752076394432 54.990333146830664646
28.675268826879008799 53.689309903346753572
29.119961232389961481 52.459853768367452176
30.222242324286305859 51.533030713334682105
22.26985661971394137 45.530571191928387975
24.56279956821760635 44.416583202204641623
25.290291241291445345 42.230699361380374057
27.226225164321689931 41.098868335528599971
28.889211563744225941 39.752918343568275361
30.580048443778103717 38.408635360110764623
32.820311286764130898 38.134537264720790972
35.243578588615868341 38.870711626303936725
36.375345315752326769 34.987805607682957998
38.876516723641863393 37.008428215710353015
40.902919769287109375 35.818514448129946004
42.932614875436875934 36.977141572705434669
45.200140890897678503 36.071533192639094523
47.051220645456510283 37.365859837590896575
49.098411743118496986 37.880996754241543556
51.214944476190765954 38.427422257650214021
53.56220984785335304 38.864350763220748775
55.068864663396247749 40.555503107836379684
56.567110269237041109 42.184272744633538821
55.424730564460681137 45.737663604397447159
59.238376366037613252 45.702394425492563812
57.844865698901486439 48.745333130040854996
60.05377267047021661 50.065883794421147002
59.374729776776490553 52.36207198377844918
59.088124549028805177 54.37703100278233137
