56.730575158507541289 36.470737457275390625
56.901191525954175177 38.575368170622581943
40.528671362266628364 37.246933893899772272
42.689958289340481201 38.359496596493933396
54.952135080995439864 44.518324056964900137
47.83147955838532539 42.795333929422525898
52.387479559392318151 47.739787179388414984
51.961752437098496671 50.053146994550779425
50.965816049838785773 52.117997783524067756
48.638664393088546944 52.659341730989083885
38.854400678021697502 39.895768205416743513
37.695204831699953729 38.308549127218810781
37.349718717285050218 37.92574518288203933
41.172554105695731153 56.679936065382463539
38.902166368221678283 55.739324886112200375
36.876956939697265625 44.769789184757868838
36.223472664442390112 42.688239960378020044
33.250798047025064363 53.530491815577207149
30.971244588512330864 54.64665627773713652
28.96177413819615154 54.248531754461595256
26.367347094347330483 54.673918070708012351
25.490945245411033682 52.142240791727878957
29.503481892934772191 44.659814184765700418
21.761700891394312407 50.08057554162076741
20.794755937433741622 48.155138422119492247
17.730126187089826573 47.525166001324990361
18.94497872059701038 44.454568186835636823
18.129150890343549207 42.562269060525089515
33.084584015996931328 37.27682946407681186
18.04006461920045723 38.45057391765219279
25.929718150456011472 36.470737457275390625
15.539465505990101235 34.228077532556078211
15.989273755317448433 32.030923530011754963
16.975788417325350821 30.004455660008471085
18.82829282626805778 28.43495482271799446
18.24389379012409762 25.712932794711587547
29.837499726452112014 31.356272847464751408
21.264330314285285084 22.413062876804225709
23.200264265228035754 21.28122991746965198
24.863248694342168221 19.935283789974000968
26.554087514391724767 18.591000781716495283
30.75243256543674164 22.714829011958627802
31.217617615449249513 19.053077060331069958
34.337461948649540489 24.523335614811472283
34.850553906223574074 17.19079363191154286
36.876956939697265625 16.000876050913152682
37.262303881884768941 32.804412078475650105
37.882109663420145296 31.74186707270450114
43.025257810054121421 17.548225253182753391
45.072448913528653236 18.063358357024746681
47.188981698141546417 18.609787704887679638
49.536247157694020871 19.04671628200338418
51.042901833806403999 20.737864710619582809
52.541147490780424789 22.366636311554572103
51.398767548930877069 25.920028765953453842
55.212413536447769502 25.884756028275766937
53.818902766212247002 28.927698315956291708
56.027806031344567828 30.248249227786971005
44.381672535791985013 34.875560800318623933
55.06216549656529935 34.559396062799507376
