60.702289178282931914 55.3271484375
60.872905542781744259 57.431782993591042441
58.581134839467168263 59.096299383705996888
60.307908713114258603 61.649840883031238548
58.923849107531417246 63.37473502200497677
58.310956476570211748 65.409004296775279386
56.359193708821337054 66.596201795857354
55.933470243250887677 68.909561820925503639
54.93753398441715774 70.974404858915789873
52.610386042607203194 71.515756525657593556
51.435954559263137753 73.664864886848093306
48.760989509703819067 73.098488908010764931
46.704718999120288458 73.350202492620354633
45.144271914540915702 75.536350865751614947
42.873884215092303407 74.595739679730996841
40.848674774169921875 76.813112701603571963
38.844768752586780636 74.393051073300867415
37.222512434547624594 72.386906688666101672
34.942960542479838182 73.503071081380994656
32.933488282149419035 73.104938975276496649
30.339063032749095328 73.530332872141087819
29.462659286657604696 70.998655602249471031
30.322915148770299254 67.017190322615832088
29.747637981490999692 65.322564645784254367
30.09813880832006916 63.137869283952198884
28.173676244653762524 62.645061845798458933
30.338928206228839457 60.00639079745134552
30.273323531167342537 58.763292077285406378
32.251150621258261708 57.154609232835312582
31.053545736434166713 56.356659667762336596
30.061527385075152097 55.3271484375
28.552946677584280621 54.034813225690143668
28.675268879225136232 52.739610255222096669
29.119961174755054856 51.516254244821489294
30.204055768836823859 50.587859326218193701
22.215609681113178908 44.569343837523746288
24.508556469043362824 43.455359615608301738
25.236044295747689148 41.269471992231075319
27.171980169204502431 40.137640918536412471
28.834962699132958619 38.791690966388294726
30.525803395328626522 37.447411788607254834
32.76606249734849996 37.17330983864646754
35.189333688007643275 37.909487993301198117
36.321100251728395847 34.02658202003461696
38.822271740696230324 36.047204612136155788
40.848674774169921875 34.857287031137758504
42.878366163944505729 36.015917980744589499
45.145895921710945231 35.110309595855859754
46.996971847718675974 36.404636239219911431
49.04417058647791805 36.919769347836606244
51.160695628645932231 37.466198633571650589
53.507968859343094437 37.903123485659058645
55.014619668279060249 39.594275690844192184
56.512865274119853609 41.223045327641351321
55.370481703799534046 44.776439932118044851
59.184127500339599237 44.74116691170722504
57.790616831890446292 47.784109399280310981
59.99952385817152134 49.104656369783249659
59.320480976159444708 51.400844610056672934
59.033879553911617677 53.41580358579014387
