24.815303399474338164 1.9799782037734985352
19.039155773465246568 3.4595804370053979682
22.694145239835510353 5.7491290595898352223
12.956187930342057513 4.5775499020586956078
12.1888914121810501 5.1977383148592100071
15.923517716191184945 8.30879503684943721
20.472202172325971503 13.249029107791226778
20.04648066762505465 15.562390017620447935
19.050542346277374861 17.627238921126682669
11.894455103906814486 11.522119440681892755
15.538968794108772187 20.300372330438023027
12.873997141087240692 19.751322808358796834
9.4082969822101780721 15.665246899663925362
9.2572813905856357053 22.189177170019121377
6.4330783002619886801 15.979364710544187389
4.9616842269897460938 23.465942825504935598
4.6790349277392770944 4.6692084513363187881
4.7869151201375892413 2.8022023119455203854
4.1027198567047937772 4.6235988357984254549
-2.9534999763882776591 19.757772871336495513
-5.5479275907176663907 20.183159137301114328
-6.4243284066895292028 17.651481906229804508
-8.0980128259056627371 16.484240899049854789
-10.153573724038436055 15.589818558230190249
-11.120516779055868994 13.664380474714176827
-6.8295996377065311123 8.7876785754111921278
-12.970294951896601532 9.9638102309086562514
-13.786121823874264436 8.07151016000286603
-12.350118102169272305 5.65971493944614501
-13.875208098101854404 3.9598154548987798407
-14.976788387935098257 1.9799782037734985352
-3.417221818594560645 1.0993196351841807434
-15.925999912214301446 -2.45983583728950439
-14.939484293761235989 -4.4863037176914213333
-13.08698084519897975 -6.0558059690831154143
-13.671378903024809404 -8.7778270887132610056
-11.378434070859675842 -9.8918121778550780476
-10.650944333897903959 -12.077696941505882577
-8.7150103714625011264 -13.209529917101020757
-7.0520249795182117225 -14.555476054140857656
-5.3611871435183786616 -15.899759045976853855
-3.1209256775436973186 -16.173860032154919963
-0.69765700768644478558 -15.437683780624421814
0.43410976275817780845 -19.320587855767566765
2.9352807322955616343 -17.299965265603859166
4.9616842269897460938 -18.489882844960870756
6.9913760787851488843 -17.331251896911307853
9.2589053769617493117 -18.236860279726055722
11.109981302899843314 -16.942535543460110148
13.157178121051993358 -16.427400533113740266
15.273708977380804797 -15.88097214931019252
17.620975424852218794 -15.444043548515789865
19.127628119247383154 -13.752895182307696587
20.62587573878836622 -12.124123530173781305
6.7337239172932417119 0.69251608450993007438
9.9753234520154379084 -0.91464762334306426439
21.903631037587466324 -5.5630624189679123148
13.340132464454098837 -0.74234431915455090234
23.433491381706438972 -1.9463257473351207594
23.146888026991380372 0.068636129000579693127
