60.027742569332325218 52.526128477268564154
59.846226920500178892 53.891950814926730118
58.842949313756321317 54.882741828342410884
58.246219999233382225 55.890642340138853683
58.878589103427103169 57.125958171041801847
59.035578640193989486 58.317052403981328723
58.488415536175423881 59.582709948467034167
57.865098664412926155 60.932150292318738138
57.077478046921527266 62.13377264578612369
55.944420474720828906 63.077879805335470564
55.385614538834794018 64.402074658597328494
54.640518349651451047 65.576935928224230565
53.646036927842587261 66.556285801448353823
52.61886969611979481 67.437368182465888822
51.506801422855915007 68.266170902053346481
50.419708844457204577 68.968243401112516722
49.409277174394638621 69.536219767500952571
48.120975383092236655 69.697552626932449016
46.624424698612905615 69.828358620518017119
45.447020379195947726 70.626024978715122415
44.408168498187265527 71.359713034324641967
43.186434556209583491 71.534422959561524635
41.908301741258092932 71.533854105994549855
40.83744633539626534 71.812231432564232136
39.875525941080837811 71.823681018805288545
38.892762153694917515 71.787560075093722389
37.919542145221029728 70.646841892764314252
36.931362996111815278 69.51893683101958743
35.751825956633169312 69.294669371730606144
34.376908276332500236 69.784944112797873572
32.906718361829426556 69.761025921364549163
31.405335913919021351 69.749106304047160165
30.373760478307683996 69.29054462262277525
29.807214897452652735 68.823923848300950112
30.036846403201554523 67.336734978183926614
30.260913469118047914 65.839958141703775141
30.34762882161266262 64.328681059522622832
30.243463443555469894 62.818336333307463804
29.924152503205174725 61.342951266935841659
29.908553801418687357 59.873238626656181793
29.258309067129896874 58.971590252436527635
28.64929604007895847 58.340780536861309713
29.419331851495140739 57.257427793932954785
30.179546750202643324 56.015650016811335377
30.77405445595659117 54.747565541174346038
31.698600580572769303 53.762412387352455312
31.247421756453672259 52.854404442223305693
30.053246291637844223 51.851155298422604289
28.850448302746389828 50.905208744196279724
27.504655471064719308 50.251484069857909276
26.079731973542752854 49.754163302967661764
24.652877378499852057 49.260659128293248443
23.226022783456951259 48.767154953618849333
21.799168188414050462 48.273650778944436013
20.526593444916400699 47.805628685037554249
20.645984946973953811 47.26220058415236025
20.975701208242689688 46.03268967979369819
21.404637393054215977 44.768898641068716415
21.909356881976275844 43.553122343348505296
22.442920316423947469 42.467093687216333819
23.005434408707664318 41.474192371143494995
23.687465667333626129 40.422498819943825765
24.502871119889071849 39.329091154495529281
25.387980114260422226 38.296988717860429574
26.380478562840156798 37.290152712525376444
27.493611106225973373 36.313490546395172487
28.691317102188786947 35.411164724031650053
29.935086206166563016 34.611854818139690337
31.185359554127145998 33.931059436998012302
32.61370868663727407 33.880350057324356783
33.983789048362666563 34.128118049067595052
34.76198068574921507 33.324160062433200835
35.324493671790406779 32.408222305353824311
36.052382246809017374 32.24285484138010105
36.929724746824518888 32.081003179401946568
38.037673707918152388 32.207967720712218807
39.325756430481177972 31.849398354535924938
40.645587356243716215 31.83210350314937287
41.98396147763106967 32.240048419905704691
43.365795430903929741 32.090538600725956542
44.651013621318966784 32.345515064592078147
46.021843445190221189 32.716240047041608818
47.432479103089754346 33.210487431336758846
48.807380867919050615 33.811173425558337158
50.112722927884981061 34.501306318010790619
51.295863504873217664 35.240016806517118653
52.404207569152276847 36.043466557224029145
53.49674955464074344 36.958320225782671287
54.50598468544347952 37.932687389711645665
55.231765842190121418 38.725933928105568782
55.074419358453077677 39.928559931230878988
55.053805013865854789 41.042162968793107325
56.246071302836561756 41.259596795183242079
57.270388490693797223 41.538601072172696149
57.666161180890526339 42.229318795464550362
57.508395419500899948 43.352274808072827739
57.633284327241774747 44.506700746128920798
58.709293000198776724 45.38573303079911625
58.951502617751465607 46.610277376864480914
58.591518840530824264 48.102144494657331109
