112.36742369732660052 92.989578040896120115
112.10969735288290394 94.417405195516920458
111.00437297308464224 95.450761635569520536
110.66330867640725444 96.580261236974550343
111.41798198296788769 97.919928597693271399
111.21235424850368645 99.181378014793438069
110.52017169750524772 100.56304536270285155
109.88141563355802077 101.99990897885243157
108.74619535525930303 103.06661887586585635
107.86554613120731005 104.28795264620275418
107.26263974707867987 105.68391072685173526
106.21744414131374867 106.75195198744782488
105.13349419620324454 107.70784383893325753
103.95685022801603736 108.60161896234234291
102.79238422207005499 109.36105617264266243
101.71262213686023301 109.96810812635078491
100.30670033315743694 110.10699336019470707
98.735775769496399334 110.32528127798869377
97.563335049659897891 111.31399737148348095
96.395753424096398021 111.84735128625936795
95.026821125781509636 111.82981894613448048
93.770045193845191989 112.19603991707130319
92.684926329858569716 112.23795330999108444
91.668315029109763259 112.22375479639873674
90.613075683754061629 111.49631933195277611
89.572873909482112253 110.23615344006151417
88.387870065690393062 109.64946995760695359
86.94931013697960509 110.13698332036312877
85.39386879185400403 110.1931504692666266
83.792623381210617595 110.15945573425682369
82.621153263445833659 109.65417474174697077
81.563806642454892426 109.01316637009853139
80.702123225778663596 107.76489233109323607
79.411804147320950165 106.82023938066180335
77.999425995649318111 106.05998481339587158
76.983388975891585915 104.91220758087678178
76.101443035895471212 103.7516029400640889
75.480863159638616366 102.81519963933583028
75.147175907280200136 102.25976316336927141
75.107217748089453835 102.11005647698989662
76.445427222242855692 101.22921008831455936
77.78363669639628597 100.34836369963920788
79.121846170549702038 99.467517310963856403
80.460055644703132316 98.586670922288533347
81.798265118856562594 97.705824533613167659
83.13647459300995024 96.824978144937858815
84.438431960296227885 95.923756652847174564
85.327090853867986198 94.789207075166871164
86.352354924161858207 93.793217375293636451
86.201809467510642548 93.036236850716363733
84.848666032031019313 92.213792241993886023
83.728572626427236969 91.185933049126077776
83.945514077670637221 89.820573687919903705
84.625878328526439986 88.761059216288657581
84.06559809300898678 87.619020108378464329
84.1883493653631092 86.6486939060988135
83.760715268957113722 85.606121396540487467
82.67482148251980334 84.436640614322229226
81.583524047632039355 83.266106115530291731
80.492226612744275371 82.095571616738325815
79.400929177856511387 80.92503711794637411
78.309631742968733192 79.754502619154436616
77.616080799703325965 78.830994049896744968
78.28203091179545936 78.128867785147235736
79.411192544172024554 77.078878110833031201
80.662060098474313463 76.086652325581923151
81.981485759702295013 75.201424006555427582
83.312709117220904886 74.451537152184101842
84.803537663922512024 74.268118245198920135
86.278115722369506102 74.537600246421646943
87.113970380314981412 73.690701503876709921
87.733855448485087436 72.804684821404791251
88.523178526894923834 72.62972120003882992
89.497457047471257852 72.459275321842255835
90.752677685544441033 72.606308077977388393
92.14979770519219926 72.241607025668770348
93.560080165331939384 72.389584066440221477
95.011023727258461236 72.637611427016111065
96.428267106640774387 72.637740737808883296
97.810434341510116951 72.969386118644251837
98.400737548907272867 74.076558004080624187
98.143284437727828617 75.63012209170582878
97.829519481211065113 77.205184324956888986
97.515754524694301608 78.780246558207934982
97.201989568177552314 80.355308791458980977
96.913112492330370173 81.934796516033870262
96.934757954997067486 83.552230189133339877
97.382109818810775437 85.067178119703527273
97.499875365888641454 86.61093466538953578
97.059543798407688087 88.075108071402894439
96.034353378068615825 89.286022509277330528
95.542630766773385176 90.040539126111028168
96.667381968563489636 89.640516517283288067
97.466141809054207101 89.480600120549723897
97.387557639578403723 90.075519254086060528
98.664976097542549383 89.965965726295976879
100.25448487575603451 89.744782296745242434
101.85583274259333564 89.795190607630161139
103.46175106826649426 89.931057594800009269
105.06821268315479756 90.026859184376903045
