112.72076757183762652 93.059295654296875
112.8913839392842533 95.163926367644066318
110.59960941832459014 96.828446600502871888
112.32638711505903473 99.381988074006102352
110.94232370157337186 101.10688601939411058
110.32943105542763362 103.14115151357215439
108.377672047816759 104.32834908774862015
107.95194860566473949 106.64171670170229334
106.95600836306316239 108.70655988537839676
104.62885298951954383 109.24790374430753559
103.45443312084108811 111.39701200663671443
100.77946416607248636 110.83064371969193473
98.723197211623784142 111.0823497682443417
97.162746544653288083 113.26849044225939167
94.892358793949725282 112.32788689652787184
92.86714935302734375 114.54525991840044696
90.863243331444209616 112.12519829009774242
89.240987211938801238 110.11904631826809009
86.961431459960891743 111.23521834799484509
84.951962784496373615 110.83709378740323359
82.357537611606517203 111.26248008893796282
81.481133865515033676 108.73080281904634603
79.807450376720197482 107.56356179217934255
77.751887635802290788 106.66914524173400025
76.784944533057853278 104.74370042969711392
73.720314685164510138 104.11372402417467242
74.935165403147564689 101.04313017893834115
85.120003228246687854 95.57649782576170594
87.097830341238307028 94.285602275046173304
85.90022552331663519 93.791543731001638662
84.908207072575152097 93.059295654296875
83.399626371676106373 92.064216849496673944
83.521948547611657432 91.072911889333397539
83.966641077438055163 90.167334667762929712
85.068921994274433018 89.587298635967755445
83.534123748276343235 87.670867849468947952
84.686901250517109929 87.115992627187679886
77.254516924178560089 79.001619256870839081
79.190452775881439607 77.869792008405426031
80.853437277990380494 76.523838183185176831
82.54427792085374449 75.179562850892821757
84.784537085288064873 74.905460866096973405
87.20780464852749958 75.641631331599654686
88.339574761679045878 71.758733066175338422
90.840746307382104874 73.779348015515040515
92.86714935302734375 72.589434247934633504
94.896840754349710778 73.748061384057919554
97.16437052649882844 72.842460632861687486
96.667954217219502766 81.361617900969577022
96.760757623812963857 84.314106035224028801
97.012021680089517872 85.880165802324881952
97.603583759003981868 86.540147057394847252
97.483327939544381024 87.932513663031301121
97.584947871274707154 88.811370914339377691
95.832289737193491419 90.904992492176944552
99.700572634322213617 89.114015377538223106
99.083284530491198439 90.291689898309869022
103.33571311935206438 89.657848481251548378
111.33895555501686658 89.132991826853540829
111.05235790989537747 91.147954259820991751
