60.433105065734103789 38.626415252685546875
60.603717618203106099 40.731045968700186677
58.311950711488876209 42.395566271481463616
60.038720785868164853 44.949107698216785423
58.654664988222002364 46.674001852375056387
47.811017563250160833 42.801536556166382752
56.090009466618880651 49.895464974798571234
55.664282316004793927 52.208828636111043409
54.668345957065348273 54.273675578934224006
52.341194299388575928 54.815023341769673948
51.166770711745840572 56.964127734320378238
48.491797893562619493 56.397759481882836496
46.435534705520268517 56.649469366633006473
42.3705750603550797 47.052822718931039958
42.604699984584655681 57.895006507314519695
40.579486846923828125 60.112379516789118838
38.575580825340686886 57.69231788848641429
36.953324606568386912 55.686169710254198151
36.539197775783918587 51.061146049022035243
32.664304045422710487 56.404209549871751506
30.069875021324698139 56.829595824029006224
37.419080123676138783 42.976343393319361041
36.757004777051044186 42.871712998553483942
25.464228908980182098 52.236257171394846921
24.497283941308545252 50.31081622303086931
27.836211040409359896 45.983749884573285271
38.739150936417694027 39.445786593887419258
38.773109943042328496 39.213342538767726353
40.697660448435975411 38.601296543806988382
39.306425798487680368 38.760219979067890961
20.641014231998983774 38.626415252685546875
29.232744741692648915 37.433827335936861402
19.691801697078687994 34.186605413536859999
20.678318324551913321 32.160133455418630888
22.53082082998414748 30.590632609507498074
21.94642369735066012 27.868610590121743797
24.239366627941379306 26.754626439750325062
24.966858271085275334 24.568740720057274274
26.902792221116257565 23.436909659836956621
28.565778621474841259 22.090959663572892424
30.994221550768457973 22.024247401242707411
37.854502405252965502 32.505997231492109734
34.920145760761549525 21.208754808486741439
36.051912290028916175 17.325850749892087066
38.553083813450136574 19.34647142732169911
40.579486846923828125 18.156553846323308932
42.609181941525790194 19.315184784382338989
44.876708007430082148 18.409578321145882995
46.727787717280683921 19.703903048592909641
48.774978820755215736 20.219036152434902931
50.891511605368108917 20.765465500297835888
53.238776995205320475 21.202392119413818961
54.745431796549027581 22.8935444633652736
56.243677398006987289 24.522314106964728353
43.78149581406678692 36.30002177589751966
58.914943443674332002 28.040433823685923187
40.881280559633907501 38.492048138071893959
42.339249372629161883 38.054634306317069559
41.186531791233569777 38.497383600035178119
40.743565761209787013 38.609169905162474379
