81.795833434063595746 69.058161280712198504
81.479274493611399066 69.678262380765161765
82.748069164642558349 70.24354194199554513
84.348206196386172451 70.821934369615462401
85.948343228129772342 71.400326797235379672
87.548480259873372233 71.978719224855282732
89.148617291616986336 72.557111652475214214
90.748754323360600438 73.135504080095117274
92.34889135510421454 73.713896507715034545
93.94902838684780022 74.292288935334937605
95.025428073903668746 74.985932158903253253
94.517675474381050549 76.224361189838063524
93.796427068172690156 77.744073723210547655
92.814251051867529441 79.0410750541445708
91.666644407129595606 80.199602136855801859
91.110939641270022094 81.752890582325846935
90.018655827935702973 82.90036655284066569
88.872536218534804675 83.929962556491844339
87.628748143129740811 84.883710431659935125
86.406684939963867009 85.681718109805203198
85.374004485629285455 86.262560842603392075
83.819352682793663689 85.807339034068988326
82.148247473836804033 85.457254133113750072
80.751506482499806339 86.051936213945012355
79.444436877700880473 86.449341486235766752
78.024548340159029181 85.994778452384593947
76.814798573514295299 86.8462693032787314
75.45995287560521092 87.611400618351197522
73.952568551539442865 87.243142857853271721
72.758595027501129948 86.149716195953160991
71.373960258135610957 86.148256706460031751
70.450403054477746423 86.135678244076729015
70.719014788224825452 84.684194468096961828
71.151945999437543833 83.032994897028174819
71.584877210650233792 81.381795325959402021
72.017808421862923751 79.730595754890615012
72.450739633075627921 78.079396183821856425
72.883670844288332091 76.428196612753069417
72.985448656396414435 75.074929715843396139
72.696528579753987742 74.080243016638931408
72.596289528716724249 72.715997537593409561
71.596929338311355195 72.050698866597159054
70.272683369798755848 72.138393305312419557
70.006360891678497183 71.808256333557807238
70.395188539714240505 70.745124045489021114
69.308307274925439856 70.009165328087235025
67.675623399087882603 69.983099549895115388
65.971932369410424712 70.072141267543344156
64.268241339732981032 70.161182985191572925
62.564550310055516036 70.250224702839801694
60.860859280378072356 70.339266420488030462
59.157168250700628676 70.428308138136287653
57.559046248029247295 70.316864983199835137
56.500041460937445947 69.179302460405310171
56.107616922510743507 67.707184424809881307
56.215294477962999053 66.312222337076917711
56.450401830137039383 64.767945905241617766
56.817232544127620031 63.203559232751935326
57.284545937848676544 61.739367090161579199
57.844834262986651652 60.355535776117974933
58.440391508521088326 59.140884987841005227
58.864624257344900116 58.384886048985855211
59.897879008349640628 58.405388009195633003
61.557763669877779478 58.823726579702963591
63.181427200944867195 59.018698552334868168
64.701739133734776033 58.349594122288280573
66.26196261387589459 57.593534279467398562
67.323590181333287319 56.302681305392944466
67.804088553102687342 54.684757303048613153
67.951122671848793289 52.998288442251883623
68.023344971901764211 51.343772319811712634
68.831199317066179333 50.695935648095854731
70.241463864780243398 50.752989032643185396
71.006689230926170353 49.492688358858949016
71.839985074822422462 49.004756736702745457
72.77104442210570312 48.825287166876321976
74.027241513349935076 49.623594931239466632
75.473375183641692843 49.337928497625888724
77.021872221165537553 49.407783531309753755
78.540644141921788446 49.486443824951393822
79.935554511578757797 48.921190556147891471
81.343327465430490975 49.250272166949315533
82.929821931920685074 49.773867375083391096
84.507878771429233211 50.40582177303886624
86.000410417314725464 51.176101170248898597
87.342638792421212202 52.013882802272469519
88.596929497940422493 52.941096305276687417
89.819300716239425242 54.004793735706442703
90.763223453106562033 54.957749200700334313
90.524609147297738332 55.624748626860885281
89.295088585132717185 56.805611369712394776
88.065568022967752881 57.986474112563897165
86.836047460802745945 59.16733685541540666
85.60652689863775322 60.348199598266909049
84.377006336472760495 61.529062341118411439
83.14748577430778198 62.709925083969920934
81.917965212142789255 63.890787826821423323
80.774684420944140584 65.020472263384803568
81.038835138582768991 65.314796048470014966
81.890524737646103404 65.217082522834843417
