29.169416024596408477 6.9459133148193359375
29.340030483817272966 9.0505449901862142781
13.906900425723748072 7.9217818626617484412
21.438508716937210608 10.88482042564328367
27.273029328212079037 14.940987732409716671
26.778085239990296884 17.02776915719330475
24.826318596599172395 18.214964836280934435
24.400595202750785973 20.528324768089710517
23.404654925195032433 22.59317371614729808
21.077509074367863917 23.134519495523345967
12.535339088283013353 12.522320966437568757
11.292449363302200283 11.385541996080039695
15.171842925583716166 24.968963574356507706
13.611396909275185862 27.155111916519537374
10.260557165509263555 15.934690793010931387
9.3157987594604492188 28.431877578922904348
7.3118918315242060757 26.011814048245234687
5.6896365191050080057 24.005667772387987213
6.4857571893335208557 15.655885957887509363
1.4006147927172660772 24.7237076239602942
-1.193812880490320083 25.149093890108655813
-2.0702141309050983153 22.61741855372415344
0.31824048505801272313 16.938714387288186458
-5.799459675049435603 20.555753304268641557
-6.766402724142238867 18.630316180815583493
1.7953876854043082645 11.287823940242226683
-8.6161813677085099528 14.929744996436593141
-9.4320082382315462155 13.037443980817361222
-7.9960026235578069986 10.625650134258671997
-9.5210926131651589799 8.9257506736574914186
-10.622673855464395132 6.9459133148193359375
-12.02169171260177194 4.7032523605902616382
3.3470790309548146269 5.6772223045059293511
3.5485165761633084003 5.0720096515253647596
-8.7328672644835094729 -1.08987086234760433
-9.3172653540310648168 -3.8118915684198722005
-7.0243200174127267132 -4.9258769445903620721
-6.2968302920240226683 -7.1117616959691005718
-4.3608958350838928908 -8.2435951672017448999
-2.6979106851584937488 -9.589541300946368807
-1.0070724229037963937 -10.933824297945534454
1.2331890912192076115 -11.207925277790224072
3.6564576496709273457 -10.471748075376829945
4.7882242197922275651 -14.354652145310087263
8.610909847459360833 0.23934006621862202735
9.3157987594604492188 -13.523948091542902006
11.345491075441879403 -12.365317144823023909
13.613020897656712194 -13.270924565289952568
15.46409583446233782 -11.976599836662924048
17.511293612149295029 -11.461465777490872142
13.742029809387261707 -0.72054403602532968165
21.975091947554773242 -10.478108734879640451
23.481740672303352824 -8.7869604937783343246
24.979990274454898724 -7.1581882963693299615
10.546727340076976986 6.0515915885957296538
13.329441779165566828 4.6286353574745966455
11.506269308210946178 5.9706528875247553145
19.131254899428675742 3.7566782791135233666
27.787607818279269623 3.019609229227822933
27.501004466484904043 5.0345710730337520644
