52.853657141277132325 33.955872105012389284
49.27042858172454487 34.404766700669519253
46.497860104041073726 34.950684320260762661
48.771784851238194847 36.100586327256422692
52.025685199247661217 37.547266021846056105
53.588112342978625691 40.217472097596541403
51.236073304501815073 41.200760804749251065
47.819670290543371038 40.039783354010261007
44.401420545386208971 38.848209586408444238
43.473353842166901018 39.207383743280800559
45.942059941609123541 41.712477751360204081
48.10659278041840281 44.621025043669824584
49.159107277545636805 47.599251521631884998
47.052171936835392785 49.500173961033539172
44.501232481536284524 47.479563012543664513
42.212815422400773002 44.683333624441708309
39.924543011233694756 41.887355702392056855
38.792875755648658753 41.102100334755022004
39.948237528941533014 44.292774720471882688
41.221632044474894485 47.688645404888163171
42.088499192479176259 50.843220991231184769
40.168583777366819731 50.615659056883764322
38.57706140102843051 47.455048055022110987
37.182528959166937454 44.828455814798907397
36.850315865911120738 47.135870614365110498
36.797171081803433879 50.747636877817555501
35.800627521993014568 53.709616461203097515
33.481469778183196695 53.680492316902686412
31.025628037080327459 51.420142391806400894
29.120542959257825544 50.700202397492077466
29.534452825328401104 47.300105184947724979
29.357506355300603929 45.415775168376391946
27.310710055931924245 47.928587803382782795
25.130685086747032386 50.694705953053158964
23.772476872508558898 49.87935942475593265
25.113292045754391779 46.78131788926427248
27.121771439142420945 43.77806654291334354
29.130250832530450111 40.774815196562407493
30.49278820941888668 38.221656471039082703
28.153511058494220975 39.156999991828662644
25.142233181828906652 41.144112034364944464
22.130985057617930778 43.131288058283594467
19.162263281391656022 44.780912694460617729
17.223791593666661015 42.895725099402248759
18.959007920135313441 40.520325965011181779
22.115300966793366655 38.754603197344160037
24.959649980399561287 37.08729218018539342
23.271602327290555223 36.842566571005782805
19.677715053216303431 37.193761308224750906
16.546628665449638618 36.295132748897799502
14.958349192988173115 33.201030242973367024
16.814929587005853051 31.52310513065878439
20.39662805255846223 31.300065205356172982
21.311579031744972923 30.536949656153563382
18.206537016019737507 28.95066464136541029
15.757163578737312548 27.643687748298010121
18.174706664907375853 28.236249233620576149
21.653651758851655273 29.243071748272868149
25.132596852795934694 30.249894262925163702
28.55297976258291115 31.230687683041075786
28.517661423596287307 30.675527897377875775
25.464261066538860234 28.778923230562057256
22.388500602803187434 26.872380182195982457
19.312740139067514633 24.965837133829907657
17.456709920578866502 23.676711034786450227
19.418859512439535564 24.033935979527967675
22.156988656700619345 24.604558998253754254
20.88140152906500191 22.207389789016268367
20.361947135132993481 19.837394915586749278
22.86875784316052318 17.643287007041944747
25.721669409794813532 15.889696806683527797
28.03680916360188391 17.974914868897105436
29.840125623188409776 21.105075545805540571
31.352652307494523143 23.365097491144727115
31.234679180406985211 20.746127263042055233
30.794760230687593605 17.163789153559157796
30.49837130454903189 14.19302894234810708
31.199624007308639051 14.696276955079534687
32.637471044559646316 18.016106954741147206
33.721377835692457836 21.451809305317343757
34.5383542634152505 24.643326241501853247
35.227247124117702981 23.081874008811677612
35.862628777472622232 19.520776240522287992
36.530135707014345314 15.985261983633717975
38.651606598881485866 14.123529702431461885
41.919620208985179488 15.070036852113560144
45.100697375391277433 16.629327280604339734
47.796543798533392078 18.585896738734248856
49.498501913581904432 20.266626408840359375
47.025463295583143974 22.709293739756372332
44.350689167165576521 25.142842571385831008
41.675915038747994856 27.576391403015293236
39.001140910330406086 30.009940234644759016
36.522920936397198943 32.305157744762254879
37.403844871662244032 32.194517132235205281
37.498984091201016611 32.589374643418956623
40.604173458671247943 31.678286203472072913
44.058240056419379016 30.596176894951277347
47.512306654167495878 29.51406758643045336
50.966373251915626952 28.431958277909654242
