35.730045208690242475 13.922129793905675399
34.435942452297148009 16.531940025101537373
34.71163019707528008 19.456253778609504224
32.984720252244386529 21.74688957101255582
29.97492869090530121 20.557341670127456723
26.765444434489008785 18.890681816542468141
23.55596017807271636 17.224021962957486664
21.754648070879241573 16.580394480467500529
23.976684961465245749 18.859716629677507171
26.560823261851410848 21.402104245740517285
29.1449615622375795 23.944491861803516741
30.223088099019733477 26.399370480768901359
27.936035219091863269 28.084698074284059288
24.926788300030899848 26.381238126536885602
23.726047528003370246 27.314966320573944358
22.929719258954353478 30.106043164300640314
20.27056864579998674 31.850354235119457513
17.183049826244864988 31.993395790827783287
15.928822527366849116 30.085010264403067026
15.772773070446996613 26.469612500183707482
15.61723668088665562 22.853368358749335698
15.435646750244693237 19.472955471457570553
14.749237532787162763 20.662062142068798209
13.807529155417087807 24.162083896165736263
12.850103558096790834 27.649709873426722595
10.688816222800802791 30.035428396838071308
8.5684087177049086392 29.04955540470591302
9.3989305788285726351 25.661370925359985762
10.045712683862719317 22.798389416775275862
8.1553853144183037216 24.335581215280551959
5.6476010749211935646 26.861089825551907495
3.6767299354357305674 26.597156700420086395
5.2924228486252671289 23.848911462875054923
7.5176642341463280061 21.007758032110402269
9.6334349579605778047 18.15001742453128486
8.7489294080950816834 17.285772449301912701
5.5670624659698058068 18.896881545964220095
2.3622376679091692253 20.544289175355853416
-0.8423363224095359314 22.19154536210086448
-1.332869390445271307 22.223167324515010534
0.72495431358740392014 20.66972724481622592
3.6960193528378457728 18.588011143590151164
5.9058567245824047376 16.811941894369958561
3.3769258350320665585 16.938574902669774502
-0.011872851547012754775 16.810304655184712175
-1.9889740268580000659 14.668926084449777747
0.63787149954978328292 13.837584804385848258
4.2280668952451412324 13.371740930429330874
7.8182622909404972944 12.905897056472813489
11.177390755385971488 12.41381170555901825
10.017469332642264135 11.540706962168615135
6.5104262997580590877 10.662915009645050901
2.9988194125010889657 9.7981279946779498147
-0.51278747475588160043 8.9333409797108505046
-3.5011168773039180735 8.0178160699621550123
-2.8560584436926106378 5.734583590615523363
-0.25972096547094186691 4.5246038136172295197
2.5700129747363771315 4.5626654778177195837
1.1280069660723892611 2.2039142579138815137
0.65166277753140278151 -0.47778807372652565277
2.9722478779866072784 -2.8413267099355543621
5.5845552389652501901 -3.0219270822017123557
8.3629446749052860355 -0.72535096670103826888
10.590266594879402362 2.1322763769524564204
12.473980274751372832 4.5573582561115131284
12.223990535973042526 2.3736510281507539055
11.353791994376614127 -1.149704226608391
10.743391577987164709 -4.158714909194732634
12.329947798764386846 -2.94192590085807959
13.524235597967308564 -4.5670840850610812112
14.150434263868312712 -5.6386201630622609926
14.624770681549847495 -2.2636471707195124914
15.09240236421065795 1.3076396878635869747
15.560034046871468405 4.8789265464466859967
16.09456294572129309 8.2332998466545266325
16.895194112660867347 7.0560008021571372083
17.701082682691883008 3.5456622559157762176
18.506961551393459331 0.035028628373361736514
19.312840420095042759 -3.4756049991690529666
20.069006561360165364 -6.7065654018659497382
19.994677726627983816 -5.2653378130259573808
19.537268462826613558 -1.6689812562587418299
19.099616739138014054 1.86694322538141666
19.827839496103692341 1.8368258920239957099
21.57429402488096315 -1.3077408403815313775
23.337426569715976399 -4.4553798054839619525
25.750726916892585194 -5.1769031334325816829
28.51127405103407142 -3.3266093630430422223
30.810133097402534474 -1.1743429842800896523
31.218574553991420117 1.3005011162289625837
33.337536065795049467 2.2745660093786668199
33.653687741334586292 4.6748773808929806606
33.848783333465767953 6.4818505987905652432
30.582570495346235617 7.6963424341389510275
27.166326957793010877 8.8948444959233317064
23.750083420239789689 10.093346557707713274
20.712766934493213711 11.211816239406417139
22.471584275899395777 11.317304653163555272
26.070904440366451382 11.034064363647409834
29.670224604833506987 10.750824074131259067
