59.972133233458713164 51.82515716552734375
60.142749600905347052 53.929787878874535068
57.850978806623601258 55.594304711134753916
59.577752802502132567 58.147845691067345797
58.193693155946611739 59.872743765216853262
57.580800539552370765 61.907013011281570414
55.629037634343490026 63.094206887640368109
55.203310483729403302 65.407570548952847389
54.207374224895673365 67.472413586943133623
51.880222467113185303 68.013765254611470823
50.705798976478739348 70.162865776457138622
48.030826022531613262 69.596497597282478864
45.974562873244877892 69.848211279474810453
44.414112206274388939 72.034351953489860421
42.143728152309265056 71.09374842015631657
40.1185150146484375 73.311121429630915713
38.114608993065296261 70.891059801328211165
36.492352873559887882 68.88490782949855884
34.212800782958353807 70.001079809408338406
32.203332251402549957 69.602947665048603199
29.608903104870982759 70.028333873573160417
30.369691190791975544 65.24326917065891962
30.322915085981236416 62.704278278775632316
29.747638009815528193 61.16313703441957017
30.098138802819669024 59.105387129164753901
28.173676207941699801 58.721512130111683803
30.338928210114509909 56.179311033229474504
30.273323532023113103 55.024057155602804414
32.251150651003712255 53.497417142552031066
31.053545748026145645 52.777924426490038456
30.061527385075152097 51.82515716552734375
28.552946604950435017 50.60957053906993508
19.230829917336816237 47.385343264530483509
20.217346544146305831 45.358871393924431459
22.069848997708756855 43.789374522349291396
21.485451865075269495 41.067352502963544225
23.778394795665988681 39.953368352592121937
24.505888437079349274 37.767480624572641545
26.441820409683018056 36.635649646563756221
28.104806809105554066 35.289699654603431611
29.795643635807142147 33.945420516634598584
32.035906532125459023 33.671318575755947222
34.4591739284861589 34.407496721328541867
35.590940492206911472 30.52459074806196071
38.092111975088968734 32.545211433454504402
40.1185150146484375 31.355295759165105807
42.148210115024305367 32.513924790482363392
44.415736162189460856 31.608318323883203504
46.266815885005293296 32.902644961434702964
48.314006988479825111 33.417778065276699806
50.430539773092718292 33.964207413139632763
52.777805093214681165 34.401132074255905025
54.284459908757575874 36.092284418871535934
55.782705514598369234 37.721054055668695071
54.640325623882048944 41.274448474205406967
58.453971611398941377 41.239175736527720062
57.060460841163418877 44.282118024208244833
59.269367915831544735 45.602665105456303252
58.590325022137818678 47.89885329481360543
58.30372360551409372 49.913812279819829598
