34.015330865294650664 10.240301132202148438
20.910899929412043008 10.949669137654090889
31.89417652262152103 14.009452096555625289
33.62095041513450866 16.562991624193269757
32.112195978348367476 18.232372409378328371
31.624000076785346636 20.322156981336640058
29.672235344646047395 21.509352653663746935
21.537739255620167 16.881705011180816456
28.250571623189046022 25.887563485946536446
25.923423914428472159 26.428907313369428778
23.034587520772269897 25.60856940592019626
22.074027505436603747 28.011647269809419214
20.017760582042100737 28.263351406446098224
18.45731168968951863 30.449499746716089277
15.028351860364729475 18.48580772735387967
14.161715507507324219 31.726267303654349661
12.15780858779059237 29.306199959143317102
10.535553267151883006 27.300055589770799713
10.93281739079312409 20.177824312168940679
6.246530822491287438 28.018097347348433601
9.9495604122816683201 17.535967125074563455
2.7757019166080514339 25.911806381803131671
12.813424290610608836 11.737729513450787522
12.195911627861736548 12.010318309401137427
12.391947735310578693 11.526112945307117386
10.149385292479045972 12.556821371866945469
-3.7702651016088744029 18.224133756016296815
-4.5860915022670027952 16.331834622037526117
-3.1500872989066834862 13.920037985118348445
-4.6751772948018732734 12.220138498917094694
3.6869288819623609044 10.240301132202148438
-6.8339175382979888695 8.033571832384504674
-6.7259691181380389935 5.8004877323696151237
-5.7394539727522868588 3.7740193479026711287
4.8758106066664499423 6.1059505262182067753
-3.2159961634726812463 0.20727600898455200706
-2.1784039893009286004 -1.63148864392983306
-1.450914293328191107 -3.8173731254638774146
0.485020425128396937 -4.9492068630796470785
2.148005332381712762 -6.2951529956459495452
3.8388436469486268976 -7.6394359907101474505
9.3422286497630331326 -0.58444025505022167977
13.105071128265993963 6.9882861937400955199
12.722494193303999666 3.4692952698034726922
12.135311549310479506 -9.039642696204587935
14.161715507507324219 -0.8780999365212363017
16.191405971075067072 -9.0709293216663162696
18.458935683840948627 -9.9765358058201307756
20.310013530258103742 -8.6822110675310781858
22.357208443604676518 -8.1670770105489332025
24.473739283516962928 -7.6206491136275040787
19.83627313422068994 2.4299417495631319142
16.486158831324505769 7.6587437736011914069
16.58629817927393546 8.0571965765339719212
14.29975431615225645 10.140010091317062546
17.373759924936074128 8.3858259693509591415
31.10365853320131535 2.6972611724245512121
33.312565553450014022 4.0178129046251536138
32.63352265546301112 6.3139977453319620082
32.34692121453177549 8.3289588904165654526
