41.370896742298000959 37.863073962123131366
42.920343091196450303 38.576053562002506681
45.974792821150053612 39.576895601945153658
49.029242551103649816 40.57773764188780774
52.083692281057260232 41.578579681830468928
55.138142011010856436 42.579421721773123011
58.097782204835262121 43.608478530825976804
58.261461734466493567 45.563750641564418231
56.540791477273330656 47.17127598222878504
53.738112052861289669 45.964664971391414383
50.853624529045376335 44.569531263635255414
48.02692928742983014 43.216372634481324155
47.901760546489228432 43.825358134170102176
50.10614616260670573 46.126320893152666258
52.332597922837059912 48.443310500328820467
54.343712250967371347 50.800520279777302335
53.089620595175652795 52.706158347062427083
50.77264236432073119 54.452133307097454917
48.538335935893215378 55.453271926348179477
46.090456567104538976 53.534265003119784865
44.101088032574466524 51.027349450835330913
42.547972486867948305 48.424752336556252885
41.978740592618876803 49.50733740841988606
41.966518672019965663 52.731615541551839499
41.87999903309135874 55.928853433967105957
40.419774590458992236 57.64244137210700103
38.34230458595690294 57.217771243198015441
36.143828137868752037 55.25749336618932972
33.333494094265958552 55.527663458448436984
32.700336834895175286 53.581015365136032358
33.810451696412059164 50.564150985015061224
34.928361443304190459 47.542997687328998779
35.794843246990886598 44.957005648370227391
34.432618097325665474 46.228368964549510167
32.371981994311980202 48.708513554971233361
30.311345891298284272 51.188658145392942345
29.111714391445328687 52.55025699773016612
30.659644247456384392 50.342452116979970356
32.517535760605312589 47.731970770519346559
34.375427273754226576 45.121489424058722761
36.233318786903147668 42.51100807759810607
38.007925080379528993 39.971121273490894055
37.434405689046059251 39.291612664133431565
34.561732862890636397 40.487554339257862068
31.593653517977145384 41.70353367399485478
28.625806125269289026 42.918242020042960405
25.657958732561436221 44.132950366091073136
22.772912770030128371 45.136368255559695228
21.642352957333809371 43.373927463895967094
21.942418338348389284 40.710322903744810219
22.922749201066146441 39.263667113645730922
26.051452229684958439 38.618445120140911797
29.156817311493572475 37.977500772435554666
29.241471610963181149 37.258865533733690256
26.153729014311156931 36.455595849476253534
23.133306235219880165 35.332879997158521235
20.316170154582643192 33.820013323679603445
20.79253242547562408 31.82691037578611315
22.37261951339444721 29.930171488726674767
25.460557480918957651 30.401249525467282098
27.812926284005722977 30.642923973869621079
26.310847647130028548 28.687121318646955359
24.264024258320400662 26.295302028574681685
25.171251073854733704 24.147319240627375336
27.379661187534484412 22.07364867638403183
30.045858735545891705 21.879011838141643409
32.201935368190163445 24.046174165211095186
33.931881256400764357 26.738354937496101371
35.661755889106430573 29.43062337175386034
37.413845615746957662 32.100474575696310353
38.382799533824808691 32.474012248977416562
37.852030509057549068 29.443361449709655631
37.259582031581956585 26.280698652291590633
36.667133554106371207 23.118035854873514978
36.074685076630771619 19.955373057455439323
35.902522702269074273 18.057517382945963647
37.573538928105591594 17.7936417889023204
40.324551746469253999 17.655705182699929168
43.217454036296629738 17.921142335228076092
46.069018903245016361 18.615146954304250926
49.018435377390382257 19.834577006298196977
51.594400828327501074 21.404752823741947765
53.877860935343910853 23.31815224174109602
55.022472012154672427 25.314215897081645323
55.864891791658656928 27.039673361337730029
57.221089900394190408 27.603763556724203454
54.884527342542170913 29.146208467483052829
52.148377183496165799 30.834240517429325479
49.412227024450189106 32.522272567375594576
46.676076865404226623 34.210304617321867227
44.996560089412326988 35.42895563989020502
47.475406949955896607 34.800365199874477184
50.55642122234750957 33.904278045331530222
53.637435494739101216 33.008190890788590366
56.718449767130714179 32.112103736245643404
58.659545337917968766 32.37878078437050533
57.917456697438581159 35.126664334759034602
55.277142051010443424 36.077641557394031224
52.09447266432485435 36.459909829489696165
48.911803277639265275 36.842178101585339789
