65.4192499320137415 48.442717557046691468
64.094801094042125555 50.497657964460053392
64.381394678080070548 52.650375520276568864
63.946112717252546531 54.960939526594543736
62.576545475033761079 57.30707074831992287
60.957379490757702456 59.404209740655446126
59.468401198394857943 61.524522055440684198
57.523892327377417644 63.177047868076272152
55.509191726228941377 64.497878989229590729
53.218230320582833315 65.046458193887417565
50.820642069844119249 66.077229797078530282
48.684326396213748467 66.87098015550917296
46.483763185122214168 67.121015918396807365
45.538711205375086877 67.133597304704309749
45.433943167455581147 64.36341021994515188
45.343675109603694295 61.553918301192588558
45.253407051751814549 58.744426382440032341
45.163138993899927698 55.93493446368746902
45.070059557249187776 53.122988297847761885
44.821237454935776157 51.013152658118826821
44.009946833526782939 52.824021442941592852
43.084838793346300179 55.484288571383210353
42.159730753165774786 58.144555699824827855
41.234622712985292026 60.804822828266466672
40.308247119080768073 63.462929885886431691
38.740605533077086875 65.047106142572729937
36.213322009962595871 64.817678597793062067
34.376357323956952428 63.589238667959868678
32.427343099918751079 61.693018112185136204
30.293717251606977925 60.049449488666432728
30.47823021023202017 57.855675783203466267
32.419250604675184491 55.824169264546426916
34.13856285673244173 53.94687244123556269
32.758453417977598576 53.850806952527783267
30.02821351494729285 54.530658692475483917
27.647721250205659516 54.498173441918233095
27.449742531196964279 52.248320660133039439
27.512801446018610108 49.982229054691877934
28.491100699141050256 48.910768404620355909
31.273438001471618009 48.562174615456243032
34.066899567241037516 48.21785522921637579
36.860361133010471235 47.873535842976522758
39.653822698779883638 47.529216456736662622
41.959529575689849423 47.138392655930225317
40.692212311714037298 46.122976947741285869
38.117188684563565459 45.103499026137058081
35.466791732515062563 44.160670324884982563
32.816394780466559666 43.217841623632899939
30.165997828418053217 42.275012922380824421
27.518831038704757219 41.331587919448928403
26.81420465702515088 40.200370660310419169
28.433114533652805278 38.283518547559985734
29.289229616089958341 35.841347906623930442
30.481170412425086624 34.015611103762665834
32.20362070682938338 34.684242791089744173
34.489736249652658273 36.313396966928756626
36.767261842006874417 37.932937666141263833
37.601675755560464154 37.937414292099539637
36.321243863633640103 35.575052972610230029
34.951476486828667589 33.112711496205172068
34.089226883580899141 30.765964215466162557
36.075918079046715548 29.539464344007164698
38.044780053988951352 30.140865255538727752
39.365521401712193494 32.587472944736994407
40.66331981500290027 35.075985937164510631
41.961118228293607046 37.564498929592048171
43.024594052233801733 39.341764865556903885
42.854560396385522836 37.374918938255937917
42.419255884668800149 34.602887664016115821
41.983951372952041936 31.830856389776279514
41.548646861235276617 29.058825115536446759
41.506155973169512663 27.559278381442638306
42.827528332325798033 27.360204042247129763
44.092428764306660582 29.742631579878519688
44.881415999932649186 32.441632208242431545
45.669737097387262281 33.981668428830829498
46.458948792778429038 31.753037802329608041
47.275687842397665861 29.065691287156901979
49.0488157821147297 27.446565842684339742
51.184048569863257683 28.181817839219778676
51.00298606647645272 30.669312903406712678
50.216495500717165612 33.359475887896174129
49.430004934957878504 36.049638872385628474
48.643514369198598501 38.739801856875089925
47.865889968678253297 41.42362435265719256
48.244332423353888828 42.464259049950918268
49.946790507117889035 40.455199830884339463
51.658501128136457226 38.236407965952309951
53.370211749155025416 36.017616101020266228
55.081922370173586501 33.798824236088229611
56.793632991192154691 31.580032371156192994
57.826387520534161979 31.336654609369176683
59.65689760372912076 32.943748734922067456
60.716274404464691372 34.623962962501636298
61.01320138744758026 36.460245470341611451
62.844189217962423299 37.060416025269290685
62.996521537404611024 38.856894023771801017
64.072586438882311199 40.782111280390545005
64.094642895937028015 43.268929532058926668
64.408754547826120529 45.854796748370624471
