117.74978607369624228 99.808300896984803785
117.49206087847572633 101.23612391130347987
116.38674019390744263 102.26948010385126508
116.04567836184935459 103.3989797488691238
116.80035179105743737 104.73864681555907907
116.59471867399827261 106.00009803554135601
115.90253470778208111 107.38177029218246616
115.26377798670506536 108.81863394327389472
114.12855763289637423 109.88534028847247725
113.24790838315404073 111.10667627476252051
112.64499971933550171 112.50263894875158144
111.59980556558741682 113.57067846611138862
110.51585821363468654 114.52656807117131166
109.3392159400860919 115.42034219614841106
108.17474996420119737 116.17977972021711253
107.09498764911712954 116.78683206938300998
105.68906266070342781 116.92571254586655982
104.11813856892729291 117.1440049635037326
102.94570119817259979 118.13272289734801745
101.77812163750857621 118.66607569719963067
100.40918558632476731 118.64853917747436185
99.152407920212596082 119.01476547925929594
98.0672887110325604 119.05667889575158824
97.050677288545998067 119.04248037814785732
95.995438075327015781 118.31503892201199335
94.95523629040192759 117.05487550107380912
93.770232432987739912 116.46819517830211055
92.331672953754534205 116.9557084469996795
90.776235267393388995 117.01187175031898846
89.174990693889824911 116.97817383961587723
88.003513266017961314 116.47289899314789352
86.946165564670366166 115.83188972001586592
86.08448754152352933 114.58361222267566859
84.794171949846216307 113.63896463890591804
83.381791861513576691 112.87871406046409106
82.365751686015869382 111.73093358729556712
81.48380293509686112 110.57032502206844526
80.858012141482134894 109.62555285147286099
80.363142107101339207 108.78540067290219895
79.899753371280937131 107.9017618979701183
79.630032190504579148 106.61420812695104132
79.363183226681769611 105.12921237080189485
79.922716183165363191 103.72930187617092201
80.070026563562677779 102.40063174191536177
79.148343562506383364 101.12526100098064319
78.273485681108581957 99.734793208316474988
77.851051743782250014 98.341002572716277541
77.9245119649376079 97.20186708637237416
77.985780537125563683 96.63278831478498887
79.561003865750620889 96.422096960689671619
81.166408884193131712 96.215810182316786836
82.71100671644437341 95.913153649738148943
83.816300354646742221 94.897951117114629938
84.646746022531260678 93.609146777314578003
84.399356700449132518 92.26260286023070023
83.884662537389843351 90.877356600786058038
84.386771633775339296 89.562951198579312972
84.380988734767001347 88.043528600277625173
84.145771549199650963 86.433866543289639139
84.160846951336381494 84.834278485210020904
84.963207219599325981 83.753264011826985325
86.206651190437042942 82.788167120439169366
87.529891822417511094 81.919179251934309605
88.862443027745044333 81.18522229555854608
90.382087573938406422 81.12588184956383941
91.81008877791101952 81.333646159341640214
92.558565778120907908 80.325684121155745743
93.201832955287969185 79.602808181995555969
93.681307953531600674 79.494752966984634668
93.910090284022174956 79.831584910643684339
94.35620670208778904 81.375148914082458873
94.802323120153388913 82.918712917521233408
95.248439538219017209 84.462276920960007942
95.694555956284617082 86.005840924398768266
96.140672374350245377 87.5494049278375428
96.591821736118276931 89.0732511802798399
97.28171871154340522 89.722162635369684835
98.370109590596612748 89.775601143374217372
99.511990384123279796 89.591360607235358771
100.7772496098691164 89.537861945625934368
102.30894981252268394 89.48108580979362614
103.87756978154942544 89.032535115054372454
105.41174389245492193 88.637180801502779559
106.95873329419357844 88.61273278689425581
108.38145555145361243 88.028698799955805043
109.75854814659530234 87.202041018928611038
111.13559342710343003 86.375131279070217261
112.49917513371315181 85.565228737965171035
112.87374291298480955 85.869650607722022073
112.86944376763325693 86.922655277513996452
112.727698292754269 88.198983196423142772
113.91599840320506587 88.492573879029421846
115.00328983769713886 88.793511172338398296
115.4276628499176951 89.539028430608368581
115.16772125616388678 90.801987629092991483
115.5827140683663572 91.948383074066498466
116.62845524203200398 92.935277816156542485
116.53928898584493368 94.383580818939392998
116.20352556728080629 95.985609934245587738
116.42077885814752847 97.461601706552258406
