22.705283715636447539 0.57661467790603637695
22.875896267611938839 2.6812460542672402752
20.584129366722557108 4.3457658504339278238
22.31089946256111034 6.899302928263823631
12.029755596479052571 4.6629640051801910516
16.036357410698933279 8.1887999270816234088
18.362186274952556175 11.845665918806092876
17.936462892110739631 14.159026788693429566
16.940522612926731227 16.223875737863931334
14.613374857653429473 16.765220560881683554
13.438950295400044155 18.91432878036851406
9.7298492620555432353 16.025265758465458532
4.0760149710195729966 4.3447746412951122608
4.0181532955960346243 6.0645061838740614846
4.8768758633114561718 19.84520181037117581
2.8516659736633300781 11.628127540775933468
0.8477592267132600945 19.642513206188390029
-0.14645670006576594346 14.681674095428508764
-3.054048458062332827 18.752535128886556492
-5.0635177570427503113 18.35440868796347047
-7.6579453213607777684 18.779796889600476106
-8.5343471457567225968 16.24811962559102696
-10.208030612325046604 15.080877662264489558
-5.2572223930322881102 7.8778906603150096188
-13.230535509079789591 12.261017247062152791
-16.295165238415254549 11.631043907685539196
-15.080313682651031115 8.5604470017373337498
-15.89614055061467468 6.6681459890197309903
-14.460135888004785443 4.2563516676312271869
-0.85402043482651768258 0.96609802475129979982
-2.0750003916429857753 0.57661467790603637695
-18.485825931399826771 -1.6660460738234776912
-18.036017688128602288 -3.8631993062572815845
-17.049503023600106388 -5.8896674233721624248
-15.196999573056036326 -7.459169202107876373
-15.781397683295203649 -10.18118927609562796
-13.488452804049515521 -11.295175401534022441
-12.760963106227857011 -13.481059168845296981
-10.825028145421455861 -14.612893147223553925
-9.1620437196417174874 -15.958839274748783055
-7.4712049126274422406 -17.303122278082049945
-5.2309434581438001288 -17.577224211843208934
-2.8076753401217446893 -16.841046067823754129
-1.675908577848241876 -20.723950124054912436
0.82526218790117367163 -18.703329447853441536
2.8516659736633300781 -19.893247026479425443
4.8813578274435087678 -18.734616078221254298
7.148887624230078508 -19.640222548846146822
8.9999625730651757749 -18.345897817523166395
11.047159386096318201 -17.830764716765873601
13.163691216077035406 -17.284335368387086618
15.510957683244679828 -16.847406751016979598
17.017608397841250678 -15.156258443978531503
18.515858007365430637 -13.527485754292481346
17.373474344155994231 -9.9740950649257325011
21.187124038517954006 -10.00936603033011707
19.793611362908492879 -6.9664256262408965625
22.002514587565627835 -5.6458738523996867542
7.256086010453517865 -0.35957345759350511916
11.503438241625124405 -0.33272319520453641495
