48.019813134581760039 24.508539199829101563
48.190429500554486708 26.613171834548214889
32.572887602135310203 25.445211926480759246
47.625428876342795093 30.831227764102116851
46.241373068042214811 32.556127682222474107
45.62848425251534934 34.590396957881011986
36.987451422880170071 30.917555759695822815
42.826956263820051163 37.709149073324681467
42.255053920270825074 40.155801528547058865
39.927902368061864991 40.697145381691285593
38.75347864807773135 42.846253665320574555
36.078506025311355643 42.279885308369671293
34.022239143006821394 42.531587532161125864
29.684345205657127309 31.65087382174500874
30.191406257843517835 43.777128535363004858
28.166196823120117188 45.994505371281306338
26.162290809756481025 43.574439929145242445
26.269822445093197416 33.4302798252835629
22.260482666155514409 42.684456145943968863
20.251012138104080407 42.286335414975383173
23.452849713231220363 32.672296821120887955
23.730826724589405785 30.613304379228150509
17.897345676305295825 35.913251321897412538
13.050937908148037891 38.118379185252393881
12.083994863679489384 36.192942067200661427
14.454411367733202454 32.425043644651310615
10.234216689377738874 32.492371820356538592
9.4183898214006767091 30.600070807106241944
10.875127393615741767 28.183868266188369489
24.402943422568831977 24.904072795374712967
23.366039409000933347 24.508539199829101563
6.828704434980565452 22.265879282322341481
7.2785126822743961839 20.068725285698853611
8.2650273169256287531 18.042259402697631288
10.611649495354356532 16.692752058265867277
9.5331326705113852427 13.750735576435804575
11.826077565543851478 12.636749422577562285
12.553567248146837443 10.450865671364045539
21.359524069150360503 16.948962149234269248
16.40758499001779569 8.3241979151745191245
17.843325444278821834 6.628802550936356397
20.083586445718452751 6.3547015581800465611
22.506855736957838587 7.0908787556302961264
23.638622266225205237 3.2079746970356417535
26.139793791167871717 5.2285958511425008055
28.166196823120117188 15.268285375559146999
30.195888211451229921 5.1973092197591306274
32.463416015281111981 4.291702255324207016
34.314491998264820438 5.5860270044552784441
36.361686880360011287 6.1011610491375876109
38.478219629580266314 6.6475894216710713636
33.297519829709742112 17.445880657362110355
42.332139748223788445 8.7756663976572255592
31.334961184567116987 21.655370734642602315
29.092031220792406998 23.835881804258530536
46.501655379359306153 13.922558814813017491
45.108140765237862979 16.965500110059700489
47.317044009999520426 18.286052885631995935
46.638004927859569193 20.582235350750565317
46.351403474426163598 22.597197822352011798
