116.41840703716965777 98.03086090087890625
116.5890157746610214 100.13549161956099454
114.29724128512104642 101.80001170190496396
116.02401893421635748 104.3535533722321702
114.63996316690540311 106.07845126597614183
114.02707052075966487 108.11271676015418564
112.0753038426840078 109.29990676146448436
111.64958812763728702 111.61327425598413754
110.65364782839519364 113.67812513196042801
108.32649245485157508 114.21946899088956684
107.15207278018968395 116.36856951180870112
104.47710355389327219 115.80220137138967118
102.42082940966371041 116.05391489717217723
100.86037813945507935 118.24005574009635211
98.589990841009040423 117.29944449152563379
96.564788818359375 119.51682516498247821
94.560882829654261172 117.09675591074086753
92.938626677270832488 115.09061156485012134
90.659070925292922993 116.20678359457687634
88.649594868789577617 115.80865151516590572
86.055176908581927364 116.23403760892472292
85.178773330847064926 113.70236806562837728
83.505082314325704829 112.53512713030369241
81.449527036718166073 111.64070278738012121
80.482584020394781987 109.71525807717176804
77.417954150496541388 109.08528927075670367
78.632804868479595939 106.0146954255203724
77.816978943432999927 104.12239628535485281
79.252981741758119938 101.7105978542256679
77.727892685372992787 100.01069738226047434
76.626316203434527097 98.03086090087890625
78.013052553448275717 96.080994142331704211
83.521948543013024846 95.258519821124508553
83.966640710473015474 93.937477398726059619
85.068921959570829472 92.912562690963994783
83.534123747128120385 90.507598808488978648
84.686901190572697828 89.401072665748756663
84.096947067728393677 86.804765587185727327
82.888084602597373873 82.841349633896072646
84.551076743322411744 81.495403429767208081
86.241917492850362237 80.151120406497483373
88.48216894385889475 79.87701847320745685
90.90544411385953083 80.613196578181685936
92.037214364824592394 76.730290654069676748
94.538385772714136124 78.750913262097071765
96.564788818359375 77.560999494516664754
97.379521908766946581 90.279204559922291651
98.474550811142663065 89.046111980436521094
99.239609465412087275 89.798614352727938126
100.33468643380098229 89.563526190990572218
101.68663542830934432 89.159554112039174356
103.52109451567247334 88.45631510342816739
104.84925588267685725 88.830019740520086202
106.6184407365735467 88.978507864097664992
111.08659225432509743 87.480149022664164704
114.90024154452905236 87.44487937508613129
113.50673097917933774 90.487818279527004961
115.71563408517945959 91.80836882551643896
115.03658740934920957 94.10455715997645143
114.74998975297945947 96.119519574398225359
