58.947917490081565006 50.104960474387432612
58.766397626041758429 51.470784886594806551
57.76311919259811134 52.461576139749055869
57.16638989366039425 53.469476564521073669
57.798758973139520378 54.704792588599644887
57.955751114347151542 55.895886534821514147
57.408591153351487435 57.161541617555251094
56.785276014483024198 58.510981032809091573
55.997653444546060086 59.712603335828397633
54.864592375474927621 60.656710464328128296
54.305788608059501144 61.980905364727320261
53.560692101976201229 63.155766533903097582
52.566208311698808586 64.135118596857154216
51.539043704279322355 65.016198610701792404
50.42697811700471533 65.844999508990113668
49.339884324150624195 66.547073017660267169
48.329452249894742977 67.115049736102164957
47.04115191964855569 67.276386256810283726
45.544597280404637729 67.407188311539911751
44.367191752522856518 68.204854700209921248
43.328340890572974331 68.938544028388477614
42.106606204065847976 69.113253406016681879
40.828472525625151945 69.112682750096794848
39.757618618337275507 69.391062200552028116
38.795699463636807991 69.402511736311453205
37.812935758207210313 69.366390791600593957
36.839715784559317058 68.225670590152390105
35.851536580394089526 67.097768861803118057
34.671999554552257905 66.873501198869874429
33.297081755704247996 67.363772985533117321
31.837387130694601467 67.294500970637969317
30.485252663445940868 66.66553043822969471
29.70861434022327785 65.580812959730494072
29.834463434401346404 64.139673240428891177
30.120447329037119744 62.637541850595390258
30.323701290038531653 61.126737204515912083
30.294444329290563189 59.604181809931347402
29.980388951943190534 58.141013200398198535
29.907456597963861356 56.722996759238156983
29.331662503766835925 55.863360736750820479
28.646398769867079892 55.350959083413712847
29.390588934786443076 54.326783719518140003
30.181493225266414981 53.122070376736886033
30.836458886259954681 51.934652879272881876
31.720047652053892762 51.048705914498555103
31.084557596883414021 50.411504146767065038
29.613668508218211173 50.16492931808929967
28.111888909196942166 50.055175797703036267
26.609943431787975499 49.946644478839445469
25.107997954379008831 49.838113159975847566
23.606052476970035059 49.729581841112270979
22.104106999561068392 49.621050522248673076
20.602324052967492918 49.512241937666864544
19.232678659288186651 49.178016324170855
19.077623404877492419 48.156641142834743619
19.1948000132753549 46.909978383823812464
19.417355114070012689 45.53058242002485656
19.741409539009708851 44.148988499230682692
20.145696161335440166 42.842369604100809966
20.619141189392735214 41.611666600701290974
21.150011450682590919 40.459982757469788339
21.691056461738462247 39.451116081601512064
22.316827310934449713 38.432235379395784491
23.085184380339306642 37.342242521206848949
23.945733100402225801 36.28138553262385102
24.887356805076350952 35.271054475592521271
25.956423200437178878 34.276055757022461989
27.123982956492270091 33.340370981510119464
28.356973661999965941 32.495381652528422478
29.602927883048124613 31.769747935876051059
30.942068079756097632 31.36998805924189071
32.396848974431399881 31.667455803998702635
33.461498059674248395 31.383528194414608947
33.977069247659287043 30.076614654309349106
34.708829893997304339 29.87830420713530799
35.487730165724236997 29.721744776219807704
36.477441725535690864 30.008243174813092224
37.70101079353374729 30.198670702105221864
39.039119465227457795 29.806929843234879485
40.388556131474182109 30.189589647895800795
41.749025420658348651 30.143772274562046221
43.072684049550396423 29.815039949667827557
44.386022800387479492 30.132090790890675436
45.781027798400728557 30.607760758898329811
47.182816077195695925 31.137264352177947302
48.523622501994935874 31.796147869156719423
49.757420119246937418 32.51882291945726422
50.882821966070494568 33.288265554443739802
51.985044943458653677 34.159583698947244557
53.042089179667669896 35.124464997657511844
53.903791518245576242 36.023826562478021174
54.178002388954446644 36.932527717553298885
53.846567405252088179 38.275785417447700354
54.589875081822498259 38.824944124149254776
56.030187577829217105 38.854629396247176487
56.42455688166055694 39.518059189274474363
56.656279889897128044 40.38558277935732832
56.334433702017754797 41.674759110734150624
57.204978284614327322 42.605677820487649399
57.920888348652056266 43.64088037935488984
