28.707708859559087244 7.0814019163773558319
27.371575961857697479 9.6136564358885561177
27.403718208960949454 11.428024237505638894
24.263310181811426958 10.717718090982751633
20.857409746183460442 9.8173982710178684385
17.466794143294674058 8.9238958947035378344
16.846281530940469651 9.2659334399860711073
19.715077878187614147 11.164295978636843643
22.661936049781289171 13.097476175931491937
25.396618637139173558 15.029097601142003882
24.150749495699230351 16.595759973475974647
22.058172590406773139 17.821874939242039915
22.236371586748802542 20.484228353493428187
19.987000599142106694 22.205395946642305205
18.388400771434604053 21.965231434916457687
16.499827813336523263 18.998067975091942117
14.611103600147426818 16.025657233534893464
12.723585992567807423 13.055983189774979181
11.864096364263403416 12.417975669173127784
12.716176793003482359 15.661973973805684679
13.635827135874325933 19.059227355077737798
14.467238066066895996 22.443206161804152288
13.515072181165704635 24.849745361091340357
12.257389802693447578 22.56163717813880254
11.168494582800288839 19.222106742669797796
10.181749430434543058 16.82076471692576547
9.7355483854013531442 19.384003025976277002
9.391497407895579741 22.885429744751753844
8.922165630380613166 25.501027838811012316
7.3689226664030815783 24.636323179921621573
7.0337107364358120165 21.247812543271042074
7.0858410064531440753 17.727422423179550748
6.9418408823285266962 15.131150226460697183
5.7599840892027467376 17.425002040922056068
4.381996901935016453 20.64297177875605982
2.6462481928779992835 23.212374455548971497
-0.32779990643007472784 23.198798162559569391
-0.76256539152816282812 21.209679260395724043
-0.0094138931358847075664 18.195041574751339652
-2.0764444488010385115 18.796111066325376981
-3.1981432832456704318 18.94696267817386115
-1.1428720398210572284 16.293468425036909508
1.0378206518662835833 13.529263302362293686
2.7145949592316669374 11.219913401865639457
0.69596778156936101034 12.246168464007338272
-2.2675063666966153164 14.125277067732715963
-5.2314072318059299249 16.002159790544482121
-7.7462732777854732547 16.453237646635177072
-8.8234087869142747707 14.597131753507351704
-9.3311048239672462756 11.723668791367353847
-7.6308105758436601818 9.1875504331850610384
-4.3230080058057307468 8.2307847423859303859
-0.90809299534316878511 7.4197324270150861736
2.5068220151193933987 6.6086801116442446258
4.7786689513170914623 5.7771101607016159818
2.0738023485876744267 5.1601483507992238486
-1.4075700399254646999 4.7011241818334994491
-4.8889424284386038266 4.2421000128677768259
-8.3703148169517440635 3.7830758439020542028
-10.875296122628704154 3.170699170755638896
-10.407355798780454137 0.62239952006507603954
-9.401311147736485907 -2.3611829665808565792
-8.1154780101998049702 -4.8649169791842190591
-6.3367844326854978476 -7.3494144383340973548
-4.0164643395105770196 -9.6933277072407619812
-1.2075932701341773878 -11.70468598993451792
1.9295151977768689733 -12.355184298961464862
3.9415001837421232977 -13.851591619183881932
4.8709684158195205583 -14.070428669870846505
5.6972793651214912458 -10.849469844846808542
6.5457806880436777419 -7.4524399259485658575
7.3942820109658606853 -4.0554100070503240616
8.2990471125545219877 -1.0221933256799806689
9.2597574911002915599 -2.5966960632905600193
9.8096394898938434892 -6.0678227321157924834
10.351923696453766865 -9.5419182422741073424
11.029613319193277476 -12.910540217588188483
13.454275169528262523 -13.993901399836509825
16.678506903238226045 -12.961345169678875067
18.701938862888866311 -11.453732946216389266
17.399934562199877774 -8.3878101705466576732
15.888128298195741905 -5.2282624811755180616
14.683825742843971796 -2.4931764627476575846
16.336331835617425412 -3.701476290502565103
18.874977647948238513 -6.1329559872123118325
21.413596810225421052 -8.5635724901280365629
23.1593178003406166 -8.6122235494339598461
24.000847928061528336 -6.3642736198130505088
25.674952074336967911 -5.0420959905138573731
26.575065824552403626 -3.3426423897071684266
27.23716583704094063 -0.99706189010968826469
25.191327636766409626 0.27793056370686042289
21.862952252651151497 1.406151313837402661
18.534576868535900473 2.534372063967944122
15.206201484420645897 3.6625928140984869152
11.988903435419462795 4.7917724059888096022
12.686094691677689994 5.3518715092049502502
16.190356881950677348 5.3862499234037262141
19.704725659638725688 5.4181632039747684715
23.219094437326788238 5.4500764845458089525
