32.732966973693088164 9.807384490966796875
32.903583340332673401 11.912016165666811318
18.963558175964809749 11.100621738598087873
32.338584626997800342 16.130073042328803012
30.954528803529619552 17.854971090656306387
30.341636187135378577 19.889240336721023539
21.148309516390014551 15.815133129128604139
27.964146145472543736 23.389795951317239542
26.968207809435007505 25.454644867268328312
24.641058115622726632 25.995988764680493688
23.466634478549323717 28.145098907954135825
20.79166170887023668 27.578728720164086496
18.735394857768266519 27.830436648295556523
15.052402592777173851 20.030790937582224842
14.904560090755861523 29.075971919803610177
12.879350662231445313 31.293348755070365286
10.875444657087317779 28.873283313798211225
12.988306780403629404 9.2947866340228895154
12.571533878697717768 10.754747614365928854
12.338173967345010595 11.022888523152282403
11.385709775143382672 12.39444458226599366
1.4933375668777717493 25.478887846811623774
6.9526092146442133313 16.389695583436509452
-2.2359081326250844768 23.417224477396594295
-3.2028512917079581257 21.491785458561508904
-1.8596001010441067791 18.316921625521004557
-5.0526294583640982694 17.791215233673874252
-5.8684563394879951659 15.898916098243939032
-4.4324516697173130808 13.487121332724044009
4.666366133690118545 10.670604583009390964
-7.059121952693399038 9.807384490966796875
-6.5017370332103041619 7.7703500435461005935
-8.0083334786142756911 5.3675705768365498116
-7.0218188180281657651 3.3411027066673195662
4.8076829747055196407 6.2136470590166350547
-3.2756177213150436955 0.48031001976580256496
-3.460768594225264394 -2.0644055262442613241
-2.7332787669187297297 -4.2502900207302136693
-0.79734411850745168238 -5.3821235075715829765
0.86564097079259560985 -6.7280696418578287421
2.5564792900566875034 -8.0723526386120347809
4.7967407568465496581 -8.3464541022103979628
7.2200095524419234394 -7.6102768992293690076
8.3517761225632227706 -11.493180969162626326
12.470013067626087633 5.9127966140398591222
12.879350662231445313 4.8957158145545092154
13.865764327761223029 0.42227951764235349685
17.176571816255084002 -10.409453395625106964
19.027647737233333913 -9.1151286605154631104
21.074842636062832923 -8.599994609283847069
23.191375414233149854 -8.053565741977699588
25.538640862799383058 -7.616637173805141714
27.045293573456099523 -5.9254888005389609873
20.137390469355125333 3.2722171526902013028
27.401159489769291611 -0.74332521950164576197
31.214807262762928275 -0.77859678247236274728
14.375901057583797993 9.1410773086852277203
15.969533667332989069 8.8033229589412052007
31.351162572470759216 5.8810805986178582572
31.064557322036893794 7.8960422406818100427
