60.598978787121879463 59.859063967134581219
60.48339023773451828 61.158226775762486227
59.611333009327083232 62.114435360054926605
58.822135584899122307 63.012738550818184535
59.204498662103596018 64.126411642554245418
59.74616258572859806 65.288321826038284712
59.352458480641203664 66.406439058769450412
58.712071508189353608 67.619683690612333749
58.175860795751496823 68.891882124659147735
57.221098164412602216 69.854115263143100378
56.277229109175713972 70.80802533179188174
55.881403278145050706 72.13224575255365778
55.052605081993590375 73.128942794826087948
54.119929276832515086 74.03055992069317881
53.15740840754621388 74.848622880523336676
52.118397756402217169 75.622954492851619079
51.097652810939365509 76.288209956360077513
50.152252673343426181 76.829375554958573957
49.047011508720572692 77.109607058176379724
47.63332187519637273 77.115160546675014075
46.397441129939238635 77.622960653516400953
45.478695293400619448 78.62674527705081573
44.394896917403244174 78.86217600147010387
43.17293065003002539 78.774343712977866971
42.079523464152089218 79.159656308489246612
41.114173847548521223 79.20334533496674112
40.228804543975250851 79.202397545191189465
39.30303594014760904 79.014856953875323597
38.396714332027741534 77.910232743742412254
37.472207210739945538 76.866605625114885925
36.371002961411825538 76.658728998763891127
35.093601681337553089 77.139103183863923618
33.731129076748437967 77.173827641212838557
32.329412065042994584 77.098195715943660389
31.193194949851214659 76.807661105732265128
30.268541454850243611 76.276258787207922296
29.45093780334303446 75.447097264669196193
28.589190371775490718 74.39306174743558131
27.950906042263088835 73.428046951011737065
28.317279511281363114 72.207919199678570976
28.897714810576655253 70.931691154761750795
29.462785790016177145 69.648277514481478079
29.859868657985199292 68.288302166352707445
29.746340601664009284 67.092143890602770284
28.80847650513918623 66.488530991025683647
28.832143318458268055 65.670560848805422438
29.70063370249884116 64.566577619449802228
30.276057776608688243 63.351444180469066225
30.840023763642772536 62.203408339970948759
31.718105388019075974 61.296976816761571172
31.419614619519261822 60.4558616097235344
30.374299292005954243 59.535548374615075318
29.324300608705776483 58.562607360962168457
28.707265465749919997 57.412782250495240532
28.967277128105774153 56.033792120901303235
29.690231524274793173 54.895272282584286927
29.696250720939620038 53.825264718634436178
29.092894383069381803 52.671827800452732049
29.343990156690527016 51.619760090453688406
29.222604462760916277 50.558746105289003481
28.387506427196989023 49.43896614347623597
27.522059145380705303 48.316648718354109349
26.656611863564425136 47.194331293231982727
25.802428848921028504 46.074173152615621518
26.076548694228282699 45.556319438060725702
26.919536068322692302 44.706244489590943658
27.952282614402029992 43.791011942708607307
29.061238858321523537 42.938037846151971166
30.21938008169256662 42.169428758503968879
31.383030926770981495 41.506753117282670473
32.646241502057826267 41.175639068963981515
34.006729421796961788 41.464437680053038093
35.038658083622017614 41.277235712495553344
35.528698956639992446 40.091350968005137645
36.160484787057967537 39.728119840418472108
36.86826596037578696 39.576883109921418225
37.733779479129800905 39.427903034925869008
38.819579755078628125 39.608382966129674685
40.033713116596842951 39.21864868240668045
41.264098454731772847 39.215941273144331092
42.512628375671120295 39.619901479018842849
43.809189946475051158 39.459620532595501174
45.007046571242561583 39.678622818826887908
46.268028112841086852 40.000547665256995344
47.578402336663273786 40.453794079739864742
48.882493283223638514 40.961400548215792128
50.134587437005002641 41.576718548879547654
51.294235893072830379 42.248668685861559879
52.352694640032332529 42.95819663945081146
53.383198267626205791 43.749575309292566772
54.387776087261606506 44.632111092872492009
55.28441303350152225 45.529786848018396483
55.899869535537284548 46.217482729114600204
55.605574963081551232 47.452959085238418879
55.641522370486008242 48.451543308705275592
56.770266960151943181 48.64268656060129814
57.805294840785336419 48.855694219562778358
58.171922596536759897 49.487517384277630583
58.206872253166764608 50.419311292633217647
58.012346709410458345 51.590610787315782204
