97.530902459532939019 71.5731048583984375
97.701518826979565802 73.677735571745628818
95.409744306019902638 75.342255804604434388
97.136522002754347227 77.895797278107664852
95.752466205142042099 79.620695253864738561
95.139573588130232906 81.654960690631611442
93.187806935512071504 82.84215829185018265
92.762083550000568266 85.15551821350366879
91.766151102510207238 87.220368889268598878
89.438995509159937569 87.761712946556031056
88.264568008536400612 89.910821210738276932
83.981917519352919044 85.733521643069039442
82.116309251637133571 85.235006369754941602
80.930729278980450658 86.879330232569003556
79.152757352722602491 85.6112350121831156
77.677292643447501064 87.719049896427577551
76.223121852765856943 85.408546371626556493
74.051122099634113738 88.63285552236965259
71.771566347656204243 89.749027552096407589
69.76210512974093092 89.350902914994378534
67.167672499301829703 89.776289293039525319
66.291276225570030078 87.244611909055464594
73.10361552152397735 76.652688089609455346
72.805003741961030528 75.960138268899768832
73.161256724557503617 74.854196862109731114
71.163850175460339642 75.333642428701665494
73.163604482671431128 73.582733801003925578
72.90047497827731604 73.125188462460542382
74.605932789528694116 72.225940557058251557
73.024271741330068153 72.062157330609551309
71.463894023258745847 71.5731048583984375
68.768965320300466715 70.636803295668201486
56.78959914341103854 67.133290957401570154
57.776111938669735935 65.10681913866531545
59.628618223782979157 63.537322215220385146
59.044221091149488245 60.815300195834637975
61.337165935596097199 59.701316036506739238
63.323379787042135547 58.648794150022659721
65.702751427289783237 58.27403923163214472
67.072660277903693782 56.977092899274012439
67.898777740301184735 54.636239332573197203
69.594679552498121211 53.41926627770918401
72.01793953622281208 54.155440535701217186
73.149709718281130222 50.27253844093305446
75.650881207248971805 52.293161033034593288
77.67728424072265625 51.103243452036196004
79.706975630497240104 52.261874401643026999
81.974505388263679606 51.356266016754297254
83.825585116892057158 52.650588841497146575
85.872780053030652425 53.165725768735043744
81.959020863427497261 64.156937686724688774
82.211122011868653203 65.33282729767785213
82.176528420310290812 66.57620687091606726
82.375887657460708624 67.342468831923611106
80.118747989751966543 69.799283619445233739
83.042079854539920802 68.475740685214773862
80.998300487695189531 70.09449245021866659
82.819447285359984789 69.902317278392487765
82.114910530375837538 70.629862717321415744
82.288197626086358127 71.088481915802049116
