19.853618218810275664 0
20.024230770779134048 2.1046314360289657408
17.732461964931147236 3.7691509825009594792
19.459233964766351477 6.3226885513620079138
18.075178145094305648 8.0475875448375706611
17.462285524903933265 10.08185584575422844
15.51051887833062537 11.269050574853324065
15.084796443290336754 13.582411453270376356
14.088857122177131487 15.647261352509747923
3.9217559383396709549 5.3978346965811487834
10.257276277566823808 17.766123985118646544
7.9123119785514726132 17.771344238886193523
2.9265276376402535874 9.0069264796181034427
4.2955971788122067068 20.209196698034794792
2.0252101216628690672 19.268587431161435575
0 18.789005722233451223
-2.0039066910735807703 19.065898825913730974
-3.6261621907219985239 17.05975256076992963
-5.9057141818731002658 18.175918845370237165
-7.9151837336947687973 17.777794306750006825
-10.50961182559912821 18.203180571343459349
-4.9030247500269439342 6.7484353003986790043
-13.059697060047152917 14.504263284883343488
-15.115258914972079296 13.609839985423295872
-16.082201005014137962 11.684401914732520211
-3.7377579162797966994 2.1579954795794495936
-1.5846411004473532902 0.70552774386621330827
-1.7611470000798192803 0.57223137865570372629
-0.11626357818684063261 0.024712585544367532409
-18.836892324435204671 1.9798371381612134279
-19.938472614924844351 1.1296218794734437664e-14
-21.337491428297749252 -2.2426606914422166916
-20.887683184379817192 -4.4398139272636329977
-19.901168522371914804 -6.4662817972669195399
-18.048666021250006963 -8.0357835871712133269
-18.633063149573168005 -10.757804662563803078
-16.340118300648324379 -11.871789781729775726
-15.612629551051835364 -14.05767450870682822
-13.67669459454434211 -15.189508482021080837
-12.013709212728617359 -16.535453657348337941
-10.322871378841295353 -17.879736648892745166
-8.0826094310975893364 -18.153838592041928734
-5.6593410861622768238 -17.417660444198805436
-4.5275745568949128383 -21.300564502793459809
-2.0264037270160564219 -19.279943827646015109
-3.7602523223405131217e-15 -20.469861406362237943
2.0296920844297190456 -19.31123045892062251
4.2972211605062522466 -20.21683693153966388
6.1482970735487540992 -18.922512198280092122
8.1954929334505415284 -18.407379097603833173
10.312024758444282568 -17.860949752387710987
12.659291219648492799 -17.424021140414374997
14.165942897345640716 -15.732873780839637945
15.664191527777758139 -14.104101120154206583
14.521806976114612908 -10.550709395075148933
18.335456596750500324 -10.585981428999621912
16.941945852289826746 -7.5430400371021519845
19.150849091647305755 -6.2224882294884213962
18.471808104739455558 -3.9263038490785362455
6.6019690118274860779 -0.69389490948929488656
