23.792415215880588164 1.2321231365203857422
23.963025860614958873 3.3367543330447242411
21.671257053008982751 5.0012738883364526998
23.39803096284468964 7.554811923198593071
12.005325319535106843 4.8235737317660678514
16.016434207171172943 8.2051497081023505586
19.449313982975567683 12.501173929252180628
19.023590573491638622 14.814533881027735163
18.027654147734168077 16.879384701799153845
11.580108790166473653 11.749489703019534659
14.526079888404378693 19.569836821687520256
11.851108009240380881 19.003466665808403491
9.7948402165870334102 19.255174585853993108
8.2343932217351039071 21.441321026748635603
4.3042964973615651658 4.7096312823667441094
3.9387958049774169922 6.8613671915022518277
3.1000683750545903195 9.2120808870515773492
0.31263355708074058725 18.29187688356503827
-1.9669186212995137808 19.408043172038794921
-3.9763881545929109507 19.009916733599169447
-6.5708162418471403043 19.435304909883214464
-7.4472170746919630346 16.9036276679406825
-9.1209010226889830619 15.736386654385825068
-11.176463836726968637 14.841962393941921405
-4.9046759588296904298 7.6572803745602024961
-15.208034735583776609 12.286550919636029633
-13.993183135400343531 9.2159550446484175268
-14.809010007291732336 7.3236549740830012567
-13.373007233089737156 4.9118597828468626432
-14.89809723298678179 3.2119600526918583583
-1.8983316284822802089 1.2321231365203857422
-3.5541469209979315025 0.44458312701046809323
-16.948889053217730094 -3.2076907677598223145
-15.962372474680712742 -5.2341589123843963449
-14.109869029811289209 -6.8036611532577921935
-14.694267078189970022 -9.5256822897744086731
-12.401324166936131377 -10.639667357251035185
-11.673834459543295239 -12.825552089426690117
-9.7378985508601729748 -13.957385107341588437
-8.0749136421297897925 -15.303331239018909571
-6.384075808056042689 -16.647614230068221275
-4.1438138649667255464 -16.921716170586734052
-1.7205455191445775398 -16.185538023083250181
-0.58877877133246148134 -20.068442083736709236
1.9123919600887990811 -18.047821406521862286
3.9387958049774169922 -19.237738985097589506
5.9684878915723471593 -18.079108037428404998
8.2360172066648651423 -18.984714509687805162
10.087093116916529212 -17.690389777024613238
12.134288976347637146 -17.175256676561307501
14.250820797755848091 -16.628827333481211781
16.598087248895616597 -16.19189872942947872
18.10473993989098318 -14.500750364954770433
19.602985604364661754 -12.87197876492708204
18.460602126030039472 -9.3185868909609101962
22.274253593135707519 -9.3538590089216118173
6.9795663917175048141 -0.12171508000761299684
8.8225028384623147559 -0.35468960535406179879
12.131725937131529136 -0.50933788305322069689
22.123999843041492142 -0.67921892673976103083
