39.256805016905978789 17.754909515380859375
39.427417569374981099 19.859540231395499177
37.135650698955714688 21.524062270771047167
38.862420762862058154 24.077598066742865512
37.478364946986140183 25.802498005366494738
36.865476145503279781 27.836765347614040422
34.913705695199922729 29.023961018068860085
34.487982281336797996 31.337320975731302042
33.492045808131514661 33.402173746462388237
29.145164638575248972 31.163589395416376959
23.88466625484410244 25.51705854585731359
22.224704099314195105 24.09213744151534442
23.44001328300792153 30.178983639445220888
23.698783989721651011 37.964104303343376046
21.428398074989328137 37.023496950416657114
19.403186798095703125 39.240873779484431338
17.553465072690361382 35.353855054140311154
15.77702465700715706 34.814660179352074465
13.497472616222601971 35.930828360751092987
11.488003064400935216 35.532703822130869753
8.8935749724965749152 35.958090086724318724
8.0171741697645106939 33.426412864094906752
6.3434901742030795901 32.259175624656350578
7.8756897712558320279 28.134315093258223328
3.3209855524119866743 29.439312380689454329
13.892407297700760438 20.936560249164692493
16.206992144138034462 19.177947295413154905
15.793665450329918087 18.927713300382194461
2.0913849849385997004 21.434648041240446759
0.5662947754496450159 19.734745974116666645
0.13451810802942887335 17.754909515380859375
9.1202121472098021115 16.674126359287473775
-1.4844967748483881564 13.315095593452664247
-0.49798203658355788548 11.288628715750267162
3.8603868183291254468 10.834807597210200925
0.77012340558708558547 6.997104860640499524
11.979850874639881297 12.361540947588565587
3.7905577346505072711 3.6972349947133089643
5.7264926835701359664 2.5654012689136145298
7.3894775915877453087 1.2194552574665031841
9.0803154275875783696 -0.12482773436949301527
11.320577367707656435 -0.39892877895375278285
17.040926636787773418 10.484619431975819026
14.875612254120810007 -3.5456557054145712016
17.376783764622011574 -1.5250343099829883897
19.403186798095703125 3.5298248347876626241
21.432880040283976086 -1.5563209471484498181
20.889744870771160379 10.761210468158763476
21.349949584146330039 11.76339325298036087
27.598680691992527159 -0.65246928118467550917
29.715213500470891717 -0.10604081193251246873
32.062478997609908049 0.33088779794920242239
33.569131671386315929 2.0220360347242269938
35.067377349178862289 3.6508083696600390766
33.924993797452813737 7.2041996754591117735
22.342289050456940913 16.058020151222823557
19.982936677036885698 17.49678825277101879
21.535647138443419379 17.062030956433083873
20.564388833017968494 17.508088764743117594
37.588391543839762221 15.8435681549025702
