68.010440351075487797 49.548482170055343943
67.066817828969831794 51.338243950143080951
66.421806857384240175 52.938057819765319323
67.075192655653864904 54.824701059329051134
66.217403756567776441 56.755982488168079669
65.109651052640714397 58.684600713368055835
63.639721765942184106 60.311015556173863672
62.629912585581308804 62.223469125817167935
61.103030717830385754 63.67357289252582575
59.428725415379425101 64.957448506895531182
57.810873445966066697 65.957905305175955846
55.910962660323491491 66.352819081992905126
53.808637718902446068 66.959470745166328243
52.165113664688917083 68.051739007630160927
50.233372100063149901 68.133498160955255685
48.569643764969555377 68.46136370891134959
47.091663763232439521 68.440500960572904887
45.588912077402056866 66.891559703290226935
43.905781430315876435 65.95411330210323797
41.787821467703288647 66.444000071425719511
39.500116847979541035 66.396423098766476301
38.221864184214197735 65.849633425001627529
38.879963454715273485 64.289367264442091709
39.967631897623675741 62.261625338597340829
41.055300340532106418 60.233883412752618369
42.142968783440508673 58.206141486907839067
43.230637226348946456 56.178399561063109502
44.318305669257384238 54.150657635218351516
44.6739822875657282 52.719947751277942416
43.08732281421563215 53.6456141616327713
41.315779015985413025 55.125720306568361195
39.544292193288136161 56.605962195958987593
37.772805370590866403 58.08620408534961399
36.00131854789360375 59.566445974740219071
34.231249394618750159 61.039546178745723637
32.734243425716904596 61.253358525595913875
31.566889379472687693 59.70199998810318931
30.770296462040995777 58.428480795376600554
30.119070606565315984 57.197425303267714014
31.367179814496630286 55.694320280470471118
33.300197995358018943 54.439063903603845063
35.239302522594094569 53.188765206524919904
36.214696978651694792 52.225917170862523164
34.315023055693480103 52.120630275092764805
32.014306874705788175 52.116090613119013142
30.057403876879678961 51.262112207118839535
28.678398934339309534 49.364895721454630007
28.141328978027324581 47.39772661642626872
28.223601586456176449 46.363754902741248998
30.075852273915504753 46.40368144750100754
32.376268006853727854 46.528970260152156868
34.676683739791940297 46.654259072803291986
36.97709947273015274 46.779547885454427103
39.277515205668365184 46.904836698105576431
41.200727668217446364 46.659014718570006153
40.327718462539209554 45.495816661981436368
38.338780698747633835 44.281462772220912427
36.422517607723754907 42.981278190340489687
34.585153958921083017 41.589604934800021852
32.750376406257949213 40.194932944425659116
30.917168562090118655 38.800408126122277963
31.052214326980365655 38.029235966913553568
32.058696352676982144 36.8952270984128603
34.211679185495107447 37.599569589920079693
36.341945090183678246 38.464084023291448489
37.032138632772941378 38.048054054185357131
35.988188048682218323 36.08998452307286442
34.956162915783899336 34.083789417618660877
35.809047671303162019 32.698927177095825414
37.676399063630192643 31.405439159733468557
39.613864675263300796 30.441302036466442615
41.783855538993478262 30.710203445122072452
42.932838014732617182 29.395790648770759645
43.806662491321517905 28.935642809995755442
44.122285064850331082 29.414220131736779962
44.659393286427885528 31.662425412564470406
45.196501508005432868 33.910630693392135981
45.733609729582965997 36.158835974219826426
46.270717951160520442 38.407041255047488448
46.807826172738074888 40.655246535875185998
47.346649922731465665 42.878594365804090671
47.961742182288787717 43.272725283113793182
48.400647206620554641 41.13677745402139152
48.731732222993919379 38.859316203826317349
49.062817239367277011 36.581854953631228966
49.39390225574065596 34.3043937034361619
49.724987272114027803 32.026932453241080623
50.158698696723881483 29.828007514982949999
51.707433081121870089 28.792279366902953086
53.737040896117363786 29.273685598546752118
55.891709483481704979 30.041390018945730134
57.93818874364399818 31.046459879176737218
59.73911443336392324 32.19305920896104567
61.418744211458559334 33.535058101174072931
62.861921396412952845 34.9587388532649328
63.08362686722072965 36.55892110480824897
63.623678582530757808 37.844059984329149415
65.292457624118469539 38.226585718666648006
65.733051938855936669 39.448506788341425988
65.80807319360356189 41.25271665075275962
