81.324351861388407769 67.721588134765625
81.805743993123343216 68.398942165879816457
80.242935468178259839 68.759254472679032233
83.387231468449883209 70.329437013744367846
93.43628882013010184 75.769170938678357174
92.823396204353414873 77.803443994040904386
90.871637046553800587 78.990634145539985411
90.445913811231037016 81.30400148987085629
89.449973712200360865 83.368844556181414873
87.12281814029840632 83.910188594035417964
85.948398463783433954 86.059296745695419872
83.273429314998267614 85.492936200160684734
81.05157386243517692 85.235006362153214354
79.433216132888659899 86.879330302438305011
77.241395803593192682 85.611234996921240281
75.361114501953125 87.719049896427790713
73.357201196667219278 86.787483177505691856
71.734952360864582488 84.78133879873684009
73.327810043110645211 73.979458089805163468
72.987370752448626376 73.053104811584674394
71.907418594431362635 73.703565905164126093
72.423333576833456959 71.765096950579135182
71.999153878013771646 71.455430117785112998
70.983218385031250364 71.663461206921340363
70.846109374292126404 71.001932526132208068
68.302643686050458882 71.796799329549585877
69.580123935278521685 70.295449595816762667
67.405548589479749921 70.306508849366622371
58.049311221073871536 71.40132499884077788
56.524218368966742787 69.701424616147193092
55.422641887028277097 67.721588134765625
54.023619308216922263 65.478920060519030244
54.47342940464150729 63.281774233768764759
55.459942199900204685 61.255302415032495844
57.312448485013447907 59.685805491587572646
56.728047465412814176 56.963783597376917101
63.675132853666006838 59.231227078971393496
64.766723845378422197 58.182359735539222356
66.37708307766339999 57.743811583704172108
67.30246531641415686 56.629806641607927986
67.885304408815400734 54.773099122878299738
67.278502225131703085 49.56774953591209254
69.929064855245357535 51.003470581871084732
71.097402759367241742 47.662389021255151533
73.499598154047774301 50.01049575817633297
75.361114501953125 48.930140119516664754
77.225911826131849125 49.979209152994322096
79.658335649494148356 47.504749293121484754
81.509415372309987902 48.799075930672984214
83.556610314261121175 49.314209045102231244
85.673139208856781579 49.860634537923651521
88.020400573912382924 50.297562904063688904
89.52705939606227048 51.988715388109817184
91.025308908681438425 53.617485127173424075
89.882925111186736444 57.170879443443688217
83.09256285499338901 63.257824886008322096
80.238924054467716473 65.549845441520162126
81.501766949571347709 65.726375882196109046
80.212956145435470034 66.690296402548270294
79.652997352516052842 67.270490910722742228
