81.175419631909207396 66.459823028852625271
80.231600263438181742 67.246403557668969597
80.82582199162483505 68.039245270630885898
82.21123537989925012 69.005066904016459262
83.377384834829570082 70.25893844525543841
84.590060908752107594 71.462475512211568685
85.900703419752403533 72.548347541202758748
87.21490613072035103 73.629943325650216934
88.529108841688312737 74.71153911009766091
89.423885764404317911 75.768731305214657823
88.562801606839215651 76.761421979027133489
87.774516447997825708 78.157698922853043655
86.979208239060170627 79.527867269838793618
85.852741662121161426 80.627164436330573949
84.668570933017221591 81.615040397134521299
83.401591366859747723 82.515421818696296441
82.219686245624103549 83.231015600259027565
80.961768597396684299 83.701822059636199924
79.254947153612491206 83.717066438607957934
77.856099178017501572 84.507138183864483949
76.670097955141571333 85.326398346004495465
75.278976929646177041 85.326248649607236985
74.342955528527753017 84.133105567291295301
73.995992880595736096 82.477349822565997783
73.677208749255086673 80.799486576428009244
73.358424617914465671 79.121623330290049125
73.039640486573844669 77.443760084152103218
72.720890468937540163 75.7658222374495125
72.407288209284402569 74.076627165548984522
72.106699476938359794 72.362088011039844559
71.88295925557825683 70.649350760117471282
71.632025159596949493 69.518028143457399892
70.651985221948351068 70.249471853183464987
69.52214424187921793 70.962720304787950454
69.086107862606041863 70.25510087866274489
67.761980045165472575 70.358323907462548163
66.256400517377798565 71.145390254774113714
64.818843173436505367 72.059082813819827606
63.3835814636990591 72.977120943855553037
61.948319753961584411 73.895159073891349522
60.513058044224116827 74.813197203927089163
59.077796334486656349 75.731235333962871437
57.642355901969565934 76.64835304224625645
56.148026313571428147 77.262191783127747158
55.529925002123349032 76.425215183120926099
54.99781145479402511 75.528381381849072795
54.5044824362102176 74.587360604636202766
54.215988629166446344 73.190094590072305891
54.062310856884927546 71.649057543107687707
54.877348098614760374 70.254262999270054024
55.086665294686625316 68.857680972341057668
54.233744828009072592 67.395426569262596672
53.381523400822345593 65.884002149851767172
52.502871272551530524 64.440834527584073044
52.65279880081501318 62.992636476958303149
52.935696536113880484 61.431303481244562192
53.34168752148784165 59.896633264420472642
53.838837173972152073 58.473220881318368924
54.426797505769059171 57.122509661635533007
54.976975390807780286 56.058817622276954751
55.214223375725282494 55.643720419312217018
56.675239779377967864 56.266989391195693315
58.238129121054541315 56.952413877329917113
59.801018462731114766 57.637838363464140912
61.363907804407681112 58.323262849598371815
62.909179487920418694 58.904745761005685267
64.357750970581832917 58.584214412382380033
65.897236108540141686 57.965138623113233507
67.107765993428046158 56.817132777223370965
67.890743202516006249 55.534007863049126286
67.747933018841195008 53.911571330276871095
67.459859070687585358 52.225434432833850451
67.171785122533975709 50.539297535390836913
67.010128257995134504 48.923722008431653308
67.935740411520029625 48.000058865811162434
69.286774137732095369 48.424766026034070876
70.479807443489065122 49.496833038772763302
71.850031548441606333 49.3903891904647665
73.331349535776695348 49.470997099768339922
74.799026087199152357 49.495896361448139089
76.279150523035866627 49.030296131775322976
77.797336339179665288 49.184256891751708451
79.200321643762180202 48.433071089772809614
80.623693609738964483 47.642006789622215024
82.029434154971994531 48.213753984382108797
83.408507071343578332 49.038905698302279745
84.671111750891483894 49.936723184238218209
85.907260429054161932 50.971989685614133236
87.015615219782588952 52.060479425008530541
87.71501590357063094 52.920651626480960772
87.285651210489518803 54.485884969503224795
88.01786000578238145 55.189694237409923971
89.504380061416753733 55.313921627649975221
89.951893757634294957 56.080823443328021938
89.812335919488333502 57.301357009927734509
88.802890331374896959 58.629163996835949035
87.443845063325554179 59.669487964910004507
86.058038511495482226 60.687805578028061859
84.663728252778355454 61.693906597994114804
83.217606122813819525 62.625573661112454715
