98.823100640685282769 73.39588165283203125
98.993717002796984161 75.500520046332013635
96.701942487172246388 77.165032599038028138
98.428720183906690977 79.718574072541258602
96.504266742142107205 81.202871462606310615
96.431771769282576656 83.477737485065205192
94.480005116664415254 84.6649350862837764
94.054281731152912016 86.97829500793726254
93.058333580158915765 89.04314608412497023
90.731193692165362563 89.584482110248757181
89.556766383705308954 91.733590263761826122
84.535956871703461957 85.898392702664878584
82.816252653917189264 85.235006415308873784
81.835475939466491013 86.879330306706933129
80.253373777276152623 85.611235015391386582
78.969482421875 87.719049896427790713
77.706894595492599365 85.408546420489059869
76.77292348027162916 83.729886081847098467
73.063764528808547993 91.571804346530001339
71.054295853344029865 91.173679785938389841
68.459870512097552364 91.599058360877847917
67.583467048455148074 89.067381271080023453
65.909783445567853732 87.900147790714498797
63.854228327628923978 87.005723603749416384
71.959749180694871029 78.48875652717420337
70.969949222059241833 78.014421120238495178
73.365882744684938643 75.890770885522101707
73.373024436795091674 75.214284593476833152
75.287817235353784895 74.178446071563001851
73.968790745155033051 73.921478552421120867
72.783741130192296964 73.395889207087051886
70.905584702709333556 72.548342230644777828
70.382918027217101553 71.570753071079323604
59.068310016082570257 66.929603881770873386
60.92081642217662818 65.36010278562662279
60.336419147126719054 62.638081021775171564
62.62936027112371562 61.524096688205617056
63.356857699046699395 59.338208985001514861
65.467117550711350304 58.399989115094697922
67.055623869535736503 56.997860089667653938
68.646611043033701094 55.516145003939286084
70.886870154135721123 55.242046864632129655
73.310137906393194385 55.978224898113623453
74.441907830526702128 52.095319064710494672
76.943079388401315555 54.115937827468187038
78.969482421875 52.926024061167055379
80.999173811649583854 54.084651196076620749
83.26670359534648469 53.179046631396843736
81.307060995948916116 66.20154558348551177
81.541672004814785168 67.618656239230219285
82.072195198978334929 68.021836308940976323
82.969413068805749845 67.890442963129643772
83.180959430350171147 68.718562241433360782
83.539020084927386733 69.281464985786087141
81.495755642904526894 71.560439339092098976
84.636081485487039799 70.124269497068567603
82.919464761845048884 71.637244899533456532
85.338192705976098296 71.326565014714489621
97.441288623864522833 69.469577825388697079
97.154690978743033725 71.484540258356148001
