81.284991815001689019 65.40818023681640625
81.437465484283677597 66.476777300471923127
79.593139551843066215 67.17722502976675969
82.362725998122911619 69.012282637101307614
89.34559820733713309 73.455763040729138424
88.732713236567732906 75.490036069049580192
86.780938913484789055 76.677226097401984362
86.355223198438068266 78.99059359192163754
85.359283099407392115 81.055436658232196123
83.032135157597437569 81.596788324973999806
81.857707656973900612 83.745896589156245682
79.182738624694053442 83.179520707327171181
77.126471630102315657 83.431226759597549858
75.566021080786100583 85.617375024778922921
71.917642126490719079 71.566007979791251614
71.270433390383317374 72.950792755313329963
70.765548717947581281 70.211761377691772168
70.667902781987848471 68.242832721705809718
69.872861136201109389 69.709446031463201621
69.270306306925505169 69.900531938562295409
67.917901814549054507 71.214926323054626778
68.056435304405681563 69.831868910624464775
66.972489456518900397 70.181519876602820318
56.155165951216510223 79.018022155525713401
55.188222897899088082 77.092577402106826412
52.123593136552713645 76.462608780866005986
53.338443794858271474 73.392007223882771427
53.573322768855440756 71.158323054558621834
55.551149866240848496 68.749415941248159356
54.353544972103833288 67.186218980700900261
53.361526622135698972 65.40818023681640625
51.703802720759213685 63.351638853498293713
50.38273879184853854 60.968366335819546009
51.369259250208827439 58.941894413343689507
53.221757872220479157 57.372397593638353896
52.637360739586988245 54.650375574252606725
62.794189603874855266 59.24983129071432586
63.68692859580058041 58.579961163993125695
65.124924256151388136 58.582899756099429567
65.954633761774388745 58.091613768030164522
66.583440262484145933 57.290066620520491369
67.590597788859511752 57.143143247558910502
68.631578589039733629 57.286639671781188099
66.742849366718630222 44.10761381935102321
69.652063720013302373 50.010495784909302586
71.270431742487602378 48.930140119516721597
72.892079768748416768 49.979209124587342217
74.812060553571839705 48.746116682876980519
76.439758989315791382 49.498618926391181105
79.465919701468152425 47.000801147153012494
81.582448596063812829 47.547226639974432771
83.929717974333328812 47.984155284975464895
85.43636878326930173 49.675307490160598434
86.934618295888469675 51.304077229224205325
85.79222713918582599 54.857471917374475368
89.60588435649145822 54.822198904609905412
88.212365946880680667 57.865141198596717231
90.421269155980240839 59.18568816145393896
81.672741519593230919 63.197101411906416502
80.129727557381187353 64.47703253019864178
