45.273707940489963164 34.767902374267578125
55.353992276406231099 36.872533090282217927
53.062225369692001209 38.537053393063494866
54.788991646805953906 41.090590951451602564
42.032972327498569598 37.752363370911282914
52.792047043551932006 44.849754381905391654
50.840280439778368304 46.03695573262493923
50.414556974207918927 48.350315757693074659
49.41861658928683454 50.415166705454808493
47.091468958518234444 50.956506647981271385
38.298728094474952854 39.910310346188765607
43.242072513010128887 52.539242806022713239
41.185805671250221849 52.790952633804749894
39.625354735860327082 54.97710100800212274
36.167749524133867567 42.740843123265563008
35.329761505126953125 56.253862823673884463
33.325855499982822039 53.833801197098992475
31.703599264771511912 51.827656831836229401
29.424047323253851971 52.943821219637811737
27.414578741881065582 52.545692873788837574
28.969172624319465825 45.784761622842452766
23.943749810840721182 50.439405708720066457
22.270064410751427175 49.272168489264466018
20.214501645334529201 48.37774427687283918
30.99688145567620623 37.915926343217073224
28.725921893174295008 38.580627023124307584
17.397781358237743632 42.751736872615381913
16.581953551041792139 40.859433985572159997
18.017958224247699661 38.447639238342731005
26.510338604574116061 35.694859632599282406
15.391287936527792368 34.767902374267578125
13.992269116987401389 32.525242456760814491
14.442076407815331862 30.328088473270717884
15.428591066979652879 28.301620602935543047
17.281095479566619844 26.732117843103200272
28.655205762365511646 30.914347129938722247
18.989641295100977203 22.89611164165619428
19.717130978861838742 20.710227889482190733
21.653066900161533681 19.578394855303990596
23.316053259771855721 18.232448706966188468
25.006890126285657772 16.888165725374832959
27.247153022603974648 16.614063784496181597
31.87994445482961936 24.150454828776044991
30.802186948232041175 13.467337871474118316
33.303358471653261574 15.48795854890373036
35.329761505126953125 25.581684690439516316
37.359452894901536979 15.456671917512164072
39.62697872894268869 14.551065416797460017
41.478058578675707224 15.845390175987486003
43.525253478958340736 16.360523274016934181
45.641786263571233917 16.906952621879867138
38.157051526445400214 30.876474361673668767
38.283509501238327744 31.487429341800048377
50.993952056210112289 20.663801228546759603
49.851568527726570323 24.217192089499228302
53.665218101877457002 24.181920945267954437
52.27170738319162524 27.224861441382365967
54.480606779592747557 28.545414137133448662
53.801571512616334303 30.841598503553839805
53.514966250871012221 32.85656101378928895
