53.297095849425510039 30.688304901123046875
53.467704587197246724 32.792935617137686677
35.543579156800319652 31.134696162985811441
37.639009204108525353 32.0515169775212172
51.518655765152828963 38.735891515997074919
50.905763163325545406 40.770160733356227922
42.187204315737560023 37.040999245888400537
47.525084000653201599 43.367447576583536772
47.532329000183565881 46.335565327477439723
45.205185084355250069 46.876912989280640431
38.726978362545338541 39.839596778199570792
41.355788590207495758 48.459649169075952102
39.299517982041237474 48.711355160660218644
36.297222356420682843 44.11412488065381865
35.468683256840350282 49.956896143354043716
33.44347381591796875 52.174269165226618838
31.439567794334827511 49.75420753692391429
29.817311575562527537 47.748059358691698151
27.537759634044867596 48.864223746493280487
30.629809704682930516 37.007896862643917757
22.933861990318838764 48.891485472466506224
22.057460196495586757 46.359812037349414027
20.38377676731360566 45.192567242635206526
18.328215877974322723 44.298146819832346921
25.981939312636257 36.109426898007590978
14.296643063310529698 41.742733445172646611
15.511493695322425168 38.672135643830124252
30.124481674062600689 31.76671195586285279
32.243454333298444681 30.943377360251609787
30.814635045588346429 30.964607820686996575
13.505001200993124399 30.688304901123046875
12.10598238221080436 28.445644976403730908
12.555789648805482983 26.248493017916889158
13.542305267611169484 24.222025091024136145
15.394807798978288105 22.652522257944998074
22.079083455186296447 24.127073763215527435
17.103355510791409699 18.816516079231352165
17.830845240079415959 16.630630368494774274
19.766779210952549306 15.498797382159461122
21.429763635815831435 14.152851253727764202
23.120602437076673397 12.808568252230301709
25.360863438516304313 12.534467259473991874
31.359489834738212721 24.274457354763686823
28.9158992590230568 9.387740398329587066
31.417070785487165807 11.408362029113696678
33.44347381591796875 10.218444448435125338
35.473165202805610363 11.377075397738519058
34.579756986564504473 25.342523630655673372
34.838230807331370897 26.395690760136787389
41.638969630872779248 12.280926766312401099
43.755502478330505767 12.827355200275974312
46.102768040521652892 13.264283865281569774
47.609414772016165784 14.955432043435102685
49.107668273779509605 16.584203857668676108
47.965280745547580921 20.137596395741091726
51.77893428324927072 20.10232356891654959
50.385423411227428403 23.145265656704573587
52.594322911388132979 24.465818590748792616
51.915279996272289509 26.762002879242697162
51.628678561662027846 28.7769635406447577
