39.129535272032931914 19.063915252685546875
39.300151638005658583 21.168547887404660202
37.008380925502436298 22.833066235186507242
38.735154836881314111 25.386603791136550967
34.204500192316992013 25.710546654387904653
36.738202574223393526 29.145771105200303452
34.78643970019732734 30.33296493725138987
34.360716349750731524 32.646328621950914339
33.364776107774851255 34.711175628987078312
23.124267724152709036 24.360715786001549077
23.044149081908543053 25.590682277485953477
27.188231871035444698 36.835259501260644299
22.891480773091604561 30.191469151378868219
23.57151612656975459 39.273113860792619789
21.301130237464914075 38.332502687721344614
19.275918960571289063 40.549879516789118838
17.56322887882909356 35.359073569300079498
15.649756720215847849 36.123669710254198151
13.370203863354102936 37.239834110510031451
11.360735226876521153 36.841709559435557253
8.7663071349721608527 37.267095824029006224
7.8899063322400966314 34.735418601399594252
6.2162219119669277489 33.568177594197706526
8.3792383978297415581 28.875331486131642578
3.1937174824698253417 30.748316218904953701
0.12908771855692080521 30.118343774963669546
1.3439391965061098233 27.047745992927591629
11.543179075987737292 21.576433086623165281
18.045398389218306079 19.325470185312564553
16.945624164762651986 19.30883889561985356
15.701239718754353092 19.063915252685546875
-2.0615724134838515624 16.821255327515448386
9.2274367949148654588 16.928042839397750896
-0.62525008764501066594 12.597632469128813071
1.2272532919191689871 11.028130723137543612
0.64285532512722554088 8.306110605768632027
2.9358001859372322428 7.1921245133568074692
11.234495505213127231 11.823385134724151868
5.5992243712374829556 3.8744062891357184952
7.2622097602839890129 2.5284603942051724346
8.9530475983963349051 1.18417740207758726
13.153388720911500798 5.3124862149182927595
16.51141992512970802 10.555660548351523786
14.748344427363075937 -2.2366505664448617097
17.2495159251957908 -0.21602916852486231392
19.275918960571289063 3.51248107525091946
21.305612204563907142 -0.24731580570056621582
21.007445443293626397 10.917731310759180019
25.424217934385925588 0.14140183020890972898
27.47141285281385592 0.65653585933704050603
29.587941750924990458 1.2029642731355600915
31.935211138299479217 1.6398929233789729665
22.084747183436558515 15.94439626046648506
22.226980730364672922 16.406769125439481627
20.056699805752156607 18.496645019225603335
37.611373622031379682 8.4779337752893493274
25.979657968038210925 16.079218190970468783
38.426769958897921242 12.84142606746289772
37.747727065310741068 15.137611403607010629
37.461125611877335473 17.15257387520845711
