111.97467773457375984 92.177734168996352082
111.71695255954752213 93.605561345960410335
110.61163194731918225 94.63891785617612129
110.27057011834347122 95.76841745893874247
111.02524345605208111 97.108084728019989029
110.81960883249263361 98.369532641391728589
110.12742636605548796 99.751201486308232802
109.48867029156650688 101.18806511935777337
108.35345374456704803 102.25477522292790411
107.47280484699987824 103.47611155572305108
106.86989186855888079 104.87206895481513413
105.82469979602649346 105.94010657315567414
104.7407506679081024 106.8959979643256446
103.56410459945109892 107.7897748490983787
102.39963825039036749 108.54921230057234993
101.31987616609353609 109.15626425380375508
99.913955518507123088 109.29514950685619112
98.343035284206962388 109.51343748445501092
97.17059661149448857 110.50215353536452767
96.003014795030765072 111.03550593881097086
94.634082443746862623 111.01797507767297191
93.37730393891071401 111.38419573438901011
92.2921815307097404 111.42610942448892786
91.275569073213574711 111.41191092495039072
90.220329712074374129 110.6844754598824494
89.180127937802424753 109.42430956799120167
87.995124094010719773 108.83762608553664109
86.556564611771634077 109.32513944371224568
85.001126890784789225 109.38130655543403691
83.399882357799839383 109.34761181141992381
82.228408202458609821 108.84233138396980678
81.17106067732342467 108.20132250228027715
80.309377254098976096 106.95304845902293778
79.019058183500646919 106.00839644817938279
77.606682492201073842 105.24814352308357002
76.595928597546162564 104.10681416643907937
76.458188774036969448 102.83397435982578827
77.499926935048108589 101.71705408205126275
78.685522479741678126 100.62845134006242631
79.871118024435261873 99.53984859807360408
81.05671356912884562 98.451245856084682373
82.241954570450502615 97.361920733997493471
83.415508302762617632 96.248782867954062681
84.540392697815349266 95.089755698243138227
85.333312577155368217 93.848476874829671601
86.352354918055965527 92.884357114589661819
86.190600241273699567 92.164040052803912317
84.779295076301778522 91.357190378041551071
83.695240118846555788 90.344402947488461564
84.001696161344895586 89.049261073535959099
84.610520461048253082 88.04652942488198164
83.82438008238196403 86.871638358460401719
82.669425421757722461 85.736347348521604772
81.4686731907927566 84.666118295437115648
80.26695651039221957 83.597259379831513115
79.06523982999166833 82.528400464225924793
77.8635231495911313 81.459541548620293838
76.668828658692802946 80.38882506224349811
76.155945864964422753 79.304598211876964342
76.999958152543314327 78.27059310073465781
78.013225800126477338 77.19361016024492983
79.169704480839826033 76.138187603873817011
80.431541930873322599 75.157598321698571908
81.754783262619525885 74.288609927688511902
83.087333038294815424 73.554653667213742096
84.606979248854301545 73.495317560005730684
86.034980437316860957 73.703078377737284654
86.78345739411707882 72.695117264281321923
87.436474571237866371 71.969917795026333351
88.24039050502939574 71.796145809837923935
89.241220435930586063 71.627495648765830083
90.530613205993120118 71.754851817563292116
91.93232466262941216 71.427849047144135852
93.345137778895292513 71.654562914738320956
94.804764936804971853 71.785365040202137266
96.206400929161191016 71.861304082589626319
97.576694019657594481 72.202434112284464618
98.019307894474039244 73.462948919811850601
97.771018299453302802 75.046215036442021074
97.494707686060323226 76.640762163355958592
97.218397072667329439 78.235309290269881899
96.94770374481160502 79.830688386655197064
96.86351423395439042 81.452894765687545942
97.196977080026286444 83.042794979995733229
97.517556807074640801 84.562904869574694544
97.395829146952124233 86.135177045004809315
96.642582379203446408 87.477954519505175313
95.642839179179190978 88.631687742033349764
95.917719863999451491 88.88436145273729494
97.116882621199167147 88.452875384630686995
96.693040683549284608 88.942651966786655748
95.901703664018427276 89.720119169863892239
96.947522754137253287 89.764738618338597576
98.552990803005272369 89.823831169768013183
100.1537089005526866 89.888744522287225891
101.76063614629184428 89.832648276430404621
103.36776556673343919 89.77270640034295468
104.9748949871750483 89.71276452425551895
106.5820244076166432 89.652822648168054798
108.18915382805825232 89.592880772080619067
