54.000891142055223781 34.200786880769385334
51.124600094655477278 34.848960603896742327
47.50591157262837072 34.803703752541139238
44.611574872803394953 34.911544267489176718
46.739410806912935925 36.080859855476006715
50.074499778025959529 37.505337720635594678
52.951571615897172762 39.044164932416464353
51.48991654610941282 40.375908201718480939
48.100980039124451082 39.391532656582242566
44.679920076462799727 38.259306419275553424
43.938379269903663271 38.684997913163073235
46.555189031488581008 41.063291195980518467
49.08782368105715932 43.538546678694785896
48.907109869337688224 46.518074683892024268
46.674302546504662814 48.550218761549899682
44.093962198291919208 46.556428096454119725
41.768263728736378937 43.793727588068129819
39.483780304955303109 41.102763192487444144
39.145626979880738361 41.799448935187562881
40.360387407483592881 45.199031012117934836
41.572019481393652995 48.605926424774523298
40.797468810110885329 50.41400964474257762
38.789603897915242214 47.960902424423551338
37.207851388156854 44.977761015613737072
36.573996118018925472 46.521239104003306863
36.32749240962004933 50.13644755413123022
34.928822386113459686 52.777300868916327659
32.718212642810733826 52.274584862097164262
30.170516590898518672 50.405209581913574368
26.803019002628175826 50.732782243673831601
24.492297797529985814 50.177297007833232101
25.848860525875249294 47.229322741359645477
27.535550691655352296 44.045190846954227482
29.222240857435476613 40.861058952548802381
30.607262198267935815 38.090446719413705523
29.033982804129884414 39.374995035510359287
26.516771925478206384 41.953459711065818283
23.999561046826517696 44.531924386621270173
21.394457064802303137 46.689041877094474842
18.782813326357270967 45.320162516349967063
17.275892078393297879 43.171995481577440046
17.845043827262504266 42.062763921263581324
20.84462516910047114 40.032076617990263401
23.844206510938438015 38.001389314716931267
24.99748880152777275 36.774743054491629835
21.762027445706422668 37.459341896593528531
18.223894114270535738 38.275750745752496584
16.652738874076291609 38.212306897328090827
18.939263306981686696 36.315469465339020871
16.98910939357028127 35.092901795275075472
15.151788509838979735 33.176099056675724341
17.941910982239988925 32.247182675809845875
21.505864666692517062 31.719796938217523774
25.095590863825240291 31.544978608526555774
28.139935079067740276 31.221534308420885395
26.352414992160838381 29.714615680103463546
23.112789485160480041 28.111497438194685827
19.873163978160121701 26.508379196285893897
16.861356010520871962 24.717645711695464428
17.022210057414763895 22.827782242809007585
19.676405287524815435 23.431245070632240157
22.443560892976215371 24.168646390455741368
21.1481237634404593 21.915420488817122902
19.631322095037091913 19.26288308796302573
21.782724712935067402 17.240735918722648989
24.693417661986689637 15.280411880473806718
27.170646658283178709 16.274170240608267335
28.922397239429269433 19.419171996347721176
30.657146247248654447 22.558788011224699233
31.362330213380701593 22.596133671327716996
30.888663114846590219 19.081382511385271528
30.395018567981960445 15.5064355957495561
30.203315030637917005 13.223445502893266479
30.986505974228911953 14.419810429274374286
32.294146361571890225 17.740703665159895053
33.301332354941287406 17.730030322954402067
33.992375522704747937 14.258422164491385331
34.433418062318345676 14.033530104780895797
34.592982133686561497 17.579039425704799271
34.747776118549303703 21.188444009588149441
34.90426415517310943 24.781684150081670026
35.386736152104219855 25.26442354113225619
36.277777132694438933 21.848645567485693419
37.177469877635786588 18.350313472241072787
38.078027364533483023 14.854262207904689319
39.744792092631392677 13.521699460431570117
43.015819981071004463 14.751826571038975544
45.96278642941244641 16.489686652241264397
48.496327757390396584 18.630014400590376056
49.374437674881122007 21.033676794550043354
51.253767701257260114 22.273123716635140568
51.690517985214484042 24.217622370188223613
48.994927163872290521 26.331504248930102108
45.727908209604727574 27.869596502099504676
42.460818312499341687 29.407616404971648194
39.193338065538085857 30.946074634589699315
37.185356836915062217 32.176833819698877903
40.128721586147143796 32.031184284750921165
43.72112373044328848 31.69653157440870217
47.313525874739411847 31.361878864066468964
