32.2035178514932241 22.785997987561696476
35.681557004166180036 23.240702154601894591
39.159596156839178605 23.695406321642099812
42.637635309512127435 24.150110488682297927
45.634143402329272021 24.728253672689444187
44.973603410311341122 26.603543183192183363
45.058057781707326228 28.502436531728676528
41.967185082531159424 27.883760660246597496
38.566892177406316478 27.047035997918356998
35.428665160152036151 26.327287793964369911
36.442383974258945045 27.460813675625953323
39.336810924848748527 29.433817670326263283
42.226082549781970954 31.406749243476976829
42.768636653691693539 33.225224715848256096
39.597184347058757226 33.072864911541778099
38.312706008198311736 33.7532536769970406
39.861247395638500279 36.771591597022165843
38.64543130299455953 38.522138253801443852
36.164780976694082426 40.1233629772677034
33.813421152299227401 38.974686789284440636
32.135738603485059173 35.894448634415397237
30.480323407940542069 32.785023872673306755
29.260014834208856627 30.999770482138202965
29.583804150081224549 33.913710616252345176
30.095078433076203339 37.398228658284963899
30.592558116962766945 40.865220410866456291
29.380626557411765987 42.295259435631201939
26.960406415917763212 42.561679918218175089
26.127895529790311713 40.876118743849815473
25.624134398426832604 37.404618230167230308
24.747555006330323124 36.208710036018985079
23.34137495855685529 38.668729887879173646
23.316389410738747046 36.631554062752535117
23.729675563418680895 33.139319431702688235
23.607620484884524359 31.341341277478949934
22.057988789779429339 34.06138039479156987
20.389392376626759074 37.157920951398871523
18.495972167565700062 39.943352194872268512
16.05768976033779083 39.568262350832185348
13.734080971528111803 37.314834543917321241
12.405329684212770047 35.452009940952549982
14.750256980049526234 33.077232170026213964
17.299198424783771344 30.667871459313918336
19.848139869518021783 28.258510748601622709
22.324027657951546644 25.893381999467312227
21.550165457012695924 25.516699950718830792
18.276233143067159403 26.776139518236078629
15.007332438607999592 28.058170118348030542
11.738431734148836227 29.340200718459975349
9.100473799949609699 29.806126901635771276
8.9758155493480558107 26.822496629433903337
7.381794008398642859 23.805269473454725215
6.6661923063808607992 20.801801391652542605
7.0837751608607355536 18.140973949557746892
9.0090381525746963121 16.53737967042195578
8.7006520014988595335 13.619091199920408286
9.8717669321718037878 11.973984094792042399
11.75106837710389307 10.992564371478040997
11.794474600810554321 9.2808856930811440833
14.343664988215426348 11.202649679208708022
17.085051454767747003 13.396402865599810639
19.825793743180259554 15.58559227756211385
21.498304631162017841 15.702552686606443544
20.225183945032277677 12.668599103052381238
18.667979327910380505 9.5291403812419357422
17.124267149602726334 6.4109903173518585362
17.297949683222110906 6.0051279973264657386
19.443937647794736989 8.71413485116137565
21.305242022751308184 10.706010304649204556
21.284569011757778156 8.1523855353355614284
21.177114102152536645 4.670330259067154266
22.499342643160186839 2.9875939464772578447
24.853293072737933755 2.7489151628187440402
26.62496572834287889 3.6643061856884302507
26.829882977033530977 7.1074909212190995333
26.998986562055630856 10.61603837602652689
27.173930102424186828 14.109586003699737589
28.167914488550501062 14.786422429169881809
29.55896541781862652 11.654705307137634307
30.852190219521922643 8.3939763847339037284
32.165442031888851204 5.1721837823465222073
34.567262755443771027 4.2256690597897446082
37.53928803133154446 5.829670310080903306
40.098956652009924539 7.8185376451480337323
41.110553864858815132 9.498598321466127814
38.647025166371669513 11.926345935522414621
36.123194898172222622 14.35205971789315349
33.599364629972804153 16.777773500263897688
31.447696006061082841 18.933270030892277447
33.215211117673085539 18.243145379591723554
36.319751395800196292 16.582240231290811039
39.42429167392731415 14.921335082989886089
42.528831952054417798 13.260429934688966469
44.181733199849368532 13.053499633053888829
44.523350004776780509 15.52220851655823175
44.904131510487900414 18.077300339914060601
41.925509748234503604 19.350917841040775613
38.497033685141062165 20.12975537811679061
35.068557622047599409 20.908592915192805606
31.640081558954165075 21.687430452268820602
