37.080104424864963164 31.746816635131835938
37.373439602088154743 32.108376758036726528
51.665885932322595409 35.515965844743597302
53.392659880997669575 38.069503239409222317
52.008604037026223921 39.794401344525212494
51.39571525748841907 41.828670548306810417
41.579084354276631075 37.301714726187519489
49.018221386561407371 45.329228095482278604
48.022281137638771042 47.394075109069795815
45.695137172220860577 47.935422815604212587
38.593204320617353176 39.817788291466726491
41.8457406582320246 49.518159004363667464
39.789470098857137259 49.769868792460599138
36.516662657447817253 43.899994512876816088
35.958635338043713148 51.015405970665739233
33.9334259033203125 53.232778991886775088
31.929519889956676337 50.81271736444797682
30.307262038756693556 48.806569245535229129
29.925905096013735829 44.080696377161736166
26.01823939217219106 49.524609071740798072
30.080458675843782856 38.420347343203438584
22.547410444331106305 47.418321913255937261
20.873728877601536169 46.251077089901642125
18.818166027423849584 45.356656612503108761
18.948913577247964213 42.633699825226990754
24.064808679343720144 37.444466128569310115
16.001445795871600097 39.730645500018553662
15.18561890965576211 37.838346359850746126
16.621622667076859869 35.426551801853385371
15.096532619198722358 33.726654908184926285
29.993814601261675534 31.746816635131835938
28.521383827461725957 31.177988778452132124
13.045740779741926474 27.307004765059058826
14.032256423060701422 25.280534850832360405
15.884759886380631855 23.711033991953787137
15.300360810263569533 20.989012035155582225
17.593305693294336578 19.875025902520452092
18.320795377055198117 17.689142150346448545
20.256731319197044172 16.557307190053265344
21.919713798424190543 15.21136204673702963
23.610554537812092235 13.867079024866917791
25.850813626498887032 13.592978036278303478
31.514735010411058624 24.302851940657618002
29.405849294213027179 10.446251209455802211
32.641581000297421156 19.455733891126641311
33.9334259033203125 11.276955228769597994
34.463277655697289958 26.705600002853955743
35.2392758672546762 25.60327338062321445
40.081722978322204654 12.824303483649575952
42.128921715628308675 13.339437545468438628
44.245450648879440791 13.885865921630557551
46.592720093066361642 14.322794620290487444
48.099366803902441347 16.013941820108374969
49.597616454403471664 17.642715489411017415
48.455232925919929698 21.196106350363486115
52.26888637065161447 21.160835302925338652
50.875371729835293877 24.203777493812737021
53.084274994967614703 25.524328405643416318
52.405232083674633259 27.820514613251486224
52.118630649064371596 29.835475274653546762
