67.136294915587626519 48.0734710693359375
67.306911280366790606 50.178105622759517246
65.015136762074590138 51.842622015541934388
66.741914458809034727 54.396163489045157746
65.357851030138846227 56.12105765384091427
64.744958399177633623 58.155326928611216886
62.793195556334374885 59.34252071635458492
62.367472165858309552 61.655884452761434034
61.371531881042940881 63.720731495690330348
59.044384149242091553 64.262079158420064573
57.869960464591088112 66.411187421675776932
55.194987782171743618 65.84481909597539584
53.138720804073486192 66.096517533289940616
51.578269901883267323 68.282673523215009936
49.307886137699725282 67.342062311566934341
47.28267669677734375 69.559435333439509463
45.27876701690374972 67.139373721575836385
43.656514357155046469 65.133229320502039172
41.376958903344913665 66.249386166012456556
45.219491384766989484 52.707458959759790673
44.095128237024667328 53.594465467667795622
35.896664945444882733 63.744978177039193667
34.222977766241363895 62.57773343373368391
32.167418758833697723 61.683312988045237546
31.200471887810302007 59.757872045182487852
28.135843986542202089 59.127899526299636079
29.350696576181800168 56.057301812043014877
28.53486872658240614 54.165006445757001075
29.970871518037089487 51.753207978046901871
28.445782449030964756 50.053311155065323135
27.344204081852499399 48.0734710693359375
25.94518338305563887 45.83080706985295194
41.427027277790351434 46.828817782907584899
41.799175702221901929 46.291770601169538679
37.289182633129719591 43.624079904916470696
29.301463261887384704 37.692013050368707638
30.942554563939005163 36.201682265357192136
37.335049033902549809 39.116586563358524131
33.605980161315741839 32.883963571214508192
35.268968471328356884 31.538015480223283049
37.786736334643627799 31.626019719493999816
43.03356429804301797 38.529804755728136456
41.623332086786504647 30.65581053062813055
42.755102174335817722 26.77290465187055446
46.014288351492218965 36.005559561116847078
47.28267669677734375 27.603609662973699557
47.682061630220125892 44.273589314617872503
51.579893907627862859 27.856632201761346579
53.430973770326097849 29.150958871055845378
55.478168670608731361 29.666091969085293556
57.594701455221624542 30.212521316948226513
59.9419668450588361 30.649447936064209586
61.448617652875540784 32.34059821164799331
62.946867298993730344 33.969371887752956241
61.804483626406955921 37.522762563953982351
65.618129422947021112 37.48748954354316254
64.224618754497868167 40.530432031116248481
66.433529605606153723 41.850982847493220618
65.754482898766866583 44.147167241892610434
65.46788528764299997 46.162126183628423348
