113.63882686198216732 95.447555334097842206
113.38110476033156715 96.875382508912977642
112.27578103468944448 97.908739021305621009
111.93471673888612372 99.038238625793042047
112.68939006803277891 100.3779060823038094
112.48375463935359164 101.63935547401526094
111.79157979514674537 103.02102803392409669
111.1528237200368352 104.45788783684569978
110.01760324642981459 105.52459652298000492
109.13695143795636966 106.74593541088015058
108.53403439030496713 108.14189441869343966
107.48883999744401763 109.20993364006551474
106.40489458877041784 110.16582118228626541
105.22825409499195359 111.05959385665525474
104.06378595096397532 111.8190326964890744
102.98402261764078958 112.42608540606796907
101.57810194184696684 112.56497067384836441
100.00718170754680614 112.78325865144717
98.83474303483433232 113.77197470235671517
97.667161218370594611 114.30532710580317257
96.298228867086706373 114.28779624466517362
95.04145036225055776 114.65401690138119761
93.956328290434086625 114.69593058762768578
92.939718382722873002 114.68173220567615544
91.884481888060392407 113.95429660102441005
90.844277776796573676 112.69413071932740422
89.659272536593078939 112.10744722824807695
88.220716250645722312 112.59496053974147856
86.665276494945317154 112.65112767914772007
85.064028979865682345 112.61743297570822619
83.892555011818643607 112.11215276895822512
82.835209789248409606 111.47114541508794616
81.973530710608272898 110.22287140962539809
80.683212087293711079 109.27822390326534219
79.270836250049143246 108.51797236193003471
78.254796533191509411 107.37019355109698893
77.372846422213569895 106.20958440395068578
76.747053471021459359 105.26480977234403724
76.252182671609332942 104.42465683457655246
75.788794830371472244 103.54102044895473966
75.519075681111317522 102.25346705689771909
75.252223145141414307 100.76847149586645003
75.830770064730160129 99.374133952670774761
76.899867973843925029 98.315692557252759798
78.37945679840758828 97.785360210757289678
79.912352327653309203 97.323608561303487363
81.445247856899015915 96.861856911849685048
82.978143386144736837 96.400105262395911154
84.50869057102296722 95.937831316114568381
85.376794303471314151 95.329789509414510462
84.452496119236229788 94.37017336690901459
83.609515798427239019 93.166428455003369891
84.070429685681318688 91.692725074036914634
84.624837234171963019 90.521959241682395714
84.012961100368329426 89.2858099664219651
84.277757860136830459 88.178055164665636312
84.290154076107697279 86.783385280308905863
83.634461920137127322 85.302734620198776838
82.79251502317573852 83.924777029972503328
81.94064085102253614 82.55249337252283226
81.088766678869333759 81.180209715073161192
80.435104682021560052 79.840367341396699885
81.301453142482813519 79.025613182230330267
82.588744142773563794 78.085980104974481719
83.916374525272985352 77.268902638289191032
85.280884411908644438 76.649736697897878912
86.85142113142966025 76.9059303842456643
88.064196069801042199 76.750468408448512037
88.619630821176286872 75.386669485185734629
89.387335052480636932 75.173788172918690975
90.255754876769302086 75.000825969204072408
91.361014584623603696 74.995598808102499788
92.715197246989561108 74.820871921043007546
94.122054735284677918 74.701140204134247824
95.416155484384546526 75.350378465432413577
96.06558399694944228 76.729473678957489824
96.436090191227179957 78.318196058592064901
96.745997257579489315 79.913502885686582999
96.793550940670442628 81.531124908066814783
96.744140463761738147 83.156994486240762399
96.697278770303285 84.782921859114566132
96.703891715006264462 86.409432409707022771
96.884204988985345608 87.996287738609169082
97.783885207100340153 88.663455083599799877
99.215794915981746271 88.863448088627649213
99.583613996374225508 89.747401811571805297
99.452780920958844035 90.57822259407311094
100.69875564037376137 90.20003233301815726
102.20904909248147874 89.599889261081301584
103.40031917013845941 89.637403075709670475
104.49004092179004033 90.077501293304550245
106.03469062534227874 89.818127377531666866
107.61014873822884397 89.508862566175153574
109.18560685111543762 89.19959775481875397
110.76106496400200285 88.890332943462283311
112.21611152057364791 88.693175712225666985
112.54550968688756996 89.545029248011346112
112.17162627655012841 91.12493229695280661
112.13720625293200328 92.670322091442727697
112.94712307351645109 93.970855743366158208
