42.198360040099338164 37.648525238037109375
42.347503480181117652 37.902981967476165437
40.390876908578611904 37.747231247674967847
59.385736166727539853 43.971217683568347923
58.001680369081377364 45.696111837726618887
57.388791575190779781 47.730381070270290422
46.662103596000363837 42.542227594552038283
55.011297696864168927 51.230938621462605909
54.015357412048800256 53.295785664391502223
51.688209680247950928 53.837133327121236448
50.513786092605215572 55.986237719671940738
47.838813274421994493 55.419869467234398996
44.54754987662661847 51.87066064272068644
41.985607234444273672 47.335854187220917311
41.951711656307615783 56.917112666873919125
39.926502227783203125 59.134489502140681338
37.922596222639072039 56.714424060868523725
36.300336639744472222 54.708279794872680668
34.020787996093119432 55.824447881918096925
32.011315697507463085 55.426319573478536995
36.20347724835302472 44.096994707155822368
28.540486740270885946 53.320032402786587511
38.816949172375849741 38.880807455176281451
38.157054146452722421 39.24174261731345581
38.345888155285955179 38.79690785291357713
36.09179722254997813 39.862491337015661941
21.994522107187659543 45.632355980744186752
21.178694257588265515 43.74006061445817295
22.614698946903949661 41.328262102112262255
21.08960990728639473 39.62836169841391154
30.816785945255816159 37.648525238037109375
24.434197032216683709 36.020218449291760976
19.038817130471581862 33.208711337040249134
20.025331789635902879 31.182243466705074297
21.87783621084352248 29.612742594859060574
28.552495015367597375 31.081741808046938758
23.586383922656644074 25.776736416145414665
24.313871701518088742 23.590850753251721983
26.249807622817783681 22.459017719073521846
27.912790132840132884 21.113069688736668894
30.931629940301867521 22.068951871830279288
37.634894142036309006 32.501492054579109947
38.657390158125899404 33.742606189949832185
35.398923532010165616 16.347960804150449832
37.900099194309511574 18.36858141267326161
39.926502227783203125 17.178663831674871432
41.956193617557786979 18.337294781281695322
44.223723388289457148 17.431688306497445495
46.074799301331957224 18.726013039757017253
48.121994201614590736 19.241146137786465431
50.238526986227483917 19.787575485649398388
52.585792376064695475 20.224502104765381461
54.092443183881400159 21.915652380349165185
55.590692778866362289 23.544424092316290853
54.448309157412815296 27.097816732655154226
58.261962695114505095 27.06254390583061209
44.15368843753368111 35.766459163366064899
59.077351319430505328 31.426037008548689755
58.398308429772725958 33.722221410593782309
58.111706973527262221 35.7371838775588202
