25.896678614277320207 4.0234011044653072986
24.25546310587021992 5.9631543058738429863
21.513692272276180972 6.1177660052067786012
18.637226984411725539 5.6990545702857273724
15.760761696547264776 5.280343135364672591
13.489296089532576417 5.055639811378723536
15.101538111198616221 6.0763433930729657817
17.696091442631487922 7.4120493914467830976
20.290644774064340083 8.7477553898206039662
22.829374138180007492 10.061320270236471686
22.642878915992465494 10.293996028523142883
19.871903170555995644 9.5016051196534210277
17.147945424904307288 8.7443183417555232495
17.13552708002893965 9.571755523144030775
19.202027091685963001 11.614189517064172463
21.06757279093951496 13.738596412616244535
20.765224549869785164 16.239153984591350621
18.864909563298795092 18.046240585166483328
16.758986694023768393 17.776630033449382751
14.680438516950932382 15.724820659556378644
12.751038683282439834 13.902302296749123656
12.655939956104573341 15.293695906462589917
13.377543208568081212 18.116047749294377667
13.205918304864018964 20.355198191819333431
11.073232804686666597 21.838327284117106331
8.8183880046684564036 22.136475315710747225
7.0752541676089961697 19.978710552632481523
5.7260847149218090379 18.895328315032305255
4.3147197403732144849 20.914785591861082992
2.8190334851081884082 19.838624085251481688
2.8132100117941227779 17.049134262198499812
3.2179298731076273477 14.158460794747030675
3.623030720174311714 11.267848879156817432
4.1409985966202560448 8.3954717024618599197
4.589653956500010068 6.0186759966554692625
4.1623871237584531002 5.4750621697896484363
2.6851109325145232631 6.7748448904772677892
0.70775122035302406864 8.9008544604133010836
-1.2696084918084751259 11.026864030349335266
-3.2469682039699745424 13.152873600285367672
-5.2243279161314735148 15.278883170221398302
-7.3462422637610798049 16.742821710690719783
-9.4372067519403515234 15.320202405606142548
-10.817455876105483981 13.407528847787300919
-11.345414400639501906 12.527639750058522594
-9.4434504532060437043 11.01954225346553784
-7.0971458900551294136 9.2695007100016830748
-5.408266061280323278 7.7992902433125435024
-7.4406583138797195431 7.9130292678010336616
-10.310336784788308506 8.3831569278044906213
-12.11797143769988061 8.1297983986574653414
-11.874340448873272891 5.9104788613376344486
-13.421373199073698856 3.4893468618554597249
-13.880437914069876371 1.1718297615685657753
-12.965533327606465264 0.48946613921583365103
-10.053689665599252479 0.55431326394187663276
-7.141846003592037917 0.61916038866791933692
-4.389122397537944309 0.64990598305504032606
-4.9863131123078776596 -0.037279321715053978514
-7.6555616985552479292 -1.1685340050744059681
-10.33180457297637922 -2.3012876568003037825
-12.835807423201989863 -3.4608069171132909148
-12.358932577366740446 -5.1070161212366205206
-11.318389479537188436 -7.2138706961934104811
-9.9973484640777243726 -9.2390021237322912384
-8.2822687422961980275 -11.255794339683594885
-6.1701722337174302879 -13.142077187764382273
-3.7970146780892388705 -14.720128502723184738
-1.1631120880581948818 -15.184816476174027855
0.74364220520826962435 -16.04942506347624942
2.0680007965592439589 -16.916330471863638252
3.9943417105080496476 -17.082297735492431912
6.5041134312075659096 -17.314428768697951
9.131529095554409281 -17.065253341422877753
11.690045748987213159 -16.511266622070831289
14.389651693844362157 -15.503351709000128267
15.783488660114691982 -14.23976717380329049
14.544971807406149367 -11.714726421755237595
13.184488230016572885 -9.1377947660828642285
11.824004652626985745 -6.5608631104104988552
10.463521075237396829 -3.9839314547381237119
9.7799393663324991621 -1.8695640275749954018
11.604544912065207996 -2.9151508382423498844
13.828363882545732011 -4.7843886300610360962
16.052182853026259579 -6.653626421879722308
18.276001823506781818 -8.5228642136984085198
20.483423468931093225 -10.367634666778489105
21.282432015777267509 -10.110835488917592428
21.357687355877395419 -8.0752736743723474433
23.230997120599774064 -7.5781972452625367964
22.283648669494873218 -6.5546977581630603282
19.830976231842022628 -4.9880166534776906317
17.378303794189179143 -3.4213355487923222675
14.925631356536332106 -1.8546544441069532372
12.741286792370374314 -0.40695562351454406258
14.006731101673748796 -0.4889665362790585057
16.808155186782599344 -1.2520635385021738895
19.609908105069745687 -2.0153063523479524122
22.411661023356892031 -2.7785491661937307128
24.691473152071253594 -3.0197802854808344364
