20.49357992751658486 16.510733328197556347
21.467577803773146172 17.042603162618103596
24.129745856557338612 18.188503515799677501
26.766590712371947092 19.403582077524454519
29.403435568186562676 20.618660639249238642
32.040280424001174708 21.833739200974022765
34.677125279815783188 23.048817762698803335
37.065464518970728136 24.377628816945275503
36.72582720450800764 26.551401456186425776
35.066134099778970779 28.736475826998727712
33.492104120183448401 30.903246172971023498
31.460529057641430484 32.597852681218562054
29.806355199918886711 33.680616508592279956
28.376237344253354422 31.92026709625205072
26.751839162553839202 29.495139201138204754
25.127440980854345298 27.070011306024369446
23.450865762102960588 24.731988098947923049
22.318877197885647945 25.019527765237718597
22.681420817735240547 27.826055709831219787
23.107492312740951945 30.696386762479839661
23.533563807746674001 33.566717815128413349
23.609148153945156423 35.993954970361016876
21.591781302646122498 36.232042358892300626
19.578317674655846048 36.425472919447955178
17.689122805005208505 35.476642317588328979
15.639086849757164899 33.96430817511931366
12.972808706199508322 34.381632091241471016
10.301454570738023619 34.083408099967343219
8.4229633911575980676 32.748081944032733759
6.3321995722359991632 30.856520166084681733
5.4375139799113414441 29.319710424938566717
7.3960370712554999173 27.33553313479245972
9.4913804363593747837 25.327756865371814143
11.586723801463255867 23.319980595951196989
13.682067166567129846 21.312204326530554965
15.256528924265046143 19.668345550999518423
13.487266815066618619 20.360602300759722993
10.871221513346982945 21.640961891509512327
8.164929430620254891 22.683058977059161521
5.3528178375234567454 23.445779653184946056
2.6074019536688695098 24.052319974887303999
1.3338660875397150285 22.461319590223066456
2.7192734293414275726 20.225952807804688405
5.3710833875197216969 19.177867575764363295
8.167679856235256608 18.310044071241271979
10.558010709203264454 17.488806371849026533
9.0481916509950099936 17.114792401712790593
6.1502984056493703591 16.899946599106918654
3.2524051603037293923 16.685100796501039611
0.43561762198204989627 16.331591841387265163
-0.2142438544219196217 14.50619388377325869
0.2103748012145487678 11.90795799207619865
0.9654369556463500146 9.4070695137941342523
3.1797687118240962612 8.9039600908567813065
5.9540181564313643392 9.7940581182475803246
8.7310991743894881267 10.698882327896374278
10.414688890965217993 10.976525412669126069
8.6590720951285433671 9.281582701460809659
6.4919263149006498637 7.3506040830410759312
4.3672469795205390852 5.4082649256344330624
4.4345482520987573594 3.496503288406067611
6.3160941712781983881 1.558149894873224639
8.2716442615829208762 0.59214661297578496946
10.443107621286172204 2.3854277521928715089
12.576413490844911891 4.3752096066711354538
14.471459013671607252 6.6148036869119533065
16.028992023619931473 8.353455923155316043
15.853953422559659003 6.421299577808333936
15.240693191244281124 3.5606807604008139378
14.812399431632321978 0.6838088220705096365
14.965855058829493629 -2.2441818030330669131
15.802315477635104912 -3.1920270978146803031
17.47063723837449345 -2.7212460784326850671
18.557406588786871993 -0.091590272517779014461
19.447857288397258912 2.4352485999055071275
20.339231668368761063 1.4212334218225224358
21.225449142873102915 -1.3237727934025236287
21.629270447979926928 -1.5016610895838662376
21.467454240536717691 1.3321689301123771365
21.290928783358150866 4.2443178658243487789
21.1144033261795947 7.1564668015363208653
20.993071276955689086 10.052007883719857873
21.729690961737226473 10.615211725351294092
22.99087332183843202 8.1037317308056326937
24.259116076290375474 5.4923578013910985263
25.527358830742311824 2.8809838719765630266
26.795601585194241068 0.26960994256202802655
28.416994346906186308 -1.5713972489781689035
30.644082831575595094 -0.30987608498374186183
32.783723041231866091 1.3048260935313606979
34.56465386564637754 3.0524569314327312242
34.641123808433810893 5.1942878112767489895
36.581149800548274698 5.8807088313473050434
37.372704444456744 7.2407604354119436962
37.658249787696099986 9.4518643546082561357
38.292433369419853761 11.619433111456276109
36.127131096426801093 13.036235568524624284
33.313785041619858873 13.778724774917050055
30.499948930714822382 14.520674964139585583
27.68608731863866268 15.262545091178466805
