98.213344400726029448 73.295831961871812155
97.870395712184901527 74.781578504261105422
96.700657345624591699 75.867097477626302293
96.644608031180126773 77.123597192345528128
97.36299116731355241 78.547525808391796431
96.872316867088755998 79.918194049593793693
96.118893419238560227 81.418219000046448741
95.251918707033880196 82.799910569281422568
94.021444161165561582 83.905494107245004898
93.472463023603509669 85.469558981236104955
92.428378587971479874 86.652768958511856567
91.289712201171369088 87.704324081233011157
90.064311653572687533 88.670891620474634465
88.842651179469513067 89.492437513000609783
88.125741196826069768 89.916713570702711422
87.050874619908100271 88.838346907566744903
85.894427742765373068 87.581631915266768829
84.722938779939227061 86.348532418508270325
83.320639310164224867 85.543880534491805179
82.000484234785758986 85.960236774125192483
80.85774998275367409 86.38871127568110353
79.62065711287723957 86.084487752388554327
78.633722916841051642 87.059833951475454228
77.726626838185168822 86.711510865533057313
76.830406914451089051 85.232929430611306998
75.938256248910889212 84.265429534130419142
75.135891986078704008 85.262673579345431563
74.359189764575148729 86.795461204031639113
73.582487543071565028 88.328248828717889296
72.785431738510695254 89.820143498061895571
71.562890937900419885 90.460964512966299367
69.88696696677763498 90.397063613082522693
68.565267760191630941 89.967397759984947925
67.442024592734924227 89.292358240568034944
66.509603761973266955 87.989535936231462188
65.667619891094474838 86.868501535739042652
66.34112481045016807 85.572647677842937242
67.380500712398344376 84.223784539209063382
68.419876614346506472 82.874921400575189523
69.459252516294682778 81.52605826194125882
70.498628418242859084 80.177195123307356539
71.534775260324920509 78.825123156253297907
72.46575816555061067 77.396269181402473691
72.410969607241426615 76.483877861062879333
71.808875204554297511 76.180189078048258011
72.798984440864856538 75.130937918346191395
73.80425190588505302 73.958777690323643128
74.444658020872012116 73.226319839452955307
73.156542510961969583 72.787898356649435527
71.541524106369479341 72.184955744699550451
70.002151502750407985 71.392546893578014533
68.558579750053354473 70.420828799676456811
67.006998916950905709 69.700344510662887387
65.433517871985145575 69.029478323134540574
63.860036827019364125 68.35861213560619376
62.286555782053603991 67.687745948077832736
60.713074737087843857 67.016879760549485923
59.269314801209702637 66.346664490622970334
59.537137092260451254 65.572451067905376476
60.090642999414313863 64.225654396902768895
60.69638024633549378 63.00438294949650242
61.35516983429168647 61.872911230085385625
62.198231604968874819 60.633901342265303924
63.214418485173716533 59.365856212982620832
64.36011978097351971 58.500602401185837209
65.903781995111955894 57.952578923850687431
67.043645677643951331 56.756590487132065448
67.901548175895499071 55.412505018476252872
69.202090175874147349 54.68584663537771462
70.794941663940903709 54.556542358128496062
72.302603539313054171 54.753678446222579623
73.06452416094710145 53.621274166183397369
73.793122766302971627 53.011073296119931797
74.679392130964046714 52.827094957620239768
75.813731799737624328 52.736059695903904299
77.244786209765848639 52.638704018475266366
78.739335527051295571 52.501409033023293205
80.257496444814577785 52.91239390526857278
81.805194974713543843 52.80609156107642832
83.273061614777773798 53.124660281477034118
84.197335460846076671 54.016028007020487678
83.933215228332855418 55.611798416221297714
83.515997795815437144 57.261382050239383545
83.098780363297976237 58.910965684257469377
82.681562930780557963 60.560549318275555208
82.264345498263111267 62.210132952293633934
81.847262088555964965 63.859733903651886067
81.598703419873700682 65.514308896918777236
82.189056930546655622 66.901450093431336086
82.546180945495976289 68.334476754983498381
81.681140231457760592 69.682451982505753563
81.256046889153807911 70.42068632410371265
82.517956834521314136 69.920801897212228937
83.156782661862948203 69.781888537227771963
82.359384650191600485 70.605821697774331369
83.095747068262085122 70.862346457761546503
84.045561213844720783 71.245589998975219714
85.561878262237129888 71.268748641917767372
87.265563814321382097 71.162147665883495051
88.969249366405620094 71.055546689849265363
