60.227046563536838164 52.638973236083984375
60.397659113338384884 54.743607792175026816
58.105892209291610584 56.408124254879901116
59.832666106758253477 58.961665655793204621
58.448606486024736739 60.686559835773493887
57.835713869630495765 62.720829081838211039
55.883947204283593635 63.908022883102631795
55.458223842127793546 66.22138277335936607
54.462283528992159631 68.286233662438377223
52.135135798117843819 68.827577509797677635
50.960712209548574947 70.976685717718822843
48.285739391365353868 70.410317465281281102
46.229472628504012732 70.662031086787521872
44.669025510725028028 72.848171844191057289
42.398641469989399866 71.907560677318784315
40.3734283447265625 74.124941314884821963
38.369522339582431414 71.704872058915398725
36.747266104371121287 69.698727693652642756
34.467714063219517584 70.814899678475725864
32.458245543225444862 70.416767533270189006
29.863816519127432514 70.842153807427450829
30.369691216292316938 66.407942040748494605
30.322915121791474746 63.801202139144308489
29.747638028200547922 62.206479645170226433
30.098138793916632494 60.104410554410776513
28.173676251810327642 59.68250311185610002
30.338928208748058069 57.106621973763893152
30.273323545511324539 55.920697974703102773
32.251150462475372649 54.365420100811668647
31.053545727478777394 53.618534735145537695
30.061527385075152097 52.638973236083984375
28.552946579247489467 51.396596235278231291
28.582939689834361729 50.132833836195167976
20.472257906579262254 46.172691464751949297
22.324762327786881855 44.603190592905932021
21.740363251669819533 41.881168636107730663
24.033308125744113681 40.767184423148762562
24.760799721045117394 38.581300663939259721
26.696733739761143056 37.449465717120396846
28.359720099371465096 36.103519568782594718
30.050556965885267147 34.759236587191239209
32.290819862203584023 34.485134646312587847
34.7140872585642839 35.221312791885182492
35.845853822285036472 31.338406818618601335
38.347025311252870949 33.359029410720140163
40.3734283447265625 32.169111829721742879
42.403123439328524569 33.327742767780776489
44.670649492267585856 32.422134394439844129
46.521725418275316599 33.716461037803895806
48.568920318557950111 34.231594135833340431
50.685453103170843292 34.778023483696273388
53.032718562723317746 35.214952060811981482
54.539369300824759534 36.906100378396040185
56.037618946942949094 38.534874054501003116
54.895235274356174671 42.088264730702029226
58.708884941477066377 42.052991807084360687
57.315374171241543877 45.095934094764885458
59.524281253555372473 46.416485014241267493
58.845238308945560846 48.712672976496229182
58.558633090470621596 50.7276318756056952
