50.766924694665263473 29.976266579452758521
49.361814565609982708 32.219695402249662664
49.780078676781791103 34.324403636563545206
47.602271195438405016 34.120794205521853826
44.585070336727390838 33.3150395688089489
41.567869478016369555 32.509284932096036869
38.607774757890013007 31.766389417522049143
38.231722911496184736 32.846660887983880173
40.542850368154297769 34.872441176223091475
42.931562334272939552 36.864688192692440794
45.293503091407828265 38.867108295064220158
46.116450187857211063 41.426556095781613465
44.230348342130746175 43.520039414879960304
41.991698393292146818 45.237938853865841793
39.82503063904881202 46.482578774151193102
36.927206090124080617 46.936344942073127129
34.614045151764663899 48.216276410928287532
32.118132361602881986 48.518637228911771331
30.894882572389391839 48.551749200524596972
30.665142486285066781 45.51565377641933452
30.458173116580372408 42.40036970464634436
30.251203746875681588 39.2850856328733542
29.840551095272818571 37.868741424267895468
28.941970581809400187 40.522245693847395387
28.004965779326763453 43.497736815554198131
27.570193993732981852 44.503828143447208276
28.110963387101946864 41.684542540513554343
28.708909819058618496 38.641049360182712746
29.30685625101530789 35.597556179851892466
29.897716887974162603 32.559933179968446382
29.376265119581699281 31.554415246545648444
27.397920695753573028 33.774760620558915036
25.281055156576783816 36.047692264724545907
23.022280874497663916 38.20285906564875944
20.756448337153837969 40.352168480285101282
18.462432211667003656 42.34910034148106206
16.021773238457988953 41.844074237086239521
15.263990897273805203 39.170601286805826646
16.787466043908445101 36.679693792528624385
19.335969635366424768 34.900421291541370294
21.918003295068544389 33.145958876676033356
23.523377896557839506 31.834286595696042355
21.134914563569697776 32.333309683640059973
18.130225872423459066 33.111712260821271059
15.125537181277216803 33.890114838002482145
13.025174570149781417 34.309819377405169405
15.05716292069767448 33.090440168018680822
17.546591955082789127 31.638818791650500373
16.221308558767066899 30.958464549870427618
13.174272869622145166 30.560115367863183167
11.063560709752023214 28.654979473853568805
11.125233806618251009 26.029853586967451662
11.665679586238226761 23.306517079127168302
13.201619608370794623 22.626256073358668175
16.212284761363740415 23.386189069236216653
19.223305011878373705 24.146914266814373917
22.147028988144725759 24.868157191547382467
21.992185754382742147 24.197028773915945976
19.447072857549976277 22.444831549814580285
16.884866983941304142 20.684903531030208512
14.803413671495764703 18.677065877837961239
15.355943705614830463 16.048306844589312448
17.301258821518207043 13.947550315651298547
19.691046850206394225 12.032647194953295156
22.420522734618558047 10.721426139812644251
25.266690408107614019 11.387266408202210144
27.407842724636093834 13.151933505020997117
28.455059898539914798 11.353101055515823603
29.086659206475072637 10.448943257153205266
29.573395335226713598 13.326492865349298
30.052926260999164754 16.39213698883740733
30.532457186771605251 19.457781112325523765
31.012138554739337337 21.335291309846336816
31.492371544089742486 18.856310445487057592
31.972679754537768559 15.783262618144132006
32.452987964985794633 12.710214790801211748
32.897900249191259547 10.158854846299684382
33.047846481375280803 11.954893925476486771
33.108210431093532122 15.071254189622271369
33.342872798112225041 17.353344982518461137
34.469684841831664812 15.365212037388973343
35.770795302851546182 12.542809621009897825
37.286821730396432883 10.167806093296364978
39.925011468075055632 10.670917203551706365
42.446849940632439768 12.175657136082278953
44.682680488304534094 13.997108406830244931
45.546522631401849424 15.396882675621764491
43.318020617769875003 17.505779443671041662
41.036592909286326858 19.612405453190518756
38.755165200802771608 21.719031462710002955
36.473737492319223463 23.825657472229480049
34.202086665095677631 25.925602300045646587
33.986948288328605372 26.620262791948693604
36.727180670580892752 25.392351571021578138
39.613505881870359815 24.253070005081028171
42.502434180513247952 23.123055589838354962
45.3913624791561503 21.993041174595674647
48.246315341133261256 21.454186497510455922
49.716496461158371289 23.372869917697158826
49.458088204528465326 26.356052510634370378
