59.623111321837619414 50.93300628662109375
59.793720056941900509 53.037640842712136191
57.501953152895126209 54.702157305417010491
59.228723227274414853 57.255698732152332298
57.844671237564938338 58.980592901495121794
57.231778635737654781 61.014862118854274797
55.28000814788710926 62.20205593363974117
54.854288597607990141 64.51541964172632504
53.85834437248995954 66.580270617808324118
51.531200556767359444 67.121614374778687306
50.356777038864315443 69.270722541952679308
47.681804101375220739 68.704354352016153484
45.625533513280444708 68.956060341741448383
44.065086428701071952 71.142208714872708697
41.794698729252459657 70.201597528852090591
39.769489288330078125 72.418970550724665713
37.765583266746936886 69.998908922421961165
36.143326948707780844 67.992764537787195422
33.863775056639994432 69.108928930502088406
31.85430458418642985 68.710804400599855057
29.490388487001062856 68.736944637321244045
30.369691181806437896 63.87072582916961494
30.322915052060508856 61.424496906680559505
29.747638032866245084 59.956723790977008548
30.098138802579910589 57.959654249196077558
28.173676719212661368 57.627858383090234895
30.338928199755983428 55.131764623245103962
30.2733235144937467 54.018502902434271107
32.251150675442289639 52.531078146198375123
31.053545725871757099 51.849091207892932687
30.061527385075152097 50.93300628662109375
18.431997854622913735 48.690346361901781336
18.88180605141673496 46.493196421205652769
19.868320765958163321 44.466724489354177763
21.72082327139039748 42.897223643443041396
21.13642613875691012 40.175201624057294225
23.429370983203519074 39.061217464729395488
24.15685871422207498 36.875333762319257858
26.092794641680352896 35.743502619887500771
27.75577910822794081 34.397552639225807525
29.446617909488782772 33.053269637728348584
31.686878908657874376 32.779167692308632809
34.110148202167799525 33.515345842422291867
35.241914731435166175 29.632441783827633941
37.743086254856386574 31.653062461257245985
39.769489288330078125 30.463146787607488619
41.799180678104661979 31.621775829865679697
44.066710448836332148 30.71616935508142987
45.917786361878832224 32.010494088341005181
47.9649851006380743 32.525627196957699994
50.081517950742615142 33.072056585774021187
52.428783512933762267 33.508985250779616649
53.935430355460425744 35.200137343604211537
55.433683797324839304 36.828907207304567351
54.291296217959690296 40.382297781239138601
58.104949755661380095 40.347024954414592912
56.711438883639537778 43.389967042202620462
58.920338379977380328 44.71051805713267413
58.241299252549076471 47.006706027033338557
57.954694034074137221 49.021664926142804575
