19.853618218810275664 4.92393281703584762e-09
20.024230770779357869 2.1046314360268318921
17.732461965014593375 3.7691509821083726273
19.459233964703358311 6.3226885515558866047
18.075178145152325015 8.0475875447072606761
17.462285524831763439 10.081855845879234224
15.510518878860084513 11.26905057412458433
15.08479644303413103 13.5824114535549203
14.088857121029914055 15.647261353542708306
3.9217559382993063544 5.3978346966104737703
10.257276275701419976 17.766123986195641038
7.9123119795008207689 17.771344238463516518
2.9265276414477114919 9.0069264783809863673
4.2955971774610572922 20.209196698321992614
2.025210123001141671 19.268587431020776535
3.7661821205204116759e-08 18.789005722233451223
-2.0039066892566679279 19.06589882610469644
-3.6261621852321175297 17.059752561936843307
-5.9057141800485331018 18.175918845963078496
-7.915183732658919169 17.777794307211195246
-10.509611827381714733 18.203180570314284381
-4.9030247478529558336 6.7484353019781728733
-13.059697059404451025 14.504263285462032584
-15.115258915346601043 13.609839985007345931
-16.08220100490815696 11.684401914878385753
-3.7377579287785107631 2.1579954579310411944
-1.5846410988483579096 0.70552774745761481778
-1.7611469993235471243 0.57223138098326997714
-0.11626357543443009701 0.024712598493443774239
-18.836892324382745301 1.979837138660326179
-19.938472614924844351 4.9239438851115342368e-09
-21.337491428295322748 -2.2426606914652977842
-20.887683184440206219 -4.4398139269795180439
-19.90116852249845536 -6.4662817968774657373
-18.048666021184128994 -8.0357835873191749698
-18.633063150241323314 -10.757804661406531466
-16.340118300774619797 -11.871789781555941445
-15.612629551917471815 -14.057674507745440806
-13.676694595022047096 -15.189508481590952016
-12.013709213306345447 -16.535453656928591926
-10.322871379832998073 -17.879736648320189829
-8.0826094308751148532 -18.153838592140978392
-5.6593410829448282939 -17.417660445244216305
-4.5275745605278627792 -21.300564502021252622
-2.0264037257022238236 -19.279943827784105537
4.3796216347782496728e-08 -20.469861406362237943
2.0296920857060318788 -19.311230458786475594
4.2972211590721878238 -20.216836931844486713
6.1482970737616406964 -18.922512198210924339
8.1954929331638677326 -18.407379097731467965
10.312024757352844517 -17.860949753017855812
12.659291217265220553 -17.424021142145921459
14.165942895786569622 -15.732873782243432359
15.66419152658857783 -14.104101121474924341
14.521806977905614033 -10.550709392610045256
18.335456595983970374 -10.585981430327297659
16.941945852949910289 -7.543040035619577921
19.150849091608918684 -6.2224882296065739951
18.471808104900905079 -3.9263038483189873773
6.6019690120307874537 -0.69389490755501870289
