117.06409032574387652 98.58454132080078125
117.23469906323524015 100.68917203948286954
114.94292457369526517 102.35369212182683896
116.66970222279057623 104.9072337921540452
115.28564645547962186 106.63213168589801683
114.67275380933388362 108.66639718007606064
112.72098713125822655 109.85358718138635936
112.29527147285203625 112.16694698360578286
111.29933111696941239 114.23180555188230301
108.97217574342579383 114.77314941081144184
107.79775587474733811 116.92225767314062068
105.12278684246749094 116.35588179131154618
103.06651269823792916 116.60759531709405223
101.5060614280292981 118.79373616001822711
99.235674154379111656 117.85313253823589719
97.21047210693359375 120.07050558490435321
95.206566085350459616 117.65044395660164867
93.584309965845051238 115.64429198477199634
91.304754213867141743 116.76046401449875134
89.295278157363796367 116.36233193508778072
86.700860365512767203 116.78772575544186907
85.824456619421283676 114.25604848555025228
84.150765602899923579 113.08880755022556741
82.095202573481174113 112.19437544194987311
81.128267308969000737 110.26893849709364304
78.063637439070760138 109.63896969067857867
79.278488157053814689 106.5683758454422474
78.462662232007218677 104.67607670527672781
79.898665030332338688 102.2642782741475429
78.373575973947211537 100.56437780218234934
77.271999492008745847 98.58454132080078125
75.872976855496887083 96.341881424931671063
83.521948564117920455 95.67495496353301121
83.966640988339591445 94.28134861385396448
85.068922021311209392 93.17877501567186016
83.534123832247900054 90.688491605393252826
84.68690123724574903 89.485629181098659046
84.096946815617258153 86.777078794429698405
83.533767891171592623 83.395030053817947646
85.196760031896630494 82.049083849689083081
86.887600781424580987 80.704800826419358373
89.1278522324331135 80.43069889312933185
91.55112740243374958 81.166876998103560936
92.682897653398811144 77.283971073991551748
95.184069061288354874 79.304593682018946765
97.21047210693359375 89.230135541879946004
98.083387764662518293 90.279204644491457543
99.237925348408239756 89.046112024786850725
100.06518633084731107 89.798614379764046589
101.2268830780095783 89.56352618606419469
102.6519825704687463 89.159554026660913451
104.5690448576447551 88.456314810881480071
105.99347430153729022 88.830019717142221225
112.87466671819480268 84.480446169759972008
111.73227554289931618 88.033829442586039704
115.54592483310327111 87.99855979500800629
114.15241426775355649 91.041498699448879961
116.36131737375367834 92.36204924543831396
115.68227069792342832 94.65823757989832643
115.39567304155367822 96.673199994320100359
