60.763392999083713164 39.836544036865234375
60.934009366530347052 41.941174750212425693
58.642238572248601258 43.605691582472644541
60.369012568127132567 46.159232562405236422
47.330236417694038664 42.695116229093336813
58.372060305177370765 49.918399882619461039
56.420297399968490026 51.105593758978258734
55.994570277674668546 53.418953574140623175
54.998633890414957648 55.483804363113911506
52.671482233664718819 56.025148310578927635
51.497058645095449947 58.174256518500065738
48.822085826912228868 57.607888266062523996
46.765822638869877892 57.859598150812693973
42.442348637484130336 47.046734451876162098
42.934987905536274866 59.105131478100034315
40.9097747802734375 61.322508300968806338
38.905868775129306414 58.902442859696648725
37.283612539917996287 56.896298494433885651
35.004060548583353807 58.012466680746221925
32.994591978772319862 57.614338334051439006
30.400162954674307514 58.039724608208693724
29.523763085987205557 55.508047371317722707
27.85007773166907441 54.340806378377394026
36.725871292780254862 43.603745952231939498
24.827571874658154627 51.52094500721055681
21.762944027665998448 50.890972580914834111
29.869277980961498997 44.752087916160689929
22.161968730919721082 45.928075640114933265
23.597971588665775045 43.516277506233194572
22.072882459776629105 41.81638049724203654
20.971302165348593149 39.836544036865234375
36.970389007558850381 39.422497016107122647
37.172923075367606316 39.04224815738928811
37.538261642349006308 38.74107392388784632
23.74943921185404605 32.196269231060789195
22.276711693287829519 29.078737358547982694
29.719390995894954699 31.706252222178818556
25.297148202704349274 25.77886749591053217
27.233080175308018056 24.647036517901646846
28.896066574730554066 23.301086525941322236
30.692255825283147885 22.139281511555420678
37.645422657799734623 32.504684977868485873
35.250433646856677683 22.418881700671708046
36.382200257831911472 18.535977619399851335
38.883371740713968734 20.556598304792395027
40.9097747802734375 19.366680723154363619
42.939469880649305367 20.525311661820254017
45.206995927814460856 19.619705195221094129
47.058075653536569405 20.914029926368272072
49.105266754104825111 21.429164936614590431
51.221799512947406186 21.975592362250388589
43.108852622748592864 36.809774231954257573
43.081438521020764654 37.424670989859713188
43.26462768179089835 37.716224668404251474
41.098578955520181921 39.699369499982424259
59.245231328627369294 29.250560616691672067
57.851720658338109615 32.293503103980022217
60.060627689102247473 33.614055815022517493
59.381584787762818678 35.910240166151496055
59.094983337141471225 37.925202642389351126
