60.483685362564727939 54.16905883257811638
60.302168068320888494 55.534883253527212332
59.298891752576402325 56.525674529982822492
58.702162728649767587 57.533574387310295606
59.334528648482837809 58.768888676290949036
59.491522044604266739 59.959983395213477309
58.944357763348392609 61.22563903800345031
58.321042648756154847 62.575079335937225267
57.533421061616678571 63.776700689667087829
56.400361719613528066 64.720806101932893739
55.84155687676097557 66.045002069832122515
55.096461904950096766 67.219865539692818857
54.10197945011825027 68.199216291856004091
53.074812675294964492 69.080298126031280503
51.962744443651843085 69.909100699919008548
50.875650398415196207 70.611173984897391165
49.865219331689218052 71.179149843430053579
48.576918986553074831 71.340482667883009071
47.080366344980213 71.471287665248254939
45.902960752551884127 72.268954028095038211
44.864108915025816771 73.002642911766741918
43.642374826093799811 73.177352041816078554
42.364242743385482015 73.176783174949463273
41.293389072219817137 73.455160557353039508
40.331469852354189243 73.466610094131098663
39.34870621497421439 73.430489152242159889
38.375486206500326603 72.289770969912751752
37.387307057391119258 71.16186590816802493
36.207770017912466187 70.937598448879029434
34.832852337611790006 71.427873189946296861
33.362662382762934499 71.403955169625476174
31.86127938835053186 71.392037870104473996
30.818620981157707206 70.927285052146800126
30.161592837406253409 70.446170148007837497
30.265467943442544652 68.933376118930311804
30.345859370894199714 67.40925838908756873
30.334610265979829791 65.877902836843958312
30.125108815927699624 64.377771154571249212
29.878380780223714908 62.90257524438752057
29.859716394125204175 61.509357978921769927
28.971036662220051028 60.767754612681464721
28.768860064253107822 59.973595265380666319
29.668824561990401634 58.809536770320747223
30.289230265955900734 57.520808188199481492
30.941840950872940397 56.326094108457013476
31.769389365819392879 55.379645597330700468
31.168318904539258796 54.484398275158454794
30.037310565039582855 53.48208624189892646
28.984939545112187176 52.420812622588329077
28.437234753606368542 51.185646231587696775
27.415125496735502253 50.320383742512788672
26.067882103469965926 49.655979461307389045
24.719233750015032314 48.992434720232488132
23.370585396560098701 48.32888997915758722
22.022523350376324913 47.665270994616058431
21.616178074073150839 47.097561817267809658
21.987555167282980761 46.083846058959764491
22.507749543542100668 44.88939131440108099
23.042450107212850696 43.843707742175041631
23.628814398037754074 42.845227566655523788
24.350050933039590007 41.77327626504104785
25.18889139636059582 40.689811430422793137
26.095458747156364154 39.671037664105128329
27.122924637028770434 38.667538237986391891
28.261898427681920509 37.707348624046737484
29.477440444986584112 36.829090554697941684
30.722523365053270084 36.062932903828219366
31.977782775257360015 35.418596900455732168
33.459954008408715254 35.616509203660221772
34.71884159192143926 35.688623634438492616
35.339289621224750704 34.593892129466397023
35.971294911449319898 34.005021744122075233
36.722926227118080078 33.842447534227588335
37.649372029133957085 33.683145864482085585
38.828243187434843264 33.849530859237027869
40.136565985408040547 33.472880576284772758
41.457180380382055773 33.518949758865339561
42.80535783800841898 33.908262075267536773
44.163912100226426105 33.792826981706610923
45.461908973643843979 34.074457559592389089
46.852083462407840386 34.488258716937970405
48.259255861832521362 35.003420029625857524
49.621037165206331565 35.631062251141081276
50.896567274437565231 36.337584722339130394
52.04996729383756815 37.087832546817338653
53.154607830786801514 37.920100607693420613
54.234402229610459756 38.85966562174086647
55.191114160152821455 39.816954635779715943
55.83471418620161586 40.540417699223723957
55.430804736843363401 41.937947863118282044
55.729756919481815203 42.815430404966427602
57.103450040884141004 42.898813040652967743
57.830080735434236772 43.356532398484972646
58.23401077167564921 44.079783206173019039
57.870571854491572594 45.341379717277000339
58.35009649198295989 46.388834806026991942
59.355692611329416764 47.30494219080758711
59.314802027122560446 48.644203062539823179
58.973153232855779038 50.146634404795513262
59.019822931078103068 51.575230179140923781
