39.237301435731900767 19.097613704056591644
37.871745783643682159 21.212449903860100875
38.281097522575549874 23.471831002608329442
37.617271846866529472 25.878582606302583002
36.103296152162656085 28.229481032222295767
34.618324907548192471 30.534528522739289969
33.013692772200066372 32.40940122027699033
30.956768789475457737 32.095848403231336476
28.552906351890822378 30.476474850039782183
26.549074527123522671 28.376989755374250279
24.558989272328584974 26.254897967496280131
22.698758922155185758 24.760478720135246533
22.753951647051799512 26.742860785775139476
23.293840777967229627 29.595087688389309477
23.517308429169169415 32.504409292297935963
23.614767526502912887 35.436467724155683356
23.074042075622088532 37.415144039197116399
20.841385511832648092 37.703132104368719979
19.097862432675409394 37.752578805372650095
17.713655714956182408 36.002521697517011035
15.336481591815580572 35.191071217204523691
12.584222517211497205 35.710023715763099972
9.9418851825567671199 35.375459215654124989
8.0827928738253849161 33.993159264998503488
6.7688322277832337903 31.798776311202988865
7.4056159156591814252 29.2458036085341746
6.1229672759300548535 28.641819882908752248
4.0460149102484557204 29.063798247496428928
5.5918835569555023213 27.612795256139705202
7.8627815614990188564 25.786278131589941864
10.133679566042534503 23.959761007040174974
12.404632250906336921 22.13332887425560358
14.685136251289856446 20.332005981209121614
15.059324950452769087 19.176077854094131681
12.343450944655854684 19.558955861029968304
9.4847017828116175764 20.081985411280967924
6.6259526209673849095 20.605014961531971096
3.7701767720144516716 21.118358465429757587
1.3141196449601921792 20.440022027135643867
0.60168669416752951218 18.171051129893893261
2.9300673646633237368 17.418665866818482613
5.8254576661770025581 17.070413516521721675
8.2492435740094158803 16.67810259488840785
6.7317641917912931504 15.917587898513874123
3.9611645635058194692 15.040003284016492557
1.1905649352203448998 14.162418669519109216
-0.070686768540547006978 13.197690153679472402
0.46259957703917109484 11.33196971171228995
2.9630828514280640462 10.778955932490088543
2.4098550123481690122 9.0334369249427943771
2.0553847411814416546 7.8023337787124145137
3.662956300826517797 8.3814754637238753077
6.284586112137255931 9.636061322768181725
8.9062159234479896242 10.890647181812488142
11.198427905680297556 11.905086402785077127
10.328228728759674127 10.614117898269190832
8.3325186358210885373 8.5026483803416077478
6.3368085428825002836 6.3911788624140228876
4.5706497200389168967 4.3386565426589083216
5.9540070826943622961 2.9522217532601899848
8.2215494423364425813 1.1726603903589740696
10.531042657621400238 -0.14992160286701167182
12.352016047281303202 1.5638627919007719314
13.711870914618202733 4.1507512108610704615
15.071626068743803728 6.7378241462459698141
16.406528430422234521 9.2495481161525976432
16.785727955268377798 8.863761868122219667
16.349868855085560426 6.0068720477022923276
15.904520506877458885 3.1212126222815728127
15.459172158669355568 0.23555319686085310349
15.252135638832456266 -1.8095678421459489016
16.454836788246630874 -2.0265775930097262858
18.010595523601661938 0.069406403847271813667
19.103054135945210845 2.5491935764590478719
20.19251239015713395 1.5505159397654946218
21.181146697940373969 -0.7104959881674846045
21.322486713147238646 0.94724234864569967218
21.194430453668609005 3.8513757717669143688
21.066374194189982916 6.7555091948881287323
20.968879392142728335 9.6533453045683010885
21.674952381117826405 10.864863557609858447
22.980053351410571594 8.5244725918938328846
24.293192497262300122 5.9153420593519063786
25.606331643114046415 3.3062115268099749876
26.931559344259952127 0.72234206613619200699
28.826389982523181743 0.11395597695228332213
31.106542083218027273 1.5366643861999804699
33.19460658818734089 3.2705475973166500125
34.626480274416692851 4.9080822327486908208
33.424199513903992909 7.4371380946397289691
31.209049236088276302 9.2802679249485375834
28.892508286689107422 11.05103202010127994
26.57596733728992433 12.821796115254020521
24.259426387890759003 14.592560210406764654
21.890183833818166903 16.308230338787158331
20.74517200852607246 17.258403269276577419
21.718834448269614512 17.367178801529107091
24.44705611794224609 17.128461257235631621
27.334167688783367112 16.846174136268523114
30.221279259624498792 16.563887015301411054
