118.43245275250168902 99.546173095703125
118.6030691199483158 101.65080380905031632
116.31129459898865264 103.31532404190912189
118.03807229572309723 105.86886551541235235
116.6540164981107921 107.59376349116942606
116.04112388109898291 109.62802892793629894
114.08935707829208184 110.81521910647748541
113.66364152336318227 113.12858639416784001
112.66769354372722489 115.19343732678464676
110.34054580212868757 115.73478118386071856
109.1661184955217152 117.88388170663291987
106.49115672452680315 117.31751364372517799
104.43488239228784664 117.5692272096505917
102.87443172531735058 119.75536788366564167
100.60404397461378778 118.81476433793412184
98.57883453369140625 121.03213735980669696
96.574935828689135064 118.61207569862602895
94.952679087969116267 116.60592356114067059
92.673123963377662449 117.72209568976714422
90.663648041670910516 117.32396363347962165
88.069222623913958614 117.74934980374894167
87.192826518538780078 115.21768014636015209
85.519143085110698621 114.05043914204327393
83.463572752050197323 113.15601498220433996
82.496637349133862926 111.23057024999108933
79.432007696339411496 110.60060181392455547
80.646858189792752114 107.53000756775725222
79.831032277690781029 105.6377084479595112
81.267035048534140174 103.22590987050664069
79.741946025684171673 101.52600953507516124
78.640361918766558347 99.546173095703125
77.241346917713784137 97.303513142133596148
81.667258016172354473 95.951505238566539902
83.966640730000051462 94.798385846928781007
85.068922000412300122 93.53116916661547009
83.534123464833427875 90.860107842359553842
84.68690117880288426 89.453097523257113721
84.096947240599206452 86.506616286306581287
84.902145761898864862 84.3566616619831251
86.565130197642616849 83.010715544967013102
88.255963208182393487 81.666432601321702123
90.496222247787841297 81.392330686195947465
92.919496876848711509 82.128508962023801132
94.05126835791283213 78.245602711080550762
97.608133212065666839 90.310491255014568424
98.57883453369140625 89.230135541879946004
99.552831371609926236 90.27920457428700729
100.81069488489767139 89.046112103741080546
101.74601052493923703 89.798614351920662102
103.02339959292896765 89.563526229012012436
104.57555165835013611 89.159554235832132463
106.63608534465581101 88.456315535436075947
112.74477931676841536 83.813296434376269417
114.24303654944361597 85.442062436092484745
113.10064532886497091 88.995460845608377554
116.91429500102270822 88.960191763496624162
115.52078423210024027 92.003130268152389704
117.72968743487450638 93.323681035632077396
117.05064073568092908 95.619869268259790829
116.76404309055943997 97.634831701227241751
