60.282654631363556064 53.339945825986319505
60.101137337119716619 54.705770246935422563
59.097861039200623168 55.696561532379384118
58.501133165011410142 56.704461969456268378
59.13350244736054151 57.939777953969041846
59.290491037703105803 59.130871191997577796
58.743328860059563112 60.396526953127427362
58.120011960763555692 61.745966383942452183
57.332390350907751042 62.947588695850491547
56.199331045977032772 63.891695492166533654
55.640526193278091682 65.215888619297999185
54.895431856573189577 66.390751812032419821
53.90094779790695867 67.370104131022969796
52.873782117799017044 68.251184980357550103
51.761715335258081438 69.079986569248418959
50.674621202040590617 69.782060056036300466
49.664188942656764425 70.35003665734549827
48.375888303807236923 70.511372496879118899
46.879335780183417626 70.642178450850096283
45.701931456507807638 71.439844816732687605
44.663080637914141846 72.173529366274152608
43.441347863038878074 72.34823877444320317
42.163215060415076607 72.347668111216620446
41.092359627851550385 72.626047504474144034
40.130439298701340078 72.637497089696580588
39.147675443265796957 72.601376143163093957
38.174455469617917913 71.460655941714904316
37.186276263145373377 70.33275438929665313
36.006739206049942936 70.108489109429086739
34.631821549886964817 70.598763981002932155
33.161631651948169974 70.574845791359720693
31.660249245153103459 70.562926193544114994
30.622806964149880571 70.10108601468671452
30.009591670813232867 69.624603076434269155
30.174239628751355013 68.121160223329027872
30.320570980826726526 66.610515560959271397
30.344638187618830472 65.10461094553517114
30.184631338287903901 63.603013288216367016
29.889938453421265763 62.105359035861823713
29.89629425783473593 60.683069376655147664
29.111274058735489234 59.881197821698698647
28.696194438198308063 59.171047764471509822
29.546540860352532576 58.041218005140159164
30.242584720761392703 56.754885793642770864
30.876370266824480382 55.511620261305559154
31.750938938488349805 54.566201806803846353
31.231210631336516315 53.682657644909248518
30.053015397034119616 52.66669083992938738
28.97513177842063925 51.607191969906587303
28.369514397781799175 50.379532430741150506
27.319978175774398466 49.517672208141704004
25.969497781896620836 48.856787960952381411
24.617717484687435814 48.196764232378512816
23.265937187478254344 47.536740503804630009
21.914156890269069322 46.876716775230761414
21.400555584008593257 46.312038812083201833
21.754563804136566318 45.335694299937529195
22.271066519963916619 44.135768171793465342
22.805291283685367176 43.08070141506576789
23.385016171214342506 42.084644653797859348
24.096438553632776092 41.017458561110302639
24.930034523642284228 39.93064575813095729
25.830700261927976413 38.909113079848552275
26.849496107882146134 37.904549024285266512
27.982266584020770495 36.939957017861182464
29.193597318113571504 36.055506221723518934
30.438601331090261226 35.281000652595949418
31.69046861600613596 34.622141928958434676
33.161752080658722264 34.762510110705107991
34.453392206226517658 34.889993921833841739
35.109242236122547354 33.860519985099372775
35.722764314222800408 33.187204060109820603
36.466882578545813942 33.024210933758340047
37.381200251914847854 32.86407573848394037
38.542771139401729386 33.029829188012442387
39.847216231274991571 32.64589691422553841
41.167651363550419319 32.654749213211090364
42.512474550446512467 33.07978424530796957
43.877758574860791896 32.948374727197375478
45.171339315812524262 33.222999134496063789
46.55945810591262557 33.619692603165177047
47.965810364353082207 34.136115746818930461
49.331091650218709788 34.7571313816932701
50.614456232389727575 35.459876990818187892
51.774792325444231267 36.207025713675278666
52.880014143238724955 37.031753379092997136
53.963434871076053412 37.96546913468480966
54.935174658953471294 38.929285264430539826
55.59776254956850039 39.669021500657990487
55.250979362396748229 41.019943203185235348
55.464283782342462814 41.96070772566926621
56.802060107916659604 42.070628268893209167
57.603192973493221984 42.483422495858150114
58.004718973802312121 43.197702624928638215
57.686568559996125316 44.427657715059652332
58.077207124904347779 45.501925826650015949
59.115945044286910104 46.40321583391713034
59.139323594431928655 47.716159467106948
58.789118104585959657 49.217244349790760793
58.790455693540174309 50.658158728984247432
