56.163512110982537706 37.077525344840786659
53.046316360697090886 37.184040574113311095
49.929120610411644066 37.290555803385814215
46.811924860126197245 37.397071032658324441
43.694613317602879476 37.501609545810914881
41.243942400686542271 37.672789606959959485
43.127616244751976637 38.510762338591959519
46.071540252644375357 39.517308584002002192
49.01546426053681671 40.523854829412009337
51.959388268429215429 41.53040107482205201
54.903312276321635466 42.536947320232087577
56.587403168928538832 43.886454415791412487
54.424364154187671261 44.632938634162492519
51.417908848729517501 43.813190006166472301
48.728648233209788998 43.15497246268201792
49.607240599514668133 44.583700047462350824
51.824291180333389661 46.796722782952755892
53.044996584099592951 49.325351606593109466
51.485085364988130152 51.627921692414361132
49.289286592206366322 53.409343603825824687
47.761736928371718136 54.325662134610922749
45.973928337605904915 51.907149288569179646
44.179198017033478152 49.355887068836892695
42.458823940369988748 46.976577656813525152
42.233408703296746012 48.054440855495393237
42.861762481106282507 51.106690756978110812
43.430458416897820939 53.938706438959904688
42.95863184756792208 52.960748074318118483
41.951118248149214196 50.021319706187028942
40.943245909718250175 47.080577780377389274
39.935373571287264838 44.139835854567756712
38.927645509402296398 41.198510758978244439
38.049948058748732649 39.056282221089361428
37.74603649663932714 39.254121598559990503
37.172708345484686276 40.120506625930964617
36.19877649241249884 43.074838006983448224
35.160693025293952019 46.011862858505324425
34.122609558175412303 48.948887710027207731
33.084526091056865482 51.885912561549098143
31.87141218462822323 54.52337026999153835
29.209584489954988129 54.971214536875066869
27.019294225677484178 53.859981235812803391
24.973187196454357917 51.764018443480367182
22.561507495576897497 49.957845998814200073
21.001385603791025147 47.851621818535235775
20.038607943036868875 46.18490100814853605
19.739499689069010202 43.589232181526085697
20.825746970552579285 40.942432894483822281
23.619705322903381983 39.869731124188717786
26.635712762317606206 39.059864399580703775
29.651385126011341242 38.250034472444546907
30.815429058223067216 37.64354737485233926
27.986710704958927209 37.475538952042207086
24.884570563766938989 37.337557266276554913
21.782430422574950768 37.199575580510888528
18.744379698183976757 36.948261152598064427
17.910950207963335146 35.102191650905133713
18.378314900345863236 32.325937301392301038
19.228770120391374121 29.648133551463825341
20.246041286713634122 27.47512892051677369
21.545297883652335003 27.365173321255159777
24.35932339803636637 28.673125638463268672
27.173348912420383527 29.981077955671377566
29.127678644070702063 30.661844458421331439
27.566466692756428358 28.777868969904883301
25.462827640431594745 26.498169098456514803
23.381415987928246381 24.221619845525129477
23.897517977071132123 22.665821483070743625
26.224743334222765156 20.729006957418462775
28.397759910551574336 20.036964688660479084
30.680625426482723839 21.855541191373628607
31.94894879827192824 20.492766444692446015
32.824285905283772991 17.659501366568676417
33.670353053169527868 17.460831035118506094
34.317911529644433699 20.024076912763533187
35.041673802978827723 23.052675245292835626
35.765436076313243063 26.081273577822155829
36.489198349647629982 29.109871910351468927
37.242960469639136534 31.827138290057838788
38.005720571917883888 30.520931004598974567
38.456924675511949374 27.445886678297434003
38.896927704064474085 24.367671638137618828
39.336930732617013007 21.289456597977807206
39.958226447369668222 18.35025626546570976
42.191835748537044992 17.510058809837769189
45.041554251964711852 18.37596409548782006
47.809447818114250595 19.700421401207300676
50.183679890705420235 21.306724626192156791
52.279944192584238749 23.210839625553678189
52.781023217099772182 25.343957460240563506
54.338103135332872284 26.462275290117631243
55.508564852530618339 27.695853538436850272
53.751674289153406505 29.98524025633923884
51.045869186315847799 31.529079110129238472
48.30436867834422543 33.039319865843573609
45.720044516613207009 34.641110274263994029
46.324891520962118818 35.503739181469718744
49.40140878534858615 35.386656738016348811
52.50235126153438614 35.258893347071541768
55.516300492987632254 35.341664774974788088
