117.12206236920160052 99.334853919802370115
116.86433602475790394 100.76268107442317046
115.75901164495964224 101.79603751447578475
115.41794734828225444 102.92553711588080034
116.17262065484288769 104.2652044765995214
115.96699292037868645 105.52665389369968807
115.27481036938024772 106.90832124160910155
114.63605429285740911 108.34518423624264472
113.5008339400208115 109.41189044942234432
112.62018471027019473 110.63322388006692165
112.01727935848332152 112.02918557103865282
110.97208553119934038 113.09722528900834959
109.88813534248720316 114.05311768987536425
108.71148924300580063 114.94689460007492698
107.54702303484654635 115.70633196648564933
106.4672620963598888 116.3133833329474669
105.06133894756757741 116.45226360844917224
103.49041442200633867 116.67055525942302552
102.31797372127992674 117.65927322540653677
101.15039209597141223 118.19262716516560374
99.781459797656509636 118.17509482504073048
98.52468386572022041 118.54131579597755319
97.439565001733569716 118.58322918889733444
96.422953700984763259 118.56903067530498674
95.36771435562907584 117.8415952108590119
94.327512581357126464 116.58142931896776417
93.142508737565393062 115.99474583651318937
91.703948813435189891 116.48225874454898587
90.148507505491323855 116.53842220235664229
88.547262103852219184 116.50472657347333438
87.375791417871170097 115.99945032843508841
86.318445292873633434 115.3584422350722889
85.456760016960146231 114.11016823287002353
84.166436470481627907 113.16551531750742754
82.754061017089583174 112.40525687396355181
81.738024285934656632 111.2574793553082344
80.856078891444212786 110.09687481810509269
80.230288447634478644 109.15210314444161099
79.735418413253682957 108.31195096587094895
79.272029694191544991 107.42831222493084908
79.00230848746670631 106.14076056371978041
78.735459488298587871 104.65576909911983705
79.294992372187991236 103.2558592681691465
79.442302732787524633 101.92718896999974731
78.520619807729445938 100.6518177137872101
77.645761971846553706 99.261346139732808069
77.2233280453797164 97.867552992659057054
77.295985248019917435 96.737052986289754131
77.351020916673348893 96.217644951782688167
78.942629975404045695 96.074233305554628259
80.552939808797944465 95.933827734733853276
82.160983832323424281 95.790436375672442182
83.47927605327183187 95.261890387912131928
84.323995537113006549 93.979475977618321281
84.658914900165953554 92.694845203689439472
83.998884955766754956 91.338334152394864418
84.144903360184542862 90.040047979372971554
84.464109548576743691 88.623014585017671152
84.161309736673743487 87.029426448066274702
83.873505538576878848 85.434234285205576498
83.722959319068351647 83.885016262774314555
84.706625782967250871 82.975126626244374961
85.989285184543206242 82.029029729406957472
87.316682602575397709 81.203145253641750401
88.66375354662392283 80.536942481503118074
90.239737038703864869 80.770003725632818714
91.495426923729297641 80.691132639395974024
92.074571143505139048 79.371033008201806069
92.822307761898912304 79.071878414857721395
93.678289744944507333 78.898919975218291256
94.699522041144803097 78.990347445151613215
95.384032422606523483 80.342927935369004899
95.715749068314138981 81.908820011586485066
96.036763412178714816 83.481183078495135419
96.357777756043319073 85.053546145403828405
96.67879209990792333 86.625909212312478758
97.008479805155857889 88.19503476662045216
97.626798589973446951 89.571808505943877776
98.700367746777118327 89.640808050550532471
99.934255676436848148 89.519384338391887468
101.47465196304068513 89.473923471607065494
103.07622894912478273 88.993977103063471645
104.63517992526836053 88.633049246692394263
106.17492421185961859 88.547683744967571329
107.56510466830478379 87.836598598295680063
108.92435255307665898 86.977423576590553012
110.28360043784849154 86.11824855488541175
111.64132426433130263 85.261043741398822249
112.17178631435031377 85.312048066443850303
112.33434656771726168 86.161100420421007584
112.03675982366270603 87.552569256468672165
112.99539929816496908 88.015848273358272991
114.2966140355482878 88.189169562405851366
114.71729477548763043 88.914424462571915342
114.61985888835285152 90.066035136324487098
114.76122473758350395 91.294963770468896769
115.87563886258726598 92.247535903786470612
115.98731388490281802 93.613238939424334717
115.61881725559864265 95.212892315864181114
115.67711120507404132 96.733537585717982665
