96.553615167052470269 88.7509002685546875
96.833789637688710172 89.348534848801264729
108.88014225523865264 92.520051214760684388
110.60691995197309723 95.073592688263914852
109.2228641543607921 96.798490664020988561
108.60997153734898291 98.832756100787861442
106.65820473454208184 100.01994627932904791
106.23248917961318227 102.33331356701940251
105.23654119997722489 104.39816449963620926
102.90939345837868757 104.93950835671228106
101.7349661517717152 107.08860887948448237
99.060004380776803146 106.52224081657674049
97.003730048537846642 106.7739543825021542
95.443279381567350583 108.96009505651720417
93.172891606067850034 108.01948388399731016
91.14768218994140625 110.23686453265825946
89.143783517817055895 107.8167952455386569
87.521526744219116267 105.81065073399223309
85.241971619627662449 106.92682286261870672
83.232495697920910516 106.52869080633118415
80.638070280163958614 106.95407697660050417
79.761674174788780078 104.42240731921171459
85.169594707141357048 95.390244710742194911
84.59431781648780202 94.651582448756144572
84.944818468670959533 93.257547743899124271
83.020355069693678729 93.443205646161743516
85.185607867401330395 91.405388998816846424
85.120003373736295771 90.709402326268005368
87.097830494865746687 89.611721467045327927
85.900225576872387023 89.302423757156887518
84.908207072575152097 88.7509002685546875
83.399626519309563832 87.936537527387102386
83.521948783412753414 87.129993909861539692
83.966640989295001418 86.417632485425244226
73.099019962781355275 80.715113866645296525
72.514622927335409486 77.993095480815753717
74.80756773043958674 76.87910758939771938
75.535057562798897379 74.693223679757096534
77.470993418148864862 73.5613888348346876
79.133977853892616849 72.215442717818575602
80.824810864432393487 70.871159774173264623
83.065069904037841297 70.597057859047509965
86.038484959547602671 73.026397130804639346
87.079923784709706069 69.613591420589685299
89.29679323065522567 71.14082111318256807
91.14768218994140625 68.281038862192446004
93.177373591263773278 69.439665998315732054
95.444903311551968272 68.534057606701594523
97.295983066110807158 69.82838425165340368
99.34318566861534805 70.343517380654773774
101.45970689684506283 70.889946671712721127
97.603584337796547743 79.86511390857614856
97.48332740613530234 81.714449828255368402
97.501291409676909439 83.030082600149995642
95.04146470018363857 85.921899028304878243
97.714946142362620662 84.959283157220397698
95.371034783370888022 86.870539710418569257
96.829716394529711465 86.904689848143704012
95.608853417278467646 87.80264093172368689
94.994763639627365137 88.346555305240926259
