52.628683304413698352 31.116968711895758304
51.223968244296372632 33.428988989482292027
51.607820019033972869 35.483883727207398806
49.174592231577342716 35.063159135493421559
46.092162371715382108 34.164924201685899163
43.009732511853421499 33.266689267878426506
39.927302651991453786 32.368454334070911216
37.757773325728813063 32.127687391938671624
39.572155834557023013 33.980482189261117298
42.093215681160081942 35.972607541551134602
44.614275527763126661 37.964732893841151906
47.088824948690266581 39.928771236733297201
46.794735575746329914 40.220866511104219398
43.905196536735154211 38.955672820914578836
43.354543635343247843 39.702194867470389283
45.062339478548658178 42.382997270351104646
46.07653598457512345 44.65112973555477538
44.211097093574231565 45.198838544123603356
41.912544129355865152 43.090604923609610921
39.717625539109661759 40.883623379692004107
39.217931397699516083 41.654121311693785401
40.042256202445109636 44.750116165719056482
39.981064819038266478 47.285854932361004899
37.681480631929915148 48.939393863119882155
35.114429131477322699 49.403448166693358701
32.826499782181947751 49.652732927037035893
31.02551159539345349 48.485499986840387976
30.465942360472801909 45.362962625191087795
30.215985039119569677 42.154403091015907989
30.395839417248843972 38.934745559580548502
30.063645081425512728 37.724689644201355065
28.633718732737449386 40.358982804245094655
27.143222944845561528 43.205395192728254017
25.638287578223295071 46.03210816235793601
23.47395803249006363 47.320955264120641459
21.433341646791575386 45.777635938981390495
20.476893290570046702 43.438902731343993935
22.166045442586511882 40.879711760793718156
24.046372989705574241 38.290244240446462243
26.027642388308436239 35.778857627856631041
28.271059281809527874 33.470248298099505746
29.132252702949021028 32.071875704331070267
29.26611549980495397 31.372587615624706103
27.311171419518256442 31.729740515219987174
24.236139825512186263 32.664031503749050955
21.16110823150612319 33.598322492278086315
18.086076637500060116 34.532613480807128781
15.223019036455569974 35.393915056194963142
16.201678331379405051 34.932390855770627525
19.19034984191536708 33.778755278971999587
22.18026825829229054 32.624690352684289962
25.025398448883795055 31.499518889238537156
24.187498034551889958 31.109320917952675956
20.992572590786107156 31.189483120887334877
17.805731005102103381 31.176708273060064869
14.749293696997568759 30.325893705874840123
12.875345780773429283 28.56880328719130091
13.21517408951226713 25.82748491255807366
13.793528440801303248 23.569553126514435348
16.72327834494462806 23.990848023330546113
19.863846271797005016 24.659429787264627976
22.410320238669747539 25.064610967427409349
20.854183085683029475 23.650837172867717584
18.255579172732030457 21.774869901124425553
15.718238219354057961 19.900168261212353826
16.374025766579435981 18.309212227290245778
17.978483032885357318 16.275209210482387334
20.464205038189120955 16.522761939968830802
21.091836589316674377 14.598798572191908463
22.535137844042225197 12.515440077550021414
25.061186929611260155 12.210680781533818973
27.01025160875059683 14.663566353171072265
28.843893717239438956 17.31950222710477405
30.457341094586634966 19.835670114544139864
30.935989332477003444 18.464851923393052147
30.889754976330301872 15.248320572933673489
30.848537230474519788 12.070470436091857991
31.204991193938678151 11.930247370742486979
31.979236528559169983 14.981336006772805192
32.760615491855261894 17.52100048959940537
33.542893305513295843 15.649746034144959239
34.325885626078346036 12.533376698971656182
35.847783553543131063 10.084714001176207532
38.329524732632549444 10.57282819221709147
38.215429514675321343 13.36944173992377749
37.309167822047548668 16.440526491916724439
36.402906129419761783 19.511611243909673163
35.496644436792003319 22.582695995902614783
34.957432452977826642 25.180656526581024934
36.539608031037346336 23.877355174855416919
38.498017601727909209 21.333013802080952104
40.45636830967574582 18.788582137595106758
42.414719017623582431 16.244150473109261412
44.373740790194744932 13.714122586368809209
45.643882293334677058 14.28352130387696306
47.636593333859359234 16.190316834430994675
47.85722423242604151 18.484093598881319309
49.934463853317453186 19.261268418847812711
50.350623178485861331 21.105826146325330939
51.347114005054429242 23.381356869116160624
