58.424071862609103789 48.560882568359375
58.594684412410650509 50.665517124450417441
56.302917508363876209 52.330033587155291741
58.029687582743164853 54.883575013890613548
56.645631785097002364 56.608469168048884512
56.03273916870276139 58.642738414113601664
54.080976263493880651 59.829932290472399359
53.655249112879793927 62.143295951784871534
52.659312753940348273 64.208142894608045026
50.332161096263575928 64.749490657443502073
49.157737411612572487 66.898598920699214432
46.482764729193227993 66.33223059499883334
44.426501384740994638 66.583929091140518608
42.866050784169821952 68.770084996610989947
40.595663084721209657 67.829473810590371841
38.570453643798828125 70.046846832462946963
36.566547622215686886 67.626785204160242415
34.944291304176530844 65.620640819525476672
32.664739511742723721 66.73679761521887599
30.655270804042494603 66.338680663210524813
29.490388351738555883 64.288023355614171805
30.369691133936321137 59.848272486284486149
30.32291505489990513 57.720708151912944572
29.747638092360425333 56.504987406856642451
30.098138784619102637 54.716383350451721412
28.173677041355162487 54.563474480607446537
30.338928180263689427 52.225796867062385331
30.273323516820688894 51.256787974293132493
32.148802172071384575 49.925848895362314295
25.931753880134159829 49.889267541095613012
18.631981028873983774 48.560882568359375
17.232962210091663735 46.318222643640062586
17.68277040688548496 44.121072702943934019
18.669285121426913321 42.094600771092459013
20.52178762685914748 40.525099925181322646
19.93739049422566012 37.803077905795575475
22.230333424816379306 36.689093755424153187
22.957825020117383019 34.503209996214650346
24.893759038833408681 33.371375049395787471
26.556745398443730721 32.025428901057985343
28.247582264957532772 30.681145919466629834
30.487845165816921167 30.40704588391480101
33.060656286243371937 31.603469174872859782
34.255880769729266433 28.262387447092173431
36.683794352171041453 30.610494261100708258
38.570457555063647703 29.530138593637772715
40.460408682408818493 30.57920760461935572
42.654681277219680169 29.346115130224092127
44.569210753571560701 30.098617404588974722
46.765945622923837277 30.153505377814237676
48.882478402243108917 30.699932815971664013
51.229743861795583371 31.136861393087368555
52.736398537907966499 32.828009821703567184
54.234644246015214719 34.456783386776393741
53.092264253032439569 38.010173877037438217
56.905910240549332002 37.974901139359751312
55.512399470313809502 41.017843427040276083
57.721302735446130328 42.33839433887095538
57.042263608017826471 44.634582308771619807
56.755658389542887221 46.649541207881085825
