60.752933099181369414 57.251499176025390625
60.923549463680181759 59.356133732116433066
58.631778760365605763 61.020650122231387513
60.358552659834714404 63.574187727387396762
58.974493028429854746 65.2990857605303745
58.361604233493338256 67.333351183663211259
56.40983755462539051 68.520548823044038045
55.984118032666536635 70.833908684980514181
54.988177805209879523 72.898759502274060651
52.661029964432174211 73.440103448812550369
51.486598577169829127 75.589211754668497178
48.811633469357886383 75.022843443978302957
46.755362861191628099 75.274549435562562394
45.194915861066824903 77.460697784132463539
42.924528123592772033 76.520086604862200375
40.899318695068359375 78.737459625431696963
38.895412689924228289 76.317397998856804975
37.273156454712918162 74.311253633594049006
34.993604513195258221 75.427418021395624237
32.984132164792619335 75.029293511466818245
30.389706869469229389 75.454679747368857079
29.513305132692202903 72.923002539001004152
30.322915120314199555 68.997788746700877027
29.747638035889295338 67.292520150535622747
30.098138801422429367 65.099016582808019393
28.173676548630545824 64.598656580065224375
30.338928199978258959 61.953290197474814249
30.273323549120128462 60.704095660370398946
32.25115060553535784 59.089724973073870729
31.053545750467925757 58.286332042495409667
30.061527385075152097 57.251502969188436509
28.552946605659379031 55.953846960547430456
28.675268794186262511 54.65320013283776035
29.119961026429805884 53.424156465235569158
30.222242373536175819 52.497763726496906145
28.68744368302408887 50.200974094575386175
24.559200389941800324 45.379710354133692363
25.286688216646126648 43.193822730756465944
27.222624090102939931 42.061991657061803096
28.88560855477843603 40.716041685007581918
30.576447316227064022 39.371762527132645459
32.81670641824693746 39.097660577171858165
35.239977608906080775 39.833838731826588742
36.371744172626833347 35.950932758560007585
38.872915661594667824 37.971555350661546413
40.899318695068359375 36.781637769663149129
42.929010084842943229 37.940268719269980124
45.196539842609382731 37.034660334381250379
47.047615768617113474 38.328986977745302056
49.09481450737635555 38.844120086361996869
51.211339549544369731 39.390549372097041214
53.558612780241531937 39.82747422418444927
55.065263589177497749 41.518626429369582809
56.563513101796679905 43.1473961684331897
55.421125624697971546 46.700790670643435476
59.234775291818863252 46.665517747025766937
57.841260752788883792 49.708460137805701606
60.05016777906995884 51.029007108308640284
59.371124897057882208 53.325195348582063559
59.084523474810055177 55.340154324315534495
