54.595504357726291289 33.737659454345703125
45.537898832190585097 34.8723652378123532
52.474350003481063709 37.506810473141619866
54.201120103682370654 40.060348005707709262
52.817064280214189864 41.785246054035212637
42.346334016141945256 38.128086111125746527
46.714181781463160803 42.436041766261553221
49.826685448193927641 47.320072809450934415
48.830745249057535773 49.384919780594380256
46.503597408279830461 49.926263727132862869
38.303436279710922463 39.906441753100828862
42.654200874449912817 51.508999924856468056
40.597930305039284349 51.760709713882874894
36.896549365061474646 43.874550465022068124
36.767095567440428283 53.006246883182512875
34.741886138916015625 55.223619903752009463
32.737980133771884539 52.803558277177117475
31.11572399782746956 50.797410118316918215
28.836173787731080864 51.91357827480744902
29.962430299984802673 44.472492646001413164
24.232276209387755728 51.940836204480675065
23.355872576539859153 49.409162817321309547
31.222416867309629396 37.646428377446838454
30.286448727355967492 37.749352993503904941
18.659685136652491622 45.422060419189804747
17.248821785448111399 43.837280313436224333
16.80990791981576038 41.721490183905949323
26.017614860851256964 36.572347479955709559
17.430084755897759408 37.417396273785037408
15.904994771541602461 35.717495909471317361
14.803414477665487681 33.737659454345703125
14.759089091115903614 31.637381012644063105
22.649418623327555622 31.167323460623716613
14.840717616544100821 27.271377657078783585
30.206058448131344107 31.718177096793073844
16.10882298934284762 22.979854791781900047
22.920782210788178901 25.149123323085383674
19.129257563077462834 19.679984921717430524
21.06519348528893687 18.548149988424977863
22.728175978719981742 17.202203885139155659
24.419016740276617838 15.857920856042472479
26.65927575697327967 15.583819907369829139
31.668488144713613508 24.278710676559910553
30.214311616474486044 12.437093036880320085
33.229635543126654795 19.349530823900984444
34.741886138916015625 25.802157026254949557
36.771577531577548825 14.426428044219402835
39.039111223147529017 13.520820638632031319
40.890183215371038727 14.815145349661282381
42.937381948577197477 15.33027940982955073
45.053910871589984311 15.876707779730857339
47.401180293804436872 16.313636460504486791
48.907830977509092918 18.004784750354367873
50.40608059677755648 19.633558410891332358
35.546224327791037467 33.153274142166146987
38.35046412041960906 31.654250005342042584
36.430509653058912534 32.985834951268046211
53.892735230563317828 27.515171224857283505
53.213696168040605983 29.811353778068962583
52.927090901658885969 31.826316348251630473
