15.730901315123754003 8.1211395263671875
15.891200833449509844 8.7416002831745593937
27.720371263800270611 11.890289640571023
29.447145193326626611 14.443828064818191592
28.063087458314775802 16.168726126056697012
27.450196753172360076 18.202995365360891356
20.776750371154168562 15.959689177646811942
25.072704800257699986 21.703550986717630167
24.076766464220163755 23.768399902668718937
21.74961867839414964 24.309743799617617555
12.529278782428955097 12.522917796572251348
11.36634779354772995 11.217164068678995292
15.843953512553422769 26.144191683695947148
14.283506495828808269 28.330336224401982292
12.013119669725622174 27.389726958303494797
9.9879093170166015625 17.999985183903376651
7.9847963200364668879 27.179487158901050492
6.3617471262946025945 25.18089208713711713
4.0821951102350082508 26.297060270992801634
6.4745376775324245955 16.012300921660390429
-0.52170222863141013647 26.324322034415096994
-1.3981035448258296583 23.792642878646624638
-3.0717874963463085436 22.625401865018652359
-0.35129265772015116909 17.430598807626594748
-6.0942921610848621583 19.805540492586594326
-9.1589219249977666948 19.175568048645310171
-7.9440708035789420194 16.104970269074264877
3.8692121693316918751 10.109225110151372817
-7.3238929926142475324 11.800875519447636464
-8.8489830087313983142 10.100976890456536239
-5.1707991224932055019 8.1211395263671875
-11.349582109478006942 5.8784785793506699747
-10.899774823829119441 3.6813256122369404366
3.4464185800620876776 5.9956804448001719265
4.9188236866327219587 5.8642365612045699308
-3.2687242777667080418 0.46741816865444274498
-6.3522094598565743695 -3.7506507330425105096
-5.6247197464285942914 -5.9365349943003629107
-3.6887850362157177386 -7.0683689582591604506
-2.025800127602341405 -8.4143150893985172445
-0.33496181383840095691 -9.7585980871007933501
1.9052996487753599553 -10.03269906624237251
4.3285682308543247387 -9.2965209178316179361
5.4603347945750719816 -13.17942689109819554
9.1568369093540180614 0.21401169678127196505
9.9879093170166015625 -12.348720926320734037
12.017601635884979316 -11.190091886646058583
14.285130464557623142 -12.095699315276952746
16.136206390565355662 -10.801372671912904622
13.711134155637591192 -0.24135904262969987144
20.299934062575726301 -9.7398111871340908863
13.127251418818421058 3.8002042655191505816
13.26744747962915838 4.4788454861414628283
25.652099868099760727 -5.9829616193536327984
24.509716316373712175 -2.4295703135545601015
28.323367849057508039 -2.4648418542358694339
17.951642835377384699 4.5754566701622385594
29.138760317015734103 1.89865118075698458
28.459717421756057121 4.1948356772886512545
28.17311407126006273 6.2097972930810083625
