43.128139092833713164 21.591014862060546875
30.66029148382062175 22.367291716983768168
41.006980931605951923 25.360165844561507242
35.19748851265656242 25.465022533363914192
41.349699011941318361 29.638601469342315653
40.736806402830566753 31.672870701054250731
36.561414591303318389 31.244509643313513436
38.359316355854247149 35.173428231325914339
37.36337611387836688 37.238275238362078312
35.036228327125812143 37.779622950681414295
29.588214547527314835 32.526658311612401064
30.137013843921639733 37.004429878351224659
29.130563132798073411 39.614065121597718644
27.570118100305812447 41.800213457353876834
25.299728407597189772 40.859606104291543716
23.274518966674804688 25.957956756779353213
23.075536655478085635 23.484212769586235936
23.220375258219778658 21.845740587495139806
17.368804784801703534 39.766933707430780487
15.359335232980036778 39.368809168810557253
12.764907141075676478 39.794195433404006224
16.611413357844160288 30.761995563214568961
10.214821918070443374 36.095277203572706526
8.1592600678067697118 35.200856772717827425
7.1923174885733409667 33.275415828279953701
4.1276877246604364302 32.645443384338669546
8.9518461276376530833 27.967879569099277859
4.5267124411382262394 27.68254646732396651
5.9627168719586727264 25.27075169823831402
4.4376266356756062237 23.570853129862442188
11.352563990910114811 21.591014862060546875
1.9370275329676402976 19.348354937341230908
14.272012453426828671 19.677472696050479328
14.874474748525933876 18.861677502833600784
5.2258529454247977242 13.555231274889333548
4.6414552999369647068 10.833211223020361658
6.9344001875625096432 9.7192250825698884853
11.731684997070194854 11.197801519285903282
9.5978243617093870199 6.4015073430969611223
11.260809753946187328 5.0555612047122089336
15.648847404060667543 8.3829653423556713676
15.19190953784775111 3.437177222682027633
22.398791626278388378 18.895806405838165176
21.913112484726564588 15.186103159584078526
21.248115935102919849 2.3110716325432605345
23.274518966674804688 1.1211541709540462364
25.304210354645050529 2.2797850011619367194
27.571742095526310834 1.3741779434861172149
29.422816040223558787 2.6685026637804547534
31.470012862391307351 3.1836367219562795583
33.586545677103217145 3.7300651354431550999
28.393410019675485501 14.545469156730350235
37.440461891778475945 5.8581420598886708717
38.938711496713771965 7.4869147495418708615
37.796324102987441051 11.040305559955404746
41.609977522913993653 11.005034477044462804
40.216466703361867019 14.047974773408700599
32.492714635750964192 18.595842549294399504
41.746327071414256693 17.664711012982010629
41.459721806856876469 19.679673518581061842
