34.361278130919650664 25.493711471557617188
34.62744122178750672 26.103280300914050827
46.560237876121661316 29.262860753759277088
48.287011848616259613 31.816398050013003029
46.902952181557473921 33.541296180950993744
45.577012539582526074 35.163890920125140838
36.608476403803365429 31.146720027098744765
42.559126364533305775 37.857479766540457433
42.916629282170021042 41.140969945495577065
40.589481500779577061 41.682317652956527354
39.415057864169440904 43.831425888544956138
36.495765196248378004 42.716305769244215185
34.683818243388387259 43.516763628886380388
33.123371226663770983 45.70290816959241198
29.3421059734982137 30.387262649589942498
28.8277740478515625 46.979673828312556338
26.823868034487926337 44.55961220087375807
25.201611857129563532 42.553464032327546818
25.751232002630132456 34.962333946199699142
20.91259126547805991 43.271503869911342122
18.379065733802761429 43.591402290332339931
17.441760456952287939 41.165216721158600421
24.050871989142279972 30.79899733011355778
16.749814267398036804 36.36875300151699264
12.745572099413386979 37.178110539375488486
9.6809422293443709862 36.548137913878413485
16.484733591499825422 30.989186572043401213
10.07996705418701211 31.585241196276523823
11.515970811608109869 29.173446638279170173
9.9908807742323588741 27.473547937185614387
8.8893004792524017432 25.493711471557617188
21.936087219626898559 24.769365817688878906
9.9042641846197412292 21.471395159457841828
8.9266045675919514224 19.027429687258141655
16.071397755998596324 19.814206313965023298
10.194709957830383473 14.735905832410866267
12.487654794753531462 13.621920734467996894
13.215144520721171517 11.436035982609018546
15.15107848805912738 10.304202999957611908
16.814063877702480454 8.9582568632567003419
18.504902682343342235 7.6139738612926990413
20.74516556419331792 7.3398724054545176898
23.168432926248421211 8.0760496083627728581
24.300199516796688215 4.1931455327602158434
27.883402191077689025 16.508599883512179218
28.8277740478515625 5.0238495883582210411
30.857465439069621027 6.182480538116760016
33.12499519863388997 5.2768731074395951453
34.976071123580020128 6.5711978434742768229
37.023266020359542949 7.0863318938805974767
30.888961491994169961 21.92363048510796375
31.774944060853545835 21.437278231358178004
42.993714976191725441 9.7608376352019146083
44.491964573368107949 11.389609343767881811
43.349581070451179698 14.943001186789269141
47.163230620403780335 14.907729046971020637
45.769719925916234615 17.95067053867240503
47.978626956680372473 19.271223249714903858
47.299584055340943678 21.567407600843878868
47.012978793595621596 23.582370111079328012
