52.699569299132541289 29.652742385864257813
52.870185666579175177 31.757373099211445577
50.578414981182277188 33.421895141254445605
52.3051850579996227 35.975428990141644192
37.085687624931196638 31.540394004467096067
37.4844031490888554 32.330753381895931398
48.356473737564499515 40.921793963646635461
42.430025649553805067 38.282276730709142498
46.934810140410931467 45.300004664529367915
44.607658534176813703 45.841344751892734166
38.727408923658330764 39.839730581093149908
40.758262146338864795 47.42408851378262824
38.701995275859090384 47.675794543193021013
37.141548259134474108 49.861939083899052605
34.871160502647697399 48.921327908003974017
32.845951080322265625 51.138708557316462588
30.842045083397646721 48.71863930221094563
30.134747425359858397 42.407963760352679117
30.566705457659725909 36.667541737930974932
24.930768259693540045 47.430538581882927929
22.33634127706147865 47.855924930945690221
21.459939414559155324 45.324243833691369332
19.786255890763932541 44.157006591233198378
25.544759003816064791 36.226762310169718262
30.005977640532620399 31.716103017691153809
28.137981773383707207 32.37088750481709809
30.049871432929897708 30.897637603561296515
14.098145039023435743 35.744272106555719404
26.244688605554632232 31.055883343511926142
17.34110145670891967 31.282366775634020684
12.907479419071737681 29.652742385864257813
11.508460615472603905 27.41008040933797929
11.958267922209227407 25.212926427676539021
12.944782557950350821 23.186460588597338273
23.24977106793472359 25.380244501506044941
14.479482861725092135 19.0488549593724521
16.505832784152179471 17.780951644296401071
17.233322504483712834 15.595067853235985211
21.421966841680649907 16.965121213163943281
20.832242854873278759 13.117286796751603362
22.523081681682867838 11.773003787561027167
24.763342595528754941 11.498902843429455345
28.790270437406856985 17.170637445304031132
30.970094868188322579 20.827527265742329377
30.819548043805685467 10.37279760714591248
32.845951080322265625 18.425612073862367879
34.875642472983798825 10.341510975737957523
37.143172227863288981 9.435903544220117567
38.994248156777288727 10.730228281179837069
34.519581049427664254 25.893709244145000525
35.101503092630863989 25.746012470173582187
45.505241228603757975 12.228719252592529898
47.011895918915342918 13.919867681872920784
48.510141631405424789 15.548641240143437514
47.367761782525860781 19.102031915155929909
51.181407677072769502 19.066760956864634124
49.787897009936642689 22.109699661412921756
51.996800171969567828 23.430254156375838193
51.317761109446855983 25.726436709587517271
51.031159654189096386 27.741399245772559112
