28.045590951354220977 4.356647491455078125
12.350318723189666059 4.79370713727889175
10.502193496825896091 4.8477003191690970496
27.651206699407818945 10.67933603636158324
26.267150875948104272 12.404235040088781972
15.896878727455638014 8.8050776213881949417
23.70249157846116006 15.625697157247323332
21.761547583801814199 16.57474772231927318
22.280829907542170076 20.003907842730185962
19.953680186254047157 20.545251764937141559
18.779256590867632326 22.694361884190353607
11.304195868265455971 11.346818960322579528
14.048015974406450113 22.379699648783837773
12.487568957681835613 24.565844189489872917
10.217182131578649518 23.625234923391385422
8.1919717788696289063 25.842611755558646536
6.1880653164391983267 23.422546316341371408
4.5658100066080331558 21.416400039816647194
2.2862575720880355945 22.532568236080692259
0.27678789587821928109 22.134441799736787715
-2.3176397571091982286 22.559829999708501447
4.0652116909301350134 10.036646165293699795
3.424777373357063226 9.6511529830440707656
-6.9232866556402559155 17.966487480904383744
-7.8902296992318348146 16.041048457674484951
-10.954859952551665003 15.41107599196172373
5.0229706720474824877 5.7675779010909087319
4.8867402407335323034 5.4305819275493414366
-3.0803141081471636653 6.7526457010645106749
-10.644921500000766201 6.3364848607956218984
-11.746499882380899038 4.356647491455078125
-13.145520602057366943 2.1139865516511169297
-12.695712359923998491 -0.083166581341113321457
-2.78744130117748945 0.78921944458265747002
-9.8566942445355394398 -3.6791365677127174649
-10.441092342445330132 -6.4011571398149484935
-8.1481469980035470257 -7.5151427679546198846
-7.4206572845755669476 -9.7010270292124722857
-5.4847228052536394216 -10.832861953623494244
-3.8217376557962605688 -12.178808085216260793
-2.1308993557796984675 -13.523089160770936701
0.1093621981224224271 -13.797190148287082678
2.5326306927073520825 -13.061012952743727311
3.6643977737878641321 -16.943918934623649619
6.165568279991472167 -14.923297288784709735
8.1919717788696289063 -16.113213914907159818
8.6221576244586479731 0.2637092584482703117
9.3767557520251152425 -1.2173205506870932169
14.340268852418383005 -14.565864706825013997
16.387464714966981205 -14.050730651296003515
18.503997513305979083 -13.504302248047476809
20.851262928802860586 -13.067375606959021894
22.35791563295997264 -11.376227240294285892
14.129800106393432202 -0.98979731306613327746
22.713779698127730455 -6.1940623949516684377
26.527429343265332307 -6.2293339133462612978
25.13391858624549613 -3.1863930193134519797
27.34282182409552675 -1.8658410959558215936
26.663780836674298769 0.43034349049933062759
17.278966195964244434 3.4015659167625709181
