48.891637111964868723 43.633701192336644681
52.370931578196490364 44.094090001481553998
55.850226044428097794 44.554478810626463314
59.329520510659712329 45.014867619771372631
62.187361603468211513 45.633975034083704259
61.467714927376036371 47.597450340809650982
61.808252590365484025 50.435592943125691079
60.20425189349846562 53.363800502510429169
58.333625903054148409 56.102984654467796588
56.212556051644902766 58.496824775038959388
53.683850233271471097 60.369386064011123949
50.980771026823845204 61.348545081530836853
48.089245301950271028 62.541078055144431858
46.695017380361413473 61.316584549894947997
45.697947512119078795 57.961144920784398948
44.701194030181461869 54.605800702145351977
43.957432349178134245 53.602662837645056015
43.676258906667797532 56.900466702936000729
43.416624768606602913 60.39853353565082017
43.163469267682948782 63.409921119928768007
43.049162028812197889 62.388864627762309567
43.002033728144084535 58.879530456543150763
42.954914558086855436 55.369895202527573019
42.907795388029640549 51.860259948512016592
42.860689908683959004 48.350623229362405198
42.852792133754455506 45.121510928480830671
41.982680434331356878 46.408497395384983975
40.517904918277636739 49.610266347814899746
39.043417752837569878 52.800946753667247435
37.56893058739745328 55.991627159519595125
36.092709365309112002 59.180057902567817507
33.961612046519533692 61.209065706773124305
33.487341787749492994 59.596218162240695904
34.930663766514584267 56.395688649464005948
36.339587046188803754 53.244205770771905861
35.591667653844304198 53.011311113651906624
32.965666833922298906 55.319791590097231904
30.270444043136357948 57.323627543584329658
27.644934190928736939 56.125114543016294988
26.02451269537858991 53.851085250075819033
24.952840163581239352 51.854266012819600462
24.936530867018085189 48.746476394950356337
27.339820528622851725 46.710542319698731717
30.723290478719970764 45.816377838001159262
34.121918208094996317 44.942448805914700927
37.010670346567408728 44.009770079606198578
35.076964435417181676 43.122095751690046939
31.595166499369419455 42.609132347517025607
28.112895493511043554 42.099435987276599747
24.630624487652664101 41.589739627036173886
23.290071943331280835 40.538230351495812442
23.892148439460282106 37.778163135123485006
26.357301113440282592 37.399981458136572599
29.709706420487027145 37.84595748466995957
29.408929028599931854 36.692348184923872623
26.699284442219340718 34.483990482259883947
25.762063469894197709 33.410495841564980424
28.088566043438664366 34.546194879959983837
31.194877240727997503 36.162952192678275765
34.301188438017312876 37.779709505396553482
37.143368186846196011 39.052177997460567838
36.551233821890527054 37.12688235248415225
34.361370640678899235 34.389989889083715013
32.1660032928758568 31.656705375465215013
30.177425803550782746 28.943822432583285575
31.71369733990104578 26.955804999928513865
33.947601031226014356 27.048801757587629169
36.141823243019679524 29.794627759554511925
37.857462604927803795 31.405026348819891524
37.710208668003929233 28.50400930441406544
37.755199880945347957 25.025856043396824901
38.823687340962457881 23.868848424047765633
39.49165993374538175 26.012934026392827036
40.311031815697006664 29.428423615360795651
41.130403697648617367 32.843913204328792688
41.949775579600235176 36.259402793296764855
42.8244960106271364 38.061342920364147346
43.494630890817269631 35.058355805672334782
44.009407694036077885 31.571240769812202842
44.524184497254907455 28.08412573395206735
45.250927787005146286 24.76148320112826795
47.045603994357975353 24.109456250193257887
46.809141301010399161 27.280701889315110975
46.321800141671815254 30.769994438457096919
45.886226809243900959 34.10073703730225958
46.761951020972396975 33.415352770147180195
48.425285742127222477 30.317744259190799738
50.089624944421110797 27.217476836485463565
52.234283847976982429 25.626650010338899222
54.937415991930436121 27.302063914346767604
57.362424564487881185 29.40677729935429241
58.074401054542988732 31.780015156353940142
60.016234298680267045 32.899749998801432582
60.618497366201907539 34.815254961175412518
61.637109638444002258 37.336894476706390833
60.412362844717904409 39.651320752820815585
57.068676029340473121 40.515410347186538331
53.655458204912427789 41.300346556973288159
50.242240380484396667 42.085282766760052198
46.997765027900634038 42.866532945682337186
