41.999347283751681914 21.411993026733398438
30.642755322675974128 22.305066354393900951
39.878192885496787312 25.181142345229996948
34.989106864768857008 25.585059597004267573
40.220907202859287111 29.459579634015167215
39.608014593748535503 31.493848865727102293
37.656247859671623246 32.681040855629902353
37.230520720735391649 34.994404501243977279
36.234584354849197041 37.059251450618496904
29.197416453522407664 31.11781112149688866
32.733013062279184169 39.749703524511566854
30.058038184853757002 39.183335357209614358
22.773245973344653947 23.343296063624066505
22.901470328857662651 24.967484118888229716
22.409179377846218273 23.918562284553701147
22.145727157592773438 42.897955383488337588
20.141821144229137275 40.47789375604953932
18.519564966870774469 38.471745587503328068
17.638292171553167975 35.284450799149333022
14.230543443025618799 39.189785434650929119
15.785983253686627137 32.427389351295119013
10.759714500738464693 37.083498262072822627
9.0860301318739971066 35.916253481503204625
7.0304687230828886157 35.021833016182704057
6.0635256849925376343 33.096392093175964533
2.9988959155784051802 32.466421549011521108
4.2137475123710501634 29.39582376615376802
3.397920640111081525 27.503522749438584327
4.8339253447450758472 25.09172815997809991
3.3088350753765638501 23.391829485797405397
11.352859629948200748 21.411993026733398438
0.80823597691881943206 19.169331055616538606
14.14553527438171443 19.711497594408491807
15.002632444868293504 19.091060723151642264
4.0970616079100565798 13.376208497724183744
3.5126635534424863749 10.654187371939755735
5.8056083829587166178 9.5402022874046590317
11.450611511659472441 11.782066180309739067
8.4690325682589673306 6.2224840631835700577
10.132017959793737205 4.8765379280266145656
12.558161631987010409 4.8058387975949727888
16.606192332444550175 8.9699931577663019056
16.486386911039957681 3.9943309506664554931
17.618152630844569728 0.11142684860200091634
21.776800547249550277 17.901889442062522306
22.145727157592773438 16.690113645517644869
24.175418550254306638 2.1007616166070981478
26.442948306754448851 1.1951544238523155173
28.294024233684513803 2.4894791603495178833
30.341219129439053859 3.0046132103431908433
32.457753848693442933 3.5510418584456537872
34.805019326606554841 3.9879704526768584572
28.139497525795359678 14.755236776983991831
37.809915729720110278 7.3078908478104356305
36.667536019994365404 10.861282648995054245
40.481185665435397425 10.826010650543370417
39.087674920054681138 13.868952042298491989
32.555306180496785373 18.029714747608544201
40.617539067832083788 17.485689134384458043
40.33093382589762399 19.500649903640510985
