39.017486885587764789 20.606027616559963178
37.648251720884083227 23.062671427163810023
37.804423807485406428 25.240565800485200043
35.141823470581321942 25.848658889906971581
35.839817497410820124 28.025911811780478189
35.190160174009236016 30.43560138820616956
33.541525965108846208 33.081491961663779477
31.845570939888631301 33.171336509372643775
29.445133243698798253 30.749447895982285672
27.043910588228783354 28.322443519006366586
24.644667735923739826 25.900822414144982986
23.29091399807402496 25.72484639179500121
24.245584848504162068 28.85066474992485297
25.429608502540425263 32.063401099574775799
26.590845431930706155 35.230522137298514451
26.219847755580396154 35.330359018533876281
24.387185269211308025 32.504180982033943792
23.067418018863389051 31.218769335293277578
23.194133869969249417 34.233300038535553256
23.422141907573426067 37.590941367344413493
21.952844019556838617 38.794295495768430726
19.560984018208745994 39.061883597317809347
18.275859697848069629 37.523989192566737927
16.41427691918840992 35.924810965314023292
13.278762384540780062 36.946334513587537174
10.064769277706302475 36.816512851906239234
7.8538779428345950606 35.195872222181542099
6.7942817923392935242 32.56657756390545444
7.8221304128861639526 29.732996972716520645
5.7864779401497861144 29.811823852518308797
2.7654845669725851565 30.351322223937749811
1.6861752059516170732 28.582366526228859982
2.3297797854769455306 26.596056371706698229
5.2906015846533476221 24.930585781357624597
8.3060290272827028701 23.312980226450228827
11.345921751640696939 21.746460218697031053
14.555236551969557013 20.533707624986647033
17.085134397704241138 19.505996212977560589
14.764355173845340019 18.954266544148190121
11.384578669858480993 18.518911304390034189
8.0106367006065291037 18.092931206871682548
4.6366947313545816556 17.666951109353341565
1.2627527621026306548 17.240971011835000581
-0.61060181430902105149 16.936406975321201429
1.4158456016032536784 16.854149695014911003
4.842866254152865757 16.886567332550612264
8.0262541771530386825 16.86665917865477482
6.9711491728446066674 15.936436153236638091
3.8406874245433462178 14.560482029484369093
0.78486655628277623986 13.173428970767300683
0.83869341625459270517 11.313514345119806137
2.0702257144988678306 8.8676355428081343746
3.9365968331898244514 7.8336383394730910723
6.9104384704325330091 9.410254600432750749
9.8309637014491357832 11.023248128681268909
10.140814261529111917 10.290347946035083737
8.1844776234221896516 7.521102769843817093
6.3537388519446906798 4.7536581030151259242
7.7190281395398656628 2.7409781839236941892
10.072795261197276417 2.3334726949463293622
12.510434666074903731 4.727559825331935528
14.534514458130287196 7.4689530778626087582
16.136618809781261064 9.6957744741060292171
16.08090148962855892 7.4319566714826423848
15.616214924325728219 4.0603397885130503298
15.151528359022893966 0.68872290554345927394
15.52805000222819487 -0.58178346919981649421
17.501538440553563447 0.4137690737754547432
19.203858472727574735 2.6713918005515187026
20.782078438985884361 0.84324705180976022856
21.239721655841723447 2.2173357208853183842
21.148470262813361842 5.636965782703896366
21.062440201035968812 9.031731032145284388
21.611499361231192751 9.41189787220954166
22.892188876992506152 6.3192114031105752758
24.186760124381631698 3.1606320726044607738
25.806624392302634163 0.64459082464578920657
28.716256652196413768 1.4321250920670820506
30.844701750315429933 2.7494043877003591092
29.743055865107450586 4.8232650533088552436
27.807126532937868291 7.6345547264936861609
25.871197200768264679 10.445844399678515302
23.935267868598685936 13.257134072863346219
22.124526832158249334 16.086342794138477785
20.819360651748194613 17.948715858068982953
23.141803372474509359 16.735930914474437259
26.096550450462103754 15.04961318034655271
29.051297528449694596 13.363295446218666385
32.006044606437278333 11.676977712090783612
34.960791684424883385 9.9906599779628972868
36.613843100410612408 9.0941416082552564149
34.450581324750636725 10.543500192594006393
31.584796308549424992 12.416280410950225388
28.71901129234821326 14.289060629306444383
26.846306846918469802 15.722131256212568573
29.431786684253221864 15.18123678171641977
32.73805080682533486 14.321198248909723816
36.04411869616757258 13.461353414858464816
37.994730465701479716 13.94842362706549288
37.855347434636790638 17.082954199935414863
