113.58085210552903277 94.69724273681640625
113.75146847297565955 96.801873450163597568
111.45969395201599639 98.466393683022403138
113.18647164875044098 101.0199351565256336
111.80241588150718712 102.74484069346725335
111.18952323412632666 104.77909856904958019
109.23775658150816525 105.9662961702681514
108.81203313935614574 108.27966378422182459
107.81608484479126275 110.34451497777486395
105.48894515515603132 110.88585082497399981
104.31451765453249436 113.03495908915624568
101.63954869976389261 112.46859080221146598
99.583281745315190392 112.72029685076387295
98.022831078344694333 114.90643752477892292
95.752443327641131532 113.96583397904740309
93.72723388671875 116.18320700091997821
91.723335181716478814 113.7631453397393102
90.101071745630207488 111.75699340078762134
87.821523316405006199 112.87316533088042547
85.812047318187779865 112.47504086992276484
83.217622145297923453 112.90042717145749407
82.341225871566123828 110.36874978747343334
80.667542346595723757 109.20151633012608272
78.611979856888851259 108.30709238866968747
77.645036680156295006 106.3816474902117335
74.580407049366755246 105.75167145503783672
75.795257490232728514 102.68108472015201471
74.979424011792374927 100.78877812129235281
76.415434401561483924 98.376979511619921936
85.900225488769336835 95.51989118062455475
84.908207072575152097 94.69724273681640625
83.399626146797700699 93.611780634590445516
83.521948283981018335 92.528052289777122041
83.966640787328856277 91.525833180254451804
85.068921994386130336 90.842311147923922476
83.534124010167573715 88.812240076524545884
84.686901160032519442 88.129061904561069696
84.096947349285301243 86.026086380442265522
80.050545031557589937 79.507739007556338606
81.713529471045532659 78.161792873325325104
83.40436245454515074 76.817509933412353007
85.644621618979471123 76.543407948616504655
88.067896418893937494 77.279586171116022797
89.199659295370452128 73.396680148694869672
91.700838263201788436 75.41730274921361854
93.72723388671875 74.227381330454164754
95.75692526494555068 75.386016093544540695
96.838984639021319367 80.057624851416790079
96.667954159044981566 85.646652061755006002
96.76075776698529296 87.883854023773210429
97.048116358807632764 88.94530558044839097
98.261536111089213819 88.456315994724448615
99.010106985051649531 88.830020260478491423
100.07853961969760803 88.97850854881554028
98.946828378852416108 90.904990484808081419
103.39767061082547173 89.114015720801148746
103.62227038998466355 90.29168911992115909
112.87808680319326982 88.474758353202020089
112.19904000216750717 90.770946131624953068
111.91244237559172348 92.785908324803713754
