81.197825982482157769 66.948822021484375
81.591892061013680859 67.69397088474019597
79.887023658190656761 68.093386417738813066
82.752519269382631251 69.629501038578496264
92.577432635806104599 74.996412416950676061
91.964532373787008623 77.030677880759654386
90.012765845900148065 78.21787530474733785
89.587042300270724127 80.531235433230136778
88.591109681422537392 82.596086252565896757
86.263961941677081313 83.137422478901100931
85.089526473759349301 85.286538567840693759
82.414565406920615942 84.720162491995139931
80.358298412328878157 84.971868544265518608
78.738613309064987789 86.879330272152202497
76.463754463027271413 85.611235001564679692
74.50225067138671875 88.434793914982478213
72.498344682681604922 86.014717031346336285
73.495173776828565337 71.686764404816244678
72.80190783892271611 72.181949716921977256
72.323575105253794959 71.84221300959013945
71.17664491125793802 72.708944768378287904
71.609269092526801614 70.930677367023932334
71.098328502229719561 70.729264458584779618
69.977084466297185372 71.023301727118536064
69.654756510939165537 70.470735905584845682
66.78439451634778834 71.404732966372009173
56.570270524497509257 74.932656519832178788
55.754448415386093529 73.040357373740761204
57.190447390507465286 70.62855888555952788
55.665358308880300342 68.928665711561549756
54.563778056461870847 66.948822021484375
53.16475923767955436 64.70616209676505548
53.614565521541578619 62.509012182335688124
54.601085980565585487 60.482540172347675878
56.453584654447041657 58.913039378306322646
55.869187521813550745 56.191017358920575475
63.855449779975884894 59.213469661464230853
64.766334817021800063 58.182565650599634921
66.283317965518321557 57.820765339604825783
67.170637004035768314 56.857719547544412819
67.74893645450001145 55.251740723222482643
66.419645983162183711 48.79498344079512151
69.321291706673093813 51.003470686308062909
70.402800215425173747 47.662388931478488985
72.72195681287495006 50.010495762883550697
74.50225067138671875 48.930140119516664754
76.285832894715412067 49.979209132387055092
78.421542183345820831 48.510009771686313229
80.650551535931029434 48.026313630200391458
82.697746483694714925 48.541442931820981244
84.814267621894430249 49.087872166015401376
87.161544895990402892 49.524800985642897899
88.66819556549586423 51.215949274828567184
90.166437366824695232 52.84472273763492467
89.02405392141238849 56.398113702042444118
92.837703397556396112 56.36284049569160004
81.040063673025954927 64.038000328139077055
81.800274592449838451 64.577549136727284917
80.318241683287226351 65.712596620875473263
79.621205470437260487 66.410801249606890906
