49.711314752013400664 28.38690185546875
49.88192730462258595 30.49153257014966556
47.59016039005344112 32.156052910559623115
49.316934325251857274 34.709590368097750002
37.057790767770043772 31.592592360725856082
47.319982062010254253 38.468757694462453856
41.806878805437705182 37.068488219912040904
44.942492043354199893 41.969311378584002625
43.946551672952345768 44.034166136603126063
37.590500024769987419 39.030198970225619348
40.44498038502848658 46.7246181593044696
36.24015371566549959 42.722138468480068241
35.713740608800776499 46.409952144419477804
34.153289849847887183 48.596096656245009626
30.779182307050742651 37.154257150613148042
29.857694625854492188 32.637459243961970401
29.668859432823811773 30.183555499710948311
29.824388334664032385 28.54359550531021128
23.951982274669557427 46.562820675930495895
21.942511786098158666 46.164699950319899813
25.051457767792669529 36.711550077688883675
19.619943104737380679 42.477957080402944712
16.797997531478966238 42.891167970465637893
14.742436655702759296 41.996739923710080689
13.775493612588515902 40.071306619866533083
22.135809545412545418 32.845132995595392345
24.022628766414104717 30.984841569592237676
11.10988857650077577 34.47843345871844889
18.49778420207417895 30.801524909281475573
11.020803258480079023 30.366738310594364236
9.9192229646039642432 28.38690185546875
8.5202041465797151432 26.1442419235368817
8.9700114677414539699 23.947085897281031208
9.9565261034825773834 21.92062005820183046
23.142223336339490913 25.396981421938910728
22.059651729687860922 23.884696842694104646
13.517576329684406033 16.515111113900893258
14.245066050015939396 14.329227322840477399
16.181000031310148302 13.197393373447669163
21.544412478768464325 16.944648874242616898
19.534823260346271923 10.507164245203831854
21.775086143331513711 10.233063265697353472
24.19835527797923902 10.969240512527068887
25.330122155625343083 7.086336360885955088
27.831291592380800637 9.1069580301049022353
29.857694625854492188 7.9170404491065120567
30.442975636765741143 22.818328100720801643
31.206892998689482965 22.039424905656350262
32.916256681573528908 18.973611692149155772
38.053188518924187633 9.9795227605117275971
40.169721323397745039 10.525951167737790826
42.516986812297091092 10.962879770912142163
44.023637523200136457 12.654028074629112055
45.52188713032684575 14.282800760881155355
44.379503488256084154 17.836191477730405808
35.418666799679336066 25.176275559598249032
33.344148606586095696 26.834631537285037695
49.008549443274056046 22.164413637448888039
48.329506557729004612 24.460596157556800279
48.042901277160538598 26.475560477991660235
