60.546508386046603789 59.207782745361328125
60.717120935567791662 61.312417304119826156
58.425354047230840138 62.976933691567325013
60.152127946699948779 65.530471296723334262
58.768068315295089121 67.255369329866312
58.155175670812823796 69.289642442753020646
56.203412841490624885 70.476832392379975545
55.777689479334824796 72.79019228263670982
54.781753092075113898 74.855043071609998151
52.454601435324875069 75.396387019075021385
51.280173864035063502 77.545495324004434678
48.605205028572385118 76.979126974558624852
46.548938148056862474 77.230833004898499894
44.988491147932059278 79.416981353468401039
42.718103410458006408 78.476370174198137875
40.69289398193359375 80.693750824162165713
38.688987976789462664 78.273681568192742475
37.066728393894862847 76.267537302196899418
34.787179800060492596 77.383701590731561737
32.77770745165785371 76.985577080802755745
30.183282156334463764 77.410963316704794579
29.306878551467505645 74.879286136860059742
27.633195051397613895 73.712045109759074535
29.747637927401889613 69.062928660419217408
30.098138811409462789 66.905321528194619418
28.17367603352164096 66.435752855839211861
30.338928259671622101 63.817662584966278416
30.273323566701314746 62.593305461794180644
32.251150755957937122 61.002128787446139313
31.053545769697301182 60.220917796739847461
30.061527385075152097 59.207782745361328125
28.552946685563014739 57.931820138303116607
28.675268896070221558 56.653356056099198668
29.119961060343829473 55.447509937519050993
30.222242354873962711 54.545951024272333996
28.68744391342293909 52.276432222124100235
29.840221507388591249 51.322856107074059651
25.080261457399046776 45.150110268902380994
27.016197446471991839 44.018275247239898817
28.679181867084416524 42.672329117872152437
30.370022603092298397 41.328046096468582959
32.610281705112171835 41.053944146507795665
35.03355289577131515 41.790122301162526242
36.165315320613963479 37.90721639680273114
38.666490948459902199 39.927838919997483913
40.69289398193359375 38.737921338999086629
42.722585371708177604 39.896552288605917624
44.990115129474617106 38.990943903717187879
46.841191055482347849 40.285270547081239556
48.888385955764981361 40.800403645110684181
51.004914836409604106 41.346832941432978714
53.352184199930348996 41.783761570089325232
54.858838876042732124 43.474909998705520309
56.357084584149980344 45.103683563778346866
55.214700911563205921 48.657074239979372976
59.028346708103271112 48.621801219568553165
57.634836039654118167 51.664743707141639106
59.843743073580895953 52.985294515872908505
59.164700183923116583 55.281478917918001059
58.878094950551322029 57.296437927649137123
