67.966365411193095269 48.466583251953125
68.136981778639722052 50.571213965300316318
65.845214783625806376 52.235730870150376859
67.571984980236507567 54.789271777493127047
66.187929141617672713 56.514169866827153044
65.575036539790389156 58.548439084186306047
63.623269812077865026 59.735632974066149359
63.197542689784043546 62.0489927892285138
62.201606302524332648 64.113843578201795026
59.874458460820093819 64.655191340110718556
58.700031154213114348 66.804291862882919872
56.025061927916709692 66.237923722463889931
53.968795050979252892 66.489637365900591703
52.408344384008763939 68.675778039915641671
50.137960330043640056 67.73517450658209782
48.1127471923828125 69.952547516056696963
46.108841170799671261 67.532485887753992415
44.486588398977424674 65.526333816657469811
42.207032960692728807 66.642505895834119656
40.197564429136924957 66.244373751474384449
37.603135282605357759 66.669759959998941667
45.264104315264674483 52.3874037866576856
44.550667996563021234 52.422669899855044662
32.997493065928644285 62.076421352402547882
32.030546190119288497 60.150984216797226622
28.965918397403086715 59.521011883088632999
30.180768973282557255 56.450413981513371198
36.925480372364589243 52.101548948195407718
30.800945898636165055 52.146316676685302127
29.275854871886004105 50.446419712329927165
28.174276484806600962 48.466583251953125
26.775255787525889417 46.223919238045006352
41.277876712571149653 47.013783491715237517
41.888409015655241774 46.44417183324411269
37.297433819379605779 43.651293964049081353
29.479685986293226563 37.708778526801758346
31.772628887256253449 36.594794430061426738
37.588825752287334581 38.990796734339717489
34.436054517913582629 33.277075712147386355
36.099038986839929066 31.931125741029212861
37.789875840207663771 30.586844680316037426
40.030138705318762504 30.31274275685491304
42.453406058966052683 31.048920915759598671
43.585176843272769531 27.166014850909100176
47.671869833536703709 44.271924596337072444
48.1127471923828125 43.117178541147524129
50.142442292758680367 29.155350876908144642
52.409968326958605189 28.249742500204508389
54.261048065645944405 29.544069141456162697
56.308242999397187134 30.059202252584221071
58.424771925056781186 30.605631577338279214
60.772041277555985062 31.042558300112183645
62.278692086491950874 32.733710505297317184
63.776937692332744234 34.362480142094476321
62.634557801616423944 37.915874560631188217
66.44820765971411447 37.880601919746624162
65.054696787692279258 40.923544007534651712
67.26360009356591263 42.244091191882084502
66.584561005372052023 44.540279337968989637
66.29795578324846872 46.555238366245610848
