81.15026826651953229 66.947300241327937442
80.295331457028680688 67.650504316488152767
81.137359118329271723 68.42958791737436286
82.633461407356676887 69.288034225059988103
84.123766442406434862 70.127626853775495874
85.612829072157666133 70.963530103741319977
87.101891701908940036 71.799433353707115657
88.590954331660199728 72.63533660367295397
90.080016961411445209 73.471239853638749651
91.274064219360084849 74.427646762036516748
91.12226128276813597 75.858030510816419678
89.9909898584302681 77.045619317272155513
89.010183156388436032 78.313576694628224573
88.356481465945250875 79.78833937148093014
87.243251024430435336 80.915458372801964515
86.081836469103890863 81.920954430273042135
84.820780516393114112 82.851962636527815675
83.611047436758596518 83.612144669937961794
82.451683018407038617 84.234126567396899077
80.774220977440776892 84.195458309702189581
79.257761119389755322 84.768829624748462948
78.099516484315671505 85.79173653713402814
76.741092606923658082 86.046522105007184678
75.29970875818170839 86.074345644708586178
74.131317439622819165 86.301172093037934019
73.563785434050984691 86.308723236440442861
73.461502776219504085 85.187142161938183449
73.383044888728036881 83.482203543417483615
73.304587001236612309 81.777264924896769571
73.226129113745173527 80.072326306376055527
73.147671226253748955 78.367387687855327272
73.069213338762324383 76.662449069334627438
72.990755451270885601 74.957510450813884972
72.913669584973362703 73.251580179990014585
72.845825051828128949 71.540769247936694342
72.529400040646919479 70.568062669940317733
71.37404040787518511 71.212898948202166594
70.52225695015238216 71.369725737808451527
70.091771192977688543 70.473538028734992622
68.636522825103980949 70.444500907391102373
67.112596995025697311 70.796952429075176383
65.59503794723042347 71.573311452846212433
64.077227422216537889 72.360730804007687311
62.559416897202652308 73.14815015516916219
61.041606372188759622 73.93556950633066549
59.523795847174888252 74.722988857492126158
58.005985322160995565 75.510408208653601037
56.488174797147109985 76.297827559815104337
56.249816627037311889 76.289354746028635645
55.943336010576118156 75.737159904977460201
55.439673483172512647 74.727414616563635263
55.198652330257182541 73.16134471611458423
55.329474199955882341 71.628195551935831986
55.913211173492662454 70.179407600864465167
55.241478604889458381 68.820888003422069801
54.248487958502401796 67.385737627306014019
53.585960389481400057 65.886229050922892725
53.664156587181516045 64.492266596542179968
53.858081842098734171 62.994083749417995932
54.188260477635935786 61.419726095897544837
54.630653322055344745 59.916116856229074017
55.161650359166372937 58.517117469530937512
55.762679107287922875 57.226345816941886824
56.227739381033927657 56.366543702822255568
56.816226858619728546 56.322714153680379923
58.403850752058296791 56.978733730251583722
59.991474645496815299 57.634753306822794627
61.579098538935383544 58.290772883394012638
63.149327104686051371 58.865794517906401495
64.567520139690543601 58.511082596942145528
66.085879541764938949 57.761799577874796796
67.220870256374780638 56.494663405303214176
68.01386915826462598 54.972427793593958256
68.250417744528334651 53.339689384303838438
68.127658637505589923 51.621879235798644459
68.022297886411806189 49.912805145586034428
68.577779533716892502 48.496422254293769072
69.879012263569933339 48.145808067113392781
71.097573998990824862 49.181246805964207169
72.39596533796165545 49.576882653088134134
73.839228820908530793 49.272094561285783243
75.3034110569465156 49.661010629256423954
76.790006927176861495 49.070667107390804063
78.298870114637963979 48.192877320568399568
79.847574281267370111 47.599959005388889466
81.451018308331896378 47.922033784436827375
82.979532530238969912 48.654356782955957783
84.3777943815425715 49.473055654475999177
85.6471209211968727 50.358159802978597952
86.888285970389858903 51.377911529676090652
88.024639639088533727 52.474149904950763812
88.80428363192382335 53.336962771884302015
88.42993534905740205 54.857659016533446561
88.973215113931999554 55.701063182081860248
90.573051138749988809 55.759461223434115595
91.021199234760402419 56.518082853723889514
91.025287899258458424 57.654650536923540471
90.036070260711994706 58.971337928360284764
88.602567847367623699 59.87723339498106867
87.118258127071840136 60.736151714057690754
