19.882163150472759838 1.1714012232141919334
18.756444905350598162 3.0616983278668747914
18.510876232415498066 4.8818865113835760994
18.765793230134772074 6.9170084686725132883
17.733915628813651466 9.0958748166867557927
16.207287463190297672 10.941207935782522043
15.132851465447995309 13.068937049856906185
13.703773262396447663 14.567312714314610389
12.464945126566000511 14.010200151393817691
10.69982339345304645 12.230785801231970567
8.9347016603400977175 10.451371451070123442
7.1695799272271427682 8.6719571009082745405
5.404458194114187819 6.8925427507464265275
4.34308366040182392 6.0843716272148027358
5.2531334005069991733 7.9969679531175037468
6.4008725920653555264 10.237600070795975782
7.5486117836237092149 12.478232188474454034
8.696350975182065568 14.718864306152926957
9.7307792372863133323 16.890989081795456883
8.6765212532457116623 17.659572766342773065
7.0159675802516741072 16.191899122804652933
5.7684247141379865198 14.002644601628032817
4.5219786296247086455 11.811540161607402055
3.3487235766338807608 9.8416822280208045015
3.1478636567270452673 10.811242165629266765
3.4521525525956944236 13.307798080679772212
3.7577484311701017106 15.808304826202311588
4.0624447451487561978 18.307639257429070057
3.5579252963844494317 19.680984937009903035
1.3088026682869524642 19.12822459210368109
-1.1681554075048217189 18.878151557363594293
-3.1307387295700124241 17.817391531232512847
-5.1862647484763364503 17.762169404364527736
-7.6125038404872888975 17.921836341032289397
-9.6087891019297249073 17.540557896649588088
-9.5825383732864128916 16.309088833030369159
-8.4788794993634262198 14.054217717216170414
-7.3752206254404448771 11.799346601401975221
-6.2715617515174582053 9.5444754855877800281
-5.3353600874699251833 7.5178600539086462007
-6.2877309859736207898 8.0654988010998138748
-8.107431727391047005 9.7953677240611227717
-9.9281175112195061416 11.526579327517341156
-11.749237130805070706 13.25547716110609997
-13.732447266235663363 14.084086545837946503
-15.477455523560605499 12.666821593645199329
-14.944992396824153147 10.829297677491586782
-12.976179843817478243 9.2874351289368011209
-10.985140637990117085 7.7509179584614216196
-8.9941014321627505979 6.2144007879860421184
-7.0030622263353885515 4.6778836175106626172
-5.0115453180369851083 3.1416141717594996408
-2.9666216776378986353 1.6377785358012593164
-1.1175671267939519815 0.4064888799977630085
-1.6330777039319397392 0.18572966998544399031
-4.0993760752106691569 0.44069654320980189421
-6.5888213875708174783 0.70068650865752568624
-9.0782666999309693523 0.96067647410524958929
-11.567712012291117674 1.2206664395529733813
-14.057157324651267771 1.4806564050006973954
-16.546602637011414316 1.7406463704484209654
-18.798427106555855914 1.5187616631273987977
-19.995583738152330255 -0.42027278633905135186
-19.841857154572632993 -2.5101200956963665156
-19.416781459954769673 -4.7946424254970789747
-18.746586899743707733 -6.9688935922188957051
-17.890524489490907456 -8.9403093814368901349
-16.942233013190225677 -10.628298967289621757
-15.671914251392378148 -12.425421610629529212
-14.148605153096646347 -14.135663084668156131
-12.311993073289729139 -15.761180962402985273
-10.271848218075463777 -17.160685683156359005
-8.1008350302541511923 -17.997947137018503128
-5.9146691265320807673 -17.888313830782728076
-4.8412336787891643297 -19.405217232801135196
-3.5549721616122997858 -19.681518549770288473
-1.7382268740545676611 -19.710647361466477889
0.44052861570213541764 -19.995147770907443885
2.6979675986104321161 -19.675175430843676594
4.8951301858877513951 -19.391691537898907427
7.2221512912291512265 -18.650483403266935767
9.4840300182738737078 -17.608326873096292076
11.478852405586835062 -16.377910376324773978
13.305695525882150321 -14.931793850403632717
14.838098830630412905 -13.410101575308395638
14.909576516830327364 -11.569469169614674087
16.04266683699697893 -10.576064325910019548
17.390081622664535388 -9.8785152013358050738
17.382252358208646115 -8.1526895298614299179
18.453057940499455469 -6.4724509194970316628
18.452271877992561855 -4.4752952580047686837
16.445250210996256612 -3.3744291511153834406
14.03268128968119477 -2.7174354639682358759
11.620112368366125821 -2.060441776821087867
9.207543447051062202 -1.4034480896739389699
7.3462778341579992869 -0.80531871249529385359
8.9109684950302465722 -0.57298897583520169707
11.420750541768789788 -0.44156948483540020556
13.930532588507331226 -0.31014999383559865853
16.440314635245869113 -0.17873050283579722253
