28.865203165071463332 15.404179695059770694
32.225470439220927688 15.972095660603436329
35.585737713370384938 16.540011626147105517
38.593401777365912153 17.084218532041820282
37.011347389191207924 17.319812511506007979
33.578126147708395877 17.430933927813207163
31.91730689089551376 17.912267540293981938
34.650919221470495302 19.311492343922580517
37.669944392759425966 20.79321346030956974
37.84658990997748873 22.53889417780783333
34.920713542210613411 21.972968690853942775
31.779926827649010335 20.631705183382855751
28.639140113087432127 19.290441675911765174
25.49835339852582905 17.949178168440681702
22.390657361283395232 16.636751122173780715
21.88624894371423224 17.457534294610827175
23.787925971819582571 20.291101636719485413
25.732876034715228997 23.099241099558547319
27.677826097610871869 25.907380562397598567
29.622776160506514742 28.715520025236646262
30.675670706986966962 31.336244648514679056
28.143369075853176042 32.466876338588789963
26.14501292139582489 30.295271022113269055
24.496524798728376737 27.293304326530993364
22.91007971099474716 24.489345869646314213
22.585024267320115143 25.711069618635630007
22.940161213986161926 29.103604278640545999
22.776730444901062356 32.399698414841459737
20.894016783544920202 35.090652886630977036
18.690242676175238046 35.104902613438838443
17.365239533201823008 32.361933421298516578
16.667870169525173196 29.648195931450285201
15.010537587189205055 31.407024992746340075
12.564094142027670387 33.039673336846824725
9.6975876448726108237 32.469000240647133637
8.8530358984192769611 30.200783177945975666
10.590842105064254497 27.345914618430541054
12.486524376584652529 24.515997863122599654
14.382206648105050562 21.686081107814658253
15.443252801092024029 19.465901702895674674
12.903768735442085358 20.368623834291270214
9.8309433734109799019 21.874594521377265011
6.7413339239032188388 23.30448165025357099
3.6514746618645403942 24.733236751982634161
2.2347154626891523321 24.939517736579620788
1.3775904564953422859 23.063198193902348265
2.3260177975607141398 20.720034279572274727
5.4357112076844069648 19.461051780389386323
8.6047286949122288036 18.227900393090369136
11.605676007680912676 17.023602745535441727
10.577441013103266343 16.511021983809783364
7.1627758729391528547 16.326183923806731002
3.7664660257397999388 15.805989881320719803
0.46793026546220350959 15.094144871237002548
-0.20281394835278376831 12.815755050970711437
0.366870791957150999 9.8693815568552505368
2.2455310415830971316 9.309046179455188863
5.5571210858461403959 10.171386903344457053
8.8687111301091832161 11.033727627233719915
11.749181107666467838 11.701855823323946026
10.334417828044143661 10.435051798008919022
7.493232599321280496 8.5256680510871873935
4.6604747898573437581 6.6122299771145698344
3.2952643643870827006 4.0219585036304552617
5.0252549532128156784 1.5000667693189484453
7.1960833429863457766 0.95209877205739157358
9.86035880066530801 3.0499347230734734637
12.485513558056561934 5.2352713946130577938
14.987420202365838051 7.5643646106258097817
16.345028591124496131 7.2076774588577965375
15.584557078315393497 3.9721305619457183411
14.751219937030890961 0.67164316024162662444
14.267321418253871457 -2.6288405985773244389
15.444085310281755241 -4.4213803818734724871
17.365774056658818125 -4.0303557588788949673
18.506918825215247892 -0.88505923995728752462
19.389920364897768934 2.2256185739344482855
20.266774915839285143 1.1809740687546463889
21.142444421786116493 -2.1025640886059324686
22.824129369790473021 -4.494844847881402039
23.540046567099714991 -2.8730360989763483737
22.909502871371579147 0.46913061766880514991
22.277208754429384641 3.813404062288423102
21.644914637487190134 7.157677506908040499
21.106000168469698508 10.378248718147164098
22.211312903475882052 9.9683382550542862788
23.993384716368712617 7.0686282118383223505
25.769594532211126392 4.1582858936684514717
27.545804348053540167 1.247943575498581037
29.35709956156564715 -1.5887287508630509869
31.334442706186880656 -1.1126582394955804034
33.73620030343808196 0.91782920894581643267
34.689074441720372022 3.1427292612528017202
36.13465666531770637 4.5634683793747887748
37.319634783323586191 5.9962540031455899836
37.91936427144088384 8.5175542984837750993
38.136852852864357999 11.441968789893211422
36.189842187718376465 13.490800524855989906
32.838931001369097373 14.119313257466368228
29.466344161411839764 14.726655654753185942
