115.8611522013705013 98.142817515477673851
115.67963186752035654 99.508636083214483392
114.67635168060604656 100.49942800903222917
114.07962150841601101 101.50732998816387465
114.71199211667162388 102.74264600312123719
114.86899076004633002 103.93374414065976907
114.32182299388824731 105.19940325011211257
113.69850697152797636 106.54884361789427771
112.91088536668436859 107.75046337050137879
111.77782671150950478 108.69456790185139994
111.21902542812084391 110.01876037895620186
110.47393217585410241 111.19362576904757134
109.47944437159026165 112.17298173127299776
108.45227883358089116 113.0540622002366149
107.34021388952005793 113.88286228620094676
106.25312125823118947 114.58493484423189557
105.24269051791409879 115.15291074147378936
103.9543895020055686 115.31424423152394354
102.45783329853843213 115.44504992322686121
101.28042524701633909 116.24271378177868996
100.2415744682278671 116.97640598523739186
99.019837180444980618 117.15110696101578469
97.741704927246203738 117.15053938350006035
96.670854623029271124 117.42892316158207677
95.708937647007758187 117.4403726025171153
94.726174060245128317 117.40425164824738147
93.752954377273454156 116.26352625603807667
92.764775225448616425 115.13562099829179886
91.585237022606946766 114.9113559457058642
90.210316658241453069 115.40163454714797808
88.740122438778698211 115.37771758771341979
87.238740679526088684 115.36579796962999467
86.150223626990921844 114.87533972369809021
85.161935102191819169 114.28156582054850787
84.362985802928221801 113.14806443520157586
83.214511664577244687 112.20217515421242638
81.869069141309850579 111.49480627418049039
80.823831011778707989 110.52392451418012342
79.922135477389161906 109.4020234111632135
79.241641649191535635 108.43122350096332696
78.728738072112577129 107.6085471756926637
78.289900214176697091 106.82549427673839659
77.844154064806104998 105.93352424476472606
77.641256260463677563 104.57472478172303454
77.526860864123264605 103.19966429747270809
78.143000274526187354 101.89941315696913193
78.131085915632056071 100.66481459620779049
77.230284528672129341 99.468587175492103825
76.476838700537058457 98.191429247563732474
76.788684926920353746 97.348684065616438943
78.179627815782097855 97.020175408481051704
79.656564119633230803 96.732670854116179271
81.133500423484306907 96.445166299751363681
82.535539239515316012 96.056268028578188023
83.424233527635990981 94.991627250755144019
84.091873339605314186 93.6285756791215249
84.688747640620903212 92.467178762640287459
84.175830516381353164 91.221499351202808725
83.999950711422329164 90.021319956124060013
84.464214478292831245 88.818208142544975203
84.227455669747143929 87.36937866047074408
83.75114463112427643 85.922593486476003477
83.186088950915134888 84.509954767379568352
82.65132864946394875 83.107778569237822808
83.060234695271560668 82.151189359396681766
84.1985472221779645 81.259819850936438002
85.436462264060097027 80.429353420710043565
86.68361904152409636 79.719025499078099983
88.053543995802783684 79.429242784983145498
89.488234741726643051 79.735335955519474282
90.450905208383744593 79.271427606238674457
90.962848020106747526 78.07411556057627422
91.684277864921412515 77.902473911241258975
92.510738713489331531 77.740117310587393717
93.544693867955871269 77.730895908746887812
94.805637599957989892 77.627309095057185573
95.802127825232730629 77.471334447295177483
96.051906613005613167 78.677134131305450637
96.140123755311776677 80.181675410233282264
96.228340897617925975 81.686216689161085469
96.316558039924089485 83.190757968088888674
96.404775182230267205 84.69529924701670609
96.492992324536416504 86.199840525944509295
96.581209466842580014 87.704381804872326711
96.689043406914166212 89.156927833206793821
97.207288709529095172 89.582542085100001827
98.276007945608654381 89.502559659110104917
99.649090448066772296 89.478597952332862064
101.12065453096811041 88.994053977055500582
102.5947158357798088 88.652292677384494368
104.11758050375881623 88.835905401238221657
105.61532041318150732 88.789244490072420035
107.02780704630143305 88.295368167911036039
108.42480309010807105 87.726085212001734703
109.82598267838116612 87.178237231505164573
111.27964673359795711 86.899300760731719606
112.78149172903027875 86.870116259103483003
113.28536824600271871 87.464282870020113592
113.65346580712841273 88.239344819876507131
113.22902804778280483 89.55928662117054273
