96.553615167052470269 87.0053253173828125
96.83378963538491746 87.663956928825712112
94.869506873645576661 87.919778108860072052
97.138101406091550416 89.140288490029391255
108.64251901407337186 95.052915682480048076
108.02962636792763362 97.087181176658091886
106.07786721012801934 98.274371328157172911
105.65214403144578625 100.58773098018781411
104.65620367556316239 102.65258954846433426
102.32904830387262507 103.19392577665260546
101.1546286273576527 105.34303392831260737
98.479659401061240942 104.77666578789357743
96.423392524123784142 105.0283794313302792
94.862941908408288327 107.21451246505620247
92.592554081653787534 106.27390893282543516
90.56734466552734375 108.49128958148638446
88.563438676822229922 106.07122032724477378
86.941182722972698116 104.06506839415918364
84.661626772460891743 105.18124801108078259
82.652158173506848016 104.78311585515930915
80.057732755749896114 105.20850202542862917
85.216371081098770901 94.370306366346511595
85.169594723483783127 93.000138524285091535
84.594317516621472919 92.38345467431450686
84.944818517029801797 91.090326741123419652
83.02035469020927394 91.362569918073134545
85.185608070044210649 89.401422168804415946
85.120003242869785254 88.775274115884158732
87.097830310471934467 87.742793597586938859
85.900225611107714485 87.495852122439373488
84.908207072575152097 87.0053253173828125
83.307791457002736024 86.2423087851607022
69.679655742352110792 82.565511468919481786
70.66617236347443054 80.53903959764969045
72.518674824325415784 78.96953888099079677
71.934277628987032926 76.247520779994104601
74.227222550601950957 75.133532674051735967
74.954712236678560089 72.947648919956776581
76.890648171750044071 71.815813967031402854
78.553632590490380494 70.469867846271114331
80.244473340018330987 69.125584823001389623
83.206495974649897107 70.472584294310905761
86.02488204321842602 73.025061891196301644
86.88233066682286676 69.668660268930040047
88.925432730666415182 71.383603676650878356
90.56734466552734375 68.602198224985414754
92.597036066849710778 67.694091047143857054
94.864565787137905772 66.788482655529719523
96.715645541696744658 68.08280930048152868
98.762840467248096843 68.597942408308398399
100.87936937243100033 69.144371720540846127
103.22663073748660167 69.581300086680869299
97.483327354991445191 79.324343581033375017
97.501291489357640785 80.761970506027196848
95.041464468885777706 83.754685270009517239
97.71494602715577571 82.878647886875825179
95.371034281932026033 84.866586557801667823
96.829716414282742676 84.970554471925453299
95.608853012606402899 85.933719655340880195
94.994763889525088985 86.539978092996875603
