81.606151177794785667 68.547996323771357652
82.223384663908262837 69.192643482851295289
80.865555009650051943 69.563080262442667845
95.549165418591357479 74.870681362954826454
94.16510962091135184 76.595571695514294674
93.552224650141951656 78.629844723834736442
91.600450327059007805 79.817034752187140612
91.174734612012287016 82.13040224670679379
90.178794312770193642 84.195253122683084257
87.851646571171656319 84.736596979759156056
86.677227035989048431 86.885705049924879972
83.741424105091908814 85.733521482718472839
81.511871006783053417 85.235006195310688781
79.986385567256263585 86.879330263353537589
77.8833560265341589 85.611234988628723386
76.089935302734375 87.719049896427790713
74.086029281151240866 87.613891527402429915
72.463773161645832488 85.60773955557277759
70.184217409667922993 86.723911585299532589
73.316602055500993629 74.776997041684253986
72.408517088699866804 74.92439102048820132
73.02767280473774747 72.76283837973855384
72.674973090939815279 72.340699117108243854
71.758029324465951504 72.448457404472250687
71.74386787124980458 71.705591601740024998
69.348038066696034321 72.440421786449647357
70.937019287306270598 70.842217571482308358
70.034889701270856222 70.515394000082181947
69.880400025729244362 69.867869091762088374
57.253042982237566605 70.527825351978364665
56.151462687809527097 68.5479888916015625
54.75244386902721061 66.30532896688224298
55.20225020542275729 64.108174990604695154
56.188770663783046189 62.081703068128845757
58.041269285794697907 60.512206248423510146
57.456872153161206995 57.790184229037762975
63.315288605613403661 59.266673301416574304
64.648132500014142465 58.245748600839952758
66.368301597859868934 57.751025218280602758
67.356893369468167521 56.527988591425092579
67.921978642467578879 54.400681826421212861
68.007330614509839961 50.39415031091230901
70.43059059823453083 51.130324568904342186
71.650564173346182884 47.662389065278752298
74.141565755616710476 50.010495776240475152
76.089935302734375 48.930140119516664754
78.047979034792703601 49.918444834776217078
80.387156450275398356 48.331150049957422254
82.238228585287558303 49.625472886325354693
84.285431115042371175 50.140609801938168744
86.40196786911513982 50.687039242295135466
88.749229387907547562 51.123963939760621145
90.25588019684352048 52.815116144945754684
91.754129709462688425 54.443885884009361575
80.109846738370677599 65.627350683955953059
82.42575424313304211 64.89000114592388968
79.999017795832301658 66.807551247688351737
81.463612306317372713 66.801975425795632191
80.299595334937549751 67.653201275805926684
79.842190844694926 68.153613995175305718
