96.553615167052470269 82.7105560302734375
96.833789633341950776 83.541795083028830504
94.869507234671914375 83.974082440642007441
97.138101168824135812 85.379127416063852252
96.504266796014363194 86.085020084283144115
96.841775385854120373 87.281250137181203286
96.030176129959670561 87.872690970676131883
104.0099092291996925 96.292961693078439112
103.01396102156516577 98.35782046156637648
100.68681349977345008 98.89916412028409809
99.512393631094994362 101.04827238261327693
96.837424676326392614 100.48190409566849723
94.781150454585585408 100.73361002656670848
93.220707054907194333 102.91975081823595417
90.950311910726767906 101.97914724770855344
88.92510986328125 104.19652029437700946
86.921203841698115866 101.77645866607430492
85.298947722192707488 99.77030669424465259
85.121305332566890911 94.417461665986209596
85.066228264994222741 91.377743218653051827
84.337068323719122986 90.657286215171467347
85.216370918552129865 87.81519913155024426
85.169594532248837027 86.881486008346598737
84.539782717700987291 86.659120083226767406
84.174905750797194059 86.161783586293040571
80.99759013993295298 87.287514641881514876
81.35231773798504662 86.082184892438888824
78.357208736224720269 86.144277374800665825
71.613302786679994938 86.390292983620199152
70.088213730294867787 84.690392511655005592
68.986637248356402097 82.7105560302734375
67.587614611844543333 80.467896134404327313
70.117224377451236705 78.712819957088086653
71.733883104123279395 77.124794410179717374
73.287824635583504573 75.748393181515311312
71.381794860978970974 72.581925054065521863
72.58498771252996562 70.838771065647023306
73.312477434432466339 68.652879632847401581
75.248413286135345857 67.521052384381988531
76.911397788244286744 66.175098559161739331
78.602238537772237237 64.830815535892014623
83.622198860135711129 70.800037878357713339
85.764360841951472025 72.982764614411365756
86.167920521739034712 69.739018815365568571
87.786646380889749253 71.878812420443949804
88.92510986328125 70.269129377329164754
90.258382439231738203 70.025321204079176596
93.222331010822273356 62.493717188629297254
95.073403145834433303 63.788040024997229693
97.120605686176489257 64.303180760021049878
99.237134570184906579 64.849602433431471127
101.58439593524050792 65.286530799571494299
103.09104699240062075 66.977686976224390492
104.58930427000956342 68.606453022681236575
103.44691292736688126 72.159851269604232016
107.26056258945092736 72.12457450448066254
105.86705181790236452 75.167520575185903908
96.829716466278071607 80.142200750114767516
95.608853010059974054 81.289882668263231835
94.994763521076578172 82.07261313726398555
