60.683116509825900664 58.230091094970703125
60.853729059627447384 60.334725651061745566
58.561962155580673084 61.999242113766619866
60.288728432694625781 64.552779672154727564
58.904676432313799239 66.277677694660212637
58.291783802398512648 68.311950778841335818
56.340017150572656135 69.499140741989350545
55.914293788416856046 71.81250063224608482
54.918353475281222131 73.877351521325095973
52.591205744406906319 74.418695368684396385
51.416782155837637447 76.567803576605541593
48.741809337654416368 76.001435324167999852
46.685542457138893724 76.253141354507874894
45.125091521748998957 78.43928972870524774
42.854707719540037658 77.498678523807512875
40.829498291015625 79.716059173771540713
38.825592285871493914 77.295989917802117475
37.203336050660183787 75.289845552539361506
34.923784109142523846 76.406009940340936737
32.914315489514507362 76.007885392156907756
30.319884485167314381 76.433271624225000096
29.443484728639468528 73.901594457946316652
27.769799360479645145 72.734353459368449535
29.747638040287739614 68.208245863428402345
30.098138802912604461 66.026880659566103304
28.173676896401829595 65.536943010058877235
30.338928154529419601 62.900799861020139758
30.273323520610723847 61.660005301631457542
32.251150375780710533 60.053480453444350928
31.053545683971762514 59.257591480629578484
30.061527385075137886 58.230098681019114792
28.552946590674821437 56.93977849960086246
28.675268644084070502 55.646639559717911538
29.119961026534841864 54.425434388496292115
30.222242373195658871 53.507441614224617865
28.687443730195084868 51.219875837823956033
24.489376158177286413 46.358302290991957761
25.216869667334179894 44.172418522825978471
27.152801713869720857 43.040587449079261262
28.815788110913487685 41.6946374475754169
30.506624958638582257 40.350354472744101031
32.746889808492646523 40.076252505199306597
35.1701572048533464 40.812430650771901242
36.301923768574098972 36.929524677505320085
38.803095257541933449 38.950147269606858913
40.829498291015625 37.760229688608461629
42.859189680790208854 38.918860638215292624
45.126715501866144109 38.013252227396108651
46.977795364564379099 39.307578896690614556
49.024990264847012611 39.822711994720059181
51.141523049459905792 40.369141342582992138
53.488788509012380246 40.806069919698700232
54.995439358145972619 42.497222151953820912
56.493688893232011594 44.125991913387721866
55.351305220645237171 47.679382589588747976
59.164954887766128877 47.644109665971079437
57.771444117530606377 50.687051953651604208
59.980343565481419432 52.007602857836573662
59.301308255234623346 54.303790835382947932
59.014703036759684096 56.31874973449241395
