60.929591729552463164 40.840564727783203125
61.100204282021465474 42.945195443797842927
58.808437375307235584 44.609715746579119866
47.843080211334736873 43.039332950470083006
59.151147844103682871 48.888151312288179895
58.538259035646120765 50.922420573537429789
56.586492370299218635 52.109614374801850545
56.160765167946465226 54.422974293378864274
55.164828695007784631 56.487825154137595973
52.837680964133468819 57.029169001496896385
51.663257278555931862 59.178281080123042557
48.988284557380978868 58.611908956980492746
46.932017676865456224 58.863614987320374894
42.395896662711692215 47.050331797731416827
43.101182939266600158 60.109152156620012875
41.0759735107421875 62.326528991886775088
39.072063847307639151 59.906463567053648944
37.449811369653637882 57.900315391754418215
35.170259328869086346 59.016483573153436737
36.36934405184304353 51.411827512952569919
30.566359789072183872 59.043749120335149883
29.689959948366031028 56.512068090758809547
28.016274580206207645 55.344827092180949535
25.960713618741678488 54.450402779920494822
37.195032146947383467 43.660231077972724734
35.033585502746419138 44.329140409584837812
23.143991488651355581 48.824395483637111681
22.328165556657026514 46.932096339087784997
23.764168332001933237 44.520301636494167496
22.239077377755801734 42.820401209164771217
21.137498988468710337 40.840564727783203125
19.738478259305480833 38.597904831914100043
20.188286553032305903 36.400746791204980468
21.174803072594887254 34.374282956451168047
38.590875555371837891 39.734126382384850729
37.182473273073874509 38.592651707516964166
24.735851395816794707 28.968772084452130144
25.463342984477073117 26.782890242997815733
27.399276996122736705 25.651055303546776543
29.062263330640050185 24.305111080387920452
30.753100205031287828 22.960826182812262175
34.577688923928718623 26.245180645928193996
38.714255283417159603 33.571946355209007606
36.54839895384727555 19.540000224989743316
39.049566778375883302 21.560620890247790271
41.0759735107421875 20.370703321420965182
43.105664900516771354 21.529334271027789072
45.373190734557923065 20.623727770313085017
47.224270587197210602 21.918050623098782381
42.308322879837398034 38.072650866192148555
42.775300324595477264 37.897240204453169099
43.685973568841795611 37.24820444518960727
46.765275578413501023 34.521952649281494985
56.740160155046922341 26.736463479795919085
55.597780626311802621 30.289852663628444418
59.411430107492691377 30.254583298783579437
58.017915671562150237 33.297522106431294731
60.226818785207981932 34.618076490649073662
59.547783561501987037 36.914257245943453256
59.261178256486246596 38.92922336730491395
