96.450693729213881511 85.809522949649078782
95.454499477269379781 86.344374058338814848
96.222859408018337035 87.075520120521261447
96.752752547875147116 88.141554086485584207
97.277010563655608166 89.485695053651170383
98.527510213458285193 90.621025802637504398
99.830123461033522858 91.721221751059204053
101.13273670860870368 92.821417699480917918
102.43534995618392713 93.921613647902631783
103.73796320375913638 95.021809596324359859
104.95634042495659344 96.153760810046449592
105.27732553765284251 97.622188802488679471
104.51068690450465226 98.994221868429946198
103.38422032259268235 100.09351900608378116
102.2000470189768464 101.08139692243000241
100.93306749534794164 101.98177798867421018
99.75116418456840961 102.69737049763574532
98.49324721180479969 103.16818174636297556
96.786422249429165277 103.18342419103461793
95.387573359035044973 103.97349267183244592
94.201574443999561481 104.79275323161517974
92.785540599886004998 104.88077851410086794
91.415605048996383175 105.19036948338820991
90.251092284325594051 105.23954989272516514
89.169285478299443071 105.22441823102671776
88.049916420078844226 104.3797195597410763
86.937888502446753591 103.06961520111116215
85.620756256861838551 102.72198223667074046
84.056215624757527394 103.22352007990927802
82.597495436156677329 102.94645005049468978
82.460192722300703849 101.66949262967982293
82.919630995699520781 100.03597068712103635
83.383023815070885121 98.400085825266430106
83.846416634442206828 96.764200963411809653
84.30826119009431352 95.124854638249416894
84.763394705580950017 93.47050439676389999
85.116257417611492997 91.803275189107779397
84.900928030324394058 90.218772494362639236
84.41664184208774202 89.167656187339275675
83.548932243673760922 88.980041666011061352
84.390090749363338318 88.042732235750349901
85.466327768361722406 86.834804421944824071
86.39033569828531256 86.05989154683341269
85.352250644415050829 85.95510076086834772
83.631663844635056648 86.031860272147085311
81.911802279532835769 86.087651388866305524
80.200016796972491306 86.014712197007582972
78.491803063695783749 85.884840403846382628
76.783613000063141385 85.754591323731560237
75.075422936430456389 85.624342243616723636
73.367232872797785603 85.494093163501887034
71.659187308246501402 85.363600757923606466
70.115437199228637155 84.956447300406921386
70.045420922591191015 83.750800792563339314
70.207932749325649979 82.295506210091858179
70.501175557993050802 80.74756786246624074
70.896482343400791137 79.287690670292704453
71.704298466406171997 78.150170659294076358
72.484727044021099118 77.054378606922114159
72.423723444753932199 75.679211744230315162
73.088559864168246349 74.547901726016718271
73.976003284703764962 73.25968392731675749
74.956617426032750018 72.050229181585322635
76.042742119579258997 70.906704832988367571
77.287799490495757482 69.792664481765214646
78.644755111624505162 68.770379544597432186
79.868466505671250388 67.991373700105825151
81.03180452468929218 68.554428858516871514
82.320845810295580236 69.681070335203457944
83.608185742865927637 70.817974086191171068
84.889541718496957401 71.984729857032547784
85.941874410468088286 72.476111095661465811
86.391819751488185375 71.162266477431671774
86.938123347924445738 70.193819286096413634
88.039246888702422211 70.964814035359864874
89.10197313167510913 70.693230881184049963
90.029244064657888202 69.287945920208386497
90.903164914763721072 67.826246155990787656
91.815071179818545488 66.415597255348401973
93.156774393169783366 65.49359056449441141
94.611699046529167845 65.782630988965337338
96.176112124932600977 66.222065603408793777
97.767267514396962724 66.815429461010324985
99.300657362789607419 67.540746327943438132
100.70840630844226382 68.356007777933484704
101.98185664306819831 69.235296934775888644
103.22505538349814458 70.246984352751354663
104.35262854240350805 71.323305677741771547
104.86544392151145644 71.872807663416708124
103.71793065788465071 73.040634737421328282
102.49892293941023524 74.239117847351451474
101.27991522093583399 75.437600957281603087
100.06090750246144694 76.636084067211740489
98.84189978398704568 77.834567177141863681
97.622892065512644422 79.033050287072001083
96.403884347038243163 80.231533397002138486
95.544296013670148682 81.220009281018633374
96.509923727491269574 81.141348236303258545
97.140101756123755194 81.222095382684287301
96.118324170734112499 82.225953151217950676
