64.549289300353251519 46.7626190185546875
64.719905667519512349 48.867249734569327302
62.428138688215398133 50.531766564162097666
64.154912684093929442 53.085307544094689547
62.770853037538408614 54.810205618244197012
62.15796042114416764 56.844474864308914164
60.20619375579726551 58.03166866557333492
59.780470393641465421 60.3450285558300763
58.784530180611561434 62.409875540076207301
56.457382349631515694 62.95122329226838076
55.282958858070536223 65.100327629484482372
52.607985904123410137 64.533959450309822614
50.551719121190600958 64.785673073675042133
48.991268152601072927 66.971813832144675871
46.720884312366678159 66.031202633997310159
44.695674896240234375 54.226339782902400088
44.126125977646623255 52.181491821111087859
41.069512755151684757 63.82236968252590259
38.789960664550150682 64.938541662435682156
36.780492132994346832 64.540409518075946949
34.186062986462779634 64.965795726600504167
33.309663201954002432 62.434122353007175832
31.635976011475424485 61.266877609467726984
29.58041692608850326 60.372457086796018189
36.752981182449062203 52.533323687139429126
25.548842186005092714 57.817047475518386079
26.763694775644690793 54.746449761261764877
25.947866942155073389 52.854150629859269372
44.961237315005142534 46.706171889993640889
43.847388101006878003 46.851777320504382374
42.839836253483355222 46.7626190185546875
41.207876904927076112 46.396033467886226731
23.807987885996805488 42.32280514382458847
35.85972232531110393 43.891647780279697599
37.073190652548554169 43.368869043509526762
29.068635212708617388 37.740341292271700979
28.355552781314841582 34.890826375223610967
29.083046368244570345 32.704942525442874057
38.025596981403893437 39.354742881328540705
32.681966690697350941 30.227161507630775361
34.372803544065085646 28.882880446917599926
38.214735735317830745 32.206192533671668343
39.036333762823474558 29.344956682361161171
42.557889523245115981 36.705140461437096633
42.66926815170235443 27.482671367601291479
44.695674896240234375 26.292755704843816744
45.829160363810267143 35.978224954949830305
48.992892094125529923 26.545778240875627318
50.843971972695257477 27.840104913870266756
52.891166864778000445 28.355238008598540489
55.007699628914203061 28.901667343939841714
48.206088934287087966 41.93094785682282577
48.310219985256495079 42.748255429017156359
60.359865396190166109 32.658515908696038821
59.217482011809849496 36.211906954399928793
63.031131492990738252 36.176637589555063812
61.637620825854611439 39.219576294103354996
63.846527805069044348 40.540130796711970618
63.167484903729615553 42.83631514784094918
62.880879675981930177 44.85127416684483137
