68.827518060118876519 48.953826904296875
68.998134424898040606 51.058461457720454746
66.706367505141457741 52.722977995682697383
68.433129957165576229 55.276519375650138954
67.049081790543453963 57.001413519170903044
66.436189188716170406 59.035682736530056047
64.484422461003646276 60.222876626409899359
64.058695310389552446 62.536240287722371534
63.062758951450113898 64.601087230545545026
60.735607293773341553 65.142434993381002073
59.561183609122338112 67.291543256636714432
56.886210926702993618 66.72517493093633334
54.829947699905034142 66.976881018244341703
53.269496981679587577 69.163029332548489947
50.999112978969421306 68.22241815892584782
48.97389984130859375 70.439791168400446963
46.969993819725452511 68.019729540097742415
45.347740849369607474 66.013585056196177447
43.068185609618510057 67.129749548177869656
41.058717001552260228 66.731624999148024813
38.464288099887767203 67.157011338937962819
37.587888089976132733 64.625334012000138273
45.260888099823077368 53.077546398456377119
44.489020673404823469 52.992032675137537012
32.891698839045069747 60.638227869140976622
29.827069088701154698 60.008255448346474736
31.041921622208338505 56.937657633857121198
30.226093775845093603 55.045362272663048486
31.662098458290337533 52.633563723736209283
30.137007499806998112 50.933666979523863461
29.035429133732382212 48.953826904296875
27.63640840760142936 46.711166979577562586
28.086216604395250585 44.514017038881434019
41.915401775601772272 46.660381361524848387
37.318868600292269377 43.764670588270220719
30.340836691735425745 38.196022241733075475
32.633781536182034699 37.082038082405176738
37.712807001760204173 38.814294757951614656
35.297207166839363879 33.764319364491136355
36.960191595953496346 32.418373236995485343
42.587628380143989659 37.892472411067018356
40.891291363326686792 30.79999021985230101
43.31455875514631515 31.536166460098069564
47.486654950211374171 41.956875918344550769
46.947496807834902199 29.673883078933027235
48.97389984130859375 28.483967405283269869
51.003594935910555819 29.642596435993667114
53.271121001814847773 28.73698997275721112
55.122200711665449546 30.031314700204237766
57.169391820433602902 30.546449713751737676
59.285924599752874542 31.092877151909164013
61.633190059305348996 31.529805729024868555
63.139844735417732124 33.220954157641067184
64.63809044352498745 34.849727722713893741
63.495710450542205194 38.403118212974938217
67.30936030863989572 38.367845572090374162
65.915849436618060508 41.410787659878401712
68.124745115774388182 42.731338667162745537
67.445713611027471757 45.027526601438758291
67.159108398176627475 47.042485509820991751
