35.590302599117009663 26.287885622297359589
38.6535474100384846 27.169317608174853973
41.758014832304276354 27.991322278833774106
44.857031169273255955 28.821537709639130753
47.347875051509255684 30.516752912268309217
47.217784860833582172 33.114708167572565856
44.934875604108000857 34.66846851813271968
42.053659057669307231 33.585716640721926751
39.125157462312841972 32.273987369529635316
37.310243517986364736 31.780648731891659509
39.048911500057798207 33.898885538218110014
41.186628016310308453 36.312535666951994529
42.639939673722828672 39.018510751107278622
41.47788674133711595 40.984826629676987864
39.205652453155906301 42.590484260733873612
36.822122639082621731 43.069463401940858205
34.160281325958081311 44.326619577398645333
32.759813072862975503 44.141561773386975176
31.979357853890768126 41.069193760674487237
31.20865410802262474 37.947533527298183742
30.43795036215448846 34.825873293921880247
29.677118370549081305 31.797118921762077548
29.286718780159059605 32.254608264900632264
29.185637526238256356 35.434954002153162378
29.086489203222029687 38.633491096846690027
28.987340880205813676 41.832028191540189255
28.884649742957808627 45.020317379011352443
28.000291120365574216 45.476585939579464934
26.001705931961854645 43.460571276320891343
25.352237096742037181 40.505210608968575059
25.581188874824540846 37.309897915502375554
25.24545932060833664 35.948259972043949517
23.709930441644111454 38.467765007765564178
22.096966415476771317 41.237367003306687252
19.995714083243427694 43.260335530425123807
17.921106673629928707 42.12391286225624043
18.60796486689238094 39.338520242761845225
20.340018382953648057 36.619374611151165766
22.073555834019874311 33.900366246286885996
23.466882023854871875 31.551363648053058597
21.844508391911894307 32.482165252790430543
19.277103478771053346 34.440760653723515361
16.615915057809630184 36.206018637696047335
13.498354953809784007 36.961720456083263286
11.761949062019045442 35.922403506177033705
11.675156938941665175 34.918790106788861749
14.177700888240220678 32.874118348872528372
15.643998292089928981 31.254975914223898315
13.032164129979642908 31.310497267919089381
10.709562754017603936 31.053728003211453768
10.844460012962517936 28.684377030226674066
9.4975643909889555516 26.170829415455973077
11.548837776328747751 25.346056395961312546
14.760354512420933659 25.167755927316694198
17.971871248513121344 24.989455458672082955
20.868796510372547459 24.777646957403007377
19.558831861903719584 24.117750647312590218
16.453845272224452145 23.266661445188464796
13.348858682545184706 22.415572243064310953
10.416586281326317476 21.368595587720150775
9.7646870086191661642 19.444024493320661406
12.398370271817721999 19.409736639672058089
15.170650239556714212 19.569349610522138505
13.972580685224240682 18.00052757055283692
11.55353665459569612 15.893020582488775361
12.14720628895157617 14.459280845524109083
13.888921838766378869 12.195941181952266064
16.08855648113407355 10.075788920583489627
18.675434284731029067 8.262054634962890276
21.548954224267106383 7.6214442552366463701
23.588365790277414646 6.537089165824919057
24.660874890735239973 5.9326033379568201553
25.405953467063095985 7.9936177738125833159
26.3017541356333453 11.072481361500575048
27.197554804203601719 14.151344949188567668
27.913464349782813656 15.447088931658726096
28.207773394056555816 12.563837825611477328
28.470555128115368149 9.3680812217425479815
28.793231866753547621 6.2847594976647487286
30.660126220005341935 5.769623847272676187
33.50895413598246364 6.0492636012146085989
36.193600780541999029 7.0913005934516828432
36.007271832849049531 9.5437594730526331688
34.780410927175971381 12.511219191298110331
33.553550021502886125 15.478678909543582165
32.326689115829822185 18.446138627789057551
31.372370765760695832 21.097871996362499658
32.920960365298192585 20.235909397814399568
35.154511696840536672 17.919841157360799855
37.384329518522648073 15.5990579332800543
39.614147340204773684 13.278274709199303416
41.84365340810195022 10.986417712766177956
43.221899547955317189 11.608137983679528205
43.802856188518859426 13.766003696518380295
45.39156207396023035 14.933650957764287526
46.511364022954523989 16.274852685677785757
46.935739658635512228 18.68042265492166365
47.419282267005193887 21.321832690689451084
45.971202245237535067 23.629497800988822576
42.878761647918061328 24.206942287928544744
