53.162722285885443796 32.023224911536928516
50.679507298024432771 32.53498725760296395
47.393417635784992115 32.230976691008464741
44.107327973545544353 31.926966124413940662
40.821238311306096591 31.622955557819441452
37.546024064254993391 31.321785523949007057
36.888229772040062926 31.708248705467461548
39.802062841164243423 33.093240446149636114
42.776280983196379282 34.525603657346707109
45.750490960563013232 35.957969629877261752
48.724700937929632971 37.390335602407795079
51.020742535122472816 39.111854251350436584
49.578259716945467517 40.152471436120521275
46.546483739531581136 38.905579989622324888
43.557713338406571779 37.649694297521811848
43.438128049030517275 38.517317633408282518
45.57220118909872042 41.052893309256091925
47.31753941634089955 43.755430312572137552
46.344342359673007081 45.971223170117092138
44.0522406318496067 45.598921692635684622
41.795602599192157811 43.173062351869589293
39.61595965302907274 40.851781209574298259
39.343474294525620394 41.856360370285948136
40.304264499142668399 45.011628212725419473
40.84439041916766655 47.904464487692834496
38.794743873663030342 47.754036871139497578
36.945915636712761909 45.215082233279375146
35.988938333200273689 46.29572257502352528
35.3741842792650516 49.489990129791124218
33.519688375803184499 50.688159684117380266
31.373620580478075226 49.665244979064226527
28.993120693874207205 48.275094488859267017
27.990920840523301649 47.184968205581469647
28.804993269552284119 44.005073384259965508
29.641367468987176892 40.798034145185965826
30.308201960780820627 37.975918070563352558
29.156117589166417048 39.283477660269539911
27.354938336868428905 42.064743079589717922
25.553759084570458526 44.846008498909903039
23.759903842154120213 47.56353608472859662
22.252682456794882881 47.174740111845061108
19.923632036449227201 45.026539859773023977
19.464176361716255315 43.119788083678159296
21.676719880638927407 40.715581854034034848
23.931834821208958886 38.302834019924958397
25.199716301524137663 36.615553937786508243
22.720926405847698959 37.681512446053687881
19.731664574624833364 39.122590865095908441
16.742402743401971321 40.563669284138129001
15.897551336103472153 40.287294656943203108
16.170517011837123533 38.521185545014468232
19.05128581439614166 36.999393259788384114
22.046494530535433398 35.583995857906884908
25.041703246674725136 34.168598456025399912
28.03694738889737792 32.753235928342057548
30.949716825556560451 31.426656018709220319
30.111558986604915589 30.949008993927929367
26.812407567069232783 30.900722752579735442
23.510569897290952923 30.848017571391249447
20.20873222751266951 30.795312390202738584
16.906894557734386098 30.742607209014234826
13.794250268730516851 30.343569655901859505
13.626636739058021419 27.987755277585470992
14.267639553957902621 25.006106351455986925
15.847493897744595159 22.984669354737441438
19.031840141326771487 23.454851753459866615
21.332121502879264341 23.632495266281932089
19.660326815549904467 21.545552666834339561
17.663680926900990897 19.051574000756865246
18.971609654258596578 16.883771309346787604
21.369982964334504061 14.743687669695686893
24.047757912531203317 13.032696085144905851
26.225888142638030587 14.24633087358786554
27.741997580528067857 17.194615999588986455
29.253101939881673843 20.152018084661964537
30.728165280429628581 22.999777201640711155
31.030212275398739052 22.279019167486495689
30.49608783131887435 19.014484030156982186
29.958497904661538058 15.739406299741476758
29.420907978004201766 12.464328569325974883
29.60275539705946457 11.060546954097077332
31.713329906784366585 10.889846955429103303
34.488096021061018348 10.986932597002413203
35.324731080028783481 13.688224550561859161
35.113230957413520628 17.003443031143998354
34.901126848521762724 20.318981100829368813
34.695199730886592704 23.635446608285381132
35.145936406601329338 25.438765665443938246
36.538415513216740749 22.866999761680702363
37.977033341273575218 19.88118430144861648
39.415651169330409687 16.89536884121653415
40.861931190529567459 13.925160990667052374
42.957708687071203713 13.096280150784277652
45.517499539873497838 14.744092696775663143
47.786799344983009519 16.750262973819523893
48.422120633866455819 18.994578113515647289
50.137755611815435941 20.140138937916766793
51.06813978676024135 21.677360036398312104
51.730289604010671667 24.108358112491828251
51.95272968371743616 26.963567590891305059
