30.514184548766330352 22.565141677856445313
46.612537198281231099 24.669772393871085114
44.320770255272051941 26.334290960058105213
46.047536568680953906 28.887830255040466199
34.292238239535066668 25.995153565277135499
44.050591958666416303 32.646995604552472514
42.098825324106172729 33.834193180544446022
37.562887692986492993 32.446697865152565043
40.677161661320411667 38.21240015179440519
38.350013879929967686 38.753747859255355479
37.175590243319831529 40.902856094843784263
34.50061745426293669 40.336484008332661233
29.014098520458247776 30.030961940844569824
30.883901612554144123 42.774342208849532199
28.613515861725353773 41.833731013390348608
26.588306427001953125 44.051104034611384463
25.27901293805631866 35.022239614008114472
22.962144137013076772 39.624898032223818234
24.060304485562621579 30.345531726862795097
18.673121780241142886 40.342934095337788847
16.078694643491978411 40.768324180848722449
15.20229283610268034 38.236646927457428546
13.528608460317368412 37.06940214406904488
11.473046551105488433 36.174981655227718136
23.489484790566933725 24.816566876155476962
21.451736684541764077 25.530738363841603444
8.6563253556587653748 30.548972427136938279
8.9711680646352469637 28.289296955206086892
9.2765036652237533588 26.244876833419048978
7.7514131533827494991 24.544978143484442512
6.6498328584027923682 22.565141677856445313
5.2508140388624013895 20.322481760349685231
5.7006218079232802154 18.125327770292891216
9.5935414219791788071 17.043209244058534324
8.5396394496863834433 14.529357142381741141
7.9552413339452101582 11.807337077880193377
12.259659872439307549 12.154771958450167446
10.975675900736840518 8.5074671930710596968
21.549595128867249372 16.969086626293890419
22.004846364600155084 16.256551927978598826
16.26543506149373286 4.6854040675915271663
21.687586532242484338 11.557944816034204649
20.928965317212430364 5.1474802876602794299
22.060731887333730583 1.2645762177270221116
24.561901543321230434 3.2851976080681914993
26.588306427001953125 2.0952802714942073692
27.264720767090338427 16.129470090723899034
28.154892775969329932 15.194925280033102055
32.736603502003845279 3.6426285263741853271
34.783798400833340736 4.1577625776058013685
36.900331172561081416 4.7041909643551669262
39.24759661014107337 5.1411195235845745799
40.754247355342116066 6.8322678415007427333
42.252496978085112289 8.4610405321356250141
30.642877744367748249 19.619323931041051878
44.923763023752457002 11.979160248856823401
43.53025230506662524 15.022100744971234931
45.739151701467747557 16.34265344072231585
45.060116434491334303 18.638837807142706993
28.799344249533874063 22.332752982988932189
