60.362216947801528022 40.090641444528202442
58.957503265795217828 42.402661393051900518
59.498513369273929641 44.95814274371394248
57.635689317033083512 46.217199297572832961
54.647230070297645455 45.242873373341438992
51.629867308566360862 44.165317812657285401
48.840993459036006641 43.220302559652473917
49.596217846916630378 44.331123917306307192
52.026467569093895804 46.413582677580038194
54.455443619129262345 48.496787731751680894
55.7926287512996808 50.980236569624345577
54.146986263428317443 53.320732507432367697
51.863683626668176885 55.139043845250910181
49.621481891568407718 56.465762931696204419
46.755574302952169319 56.202726545753201037
45.204320966840420226 53.742792737761760691
43.953564152943464194 50.789978384622692431
42.758174514418733736 48.095742136683824697
42.421586761539359145 49.412318483743639774
42.49088925752862167 52.624500499072560444
42.557967667028719916 55.836128407328295964
41.76932720208490224 58.590990878759598104
39.72433290490064195 58.608124682447609644
37.686057759716966586 56.509267751458160944
36.760684529126429254 53.524140018829747589
36.019647210049889452 51.957577184418987315
34.220132588673820351 54.258888598773019396
32.030462581913994313 56.349435306413433011
30.721573756490442975 55.729662505667604933
32.119172597941940239 52.966669665465772709
33.626701849706343239 50.124976859166352483
35.134231101470739134 47.283284052866932257
36.610900568396523624 44.456213050151198729
36.016375943271029314 43.591656584936139041
33.547071910441879083 45.533552609326910954
31.071942953056481684 47.586055441730493953
28.596813995671084285 49.638558274134076953
26.163696666031597715 51.481923020649738021
25.009257886575280594 50.148514701225288093
26.631869977246164893 47.547950925680389389
28.923714205647755193 45.357402361548679437
31.656532500034344935 43.692888731537721014
34.403729954146676562 42.045527902388521113
37.147190923193122103 40.395020432554929357
39.644111736397604773 38.951263002851682415
38.351669612015498956 38.739954348804225503
35.141831282308771733 38.730365698719154466
31.930577679471998209 38.707345530739402761
28.719324076635238896 38.684325362759643951
25.508070473798472477 38.661305194779878036
22.33634098640076715 38.635690042370875119
22.243869459335297023 38.407903978053440142
25.386446780957705016 37.967718438202275877
28.217157373342377724 37.489080573761292214
26.799804265316101493 36.605785745724872982
23.746702491039631155 35.566674730556876227
21.007388744041051609 34.511445526049357113
21.524682844031371332 32.550689418568801159
22.561047570318724098 29.946792793425320411
23.795597014432242844 27.749787002589581419
25.520116609941325692 25.465284295754614163
27.681167891110014523 23.341345147707485808
30.252739189823618204 22.213224348353186599
32.39371884508331334 24.162524366613599369
34.149950743831347211 26.84585232315744463
35.906182642579373976 29.529180279701289891
37.429395994236053014 31.685767804486154375
37.133561333115011394 29.730381636184773697
36.324083638082889536 26.613900967769495765
35.514694085059332451 23.497420821425638593
35.232570027211757235 20.384063706313771291
36.511437753694856667 19.044510938368237163
38.639083476137734863 18.836625675187974593
41.420931052694385244 18.707875728815526628
44.305384521932751341 18.976537733592376611
47.192621141796443851 19.751393271294912068
50.105949978169206815 21.041009365728530867
52.616225727949867519 22.654035432821633123
54.795045465062926837 24.558085814751162701
54.530806532862264646 26.140879481879625956
52.198934252342212403 28.344903438109593452
49.866830096283230489 30.548918908319240728
47.534725940224241469 32.752934378528884451
45.211882013676742531 34.950220618430812181
44.977616708952098179 35.629777028356244273
47.696835462424587604 34.163093497563714607
50.512360602816677613 32.62642597157086044
53.327885743208781832 31.089758445578013379
56.143410883600886052 29.553090919585148555
57.895374651644921471 28.618416974592609137
56.097183618043040099 29.673498560308747329
53.322773943575278111 31.281439224060434867
50.548364269107530333 32.889379887812118852
47.773954594639768345 34.497320551563817048
44.999544920172006357 36.105261215315501033
42.275041835880102781 37.691651720848810214
41.569636754927664413 38.323694644580804436
42.530497584614970208 38.606713593455260991
45.716179003934058755 38.613525235276711101
48.930797665897223681 38.616340802219284001
