21.409057214171603789 0.18370632827281951904
21.579669766048809265 2.2883379588888757006
17.297641793130615895 3.5298149528506859163
21.014674873284903356 6.5063948170543390859
12.006636621428281586 4.8368798733213091978
15.863475335592715609 8.444454253491999296
17.065957864287057077 11.452756871367391511
16.640234482918629055 13.766117739126149999
12.494843890856111912 12.333147751062062625
13.317147402955862745 16.372310556898739264
12.142721891893661024 18.521418773642352562
3.6621949241929363517 4.9155593417703187242
7.4114826783002056843 18.206756545168847339
5.8510352094963060665 20.392902983942871487
3.5806486363555363184 19.452293715133478713
1.5554383993148803711 21.669670547672904348
-0.1393211664906988112 16.308265617289134042
-2.0707238948589350436 17.243458847688618363
-4.3502761252284587457 18.359625133799603702
-6.3597456835042063261 17.961500594105366702
-8.9541737985674370037 18.386886846451545807
-9.8305745786146605525 15.855209638117170101
-4.7158597975405971425 7.1486886782106955351
-13.559820876381280641 13.793546265553937147
-14.526763914124654065 11.868108202261412387
-17.591393701202679978 11.238134764212128758
-16.376541133328672117 8.1675379617702770219
-1.7740835893599880002 1.2655335418815794046
0.34325760473914090909 0.44136327839627303993
-1.0905918656414335111 0.46181531509790019197
-18.383033619563516226 0.18370632827281951904
-19.782052432124537233 -2.0589544155974262019
-19.332246099589927013 -4.256107628532190823
-18.345731433061043703 -6.2825759945301165033
-16.49322702944531116 -7.8520777724507002659
-17.077626084936351702 -10.574098338506262351
-14.784681212421212138 -11.688084452129871238
-14.057191516320616032 -13.873968217412302906
-12.121256556709008478 -15.005802194983676401
-10.458271165759203569 -16.351748331291204863
-8.7674333185232349308 -17.696032283428685616
-6.5271713876046195679 -17.970132309276657168
-4.103903065568338171 -17.233956061124548143
-2.9721362516590899006 -21.116860131914354071
-0.47096538563900836039 -19.096237544251870588
1.5554383993148803711 -20.286155122792902006
3.5851305996557809586 -19.127524175697931952
5.852659177487295139 -20.033132560570376057
7.7037355944882737191 -18.738807821274594545
9.7509319324033221221 -18.223672812435477653
11.86746276538783107 -17.677245396226158647
14.214730208504125386 -17.240315815246020748
15.721380926170837711 -15.549167508851130748
17.219629559633730764 -13.920394847503347435
16.077245999031596568 -10.367004027253020837
19.890895599709342179 -10.402275132271016744
18.49738485457446302 -7.3593342148199738517
20.706289994942238764 -6.0387824209558864652
20.027247099170764955 -3.7425975698846007944
6.6730511270144354796 -0.3541764483231294447
