59.678718120648092338 51.63397887652342888
59.497198714139123865 52.999803297472524832
58.49392197386123371 53.990594582976889626
57.897193522855346259 54.998495023949736549
58.529561130395912016 56.233811019905026285
58.686551762955787126 57.424904878797953245
58.13939178201359681 58.690560019654860469
57.516076643145133573 60.039999434908700948
56.728454073208169461 61.241621737928007008
55.595393004137036996 62.185728866427737671
55.036589235827527489 63.509923801702640844
54.29149219709913865 64.684785499424904742
53.297007372323115248 65.664138438877472481
52.26984246928915212 66.545218504986763719
51.15777696004941788 67.374019147943386088
50.070683268147057277 68.076092432067085269
49.060251301010666225 68.644068965741496413
47.771952572435139928 68.805408465317881905
46.275397958533794451 68.936210510618124658
45.097992409524628954 69.733876906700544396
44.059140721449281841 70.467562605676263843
42.837406827621833827 70.642275593369816988
41.559273162480764086 70.641703624119443816
40.488419284622160887 70.920080601298352008
39.526500064756525887 70.931530138076411163
38.543736428122670645 70.895409196233288185
37.570516382400327871 69.754692408837044582
36.582337136044415615 68.626791063486749067
35.402800101999311266 68.40252339654820446
34.027882327842689847 68.892795185281144654
32.555958507071707686 68.86006562513526319
31.031525780520368585 68.728404319669152756
29.903415399861671631 68.330149328720906965
29.759986374008914112 67.246933372464425815
30.028737075657431888 65.757626999677441404
30.272502945973283062 64.264627532945539201
30.344531713562798103 62.749359327552298282
30.17664373970644931 61.236729938661838446
29.89248119849927221 59.753083208084561306
29.855880546653654761 58.390750449688852086
28.970978332219679885 57.722199762143844737
28.7688603413784314 56.998249475067318315
29.668726988742392336 55.883133097143449675
30.305497156223147215 54.630362937904102694
31.040443238002207949 53.472314408928376395
31.752602645778072343 52.557657287709346861
30.928656949398185105 51.679125176450249057
29.638893313834952181 50.922711432416662092
28.188976020002350253 50.571900027556139889
26.710645994944858472 50.286816138820640276
25.232315969887373797 50.001732250085147768
23.753985944829882015 49.716648361349633944
22.275655919772393787 49.43156447261412012
20.797325894714905559 49.146480583878620507
19.874014308358230352 48.890930058535040814
19.955899604538004155 48.208733201497587118
20.18570809897953211 46.874002181222849117
20.522392511312880004 45.497082661685389837
20.934861522935211298 44.20568906955627142
21.419268969619963627 42.978798956233077888
21.951820540888171251 41.848366480529051614
22.498081568711555178 40.848440089570196676
23.141941687832073171 39.818841415018141561
23.927399453327538481 38.725296032043893035
24.795663484858078363 37.674630035840003472
25.753544675717940038 36.665795745797467475
26.838074695630272259 35.67592541799781003
28.016108340077995109 34.750978098372719671
29.254023335587664434 33.920511590171813054
30.501182674875643386 33.210182230647482982
31.871113809125443339 32.920404158322689625
33.305802403609391149 33.226497370188297964
34.268470360916140294 32.762589368896477993
34.780410409479621592 31.565273018615560119
35.501839198397291852 31.393631611112756019
36.328299951920463684 31.231274993382402982
37.362255961192964548 31.222057532938571001
38.626089755240819557 31.116717765188045774
39.944781747146649309 30.933774487527358588
41.274507371885150064 31.251510981150929069
42.651305140934013593 31.256543328561111394
43.955050056346685494 31.37588274921814957
45.29818129193043319 31.712351648203451759
46.703406743211857588 32.192344281921883464
48.096062283201959531 32.748722353480630431
49.426410252312123816 33.418901185434677359
50.642981938624878069 34.147084876582709967
51.760735019933015622 34.92644432584030767
52.860963268940018622 35.81304236421000553
53.905332662247317899 36.784581211437640036
54.722363737560726804 37.651005469517315305
54.847052337650872289 38.653621285811517794
54.593437195245044791 39.939379958349647382
55.504817310118596652 40.364354375198836067
56.815415054336021683 40.4718201789268619
57.208479208259483073 41.141089693195652899
57.304458066222849766 42.098469095443839194
57.111362708350888795 43.348809919727578688
58.090391153243778888 44.248975924715594488
58.652203097903367279 45.345813748434984802
