18.755597665221408477 3.5200872421264648438
27.171657375977208204 5.6247189168264792869
10.460943265413568781 4.224397394520170046
12.735085220512775805 5.3356279858621018519
25.222602842970282211 11.567674786964035505
15.84569979352787783 8.5420389891442773944
22.657945456275605522 14.789137854526980931
21.698246486891093809 16.621706657303818133
21.236281820053108049 19.167348594636212766
18.909134059021894814 19.708692469219503351
12.371446335453288867 12.568358644347258135
15.059737618029034323 21.291432440062099118
13.003468878706021528 21.543138450559432329
10.051491890750414271 17.182644486879471657
9.1726350474855031791 22.788673720714225368
7.1474246978759765625 25.006052459904349661
5.8405058717127200651 15.954589774143078884
3.5212626915674580808 20.57984074509157324
1.2417105607576344184 21.696007036345999808
-0.76775922016890874033 21.29788250008592243
2.8757137165745962903 10.918909394819678482
-4.2385879447167731371 19.191591534153204179
-5.9122723621711763542 18.024350527009808332
4.4407403675011458688 5.9571967855206757747
4.6246752789838074804 5.3529714879124954408
-11.999406990002363216 14.574516771726026221
-10.784555429292982609 11.503918923743722047
-4.7780642276833038551 7.3949135242842150006
-10.164376685142279655 7.1998240615658009034
-11.689466674749631636 5.4999246009646194366
-12.791047917048867788 3.5200872421264648438
-14.190065775989385344 1.2774265434716918222
-3.6948953022158494974 1.2154812228023237353
-12.753744782383634515 -2.946194542173012465
-10.901241325529191784 -4.5156968170413307462
-11.485639423438982476 -7.2377173891435617747
-9.1926945597002891475 -8.3517025351250744336
-8.4652043655692192914 -10.537587278541085567
-6.529269896668365547 -11.669421239894615994
-4.8662845048995855279 -13.015367376127503718
-3.1754464367733508112 -14.359649410099549982
-0.93518490880881621763 -14.633750397677779631
1.4880836667735204415 -13.897573200595637388
2.6198504168876386444 -17.780478222309632486
5.1210211989978198233 -15.759857538113323017
7.1474246978759765625 -16.949773210561456693
9.1771170167443543164 -15.791144170886781239
11.444646836072239537 -16.696750637982823662
8.4070851743298611325 -0.35674789291816821901
8.9112102555985597263 -0.44143960273410742801
17.459449456320257354 -14.340862510261246143
19.806716884318571914 -13.903934842430142993
21.313367595221617279 -12.212786538713173101
22.811617202348330125 -10.584013852461129801
21.669233513792576673 -7.0306222459186802354
14.510556002958040267 -0.73101829215163061093
24.089370563053225993 -4.0229532428672154509
26.298273789523282318 -2.7024009873619565525
25.619234704689262117 -0.40621657216343098895
25.332631355556571862 1.6087452100434520563
