50 50
46.707781890072574527 49.098922082852297422
43.415563780145149053 48.197844165704594843
40.12334567021772358 47.296766248556885159
36.831127560290298106 46.395688331409182581
35.33331375885583725 43.010041758792098676
33.993804666788243196 40.097618934505710797
32.654295574720642037 37.185196110219308707
31.31478648265304443 34.272773285932913723
29.99333352669122732 31.430104687205481895
29.287207046345130834 31.034832135979193879
28.973334080388259082 32.886084576154345882
28.92817760431335472 36.095713411985229868
28.883306381772268168 39.306625426406519352
28.838435159231167404 42.517537440827801731
28.793563936690080851 45.728449455249077005
28.632785188730995429 48.105328587531005269
27.090661062705052586 47.596109234112411457
24.878237083970478949 45.700446908106812316
23.193113788594594382 45.257984556295220102
23.808593672126971086 42.316231598744700193
24.578750398589995996 39.183154300870789655
25.221744425802686607 36.33986055197589593
24.164249023824488916 37.371711516878868053
22.381178220241388033 40.05703332007384887
20.598107416658294255 42.742355123268851003
18.835311929111089313 45.260700533461147188
17.379108762576663594 44.311055738112287372
15.023336181784472387 42.322524954888038451
14.901997848471950192 40.484677443923438034
17.173788925795189897 38.245624253824416883
19.468395542232205031 36.002503436136485959
21.763002158669198849 33.759382618448569247
23.337724765364974644 31.931110660525952483
21.013913799387996306 32.424710701300618609
17.971221095824073899 33.508957552954178993
14.934983545901189927 34.602673854198791048
11.939225339921398117 35.600006793618810264
10.407644131256573061 34.185613517489571223
10.813195038116136359 31.458331121665587204
9.1776538546888595249 28.781908534095176577
8.8451754275235927594 26.053118531008113479
9.3558584064594185747 23.17901192423267176
10.307496204849124766 20.651054360093759499
13.198384705326549948 20.990916327330722879
16.226276006539002594 22.103172508461582879
19.25416730775145524 23.215428689592442879
21.28352941985019342 23.753330002662359277
19.383196013501393651 22.030866996266645685
16.913808338087790162 19.981083473664156713
14.444420662674188449 17.931299951061667741
12.987958142993077715 15.781391051596802555
14.83117252232829486 13.733548783929286685
16.974740715464168517 12.195063858798160794
19.380328409755264829 14.000845637868803095
21.489769620760242219 15.6341383029504577
21.661654271045609477 13.424307843905586068
22.643943905566128905 10.781466436949365573
24.035496455800068105 8.6666936124352069726
24.880470692597988602 8.7500914675686676247
25.923571704315559572 11.770113232574006545
26.963149458674600112 14.758213491013419727
27.71719767049649974 14.768218797961662148
28.171270359075311518 11.649456470559041321
28.719908306651912966 8.678750576850076115
30.842744066607323816 8.4042769803817911622
32.744104925365434156 8.9149096309715769593
32.354158997177783874 11.902899365261287556
31.814788806612988026 15.074553289930392452
31.275418616048192177 18.246207214599490243
30.825018016017033062 21.329704239804424759
31.985789787593226663 21.273547225500557545
33.731264948366543877 18.593832065966193312
35.459699638763375162 15.881411344882762293
37.188134329160206448 13.168990623799325945
38.995128892713843527 10.935183284227733225
40.996006352639554393 12.301184895881181802
43.170382321957717409 14.258162905109461605
43.70644909277832113 16.457197833371740359
45.384584423524835017 17.543983005900447125
45.699227877930482578 18.354703193978782139
43.013421138605295369 20.033926938947779206
40.27717350859512635 21.727767486422759902
37.540925878584950226 23.421608033897740597
34.815725128743338246 25.112441951085600067
34.557693121925943558 26.070799142590544761
37.654651068591462604 25.694871514484404429
40.823723284833079106 25.192301254921428466
43.992795501074709819 24.689730995358456056
46.257551776102459939 27.129785445013055778
48.522308051130217166 29.569839894667659053
47.117592057172842601 31.881859312185721222
47.492721605966373488 33.959858030289431952
45.00812646807661821 33.675142498286177783
41.866528197297455449 32.933569809969206688
38.749836085856301793 32.203094807991178072
38.262522795957238486 32.64421840665387009
40.824435013583951104 34.444015889956737908
43.451577648524505548 36.272878742242561145
46.22578467933102786 37.812960648230145466
47.169338509498274448 40.859720486172605547
48.11289233966551393 43.906480324115072733
49.056446169832753412 46.953240162057539919
