40 60
38.989106806978369946 60.878619523780898248
37.978213613956746997 61.757239047561796497
36.967320420935116942 62.635858571342694745
35.956427227913493994 63.514478095123592993
34.945534034891863939 64.393097618904491242
33.934640841870233885 65.27171714268538949
32.923747648848610936 66.150336666466287738
31.912854455826980882 67.028956190247185987
30.901961262805357933 67.907575714028084235
29.891068069783727879 68.786195237808982483
28.88017487676210493 69.664814761589880732
27.869281683740474875 70.54343428537077898
28.991163345252864758 69.228205450700215806
30.113045006765258194 67.912976616029638421
30.083265055700834978 66.419020099075268604
29.874933456638196105 64.92583203867992836
29.863203562436812177 63.552912221080426036
28.96997259713553774 62.801856411367438682
28.752608930046111624 62.00244196932811036
29.629913292386063972 60.856887522615856767
30.26435357959814354 59.575362394290728218
30.876082565784731315 58.335581233923306854
31.750939048354599237 57.359386847517143337
31.24193157151806588 56.438668433712720685
30.112523686067280693 55.413272437949096627
29.038941726605830951 54.343254618147014412
28.704080057201057485 53.041114812344879681
29.190083301683152683 51.677074780866071535
29.754783084127485182 50.605775492384346137
29.005236856418548541 49.685103507362711639
27.80752194251973819 48.782304679609879372
26.609255029361193579 47.879527356305722208
25.41098811620265252 46.976750033001550833
24.212721203044104357 46.073972709697386563
23.475899813263851001 45.418228710419995764
23.767661199994940091 44.923352241935134543
24.417625653501218608 43.924489765323052382
25.233030603280944604 42.831082771532123843
26.118138652690873869 41.798981319453261563
27.110637666972117188 40.792144603951960846
28.223769755191892017 39.815482722246102298
29.4214750966232792 38.913157224833966552
30.665245190240057127 38.113846548869162234
31.915517600157734535 37.433051564385820598
33.343865812782510716 37.382341322993696053
34.713948006954346681 37.630109319123121736
35.492140426632040828 36.826151334361249212
36.054653431124819463 35.910213577372665839
36.782541969200480025 35.744846121062550992
37.659884363212533742 35.582994474491449921
38.767833472250146087 35.709960499844889625
40.05591614490561625 35.351390419628302197
41.375746045897585645 35.334094746917379837
42.71411847000443629 35.742041122425867172
44.095953652307002812 35.592529619605272728
45.381172371987624103 35.8475061018261556
46.752000999318653385 36.218230637701097407
48.1626392010361144 36.71247883628129216
49.537541475418606751 37.31316510654480112
50.842881322804679201 38.003296802738574911
52.026023966944173083 38.742008551964246976
53.134368783655993695 39.545458961867865355
54.226909594461730535 40.460311749988704833
55.236144420234531083 41.434678636072696634
55.961925269177115183 42.227924816416013698
55.80457683197839458 43.430551318612891976
55.783961314047715518 44.544154389522560678
56.976227302342742576 44.761588134050356302
58.00054724397209327 45.040590666328810698
58.39632005753469457 45.731308452943871146
58.238551378397211522 46.854266120510736471
58.363440303253881325 48.008692088528015063
59.439448954668122838 48.887724323941952775
59.681658565622818458 50.112268664540337682
59.321674792439537782 51.604135803712289032
59.20629165328284671 53.074774334529031705
59.840405047721255016 54.331544261648211602
60.757898513221498149 56.028121027365948237
60.576382873711914101 57.393945439573329281
59.573105307100064465 58.384736692727571494
60.587242129521968081 58.550339210357023489
59.3005394964268433 58.640943009709708633
58.013836863331718519 58.731546809062393777
56.727134230236600843 58.822150608415078921
55.440431597141476061 58.912754407767764064
54.15372896404635128 59.003358207120456314
52.867026330951233604 59.093962006473141457
51.580323697856108822 59.184565805825826601
50.293621064760984041 59.275169605178511745
49.006918431665859259 59.365773404531196888
47.720215798570734478 59.456377203883882032
46.433513165475616802 59.546981003236567176
45.14681053238049202 59.637584802589259425
43.860107899285367239 59.728188601941944569
42.573405266190249563 59.818792401294629713
41.286702633095124781 59.909396200647314856
