100 100
98.382569853766653978 98.985174025758425387
96.765139707533307956 97.970348051516850774
95.147709561299961933 96.955522077275290371
93.530279415066615911 95.940696103033715758
91.912849268833269889 94.925870128792141145
90.295419122599923867 93.911044154550566532
88.677988976366592055 92.896218180308991919
87.060558830133246033 91.881392206067431516
85.443128683899900011 90.866566231825856903
83.825698537666553989 89.85174025758428229
82.208268391433207967 88.836914283342707677
81.356168191482368002 85.848484112481230568
80.102935634113563879 86.482582902836099947
78.703963558302646675 86.012782541693695748
77.501674303266838706 86.73292164598107945
76.416877947094121737 87.134477595017855833
75.328911553711421334 86.096041101730975242
73.981109043943135362 86.16783633512777385
72.458028294417871962 86.971571170498734205
70.886173951323314668 87.571679380852117447
69.399507669760296835 87.355517291263211632
69.252076706143341767 86.147115777989412777
69.812354707620684735 84.54387474353386267
70.380924891059748916 82.936009928570385341
70.949495074498798886 81.32814511360687959
71.518065257937848855 79.720280298643388051
72.086525678691813823 78.112266948412553802
72.645617854272472869 76.491576113113751489
73.135787152734948791 74.845802421011313754
72.809681463266471724 73.504443136535243752
71.805996046865757876 72.970152912940903889
70.75838037939637104 73.053002934757302
71.408949841255065394 72.177573473331648302
71.979868407509954409 71.101114033122470914
71.948065816123815353 70.459199344680925492
70.367983745458474232 70.308817889821327185
68.64874661641242426 70.215919220855738558
66.939638139491592028 70.127675096594145998
65.230560402030931755 70.03944509841663546
63.521482664570264376 69.951215100239139133
61.812404927109625419 69.862985102061642806
60.103327189648965145 69.774755103884132268
58.39439411339056818 69.686274126914199201
56.849940824111982351 69.312430262974487505
56.779796306800612626 68.113024044867216844
56.942363292885218584 66.657361630911822203
57.241827645325905394 65.082659543864181728
57.661848842638889323 63.55142350138519447
58.169728654614338836 62.13808114846983699
58.763984358417310716 60.803979664220868528
59.327588945809893062 59.736441699093049351
59.756485118549406366 59.01588584390952974
61.413787421485253049 59.115008850219517456
63.068658554157266849 58.895908844974805163
64.692295316179681208 58.314171631733948686
66.259944215031467252 57.629855122723490979
67.308567825993122824 56.303401138482634281
67.83836106278820921 54.662526599113817838
68.25984460479381255 53.004354285033635108
68.923086151706371538 51.798896685341773605
70.339573220456372837 51.89351769900648037
71.329930243417379643 51.182192350918398915
71.978409260893684518 50.174701309015048878
72.819774476644809624 49.988297091882429868
73.868482999088428187 49.808410404861199083
75.235204899373869125 49.911407609500308524
76.724606609274573543 49.603485111926467255
78.229907771417771301 49.911987131922316507
79.793598332135431406 49.867887639565559255
81.258163428482902191 50.124188057089455128
82.816169326659533567 50.553873773265735281
84.40938846048405253 51.13898934823374276
85.947398242143137281 51.857153527950941907
87.364552930645587026 52.668831015841121257
88.642656944893886362 53.54266451628555501
89.768397550239797056 54.442731694683971
90.003187438985676749 54.969901388982876256
88.935207370685134265 56.304639470268803336
87.863154658116954465 57.639428530318681965
86.7911019455486894 58.974217590368560593
85.719049232980466968 60.309006650418439222
84.646996520412244536 61.643795710468310745
83.574943807844050525 62.978584770518196478
82.495870912118675733 64.308029448547699758
81.365743541520629378 65.598606961510256497
80.291477326026594596 66.811302834408550666
80.560472965467511131 67.078483301012809648
81.777324704036416847 66.641892483437899841
81.219203616374883836 67.231070250263314847
82.950906014594409044 70.046947088993377406
84.542878406407425018 70.654095840627064717
86.194818204924445126 71.108090401233653211
87.8471830027802838 71.560999531712511157
89.499547800636094053 72.013908662191354892
91.151912598491904305 72.466817792670212839
92.804277396347714557 72.919726923149056574
96.311966383420696047 73.643127170599711917
96.575397356033505503 75.525760944128307983
96.838828328646314958 77.408394717656889839
97.102259301259124413 79.291028491185485905
97.365690273871919658 81.173662264714081971
97.629121246484729113 83.056296038242678037
97.892552219097538568 84.938929811771259892
98.155983191710348024 86.821563585299855959
98.419414164323157479 88.704197358828452025
98.682845136935966934 90.586831132357048091
98.94627610954877639 92.469464905885629946
99.209707082161571634 94.352098679414226012
99.473138054774381089 96.234732452942807868
99.736569027387190545 98.117366226471403934
