100 100
98.884230297247526664 100.71256845326060159
97.768460594495053329 101.42513690652120317
96.652690891742565782 102.13770535978181897
95.536921188990092446 102.85027381304242056
94.42115148623761911 103.56284226630302214
93.305381783485131564 104.27541071956363794
92.189612080732658228 104.98797917282423953
91.073842377980184892 105.70054762608484111
89.958072675227711557 106.4131160793454427
88.842302972475238221 107.12568453260604429
87.726533269722750674 107.83825298586666008
86.610763566970277338 108.55082143912726167
85.494993864217804003 109.26338989238786326
84.379224161465316456 109.97595834564847905
83.26345445871284312 110.68852679890908064
82.147684755960369785 111.40109525216968223
82.465825022131710398 110.98085938569961684
81.175506398817134368 110.03621187933956094
79.763130561572580746 109.27596033800425346
78.747090844714946911 108.12818152717120768
77.865140733737007395 106.96757238002490453
77.239347782544896859 106.02279774841825599
76.744476983132770442 105.18264481065077121
76.281089141894909744 104.29900842502895841
76.011369992634755022 103.01145503297193784
75.744517456664866017 101.52645947194066878
76.304052905986750943 100.12654855649468288
76.451366099590615022 98.797878226539737057
75.861347666431299785 97.678150724977740538
76.808768973857809215 97.139860345763523242
78.377792320764626766 96.812541261532331305
79.949019930222831931 96.485970302460643211
81.520247539680994464 96.159399343388969328
83.091475149139171208 95.832828384317295445
84.32741792030446959 95.427474546844180736
83.884547100718720003 94.552863010515451947
83.639927903459110325 93.15519369775770997
84.395385241982822322 91.831847733141813706
84.489386749079187666 90.658251986145828027
83.963832207673732455 89.39527504799890778
84.407607460501850483 88.204722908930776271
84.154946992459599642 86.707992570206968708
83.460708964962321943 85.256812385362110263
82.649917567308591515 83.867385915887069814
81.837550059172670558 82.47879452031830283
81.061093298325118894 81.096473915176559899
81.371514481049302958 80.127851826635378529
82.587983585262776387 79.185406807381696126
83.911222171202638265 78.316420169188944556
85.243772434193743948 77.582463482711887082
86.763422071227068955 77.523129197428630732
88.191427199903515088 77.730893566955884921
88.939905708354558556 76.72293148314709299
89.592922140379002371 75.997725313036724515
90.396838301316279285 75.823953577871094467
91.397667914063703165 75.655303830788852792
92.687059309689175279 75.782666240222170018
94.088766578401546781 75.455658182489457886
95.467609348318148932 75.736675570577460803
96.269084105614084024 76.919520222728493763
96.447212087039986272 78.489860145792746948
96.582015498492552297 80.087038750847369784
96.716660171043656646 81.684244340471181545
96.806540473381275547 83.28905957860999365
96.775302993900226056 84.914464043049974862
96.717697202975500659 86.544452540339918301
96.745657800169695406 88.165423906421509059
97.347799367803901305 89.139671584393099124
98.719140742187619253 88.799547711557764273
100.23323136435669767 88.790721649386696868
101.03777297641140365 89.486353003243351623
100.87687107049789859 90.516732768094982475
101.9461952547349739 90.349368763369994895
103.45627800684907527 89.776676402715025915
104.97584696334160981 89.232649509289942102
106.54369380931935041 88.844123821280675202
108.13250299876092697 88.523117026738475488
109.46186818582924616 87.860763307329250438
110.79123337289755113 87.198409587920011177
112.12059855996587032 86.536055868510786127
111.25484151996830917 87.497766163617157531
110.38908447997074802 88.459476458723528935
109.52332743997318687 89.42118675382990034
108.65757039997562572 90.382897048936271744
107.79181335997806457 91.344607344042643149
106.92605631998050342 92.306317639149014553
106.06029927998292806 93.268027934255400169
105.1945422399853669 94.229738229361771573
104.32878519998780575 95.191448524468142978
103.4630281599902446 96.153158819574514382
102.59727111999268345 97.114869114680885787
101.7315140799951223 98.076579409787257191
100.86575703999756115 99.038289704893628596
