40 60
38.78616394984018001 60.598932996862210132
37.572327899680352914 61.197865993724420264
36.358491849520532924 61.79679899058662329
35.144655799360712933 62.395731987448833422
33.930819749200885838 62.994664984311043554
32.716983699041065847 63.593597981173253686
31.503147648881242304 64.192530978035463818
30.289311598721418761 64.791463974897666844
29.075475548561598771 65.390396971759884082
27.861639498401775228 65.989329968622087108
28.614575441946890066 64.87206726261318579
29.367511385492004905 63.754804556604291577
30.120447329037119744 62.637541850595390258
30.323701290038531653 61.126737204515912083
30.294444329290563189 59.604181809931347402
29.980388951943190534 58.141013200398198535
29.907456597963861356 56.722996759238156983
29.331662503766835925 55.863360736750820479
28.646398769867079892 55.350959083413712847
29.390588934786443076 54.326783719518140003
30.181493225266414981 53.122070376736886033
30.836458886259954681 51.934652879272881876
31.720047652053892762 51.048705914498555103
31.084557596883414021 50.411504146767065038
29.613668508218211173 50.16492931808929967
28.111888909196942166 50.055175797703036267
26.609943431787975499 49.946644478839445469
25.107997954379008831 49.838113159975847566
23.606052476970035059 49.729581841112270979
22.104106999561068392 49.621050522248673076
20.602324052967492918 49.512241937666864544
19.232678659288186651 49.178016324170855
19.077623404877492419 48.156641142834743619
19.1948000132753549 46.909978383823812464
19.417355114070012689 45.53058242002485656
19.741409539009708851 44.148988499230682692
20.145696161335440166 42.842369604100809966
20.619141189392735214 41.611666600701290974
21.150011450682590919 40.459982757469788339
21.691056461738462247 39.451116081601512064
22.316827310934449713 38.432235379395784491
23.085184380339306642 37.342242521206848949
23.945733100402225801 36.28138553262385102
24.887356805076350952 35.271054475592521271
25.956423200437178878 34.276055757022461989
27.123982956492270091 33.340370981510119464
28.356973661999965941 32.495381652528422478
29.602927883048124613 31.769747935876051059
30.942068079756097632 31.36998805924189071
32.396848974431399881 31.667455803998702635
33.461498059674248395 31.383528194414608947
33.977069247659287043 30.076614654309349106
34.708829893997304339 29.87830420713530799
35.487730165724236997 29.721744776219807704
36.477441725535690864 30.008243174813092224
37.70101079353374729 30.198670702105221864
39.039119465227457795 29.806929843234879485
40.388556131474182109 30.189589647895800795
41.749025420658348651 30.143772274562046221
43.072684049550396423 29.815039949667827557
44.386022800387479492 30.132090790890675436
45.781027798400728557 30.607760758898329811
47.182816077195695925 31.137264352177947302
48.523622501994935874 31.796147869156719423
49.757420119246937418 32.51882291945726422
50.882821966070494568 33.288265554443739802
51.985044943458653677 34.159583698947244557
53.042089179667669896 35.124464997657511844
53.903791518245576242 36.023826562478021174
54.178002388954446644 36.932527717553298885
53.846567405252088179 38.275785417447700354
54.589875081822498259 38.824944124149254776
56.030187577829217105 38.854629396247176487
56.42455688166055694 39.518059189274474363
56.656279889897128044 40.38558277935732832
56.334433702017754797 41.674759110734150624
57.204978284614327322 42.605677820487649399
57.920888348652056266 43.64088037935488984
58.167546227153280824 43.565596996369158944
57.211359583618900615 44.430565575507621645
56.2551729400845133 45.295534154646091451
55.29898629655013309 46.160502733784554152
54.342799653015745776 47.025471312923016853
53.386613009481365566 47.89043989206148666
52.430426365946985356 48.755408471199949361
51.474239722412598042 49.620377050338419167
50.518053078878217832 50.485345629476881868
49.561866435343830517 51.350314208615344569
48.605679791809450307 52.215282787753814375
47.649493148275062993 53.080251366892277076
46.693306504740682783 53.945219946030746883
45.737119861206295468 54.810188525169209584
44.780933217671915259 55.675157104307672284
43.824746574137535049 56.540125683446134985
42.868559930603147734 57.405094262584604792
41.912373287068767524 58.270062841723067493
40.95618664353438021 59.135031420861537299
