100 100
98.288055825579490943 99.98790561142942579
96.576111651158981886 99.975811222858837368
94.864167476738472828 99.963716834288248947
93.152223302317963771 99.951622445717674736
91.440279127897440503 99.939528057147100526
89.728334953476931446 99.927433668576512105
88.016390779056422389 99.915339280005923683
86.304446604635913332 99.903244891435349473
85.924573338513752674 99.798544576661186056
85.732945031069348829 98.108517543486527757
85.54149085665987684 96.417953800218825222
85.350036682250404851 94.727390056951122688
85.158582507840918652 93.036826313683391732
84.994688426883655552 91.34331291408159359
84.998714058174414276 89.631827679815415877
85.077004298428292373 87.912394175177524858
85.155786683208134491 86.192907998105084744
85.181530369920253065 84.642220506354505005
84.603363503653810085 84.844484903886964844
83.304692920504223252 85.981412475358894199
82.154685780244676607 86.595746315904008839
81.321820408471282349 85.960587835793120348
79.726257241224658401 86.16728080451805738
78.008850636794591082 86.304502067918832608
76.327160799042005124 86.48126598859846581
74.675712921727509297 86.920550916696896593
73.007298291080473973 87.297867349232618039
71.299216605283831427 87.523026101863592885
69.586484161476946042 87.719917903905027856
68.15437461656055973 87.419771346938603074
67.63301285795986928 86.0212100293957036
68.207729976435771846 84.533007050029283391
68.270531477629702977 83.128281583539759936
67.736920137084908333 81.873944754777696176
68.768721233035421392 80.835794757106910424
69.986980582597539069 79.690764423101640546
70.693239167043529392 78.125100367960044423
71.530915905367550067 76.586123508406444671
72.433555841269978259 75.065247219523257627
72.560951378211981933 73.747077118959907693
71.399867190964371844 72.602316479747670996
70.115601256658834473 71.472510358319468082
68.831335322353311312 70.342704236891236746
68.852781999471289964 69.786186666880354323
69.477522071945898574 68.789363057373876131
70.375345852657900991 67.551477160963543156
71.374603767752489603 66.375479104058186408
72.508980171779171542 65.235932177310260727
73.79211898029564054 64.143436901619168111
75.173157932119977431 63.155996904259851021
76.584447887580509473 62.315415535540950032
77.933172378901986121 62.092384931638491707
78.881817728302735304 63.335366808041953846
79.693887550714919144 64.832275304718180564
80.505957373127074561 66.329183801394378861
81.318027195539215768 67.82609229807061979
82.130097017951385396 69.323000794746832298
82.936528704154994784 70.787328336734390177
83.530322110493727905 71.022888444748900838
83.886087514474354521 69.890333531374807308
84.56089749819719259 70.635573155048220428
85.456660789217664842 71.501812646051817524
86.583069114218730533 71.520098413717136054
87.737854308865109942 71.102469587645117599
89.018334952580374875 70.38366704947782182
89.981840453860868934 69.139726354464414726
90.82563579153089961 67.646293554773365031
91.669431129200944497 66.152860755082315336
92.513226466870975173 64.659427955391265641
93.35702180454102006 63.16599515570019463
94.308505716548339137 61.912287477797157464
95.590350522144390766 62.296848054229599256
96.978068258817273772 63.118311849566808291
98.24379128818716822 64.009595774580972716
99.48261238715470256 65.037214389605793485
100.60555748577728252 66.130283192748578358
101.36368461423215592 66.975203545388438897
100.94044318497469703 68.535696939171756981
101.57838889988816788 69.309153550983026548
103.12353217462677435 69.39921353705919671
103.57112778477049631 70.16154847973292874
103.53367700659815398 71.340058957593015521
103.69229758936242547 72.643256701631685246
104.83056257127840638 73.67508051907022093
104.8188892997485766 75.180314498428330694
104.43868046293557938 76.87173977140577108
102.87085672639715028 77.623458876174723287
101.30303298985872118 78.375177980943675493
99.735209253320306289 79.1268970857126277
98.167385516781877186 79.878616190481579906
96.599561780243448084 80.630335295250532113
95.613799614584777942 81.566538968533649268
95.791815251833014599 82.448053994483231577
96.744588252649990068 83.567241375400286074
96.677651180012716736 85.034720235782899067
96.447666000109151696 86.608772685841643124
96.425294494867955564 88.187510123565701292
97.050149032782385916 89.801394439876816023
97.849650678888323796 91.31939072781594291
99.148187125403637765 92.581452022467431107
100.44672357191896594 93.843513317118933514
100.29781571461263923 95.895675544745955676
100.14890785730632672 97.947837772372977838
