37.364522804945636381 36.75482239116086447
34.966702687587250864 35.126801038586826564
32.568882570228858242 33.498779686012781553
30.171062452870469173 31.870758333438743648
27.773242335512080103 30.24273698086470219
25.375422218153694587 28.614715628290660732
22.977602100795301965 26.986694275716619273
20.579781983436916448 25.358672923142577815
18.181961866078527379 23.73065157056853991
15.78414174872013831 22.102630217994494899
13.38632163136174924 20.474608865420456993
10.988501514003360171 18.846587512846415535
9.3393365776515686605 15.143649381910035956
8.1739491277006859349 12.810867040174400699
7.0344166349337475808 10.45665952818657729
5.8948841421668056739 8.1024520161987538813
4.7599341888950643664 5.7699764856232080845
4.0769312769801384633 5.5161598517410359577
4.1395724733773970883 8.0117678610693694452
4.3012828378500334026 10.608141336088692697
4.4630711477094617834 13.204504280211340372
4.6248594575688901642 15.800867224333984495
4.7814900536974658252 18.363616152704857143
4.5861066876954996729 18.632208506017189364
3.9727643054328298788 16.176865082873305823
3.3459129608388411548 13.633880819669018436
2.7167153910124821614 12.48870597332040866
2.0818725281886085732 14.706824473220965643
1.4464874620824885731 17.247971147620042132
0.83211886654104827432 18.880103086162154824
0.30094046698479604007 16.914051695270465814
-0.43829777687402765585 15.383482066734485372
-1.8620215085991036474 17.08327699678270406
-3.6764433565743321886 18.481848842064213301
-6.1480835365831936201 18.437311997798605745
-7.9091261390013780641 17.435005855833217936
-9.3894810369979815334 15.571826313520482188
-9.2064864808679534036 13.631011862993174688
-7.7326265026786717982 11.479384161289754474
-6.258965236822492173 9.3320910144319118018
-6.1442690294616353341 8.4129658425660327481
-8.3136590875171680892 9.5580891852347527049
-10.617060654375336526 10.824325754739479777
-12.9441545033201173 11.931278184680063958
-14.193406155013668979 11.039191613259895064
-14.970904426934545484 9.6516344748944931098
-15.485705638705038467 7.5723300381235496559
-15.022646861298706966 5.2753290793911098433
-13.032869049323712929 3.9237452842984028578
-10.495764119272992687 3.2976806421877968845
-7.9507353294698610569 2.6822375147426296138
-5.4057065396667329793 2.0667943872974636754
-2.8610818673786209132 1.4513334743137276117
-1.740245591865795971 0.79903992649161525996
-4.0144430591563198263 0.31172570624193596256
-6.6004098586668451532 -0.041816014237556910216
-9.186358125537621433 -0.3952049811767531784
-11.77230639240839416 -0.74859394811594959229
-14.358254659279172216 -1.1019829150551458952
-16.930610413668041758 -1.4651524654261340874
-16.901376728697975693 -2.5566430514693720966
-16.385501316643285463 -4.8943445291030274191
-15.620708032726231096 -7.0896359420556676056
-14.696825549703625313 -9.0176776490099097572
-13.60129020471476835 -10.794411352860489473
-12.149403547141776727 -12.650929055983942462
-10.415455963545234397 -14.389462814317475647
-8.3703964785660769365 -15.978303452917291594
-6.2171550134852076042 -17.249110718359169425
-3.7796469200706632741 -17.209268312415154867
-2.3456844645467636035 -18.451707939300145966
-1.1212784656422662977 -19.024806507359862451
0.57464184923142158645 -19.189442395147015219
2.8082959474725779359 -19.423338298059388052
5.1343398302773746167 -19.066166251323554803
7.4378101988944349543 -18.890467310552825353
9.8398585482645213318 -18.162786714355373618
12.205768866807755302 -17.101076321329898633
14.293639308892606365 -15.827081435955076216
16.192853134559285877 -14.323476769395380614
17.755081815984574689 -12.760858704667144892
17.753806382619750082 -10.804297671782482126
19.231621608170193838 -9.9924751679225867207
20.362382979456675969 -9.0864484980759883115
20.281813348308862288 -7.153419503952684444
21.301086543061963141 -5.6966615159958617909
19.497512297222876043 -4.7478805161024846271
17.039774201037520385 -3.8668304503014545581
14.582036104852168279 -2.985780384500423601
12.124298008666814397 -2.1047303186993930879
9.6665599124814640675 -1.2236802528983625749
8.0064955537336341962 -0.47817666391482205324
9.9358370750513689273 -0.34178430849115665202
12.552968069396913009 -0.2431423612792393274
15.154039668423461507 -0.036376477628322974323
17.754468082033238119 0.1747198143437743989
22.723968730324259013 1.7918169965129360222
21.520609105016351492 3.7347822046928085271
21.465660245428349384 5.6499082961046633855
21.115629693377663045 6.6069786650086594904
18.639062367531813891 6.1006104557339568828
16.09325531497815831 5.5468503414465812895
13.567117629478623542 5.0030459470629171648
12.923970600713424517 5.4123239527470738963
14.787495319346835032 7.0924460443121652986
16.534355899301935722 9.0103571624966765086
19.877260165529946789 11.070857976680741785
21.467011314567738367 13.405763832542572089
23.056762463605526392 15.740669688404400617
24.64651361264331797 18.075575544266229144
26.236264761681105995 20.410481400128059448
27.826015910718897572 22.745387255989889752
29.41576705975668915 25.080293111851716503
31.005518208794477175 27.415198967713546807
32.5952693578322652 29.750104823575377111
34.185020506870060331 32.085010679437203862
35.774771655907848356 34.419916535299037719
