100 100
98.490356562159476539 100.27804470246235269
96.980713124318938867 100.55608940492470538
95.471069686478415406 100.83413410738705807
93.961426248637891945 101.11217880984941075
92.451782810797368484 101.39022351231176344
90.942139372956830812 101.66826821477411613
89.432495935116307351 101.94631291723646882
87.92285249727578389 102.22435761969882151
86.413209059435246218 102.5024023221611742
84.903565621594722757 102.78044702462352689
83.393922183754199295 103.05849172708587957
81.884278745913661623 103.33653642954823226
80.374635308073152373 103.61458113201058495
78.864991870232614701 103.89262583447293764
79.924059104175626089 102.47806078279231201
80.983126338118623266 101.06349573111168638
81.872750841730052684 99.603514164128043262
82.762375345341510524 98.143532597144400142
83.651999848952954153 96.683551030160771234
84.528161765376466974 95.223713529946081735
84.841056180620952887 93.739633780891594483
84.522594561681714254 92.477016836961936974
83.566153247082198163 92.187118164197826786
84.210222935564743807 91.298359627290338381
85.233577159461518136 90.036849016743204288
86.340561426569948367 89.037072359936175303
86.070483971217015551 88.404743779440096318
84.537511729636833024 87.677440913235130893
83.378646972687761263 86.632273055279156893
82.1133047004804979 85.776067787609434845
80.51978178198115188 85.152453187374362642
78.924880629838540358 84.529755588877094397
77.329979477695943046 83.907057990379840362
75.735078325553345735 83.284360391882600538
74.140177173410748424 82.661662793385318082
72.54527602126812269 82.038965194888049837
71.90438351047620813 81.479009286281794289
72.330185541217247192 80.335397440875567554
72.926978519411349566 79.010673648140823389
73.542343761861161511 77.86297766474922355
74.272555220185296321 76.696068074707184792
75.179016527182852769 75.457891747178479136
76.183627172423442175 74.2865039638150364
77.327816199342620962 73.147929593507029722
78.618005224714920587 72.060388968375320928
79.999852331941880834 71.082519186098593877
81.325481930996630808 70.296919947437800147
82.873342200108368161 70.458063971477770338
84.232857914153299816 71.411175618568535128
85.469303736404896199 72.442659567095020634
86.283424056107534739 72.016773892678557445
86.78572976979826592 70.499429183428901524
87.733521137310503946 70.272765309190802441
89.00657186883992722 70.829094830991195408
89.930929435772483771 69.767802545794765479
90.866278333814179291 68.489946665530254677
92.366571647296126457 68.376786998358952019
94.01126949945516742 68.133720011504891545
95.4734342838183494 68.423920400521069496
97.037852154395125126 68.86335681537505593
98.62900673480947944 69.456721062206014494
100.16239236643704658 70.182036411230072304
101.56773491938123755 70.995770819703764687
102.51408590404140853 71.634929831297995406
102.48049110774583426 72.177960736406134856
101.60469966985672841 73.639478263704290839
100.72890823196763677 75.100995791002446822
99.853116794078545126 76.562513318300588594
98.977325356189453487 78.024030845598744577
98.10726600947153031 79.487717706730450118
97.516077774390012678 81.055148862731883241
96.89413878053545659 82.581591688601065471
95.835612012879906274 83.896983968309029933
95.699421774144681763 84.550137996456072642
96.988333433603685307 84.203384667201063962
96.825412470270805443 84.652067065324075656
95.9105558876335067 85.614123071586590186
96.405853880264956501 88.398062282308970339
95.463851838279069284 88.801668571196884727
96.47994601160345951 89.306939179500417936
98.090385279810035968 89.877289029457983816
99.700824548016612425 90.447638879415549695
101.31126381622318888 91.017988729373115575
102.92170308442975113 91.588338579330667244
104.53214235263632759 92.158688429288233124
106.14258162084288983 92.729038279245799004
108.02970574456908537 93.327161905362714833
109.9168298682952809 93.925285531479616452
108.67722613475837079 94.684624840044662619
107.43762240122146068 95.443964148609708786
106.19801866768455056 96.203303457174754953
104.95841493414764045 96.962642765739815331
103.71881120061073034 97.721982074304861499
102.47920746707382023 98.481321382869907666
101.23960373353691011 99.240660691434953833
