100 100
98.41167868356450299 98.795077685972444215
96.823357367128991768 97.590155371944874219
95.235036050693494758 96.385233057917318433
93.646714734257983537 95.180310743889748437
92.058393417822486526 93.975388429862192652
90.470072101386989516 92.770466115834636867
88.881750784951478295 91.56554380180706687
87.293429468515981284 90.360621487779511085
85.894427742765373068 87.581631915266768829
84.722938779939227061 86.348532418508270325
83.320639310164224867 85.543880534491805179
82.000484234785758986 85.960236774125192483
80.85774998275367409 86.38871127568110353
79.62065711287723957 86.084487752388554327
78.633722916841051642 87.059833951475454228
77.726626838185168822 86.711510865533057313
76.830406914451089051 85.232929430611306998
75.938256248910889212 84.265429534130419142
75.135891986078704008 85.262673579345431563
74.359189764575148729 86.795461204031639113
73.582487543071565028 88.328248828717889296
72.785431738510695254 89.820143498061895571
71.562890937900419885 90.460964512966299367
69.88696696677763498 90.397063613082522693
68.565267760191630941 89.967397759984947925
67.442024592734924227 89.292358240568034944
66.509603761973266955 87.989535936231462188
65.667619891094474838 86.868501535739042652
66.34112481045016807 85.572647677842937242
67.380500712398344376 84.223784539209063382
68.419876614346506472 82.874921400575189523
69.459252516294682778 81.52605826194125882
70.498628418242859084 80.177195123307356539
71.534775260324920509 78.825123156253297907
72.46575816555061067 77.396269181402473691
72.410969607241426615 76.483877861062879333
71.808875204554297511 76.180189078048258011
72.798984440864856538 75.130937918346191395
73.80425190588505302 73.958777690323643128
74.444658020872012116 73.226319839452955307
73.156542510961969583 72.787898356649435527
71.541524106369479341 72.184955744699550451
70.002151502750407985 71.392546893578014533
68.558579750053354473 70.420828799676456811
67.006998916950905709 69.700344510662887387
65.433517871985145575 69.029478323134540574
63.860036827019364125 68.35861213560619376
62.286555782053603991 67.687745948077832736
60.713074737087843857 67.016879760549485923
59.269314801209702637 66.346664490622970334
59.537137092260451254 65.572451067905376476
60.090642999414313863 64.225654396902768895
60.69638024633549378 63.00438294949650242
61.35516983429168647 61.872911230085385625
62.198231604968874819 60.633901342265303924
63.214418485173716533 59.365856212982620832
64.36011978097351971 58.500602401185837209
65.903781995111955894 57.952578923850687431
67.043645677643951331 56.756590487132065448
67.901548175895499071 55.412505018476252872
69.202090175874147349 54.68584663537771462
70.794941663940903709 54.556542358128496062
72.302603539313054171 54.753678446222579623
73.06452416094710145 53.621274166183397369
73.793122766302971627 53.011073296119931797
74.679392130964046714 52.827094957620239768
75.813731799737624328 52.736059695903904299
77.244786209765848639 52.638704018475266366
78.739335527051295571 52.501409033023293205
80.257496444814577785 52.91239390526857278
81.805194974713543843 52.80609156107642832
83.273061614777773798 53.124660281477034118
84.197335460846076671 54.016028007020487678
83.933215228332855418 55.611798416221297714
83.515997795815437144 57.261382050239383545
83.098780363297976237 58.910965684257469377
82.681562930780557963 60.560549318275555208
82.264345498263111267 62.210132952293633934
81.847262088555964965 63.859733903651886067
81.598703419873700682 65.514308896918777236
82.189056930546655622 66.901450093431336086
82.546180945495976289 68.334476754983498381
81.681140231457760592 69.682451982505753563
81.256046889153807911 70.42068632410371265
82.517956834521314136 69.920801897212228937
83.156782661862948203 69.781888537227771963
82.359384650191600485 70.605821697774331369
83.095747068262085122 70.862346457761546503
84.045561213844720783 71.245589998975219714
85.561878262237129888 71.268748641917767372
87.265563814321382097 71.162147665883495051
88.969249366405620094 71.055546689849265363
90.799464180320043738 70.808341623078035809
92.629678994234481593 70.561136556306820466
94.459893808148905237 70.313931489535590913
96.290108622063343091 70.06672642276437557
98.120323435977766735 69.819521355993146017
98.237803221229157202 71.705801271243572614
98.35528300648054767 73.592081186493999212
98.472762791731938137 75.47836110174442581
98.590242576983328604 77.364641016994852407
98.707722362234719071 79.250920932245293216
98.825202147486109538 81.137200847495719813
98.942681932737500006 83.023480762746146411
99.060161717988876262 84.909760677996573008
99.177641503240266729 86.796040593246999606
99.295121288491657197 88.682320508497426204
99.412601073743047664 90.568600423747852801
99.530080858994438131 92.45488033899829361
99.647560644245828598 94.341160254248705996
99.765040429497219066 96.227440169499146805
99.882520214748609533 98.113720084749573402
