100 100
99.281602704129412018 101.0369260469081496
98.563205408258824036 102.07385209381628499
97.844808112388250265 103.11077814072442038
97.126410816517662283 104.14770418763256998
96.408013520647074301 105.18463023454071958
95.68961622477648632 106.22155628144885497
94.971218928905898338 107.25848232835699037
94.252821633035324567 108.29540837526513997
93.534424337164736585 109.33233442217328957
92.816027041294148603 110.36926046908142496
92.097629745423560621 111.40618651598956035
91.379232449552972639 112.44311256289770995
90.660835153682398868 113.48003860980585955
89.942437857811810886 114.51696465671399494
89.224040561941222904 115.55389070362213033
88.505643266070634922 116.59081675053027993
88.547262103852219184 116.50472657347333438
87.375791417871170097 115.99945032843508841
86.318445292873633434 115.3584422350722889
85.456760016960146231 114.11016823287002353
84.166436470481627907 113.16551531750742754
82.754061017089583174 112.40525687396355181
81.738024285934656632 111.2574793553082344
80.856078891444212786 110.09687481810509269
80.230288447634478644 109.15210314444161099
79.735418413253682957 108.31195096587094895
79.272029694191544991 107.42831222493084908
79.00230848746670631 106.14076056371978041
78.735459488298587871 104.65576909911983705
79.294992372187991236 103.2558592681691465
79.442302732787524633 101.92718896999974731
78.520619807729445938 100.6518177137872101
77.645761971846553706 99.261346139732808069
77.2233280453797164 97.867552992659057054
77.295985248019917435 96.737052986289754131
77.351020916673348893 96.217644951782688167
78.942629975404045695 96.074233305554628259
80.552939808797944465 95.933827734733853276
82.160983832323424281 95.790436375672442182
83.47927605327183187 95.261890387912131928
84.323995537113006549 93.979475977618321281
84.658914900165953554 92.694845203689439472
83.998884955766754956 91.338334152394864418
84.144903360184542862 90.040047979372971554
84.464109548576743691 88.623014585017671152
84.161309736673743487 87.029426448066274702
83.873505538576878848 85.434234285205576498
83.722959319068351647 83.885016262774314555
84.706625782967250871 82.975126626244374961
85.989285184543206242 82.029029729406957472
87.316682602575397709 81.203145253641750401
88.66375354662392283 80.536942481503118074
90.239737038703864869 80.770003725632818714
91.495426923729297641 80.691132639395974024
92.074571143505139048 79.371033008201806069
92.822307761898912304 79.071878414857721395
93.678289744944507333 78.898919975218291256
94.699522041144803097 78.990347445151613215
95.384032422606523483 80.342927935369004899
95.715749068314138981 81.908820011586485066
96.036763412178714816 83.481183078495135419
96.357777756043319073 85.053546145403828405
96.67879209990792333 86.625909212312478758
97.008479805155857889 88.19503476662045216
97.626798589973446951 89.571808505943877776
98.700367746777118327 89.640808050550532471
99.934255676436848148 89.519384338391887468
101.47465196304068513 89.473923471607065494
103.07622894912478273 88.993977103063471645
104.63517992526836053 88.633049246692394263
106.17492421185961859 88.547683744967571329
107.56510466830478379 87.836598598295680063
108.92435255307665898 86.977423576590553012
110.17077680441423126 85.742359490779620046
111.41720105575178934 84.507295404968701291
110.65605431870166342 85.54014237797078124
109.89490758165155171 86.5729893509728754
109.13376084460142579 87.605836323974955349
108.37261410755131408 88.638683296977049508
107.61146737050118816 89.671530269979129457
106.85032063345107645 90.704377242981223617
106.08917389640095053 91.737224215983303566
105.32802715935083882 92.770071188985397725
104.56688042230071289 93.802918161987477674
103.80573368525060118 94.835765134989571834
103.04458694820047526 95.868612107991651783
102.28344021115036355 96.901459080993745943
101.52229347410023763 97.934306053995825891
100.76114673705012592 98.967153026997920051
