40 60
38.962151388499975724 61.02361524583580632
37.924302776999951448 62.047230491671605535
36.886454165499927171 63.070845737507411854
35.848605553999902895 64.094460983343211069
34.810756942499878619 65.118076229179024494
33.772908330999854343 66.141691475014823709
32.735059719499830067 67.165306720850622924
31.69721110799980579 68.188921966686422138
30.659362496499781514 69.212537212522235563
29.621513884999757238 70.236152458358034778
28.583665273499736514 71.259767704193833993
27.545816661999712238 72.283382950029647418
26.507968050499687962 73.306998195865446633
27.702841430538171608 72.119344675313598714
28.897714810576655253 70.931691154761750795
29.462785790016177145 69.648277514481478079
29.859868657985199292 68.288302166352707445
29.746340601664009284 67.092143890602770284
28.80847650513918623 66.488530991025683647
28.832143318458268055 65.670560848805422438
29.70063370249884116 64.566577619449802228
30.276057776608688243 63.351444180469066225
30.840023763642772536 62.203408339970948759
31.718105388019075974 61.296976816761571172
31.419614619519261822 60.4558616097235344
30.374299292005954243 59.535548374615075318
29.324300608705776483 58.562607360962168457
28.707265465749919997 57.412782250495240532
28.967277128105774153 56.033792120901303235
29.690231524274793173 54.895272282584286927
29.696250720939620038 53.825264718634436178
29.092894383069381803 52.671827800452732049
29.343990156690527016 51.619760090453688406
29.222604462760916277 50.558746105289003481
28.387506427196989023 49.43896614347623597
27.522059145380705303 48.316648718354109349
26.656611863564425136 47.194331293231982727
25.802428848921028504 46.074173152615621518
26.076548694228282699 45.556319438060725702
26.919536068322692302 44.706244489590943658
27.952282614402029992 43.791011942708607307
29.061238858321523537 42.938037846151971166
30.21938008169256662 42.169428758503968879
31.383030926770981495 41.506753117282670473
32.646241502057826267 41.175639068963981515
34.006729421796961788 41.464437680053038093
35.038658083622017614 41.277235712495553344
35.528698956639992446 40.091350968005137645
36.160484787057967537 39.728119840418472108
36.86826596037578696 39.576883109921418225
37.733779479129800905 39.427903034925869008
38.819579755078628125 39.608382966129674685
40.033713116596842951 39.21864868240668045
41.264098454731772847 39.215941273144331092
42.512628375671120295 39.619901479018842849
43.809189946475051158 39.459620532595501174
45.007046571242561583 39.678622818826887908
46.268028112841086852 40.000547665256995344
47.578402336663273786 40.453794079739864742
48.882493283223638514 40.961400548215792128
50.134587437005002641 41.576718548879547654
51.294235893072830379 42.248668685861559879
52.352694640032332529 42.95819663945081146
53.383198267626205791 43.749575309292566772
54.387776087261606506 44.632111092872492009
55.28441303350152225 45.529786848018396483
55.899869535537284548 46.217482729114600204
55.605574963081551232 47.452959085238418879
55.641522370486008242 48.451543308705275592
56.770266960151943181 48.64268656060129814
57.805294840785336419 48.855694219562778358
58.171922596536759897 49.487517384277630583
58.206872253166764608 50.419311292633217647
58.012346709410458345 51.590610787315782204
58.443452055695694014 52.968686317285580856
58.874557401980929683 54.346761847255379507
59.305662748266172457 55.724837377225185264
59.736768094551408126 57.102912907194983916
60.167873440836643795 58.480988437164782567
60.598978787121879463 59.859063967134581219
60.48339023773451828 61.158226775762486227
59.611333009327083232 62.114435360054926605
58.822135584899122307 63.012738550818184535
59.204498662103596018 64.126411642554245418
59.74616258572859806 65.288321826038284712
59.352458480641203664 66.406439058769450412
58.712071508189353608 67.619683690612333749
58.175860795751496823 68.891882124659147735
57.221098164412602216 69.854115263143100378
56.277229109175713972 70.80802533179188174
55.881403278145050706 72.13224575255365778
55.924635984250301135 72.169034057440001106
54.787161985375277595 71.299817339051429599
53.649687986500261161 70.430600620662858091
52.512213987625237621 69.561383902274286584
51.374739988750214081 68.692167183885715076
50.237265989875190542 67.822950465497143568
49.099791991000174107 66.953733747108572061
47.962317992125150568 66.084517028720000553
46.824843993250127028 65.215300310331429046
45.687369994375103488 64.346083591942857538
44.549895995500087054 63.47686687355428603
43.412421996625063514 62.607650155165714523
42.27494799775004708 61.738433436777143015
41.13747399887502354 60.869216718388571508
