100 100
98.471621906085829323 100.31280949133602576
96.943243812171658647 100.62561898267205152
95.41486571825748797 100.93842847400807727
93.886487624343317293 101.25123796534410303
92.358109530429146616 101.56404745668012879
90.82973143651497594 101.87685694801615455
89.301353342600819474 102.18966643935216609
87.772975248686648797 102.50247593068819185
86.24459715477247812 102.81528542202421761
84.716219060858307444 103.12809491336024337
83.187840966944136767 103.44090440469626913
81.65946287302996609 103.75371389603229488
80.131084779115795413 104.06652338736832064
81.19061941156950013 102.33439612884356507
82.250154044023204847 100.60226887031879528
82.980961140114303021 99.066857818615474685
83.711768236205401195 97.531446766912154089
84.442575332296485158 95.996035715208890338
85.05357446772785579 94.423406302705231496
84.946708282266612855 92.79269384231758977
84.604572564637521737 91.474867059408182968
83.628875540031600622 91.177848398634154137
84.070036801787409786 90.41281676035913506
85.125577008643062982 89.196270879000053355
86.224485530640791353 88.178518241249818743
86.216018763014417914 87.557795123631876777
84.712153378242604163 86.913694094194511308
83.109197515325732297 86.229748786926037951
81.471376006092398825 85.746853827653055191
79.828267444751546122 85.303552023567235096
78.18515888341069342 84.86025021948138658
76.542050322069840718 84.416948415395623329
74.898941760728973804 83.973646611309774812
73.255833199388121102 83.530344807223954717
71.6127246380472684 83.08704300313809199
71.034161893410512789 82.709423690124793893
71.320675291850960775 81.567888603232674427
71.792013766392813068 80.11424777987070911
72.357688567242178124 78.734386750195540117
72.963425294308223101 77.513116787666646701
73.622205356056014125 76.381660517389846632
74.450213126603983937 75.163109690354147574
75.415624380993449449 73.950618410705658334
76.483760872305992962 72.804879284271279971
77.712094374840205546 71.684015322353403121
79.058288815150092432 70.648625361924274557
80.389938903591598773 69.78846114422638891
81.725465003551704513 69.799490700886437367
83.234192063874445466 70.603106495317419444
84.541520954498196261 71.681652629677699906
85.717512779997548478 72.535942550280793739
86.376433675313450067 71.637878308100667368
86.899189200061940141 70.250321562846608003
87.981159541756156273 70.580623937378462074
89.151248713105289312 70.776725190243709562
90.064896448967033393 69.483256998275578553
91.241074006446183375 68.344385887657594481
92.790674150456695202 67.626084556984210394
94.327669996444214462 67.362007028314010881
95.819133531598311038 67.707172200925981542
97.407235870700461078 68.231202283987769874
98.985285860141502212 68.863157143649601721
100.47781350811511913 69.633434017927328341
101.77024728968308409 70.437435506254644224
102.38114390622649807 70.867353093449096946
101.85433700892588149 71.909283930464255263
100.99030021686905911 73.375051535809333814
100.12626342481226516 74.840819141154383942
99.262226632755485412 76.306586746499434071
98.398189840698677244 77.772354351844512621
97.664978920629238246 79.279423936136382167
97.233008358151565176 80.869149659731874635
96.271377979121751878 82.258327888018399676
95.508221205197699533 83.365505122260216808
96.464920842406741031 83.290057122329628214
97.157862840513672609 83.281124365966164191
96.141943522795671129 84.248345510288444871
96.133379739474733583 84.946220035861259134
96.450693690658553692 87.520163141797112871
95.463316495751342927 87.995634617565798408
96.32142798478312784 88.699904829067179435
97.850755607723996832 89.505437639560724961
99.367639702212088082 90.286146473062501627
100.88372574357406108 91.065329901525046807
102.39981178493599145 91.844513329987506722
103.91589782629796446 92.623696758450023481
105.43198386765990904 93.402880186912454974
107.18506397442557443 94.157383947226065857
108.93814408119123982 94.91188770753969095
107.66126635530677902 95.638760892176875927
106.38438862942231822 96.365634076814060904
105.10751090353785742 97.092507261451245881
103.8306331776533824 97.819380446088445069
102.5537554517689216 98.546253630725630046
101.2768777258844608 99.273126815362815023
