46.803111550680569053 46.538549013526242959
43.660569641223709425 44.589311658370469615
40.518027731766842692 42.640074303214703377
37.375485822309983064 40.690836948058930034
34.232943912853123436 38.74159959290315669
31.090402003396256703 36.792362237747383347
27.947860093939397075 34.843124882591617109
24.805318184482537447 32.89388752743585087
21.662776275025674266 30.944650172280077527
18.520234365568811086 28.995412817124304183
17.257915402626501589 24.701509008532667622
15.809498748379185784 21.653444350310429911
15.035816959928954617 21.73790889836627116
14.969446522198557759 25.106142488717573258
14.756682933700403737 28.459865405991365606
12.987800370841991793 29.807090455322931888
11.19108437700346137 28.6367951042586526
11.258131419218591063 25.327178047818506457
11.624648318161220573 21.930908215612582524
11.991165217103842977 18.534638383406658591
12.357682116046467158 15.138368551200736434
12.72413931720441127 11.742404014693272885
12.583900550746838221 10.444112882600574466
10.811677706687445877 13.14488291893403904
8.7618183662436681658 15.865013374996093987
6.7109607133105511068 18.577641856670183529
4.6601030603774349359 21.290270338344281953
2.6237857171310707827 23.981374757871645187
2.3297090524221273355 24.093435302317455893
4.0427144212592720507 21.234406554009101598
5.7917674558285812125 18.321278575353527884
5.919848006861660572 17.219754021575319314
3.3171523511594052103 19.170152667568547855
0.60054722240152591528 21.247856862304580261
-1.9803083556173675106 22.718842822395600933
-2.6765095304492105832 20.417659945122874632
-3.1246452928843706509 18.190465675655122624
-5.3805024342188509934 16.487315340612131109
-4.2605015686197189595 13.781062195615515265
-1.2239211811473245106 12.493928584140460814
2.0324978221774423481 11.485912063189953614
3.6114312657110270166 10.66849707787760515
0.60754333455736297953 10.371797628071576014
-2.7998634597763110143 10.120947344913895805
-6.0171302752372266553 9.7356615254831275763
-6.9630363484405615182 7.414752768274481376
-6.4668918968526689639 4.7356097675506854117
-4.8212988314741771489 3.877046893881456846
-1.498125832164916682 4.6824147389626640248
1.8258664071156247566 5.4895759619368513782
3.9625602519453311245 5.7563895512035605506
1.7458266504553072718 4.0419284835428364033
-1.0302564168648877807 2.0729036417799235892
-3.1658268592672818009 -0.27077149329695648916
-2.4124676539883900261 -3.0829332934682902589
-0.16331529810888412158 -5.3547019303335261498
2.5599190887559988283 -7.3247295642325234155
5.5957721581271080424 -8.0656098855263245184
7.7023277511348604563 -9.3295331463227864077
8.708640524289064544 -9.7529114409782167172
9.4044715214416569893 -7.0439001824451406009
10.191101050273889683 -3.7191628912716305777
10.977730579106122377 -0.3944256000981203325
11.764360107938355071 2.9303116910753899127
12.629622501065101758 4.9395969518840816548
13.483529702732626632 2.1626093097795426878
14.351085517292080596 -1.158437533247439255
15.345372984123528681 -4.4184506781099202044
16.341545148803099607 -7.6775561564381842317
17.740041078801276342 -9.5929683067084603465
20.707814222361150769 -8.5968312838963463207
23.635969453097203541 -7.0536698114187359465
25.884156784933058049 -5.3871874908608781141
25.093060087514526657 -3.3261371181046333056
23.050723517606410695 -0.60681535801948938147
21.074198501411473217 2.0554170474539468216
21.877636353778669331 2.3061232534026818719
24.876556842430233019 0.65232060497966681822
27.981190849869662429 -0.63397771937174685064
30.104774170917270482 -0.35552773665840220474
28.149262799768766996 1.0272926033537632673
25.21324838450678385 2.7568768038632924799
22.277233969244779388 4.4864610043728214706
19.341219553982796242 6.2160452048823522375
16.406356565366369438 7.9451837102191040785
15.615078220471081849 8.8493214622040028416
18.779638948079309557 8.2694517584975191227
22.132045247917041308 7.6325527825296095585
25.48445154775477306 6.9956538065616991062
28.836857847592479942 6.3587548305937904303
32.570482508189485316 11.170924043054744956
29.945088791060374689 11.739813751288922461
26.535298463085499776 11.54134317200592541
23.125508135110628416 11.34287259272292836
20.058914768211174362 11.217206791908067132
21.459601844643511726 12.039216524153474097
24.66207296672183702 13.243451343356602123
27.864544088800158761 14.447686162559733702
30.978493366006620846 15.676142074571597362
31.17332631402840093 17.810882081243430974
29.230009152116821269 19.301426707139579975
26.15867255194624974 18.035521557266484649
23.041578616894522469 16.656595726930973456
22.149163367851379292 16.892802511364806151
24.353777237988243343 19.377474555405452605
28.238463788723269232 22.617444754979086241
30.559044758967932154 25.607582787297481275
32.879625729212591523 28.597720819615876309
35.200206699457254444 31.587858851934271343
37.520787669701917366 34.577996884252662824
39.841368639946580288 37.56813491657106141
42.16194961019124321 40.558272948889452891
44.482530580435906131 43.548410981207851478
