50 50
47.497166478622524721 47.963773269072298433
44.994332957245049442 45.927546538144603971
42.491499435867574164 43.891319807216902404
40.212371329645236528 41.094335426356359164
38.113332407713997441 39.745774105379730656
38.739254316093543196 42.126733521928102277
39.859769726458814887 45.180414744450025921
39.191993820866244391 45.520311502683910021
36.910182872960554334 43.534890221565284207
35.851240428329724352 45.202592484567212239
34.52963540994473135 47.732798419094649489
33.359382192719166937 45.903899125508125678
32.423705311103148574 42.730952035711048609
31.488028429487126658 39.558004945913978645
30.631784086070933171 36.365572270847614789
29.987713931425169278 33.118463017836319295
29.727708304519360638 29.916422853233768819
29.17059760855409678 30.5520422355503527
28.146558031808478262 33.691945554058882806
27.121217291174531283 36.838159472738617239
26.095876550540573646 39.984373391418337462
25.070535809906616009 43.130587310098100318
23.823106849157568377 45.906135411826554105
22.399571252167287838 45.127867233158177385
23.292862060975583205 42.058786369278159611
24.328538429068782278 38.908811236972482561
24.255301212627678353 37.624195305199741313
22.09506371068663455 39.850227307014279177
19.723317562727846308 42.071921842825645399
16.640498027663038982 42.605504584122158462
14.359983873072494021 40.815352891859348006
15.675565415503077915 38.428994432532221026
18.183660195350292099 36.26114234525084612
20.69144836831333123 34.092767128410827127
23.027106015633755476 31.91174974540613718
21.97836330605640498 31.539581509930197711
18.779862072765091341 32.403292411793877648
15.575949093312914329 33.270123482028189699
12.480704662378395042 34.095673378239524709
12.922263237731687724 33.577657151785096801
15.884991846688469863 32.101895006033593916
17.554965460416472212 30.887832972901115625
14.759293730277134316 30.584131609937930563
11.568602753832911034 30.153183087217986014
9.866359992091410902 27.798225746810693693
10.151311766362429267 24.972451007218403163
10.750192723747993284 22.478994352723258743
13.446857723944706464 22.840833360367536642
16.646328376034993823 23.684362220686100642
19.845799028125274077 24.527891081004653984
22.401161834837953535 24.924776148933361242
20.984536738962081159 22.971807650662832145
18.475030802900707982 20.792102831504099214
15.95816930111397447 18.620707036413254087
13.991508341911085722 16.301155663526035511
15.66121062852735335 14.299324274009453717
17.996221412128882378 14.4674352206192669
20.597253957933840951 16.201421197921000328
20.853835739549943185 14.733785345080663731
19.982493362433320527 11.638751669739754391
21.754770289941500749 10.426149689378279461
24.318633918184755061 9.9971292465359695711
25.817387381925037459 8.7992547947661527985
28.040971625177604665 8.5905819005188437387
29.843746390234766608 9.2272615464924996331
30.03445734727063865 12.41742933717794628
30.164083342975821722 15.717714521763662461
30.293709338680990584 19.017999706349378641
30.59153308029733509 21.878218770816250327
32.082500966404467135 20.461473191370032509
33.714498823689922347 17.576543614323007603
35.360039788662689375 14.694870355739123369
37.00747695747809729 11.816884411248198106
39.14047997625517894 10.671657117154058625
41.711113830733921759 12.278008251207918278
44.024999141776405054 14.269979997176179154
44.789666161106360676 16.47711299574596211
42.894815632748340306 19.046024142815642932
40.327646898638789708 21.155186019096749561
37.756276370612411597 23.261471016502301978
35.17441847191321358 25.366893633153246412
34.495912448920933002 26.447867087792538143
37.476475207675576939 25.602610864322130624
40.647795622465160648 24.657106626932002058
43.819116037254751461 23.711602389541848623
46.986429299816286687 22.770196578504847906
48.576673294428125871 23.456477612822840939
48.471405047793602705 26.540138510726404064
49.620461896250418476 29.890349965342181804
48.228057371331146896 32.273516086187846952
48.527640389409150146 34.282505359053224936
45.814321880257068642 33.819019508848654709
42.603593805678507067 33.002662887870300779
39.393153972311552025 32.186434882302833671
38.043887642371572611 32.200676584817770731
40.561953648730131761 33.940551255172515255
43.315224483770187192 35.785376100809166644
46.004677521622376446 37.601811965657510939
45.523546362822038702 38.007831648614434528
42.673464293122137292 37.462289334916363259
46.179655498814568659 39.945171330678277855
47.453103665876376738 43.296780887118849535
48.726551832938191922 46.64839044355942832
