50 50
47.243180432236513866 48.773441589632454907
44.486360864473027732 47.546883179264909813
41.729541296709541598 46.32032476889736472
38.972721728946055464 45.093766358529826732
36.21590216118256933 43.867207948162281639
33.459082593419083196 42.640649537794736545
32.487061508452377723 39.533315037817544635
31.198890101780396122 36.473759797637022473
29.919666082949586183 33.449567799820101754
29.29840913501136157 33.499057628803086573
29.367631038509987462 36.774107506820186586
29.447756283044807191 40.100092154488969243
28.95992897367767327 43.207578034297739578
26.926712209520832886 43.54488241783062108
24.758189045364829894 41.790982437190798748
22.370892854540112893 41.16947280623531924
22.223184257071995518 39.083895745163836466
23.00637771463060588 35.851372454583561478
23.774325273579449913 32.653623190194828396
23.277244395383654307 32.341248749049462674
21.452626895743208024 35.056822638532793235
19.607046285514343253 37.820210814029508128
17.77160062277198449 40.500986846025512023
16.249162784123818426 39.960625393171135045
13.887303457312425436 37.839695224839324794
13.409832290799116095 35.755656519243800062
15.30747987529036358 33.070373506200489544
14.79771812071343895 32.236639047692463578
11.730919076928556066 33.354305330587692424
10.123286154310733309 33.475620729839086209
9.6179423790948099793 31.975808050168097907
12.269382614656796804 30.240122360140510693
15.253968416021912446 28.814003848334071023
18.238554217387026313 27.387885336527631353
21.223140018752140179 25.961766824721188129
24.134484930866442198 24.575960599821410568
23.596756298363892768 24.153185500568628896
20.322108891332618441 24.453152583873425385
17.030317060623701764 24.757612466399091744
13.738525229914788639 25.062072348924750997
10.453389017490898993 25.35323977325424849
8.1495251404959212493 24.190253373559475136
8.9993767020887833752 21.827327028002727616
7.8360988076244169065 19.838103221146631938
9.0132224140144714397 19.218281551127638807
12.330151264646859843 19.362853497573890849
14.03650341351165487 18.947697212112856846
11.657578194656499804 17.112746124293568784
9.4826964291657276362 14.846138897053329231
10.539762453417580446 12.934207370505786727
11.937294942679981702 11.023594202678562937
13.315698776544492077 10.619469548173039897
15.923619882365059652 12.619066676127008719
18.54300883681912282 14.640463684941833478
20.841234568020464479 16.298950582145817378
20.118147013807195833 14.543394207158740983
18.419674855641190447 11.685666382094233029
16.889524960539013421 8.8045907369466789305
17.57235783731504597 6.1838833240891979415
20.436048280126815513 5.702560779006331515
22.361811342893719967 4.2845336021417397276
24.05687881220170965 3.8492938839208008517
25.662034266101766633 5.5754283575347836077
26.293972418610156438 8.8091826403549351454
26.891038142593657767 12.063530017020767104
27.48823813674675165 14.414107987594814375
28.086137936353289035 12.05431163635273073
28.68417200612942608 8.7907458790188570674
29.326535216534999506 5.562687421330148041
31.349722099758626115 3.9291062255641193701
34.336690834283089657 4.7618913570753491626
37.31177120028873162 6.1316390227359143239
39.82092058814879465 7.8078707432316853954
40.456316766586475353 9.319883304825255621
38.40804762948754103 11.924629282496017169
36.348086622711058169 14.529559864831918858
34.374404553572659893 17.05841353069735078
35.208817468497045411 17.111214368470307079
38.044949142635601902 15.398988943624773995
40.897599971543698416 13.709160062370138178
43.992881822075204923 12.993299006175281107
44.463924668273961061 13.749461841565034703
41.682277888045341285 15.41309042352922809
38.835144770390272129 17.094927052058849881
35.988011652735202972 18.776763680588469896
33.140878535080133815 20.458600309118097016
30.401398126311747205 22.099496915676731135
31.16259945746308091 22.414480069897805947
34.41092049032558009 21.802074473183512993
37.668328343938448199 21.188439378123053558
40.925736197551302098 20.574804283062590571
44.167999990975133073 19.977157741057133933
47.25086867686371761 25.056212160377405951
45.138288017417238507 26.989140079222117663
41.926173788548247501 26.883728893300112617
38.631781745588178012 26.445543818869769126
35.799990013867343919 26.154754424808341895
37.320067876767538451 27.250576246069339703
40.245080018246170539 28.794044207710033589
43.116329131314934386 29.9737143648438078
45.987578244383698234 31.153384521977585564
46.656315203653079493 34.29448710164798797
47.325052162922467858 37.435589681318390376
47.993789122191849117 40.576692260988792782
48.662526081461230376 43.717794840659195188
49.331263040730618741 46.858897420329597594
