100 100
98.453222392514931016 98.913194643203937062
96.906444785029876243 97.826389286407874124
95.359667177544807259 96.739583929611811186
93.812889570059738276 95.652778572815748248
92.266111962574683503 94.565973216019671099
90.719334355089614519 93.479167859223608161
89.172556747604545535 92.392362502427545223
87.625779140119476551 91.305557145631482285
86.079001532634421778 90.218751788835419347
84.532223925149352795 89.131946432039356409
83.82479660079934547 87.348867266004788235
83.117369276449323934 85.565788099970205849
81.643934644966179803 85.765097395536898262
80.413840277440954196 86.46961331978101839
79.041287016183602532 86.024645854842333392
77.888731898131595699 86.732449284692762603
76.870674445043121636 87.103381909690213547
75.871100188836976486 86.015226245325834498
74.767415555355043466 86.302868586649879035
73.54265321388270138 87.456407527879065356
72.068009643127211916 88.291643708934302026
70.442431560181873351 88.529237647348580253
68.743269317387301953 88.442086553814064587
67.51009581794130554 88.061458286552976915
67.255159192568811477 87.580815076798401719
68.029604529929869727 86.073737581686231124
68.813082220820874113 84.560133968283267336
69.59655991171189271 83.046530354880289337
70.380037602602911306 81.53292674147732555
71.163515293493915692 80.019323128074375973
71.946992984384934289 78.505719514671426396
72.729120506984401118 76.991676254818344205
73.238952175148199331 75.455253439452889097
72.838524787876366418 74.188189881715643992
71.780036032035198446 73.941418577487752373
71.428961719596642865 73.686478424909807927
72.362816935529124862 72.592610677513377482
73.145808805203742509 71.6001987945799101
72.680714681611689798 71.145552941550718629
71.004947979088044008 70.854751506143216488
69.318692124669240684 70.504432864602648579
67.631503766390835608 70.218932293319568316
65.94401942659311544 69.944649147548389578
64.256535086795381062 69.670366001777239262
62.569050746997675105 69.396082856006060524
60.881566407199940727 69.121799710234895997
59.194082067402227665 68.84751656446373147
57.506597727604514603 68.573233418692566943
57.296449023337331141 68.180673129122169485
57.499379781500778108 66.854701491203940122
57.859046199552402356 65.287659257759045772
58.32150397491043492 63.815636303093668857
58.876178483374289385 62.42830364687632283
59.481049558826811108 61.183487484945665358
60.125563776328220911 60.056223130831696722
60.886709848655073074 58.910178400988783665
62.50956611274551733 58.620317872255888858
64.229769600042232014 58.432856892350720557
65.86560073102015167 57.934773491576045501
67.063829885255742624 56.764609430103398324
67.713681855473510041 55.202128083501975198
68.401180961321188079 53.640240591215103905
69.448733249288608249 52.681598603153268812
70.935261616129565709 52.834141600298572428
71.829357631927436501 51.945375296606513871
72.506476689331279317 51.089721951571064551
73.362959417507255466 50.904708559214796537
74.440878797479555828 50.726855877232807757
75.840117779181113633 50.790366015546489109
77.332044872910486788 50.542387809277990129
78.842090339621393014 50.904766730918765916
80.403943946019282407 50.807008824032692473
81.866910118754930181 51.104204439229015122
83.436103097019170605 51.556975307055161295
85.026121928341709122 52.154917727302631647
86.554632987859449145 52.887238231789247322
87.947958706903875736 53.702771519909489939
88.833221291837091371 54.30410882095681302
88.673467859706434524 54.887484393649899062
87.748639682603325696 56.320253297054122754
86.823811505500202657 57.753022200458339341
85.898983328397079617 59.185791103862548823
84.974155151293956578 60.618560007266779621
84.049326974190833539 62.051328910670974892
83.124498797087667867 63.484097814075191479
82.321522453585330936 64.966944859378983779
81.660186585072850107 66.482173269578623831
80.574417098316985175 67.762249808920486771
80.392192231856228091 68.327960198620189658
81.725524428169805446 67.802686148768188446
82.863502510386481958 69.323496296504629299
84.00148059260315847 70.844306444241070153
85.633170968158566438 71.45388419828661597
87.2712168535261128 71.974120038478247352
88.910501416644336814 72.47694329586087747
90.54978597976258925 72.979766553243507587
92.189070542880813264 73.482589810626123494
94.48678608892382158 73.932118029585623731
96.784501634966829897 74.381646248545123967
97.014180089612054303 76.211528659363324323
97.243858544257278709 78.041411070181538889
97.473536998902503115 79.871293480999739245
97.703215453547741731 81.701175891817939601
97.932893908192966137 83.531058302636154167
98.162572362838190543 85.360940713454354523
98.392250817483414949 87.190823124272554878
98.621929272128639354 89.020705535090769445
98.85160772677386376 90.8505879459089698
99.081286181419088166 92.680470356727184367
99.310964636064326783 94.510352767545384722
99.540643090709551188 96.340235178363585078
99.770321545354775594 98.170117589181799644
