50 50
48.988143066048657204 51.891711394594295825
47.976286132097321513 53.783422789188598756
46.964429198145978717 55.675134183782894581
45.95257226419463592 57.566845578377197512
44.94071533024330023 59.458556972971493337
43.928858396291957433 61.350268367565796268
42.917001462340614637 63.241979762160092093
41.905144528389278946 65.133691156754395024
40.89328759443793615 67.025402551348690849
41.725226451395535321 64.557741252006067612
42.557165308353134492 62.090079952663451479
43.24333182289280586 59.671878665832608135
43.929498337432463018 57.253677379001793213
44.61566485197211307 54.835476092170956974
44.727924347286403872 53.288556558692469878
43.21526672204073094 54.690201297768851418
41.635589249550747581 56.639619280479230667
40.058961693477719734 58.591640955358371912
38.482334137404677676 60.543662630237470523
36.90418726767880031 62.485630602704752334
35.123188997860331995 63.123360564246652871
32.958564593608954851 61.962804622222300566
31.374637153466835571 60.195116085111202153
30.287315209336519217 58.616605703362637314
29.533790360898795058 57.291769927371717586
28.996926101827170896 55.395293877045368447
29.173396299637843754 53.134977309381241639
29.259410876385800293 51.061376380766908767
27.84935861905859511 48.971227944503901597
27.31915823317595482 46.866023118720107732
27.396779959865366294 45.940137769339528973
29.840615072698582821 46.081919442815106436
32.337686668623540243 46.242888912662628798
34.834758264548490558 46.403858382510151159
37.331829860473440874 46.564827852357666416
39.826111910240264535 46.718727569606059546
41.152959618306731215 46.156034628376666262
39.370717895787663565 44.85532176472557353
37.228089589204031995 43.536237318987879519
35.19139774775295848 42.066163357257480016
33.174296896429133596 40.56816667681611932
31.157196045105319371 39.070169996374772836
30.176477473793084982 37.711137927442997864
31.42789531801583891 36.597799566749074529
33.682195051066251779 37.450926964500638405
35.948356406177111921 38.476849436736387133
36.730953125343752674 38.173751155465872387
35.522307220839536512 36.086839275510754987
34.272990839142416064 33.930539939226839863
34.890018303244552555 32.375636252355562306
36.943927294786675475 31.674229775553349953
38.822228377109304631 32.993953261150160472
40.349140688861950821 34.997635667422315464
41.873717286059772391 37.003034575756991842
42.813562781879539898 37.67417099249980339
42.480182037929722583 35.440009553473721837
42.033906021709306344 32.948239229074985701
41.809127411109123784 30.468940101509893736
42.526643967067784047 28.647196267564719818
43.262690045199455824 28.481643504732996774
43.998296901704769368 30.294638998696473919
44.838293339116226832 32.674189233038312352
45.667150831421309931 34.936205375549008068
46.238605218104503081 34.482197696689297572
46.618282801628012635 32.004631038191561743
46.995672436727751631 29.505738667382097162
47.278939936812491851 28.493091571179157029
47.357260630131129631 30.716678152136182689
47.417408963480959017 33.227217256299461212
47.477557296830774192 35.737756360462746841
47.537705630180589367 38.248295464626018259
47.597853963530397436 40.758834568789303887
47.670523346335201609 43.150071604664987035
48.032534043293573234 42.784429726859698917
48.610116934364853591 40.364790002033018368
49.190151499455289752 37.921790431667439236
49.770186064545725912 35.478790861301902737
50.350220629636147862 33.035791290936337816
50.930255194726598234 30.592791720570776448
51.649707277569689268 28.556067453423690239
53.47040587290516811 29.054743255864913465
55.793277461209655144 29.974585064157491132
57.922286022065570421 31.138338551246810937
57.13005741985901409 33.024504696122129133
56.337828817652457758 34.910670840997447328
55.545600215445901426 36.796836985872765524
54.753371613239345095 38.68300313074808372
53.961143011032788763 40.569169275623409021
53.168914408826225326 42.455335420498727217
52.376685806619668995 44.341501565374045413
51.584457204413112663 46.227667710249363608
50.792228602206556332 48.113833855124681804
