50 50
47.417164258996905346 48.023598336863720704
44.834328517993810692 46.047196673727434302
42.251492776990716038 44.070795010591155005
39.66865703598762849 42.094393347454875709
37.085821294984533836 40.117991684318589307
34.502985553981439182 38.141590021182310011
32.784382631558443677 35.608397566532907774
30.463026911825053844 33.448521379678922472
29.857553860003381629 34.718476953367463977
29.706248652368817176 37.965461577083047473
28.126799058084611005 40.82238419801560525
25.725872614734189625 40.651933816746847583
24.867683726867095828 37.680587576822276219
24.422137649864168907 34.402224720369616762
23.976591572861241985 31.123861863916932435
23.531510864489604273 27.845166014034607116
23.179632022345980857 24.513963419444316116
22.929557754759876786 22.872532420367051031
21.975360263875515443 25.658760400247416555
20.948222893541498024 28.804501745768035903
19.921085523207466395 31.950243091288655251
18.89394815287344187 35.095984436809281704
17.848561281820341407 38.211401644895722995
15.649692539937980484 39.52296869308828775
13.393348045888929576 38.979587581930786655
14.217159488222966601 36.384079155883526369
15.512411581624602874 33.342624097554427465
15.940570104588477562 31.467221787268638167
13.682853421562223062 33.203738964824339064
11.127752959224878282 35.248068114797952433
8.4550029244214108815 35.021649406764467471
6.655975825341528207 32.718639220370135945
5.8143834456530960608 31.345176414318942193
7.4342917394099314876 29.436001741530063214
7.6197586614808443528 27.936018295164338099
5.1992318746189587486 27.270567231580908896
5.3348202590906037557 24.838948201807589555
6.1252231854704088931 23.106258652831776601
9.3010656783497207556 22.176745134977650764
10.033772244936395523 21.313965341709906198
6.939031276249584046 20.539768022348365406
3.7290155574945371697 19.77234185629076535
3.5108950165130092813 19.397626966929248482
6.7506801848541551081 19.476791135861915905
10.060066383026134318 19.565091022344887506
13.304130433989573845 19.546715767530315588
13.578913510222742289 18.20138454919714377
10.751881796291819171 16.594377750893784196
7.8572952553614765492 15.002443882510505091
5.3733267643119289048 13.08399661162303218
6.3271891697810929145 10.970844771364332004
8.5662861903903682048 10.236128817340869546
11.104890963023247963 10.640437845494290059
10.388242058485563035 8.1565130825854552654
10.881032383659606566 5.8938338948734028122
13.33515482490940407 6.6285158879618490957
15.360424469715852069 7.5242808127981035682
15.341343793086453573 4.7876246776079973699
16.083821161760809559 5.3528927698545061276
17.481154436525724094 8.3475653161551601755
18.88013743016226087 11.348358039944287157
20.279120423798797646 14.349150763733419467
21.667477601677482824 17.313351073600870222
22.174410705174114611 17.241285505495721253
21.856524538059439067 13.978833882269547928
21.679324635249511033 10.659724888358798722
21.50788021229966418 7.3403808227935787301
21.354292203737852418 4.0303861623952208504
22.682600128145850249 1.6818143871624606778
25.607343245447978575 1.8866479870087764503
28.538431452180422099 2.2961651517119854304
31.598138389791486702 3.4053787802757078396
32.909709525485759229 5.032053310874911034
31.535475291396476649 8.0016952951112099157
30.095362041857693924 11.000924981686655002
28.901343784113393554 13.659945409483475132
30.34757322404974289 12.669006503812553888
32.735994918284944788 10.37555215024634947
35.124416612520121816 8.0820977966801450521
36.996640528906070244 7.0409846273377389991
38.496381634495946855 8.6553325258724758129
38.802015671121537821 10.883023869755220403
40.695380523500617187 11.766882197142559008
39.81299581814884192 14.069221218946479368
37.092252383878822286 15.88756173893550816
34.238787938551851653 17.570438445892339274
33.89437663356888919 18.430206391880705752
37.069770249089820879 18.135282864666770308
40.301387017939170221 17.855403590391624391
41.795522845645777466 19.489431385117377715
41.519384562638499858 21.691179617534523061
38.201328344110805801 21.897769425699564749
34.883272125583133061 22.104359233864613543
31.821917781590304486 22.339203841139543272
32.981358842786214325 23.038625212700143408
36.172079320491334897 23.961626532609301421
39.325437504474280104 24.879655222556298355
39.352556624165110577 25.382206850759910566
36.337516721373113171 25.519799423182988107
37.193092373054739141 26.818702770116960465
41.997463438456790641 28.623180268716488683
43.140682947248677692 31.677011658899846935
44.283902456040564743 34.730843049083205187
45.427121964832451795 37.784674439266566992
46.570341473624338846 40.838505829449921691
47.713560982416225897 43.892337219633283496
48.856780491208112949 46.946168609816638195
