40 60
38.829561591455778569 60.678201740887040216
37.659123182911557137 61.356403481774087538
36.4886847743673286 62.034605222661127755
35.318246365823107169 62.712806963548175077
34.147807957278885738 63.391008704435215293
32.977369548734657201 64.069210445322255509
31.806931140190435769 64.747412186209302831
30.636492731646214338 65.425613927096350153
29.466054323101992907 66.103815667983383264
28.295615914557767923 66.782017408870430586
29.195226782238755447 65.437347664649962553
30.094837649919742972 64.09267792042949452
30.311490098632702939 62.601157575165792935
30.323821891528382366 61.080928758689083224
30.057341695724911546 59.610043143005512434
29.901251169117625039 58.152898147936383566
29.60312053075131189 57.024525508537074359
28.678076349379036714 56.517356010962977564
29.123345207637974852 55.577727736459081598
30.020558705277078815 54.383293990118161787
30.607751884311902302 53.099029663476542851
31.573239146967161162 52.110676997181073489
31.449174743444128666 51.284939080219807295
30.207125876167960854 50.515391313435650034
28.823191556548025005 49.998627980966141138
27.348461278827478793 49.702953081089418674
25.869323139684023971 49.417868672541771957
24.390185000540565596 49.132784263994139451
22.911046861397114327 48.847699855446492734
21.431908722253659505 48.562615446898853122
19.952770583110211788 48.277531038351206405
19.53483041931296782 47.988425001294473304
19.664238767887852077 47.02208504666040767
19.934390252618889861 45.638013816601073813
20.300664972081591486 44.278807411865884092
20.733925486591619602 43.020851532128432382
21.243081161060157314 41.80923481959249699
21.776781594008575382 40.733923051105847435
22.344569258389991973 39.740700763560951714
23.036364195083702811 38.683678581166887511
23.858253246516333945 37.591863350677073186
24.748205823204749265 36.563660240719372041
25.749498876961396832 35.55744547069703998
26.869345261008167114 34.584614949746651291
28.071729112032617337 33.688146138196358947
29.316141296866852883 32.897020580089943564
30.567119891379949337 32.22350445921665596
32.009755596660241395 32.235639015340908031
33.356975832161694484 32.45109670570045779
34.092059268148396711 31.567675418986421931
34.670651840925337694 30.730368409637261351
35.402850886594464441 30.565999568624572902
36.292696099449926805 30.404577743969756654
37.418717097974116825 30.550625902085780439
38.712853932977857596 30.171476496621608021
40.032419780828234934 30.168568552797658811
41.373002564383213553 30.587255669569994865
42.750003652778559626 30.438819369598306253
44.037134942412535565 30.700119484815353132
45.41412833765512147 31.079499629193747978
46.823654438404190614 31.581229443839461624
48.195471965080741938 32.188753281385032778
49.49376471149909662 32.883310148446469157
50.669012807582944902 33.624725002678282237
51.7760261459917146 34.435006725537647299
52.865835589822253837 35.356372082496818621
53.86376245816395425 36.32861413548707219
54.567636910631932778 37.103487146660079077
54.34447804943396676 38.356487356111387044
54.39707710604097457 39.415993634782680033
55.644602102951772338 39.592599680541134433
56.594616932728243341 39.916104017386231817
56.992016494577264041 40.614047874559048523
56.77717281918049963 41.774546357694561038
56.98957384564992168 42.902575070894961584
58.063557201202321778 43.785352406026909478
58.229366229269473365 45.040610619941858772
58.71515063034320292 44.908440368953456812
57.730142702430406132 45.702732981113804556
56.745134774517602239 46.497025593274145194
55.760126846604805451 47.291318205434492938
54.775118918692001557 48.085610817594833577
53.790110990779204769 48.879903429755181321
52.805103062866400876 49.67419604191552196
51.820095134953604088 50.468488654075869704
50.835087207040800195 51.262781266236210342
49.850079279128003407 52.057073878396558086
48.865071351215199513 52.851366490556898725
47.880063423302402725 53.645659102717246469
46.895055495389598832 54.439951714877587108
45.910047567476802044 55.234244327037934852
44.925039639563998151 56.028536939198275491
43.940031711651201363 56.822829551358623235
42.955023783738397469 57.617122163518970979
41.970015855825600681 58.411414775679311617
40.985007927912803893 59.205707387839652256
