100 100
98.695070724318966882 100.44657257149462737
97.390141448637933763 100.89314514298924053
96.085212172956900645 101.33971771448386789
94.780282897275867526 101.78629028597848105
93.475353621594834408 102.23286285747310842
92.170424345913801289 102.67943542896772158
90.86549507023275396 103.12600800046234895
89.560565794551735053 103.5725805719569621
88.255636518870687723 104.01915314345158947
86.950707243189654605 104.46572571494621684
85.645777967508621487 104.91229828644083
84.340848691827588368 105.35887085793545737
83.03591941614655525 105.80544342943007052
81.730990140465522131 106.25201600092469789
80.426060864784489013 106.69858857241931105
79.121131589103455894 107.14516114391393842
79.411804147320950165 106.82023938066180335
77.999425995649318111 106.05998481339587158
76.983388975891585915 104.91220758087678178
76.101443035895471212 103.7516029400640889
75.480863159638616366 102.81519963933583028
75.147175907280200136 102.25976316336927141
75.107217748089453835 102.11005647698989662
76.445427222242855692 101.22921008831455936
77.78363669639628597 100.34836369963920788
79.121846170549702038 99.467517310963856403
80.460055644703132316 98.586670922288533347
81.798265118856562594 97.705824533613167659
83.13647459300995024 96.824978144937858815
84.438431960296227885 95.923756652847174564
85.327090853867986198 94.789207075166871164
86.352354924161858207 93.793217375293636451
86.201809467510642548 93.036236850716363733
84.848666032031019313 92.213792241993886023
83.728572626427236969 91.185933049126077776
83.945514077670637221 89.820573687919903705
84.625878328526439986 88.761059216288657581
84.06559809300898678 87.619020108378464329
84.1883493653631092 86.6486939060988135
83.760715268957113722 85.606121396540487467
82.67482148251980334 84.436640614322229226
81.583524047632039355 83.266106115530291731
80.492226612744275371 82.095571616738325815
79.400929177856511387 80.92503711794637411
78.309631742968733192 79.754502619154436616
77.616080799703325965 78.830994049896744968
78.28203091179545936 78.128867785147235736
79.411192544172024554 77.078878110833031201
80.662060098474313463 76.086652325581923151
81.981485759702295013 75.201424006555427582
83.312709117220904886 74.451537152184101842
84.803537663922512024 74.268118245198920135
86.278115722369506102 74.537600246421646943
87.113970380314981412 73.690701503876709921
87.733855448485087436 72.804684821404791251
88.523178526894923834 72.62972120003882992
89.497457047471257852 72.459275321842255835
90.752677685544441033 72.606308077977388393
92.14979770519219926 72.241607025668770348
93.560080165331939384 72.389584066440221477
95.011023727258461236 72.637611427016111065
96.428267106640774387 72.637740737808883296
97.810434341510116951 72.969386118644251837
98.400737548907272867 74.076558004080624187
98.143284437727828617 75.63012209170582878
97.829519481211065113 77.205184324956888986
97.515754524694301608 78.780246558207934982
97.201989568177552314 80.355308791458980977
96.913112492330370173 81.934796516033870262
96.934757954997067486 83.552230189133339877
97.382109818810775437 85.067178119703527273
97.499875365888641454 86.61093466538953578
97.059543798407688087 88.075108071402894439
96.034353378068615825 89.286022509277330528
95.542630766773385176 90.040539126111028168
96.667381968563489636 89.640516517283288067
97.466141809054207101 89.480600120549723897
97.387557639578403723 90.075519254086060528
98.664976097542549383 89.965965726295976879
100.25448487575603451 89.744782296745242434
101.85583274259333564 89.795190607630161139
103.46175106826649426 89.931057594800009269
105.06821268315479756 90.026859184376903045
106.48558044822837587 89.778230971494238588
107.90294821330196839 89.529602758611574131
109.32031597837554671 89.280974545728909675
110.73768374344913923 89.032346332846245218
112.15505150852271754 88.783718119963580762
111.14213054947916248 89.718408276633283549
110.12920959043559321 90.653098433302986336
109.11628863139203816 91.587788589972689124
108.1033676723484831 92.522478746642391911
107.09044671330491383 93.457168903312094699
106.07752575426135877 94.391859059981783275
105.06460479521780371 95.326549216651486063
104.05168383617423444 96.26123937332118885
103.03876287713067939 97.195929529990891638
102.02584191808712433 98.130619686660594425
101.01292095904355506 99.065309843330297213
