40 60
39.037011237296646016 60.848646889888591716
38.074022474593292031 61.697293779777183431
37.111033711889945153 62.545940669665775147
36.148044949186591168 63.394587559554366862
35.185056186483237184 64.243234449442951473
34.2220674237798832 65.091881339331550294
33.259078661076529215 65.940528229220149115
32.296089898373175231 66.789175119108733725
31.333101135669824799 67.637822008997318335
30.370112372966474368 68.486468898885917156
29.407123610263120383 69.335115788774515977
28.444134847559766399 70.183762678663100587
29.39813162863127971 68.960288276673111341
30.352128409702793022 67.736813874683107883
30.285042218018912052 66.336712870767698291
29.994716258479378723 64.948027077985003075
29.893838426752690651 63.53673801092637774
29.746340675880372117 62.331850648363612777
28.806401872752186222 61.725477392209754157
28.81340408317945645 60.923921462077103683
29.661148709625035025 59.850831956419881408
30.251875433780991642 58.662330459095592516
30.778398970640807875 57.494017259702452805
31.679846712009837262 56.574240523731269548
31.484181878390529619 55.72780929770363656
30.448822553658761336 54.810980670808191917
29.395727467768185903 53.83508837950948589
28.71970762542102662 52.70396000699307848
28.826547811631058948 51.324911764242507672
28.439647659209498443 50.241147257683920202
27.325585845929449391 49.446112506571964218
26.157155460871884145 48.671663602489466882
24.988725075814311793 47.897214698406983757
23.82122423925257948 47.122081616106683555
22.840562650352726592 46.209428712025918173
22.977962608562684466 45.223192760798468726
23.48992107181165423 44.294604563047101919
24.090720815055671977 43.333570689139534693
24.816337177667250558 42.313618775860838639
25.619591088249386246 41.323409191064492063
26.49080550074304341 40.379793298639640398
27.473804649984653992 39.446863061528723904
28.548176833060470159 38.559177048707354629
29.686777135594674348 37.745136116766687451
30.849250594186035102 37.029918321554035288
32.01876730479521882 36.414517646589004585
33.384421443845440081 36.497678376731094829
34.649737924146549517 36.717900712019556408
35.370977593532536787 35.958187803519486181
35.875734950086723529 35.012868399436655409
36.547994785775067328 34.85649980817655802
37.331717305020035269 34.704698807899625024
38.294192332006446122 34.689503617230407428
39.467885448815600569 34.656166111463150514
40.698970053331578356 34.411805273348583967
41.934917045724496631 34.604947077113287435
43.203817476002086551 34.835989962443946411
44.4587544227449456 34.760100247230440118
45.674149997986432936 35.02938341762919805
46.973369137409164864 35.413948674917079984
48.288196013372882476 35.889910529919916371
49.565757596421853748 36.463335377922845737
50.7781051635699896 37.111995088160476541
51.881866044428107898 37.801244381660552563
52.917140467194286657 38.544424522532139576
53.941932208574286278 39.386158500107924851
54.911538298273100622 40.296817689075652424
55.675729202608977175 41.107943295042105092
55.866135666021364159 41.988314835273811809
55.542423410087415903 43.252645078197012651
56.158565371094518071 43.82253896117762082
57.522150449511421755 43.84016455790470701
58.036433511741478242 44.366283728841139578
58.415912229063629013 45.050026950918137914
58.039686385428886695 46.244919151635436094
58.412352584488964169 47.504650650399653955
58.785018783549048749 48.76438214916386471
59.157684982609126223 50.024113647928082571
59.530351181669203697 51.283845146692293326
59.903017380729281172 52.543576645456511187
60.275683579789365751 53.803308144220721942
60.648349778849443226 55.063039642984939803
60.532762961179109595 56.362202455797344669
60.645831882862154316 56.373345912020241144
59.355467390183271448 56.600011792518976961
58.065102897504388579 56.826677673017712777
56.774738404825498606 57.053343553516448594
55.484373912146615737 57.280009434015184411
54.194009419467732869 57.506675314513913122
52.903644926788842895 57.733341195012648939
51.613280434109960026 57.960007075511384755
50.322915941431077158 58.186672956010120572
49.03255144875219429 58.413338836508856389
47.742186956073311421 58.640004717007592205
46.451822463394421447 58.866670597506328022
45.161457970715538579 59.093336478005056733
43.871093478036655711 59.32000235850379255
42.580728985357765737 59.546668239002528367
41.290364492678882868 59.773334119501264183
