100 100
99.02913959471823091 100.84975084035261261
98.058279189436476031 101.69950168070521102
97.087418784154706941 102.54925252105780942
96.116558378872952062 103.39900336141042203
95.145697973591182972 104.24875420176303464
94.174837568309428093 105.09850504211563305
93.203977163027659003 105.94825588246823145
92.233116757745904124 106.79800672282084406
91.262256352464135034 107.64775756317345667
90.291395947182365944 108.49750840352605508
89.320535541900611065 109.34725924387865348
88.349675136618841975 110.19701008423126609
87.378814731337087096 111.0467609245838787
86.407954326055318006 111.89651176493647711
85.437093920773548916 112.74626260528907551
84.466233515491794037 113.59601344564168812
83.60455614379370104 112.3477341758032253
82.314233974299000351 111.40308670367669208
80.901858364243437904 110.6428373198229167
79.885818593118202102 109.49505754939019653
79.003868387582457444 108.33444723714548275
78.378077460105728846 107.38967487843554238
77.88320773679679121 106.54952326078525005
77.419819598849912268 105.66588577325012466
77.150102663567309946 104.37833010049996574
76.883250418414419869 102.8933343527172326
77.442785893369361361 101.49342378190397085
77.590097172023774874 100.16475362652232661
76.668410159579366336 98.889382979931355067
75.876895823015004794 97.537204420551603334
76.326785582785660722 96.717889354090260667
77.863613804223817283 96.437188786760970061
79.459581354101516126 96.185809684492639349
81.055548903979143915 95.934430582224280215
82.602909609360210652 95.634634046801934915
83.491265841942706061 94.647503008604658703
84.115184567734914367 93.185561662113286729
84.6770607367381416 91.995628435435307324
84.072242767341009539 90.70907985642013216
84.149849783090061806 89.484236062541199885
84.423579076422626599 88.115147962441469076
83.98782489806056617 86.561702270851910157
83.328416627106633996 85.075620835445363355
82.625759804016752241 83.606596044769176501
82.03891995120167735 82.163651575359565982
82.782970848155045474 81.270197564389377476
84.054543029276018729 80.322841611142678175
85.381585993240918242 79.488159257126085322
86.715616631725026764 78.785907880540918313
88.291615601549807479 78.983520272068773238
89.587828893744784864 78.975834990050316264
90.194065888695845956 77.705677372613195075
90.922126935721152563 77.320299952116357645
91.766219920742670979 77.147326123239523099
92.831003121265027289 77.048589706420699486
94.169207457077789059 77.02392083432930292
95.262970894800702126 76.88088967613587954
95.64375372511739215 78.1985257353251626
95.890666258495912189 79.795303339284501476
96.137578791874418016 81.392080943243854563
96.384491325252923843 82.98885854720322186
96.614073120892030033 84.58897926671002665
96.778218638375278715 86.201722705581801165
96.927898047577187413 87.816210317089854698
97.406168601036412724 89.223945672685729846
98.732965615020162886 89.474853792005291098
100.31596853324766982 88.933463365104159948
101.89846942517343109 88.681982734688560299
103.39206247995102217 88.998718142187058788
103.78094952020612141 89.967697610874964198
104.18030709277464041 90.534154577881452042
105.54983184787946016 89.96705060678439736
107.00572274894767588 89.300070691364254571
108.46161365001589161 88.633090775944111783
109.74726261871059307 87.829616398585599768
111.03291158740530875 87.026142021227087753
112.31856055610001022 86.222667643868575738
111.43866337352143603 87.206762812163674425
110.55876619094286184 88.190857980458773113
109.67886900836428765 89.174953148753886012
108.79897182578572767 90.1590483170489847
107.91907464320715349 91.143143485344083388
107.0391774606285793 92.127238653639182075
106.15928027805000511 93.111333821934294974
105.27938309547143092 94.095428990229393662
104.39948591289285673 95.07952415852449235
103.51958873031428254 96.063619326819591038
102.63969154773572257 97.047714495114689726
101.75979436515714838 98.031809663409802624
100.87989718257857419 99.015904831704901312
