40 60
38.778471214648263299 60.496405672441674994
37.556942429296533703 60.992811344883349989
36.335413643944797002 61.489217017325017878
35.113884858593067406 61.985622689766692872
33.892356073241330705 62.482028362208367867
32.670827287889594004 62.978434034650042861
31.449298502537864408 63.474839707091717855
30.227769717186127707 63.971245379533385744
29.006240931834394559 64.467651051975067844
27.78471214648266141 64.964056724416735733
28.744362226282618167 63.373174656778765268
29.704012306082578476 61.782292589140794803
30.001610929693740104 60.28996530036188517
30.271964121611080856 58.796359154659747048
30.320826030285378039 57.298207192236432661
30.02973426213656083 55.836163056956401363
29.896709194695539225 54.421343962296461427
29.257526749644082287 53.659449269785596925
28.671635114835677172 53.196273654844887346
29.495166278004038674 52.180460583580867251
30.183042802427937801 50.950202223264952295
29.874816364396540536 49.78856526745499167
28.594696181890476794 49.565084922145388191
27.092041807017341881 49.60594256160465676
25.589387432144210521 49.646800201063918223
24.086733057271068503 49.687657840523186792
22.584078682397926485 49.728515479982448255
21.08142430752478802 49.769373119441723929
19.658762328005277453 49.662209825216152126
18.68015902227697822 48.732719217509185228
18.119604440224083675 47.415597182511845631
18.183368130455178857 46.187864812636682643
18.333069727420607364 44.8940731968109219
18.590925868060335091 43.502046577196196608
18.945797391359814554 42.134476547488382892
19.3705222875450076 40.864354040162645276
19.870498524546441388 39.645070111134273816
20.403950650658345012 38.548028853921685766
20.961660657001495167 37.554673459326423313
21.63399406639730671 36.508424039555279705
22.442496555654461332 35.414053050457624749
23.323066039133777849 34.377703929584527032
24.306769610095855683 33.370354282417828529
25.413028601637222437 32.390051818450686483
26.605963012558603964 31.481945040571471139
27.848770328910539718 30.674596856327259076
29.093921773088560201 29.98869811651078976
30.42606814087712408 30.036028113765610215
31.683287187555848163 30.811266414285459092
32.750790863813492138 31.145598134559602244
33.34931731213109174 30.076117581138070989
33.877081102348093111 28.857023885418666254
34.742361971464788439 29.065551100268343987
35.814527907691264375 30.041431889582934645
37.000671674616100404 30.150954608004870039
38.30533165794668804 29.839197837036955718
39.653055991042464257 30.256079902968714634
40.987900291935986274 29.961759754835920688
42.348553150802935363 29.610186811264117779
43.795290687450872724 29.939018964503752329
45.303467445908509603 29.95489782205985918
46.820082030839309084 29.907308981113001067
48.056718004333156102 30.484463851534975731
49.217277587580447573 31.20299100782443702
50.327182578476282515 31.99982201634094281
51.422134393224489202 32.907937214149470151
52.44158849185072313 33.883185983144940678
53.189851652401578974 34.695019552529849705
53.100529441137716447 35.84695159899445116
53.012225858458997152 37.010568635813434923
54.142789032434720298 37.273593454723339846
55.240809042140746499 37.508456216643978109
55.635301621451176857 38.192652979692859105
55.53761739311439527 39.276375406293439596
55.577282348696151359 40.456507514609491238
56.644848925817576912 41.335432724290789963
56.965739305018914251 42.528451289547859915
56.608861510840249309 44.015189918688953696
57.700951641650263468 43.789412259706566033
56.717565439336361521 44.690000467500645698
55.734179237022459574 45.590588675294725363
54.750793034708550522 46.491176883088805027
53.767406832394648575 47.391765090882884692
52.784020630080746628 48.292353298676964357
51.800634427766844681 49.192941506471044022
50.817248225452942734 50.093529714265123687
49.833862023139033681 50.994117922059203352
48.850475820825131734 51.894706129853283016
47.867089618511229787 52.795294337647362681
46.883703416197320735 53.695882545441442346
45.900317213883418788 54.596470753235522011
44.916931011569516841 55.497058961029601676
43.933544809255614894 56.397647168823681341
42.950158606941712947 57.298235376617761005
41.966772404627803894 58.19882358441184067
40.983386202313909052 59.099411792205920335
