50 50
49.524824902828818551 52.742700169793636178
49.049649805657637103 55.485400339587272356
48.574474708486455654 58.228100509380908534
48.099299611315274205 60.970800679174544712
47.624124514144092757 63.71350084896818089
46.768669649711853253 59.161234278713003221
45.971259388805719936 56.367651774600602721
45.18015031285121097 53.6329021892881741
44.696653629534736751 53.770268730844186678
44.504882714978265312 56.631421131264083613
44.317694480386627731 59.535361108992994161
44.130506245794983045 62.43930108672190471
43.76271184252599511 64.056845456554739826
42.184472401804136155 63.430453833606556202
40.195455302609481407 61.634099466126933464
38.43491386077367622 61.510053822379568089
39.002902704770704645 59.06585603109914473
39.862537223611170134 56.282194288932188897
40.722171742451642729 53.498532546765233064
41.581806261292108218 50.714870804598291443
42.435275412362223335 47.942495672278248264
42.455362567976877131 46.732322090025519401
41.756877504665581569 46.812164678134138285
39.810367362661871482 48.813274788643497004
37.787010927645034997 50.918940533151577199
35.572902627950249155 52.796568096282378235
33.212546203331214656 54.499360375397074563
30.850982897634132485 56.200709864074852362
28.711024632518828525 56.944967368882707603
27.2661364923369689 55.116573760060838083
26.325953487507877782 53.548763645122463117
25.644777010031653219 51.473475144727430575
25.987461996185977853 48.874346399836561261
28.06696431549812587 46.984170492425022303
30.694238668274941517 45.663436237426992648
33.484480226320286533 44.857371541916734259
36.045916895873439501 44.168558228705350643
34.980630170901598319 43.082400089439580881
32.198631093556166149 42.232934011128477891
29.403670375614797905 41.434609979045930572
26.608709657673422555 40.636285946963340621
24.379582279410854539 39.84267071202309296
24.794537907083345374 38.242184604721657593
26.842970445610852437 37.886304226253123772
29.686774660070142318 38.161250611733578353
29.822738591341050096 37.258404692436172922
27.649356465495625201 35.351094059312288209
26.569833467325128851 34.127269810533405803
27.711043613530822682 34.521075650314173799
30.303534364430923631 35.832876461719123995
32.896025115331013922 37.14467727312407419
35.488515866231111318 38.456478084529024386
37.499004899180199857 39.02556263725652741
36.548156794409059955 36.961405867552620919
34.759775658009061772 34.659793334215812877
32.969697085595953467 32.358960208447349771
31.210308150132135552 30.061447512961940731
31.642088162883684532 28.277903918636109637
33.987751625522570009 26.704059688763891245
36.611179051128480921 26.197445530018065085
38.692543126483442961 27.786666049733426576
39.816169452978371623 30.445651590069012116
40.909044028303718221 33.137533031227036417
41.967504613094099852 35.669630892820137547
42.301456153193207399 34.837845438693733513
42.187269464897326543 31.925361723199941366
42.071570073720799599 29.005854553659332851
41.992641472226779342 26.10588673679060534
43.327928846014998499 24.108515957426334353
45.547573809567339254 24.88053015240834398
45.946911071901098467 27.569424217324851156
45.933247404705305428 30.493357574939047083
45.935762980090792951 33.340204883880964815
46.560443974738007 33.222743230243366952
47.715730584039263817 30.577209571285330014
48.877194722326116505 27.902243057379674696
50.248598961261663476 25.654095092203757389
52.711593440215807505 26.088386309436106814
55.110150994792718393 27.47402183972017653
57.235537982798007306 29.125250345683113551
58.934517758355084993 30.833452913167171516
58.934824307697837753 33.003805077602059725
60.977677618933711301 33.598551686293347984
61.486239737974635489 35.126578400384303791
59.593522178650751187 37.103456352969288901
56.988742779899119739 38.368571212189777953
54.369562914606646586 39.618985004892770974
51.750383049314208961 40.869398797595792416
49.131154549754349148 42.120126124478545648
46.806068162044937253 43.386889134385313582
48.133037399556620528 43.873651088552172439
51.042255330434755933 43.907938530346093842
53.951793673888339242 43.942101442042883264
57.277556279002084239 43.903788416744042422
60.603318884115829235 43.865475391445194475
63.929081489229574231 43.827162366146353634
61.143265191383662227 45.061729892917085749
58.357448893537743118 46.296297419687810759
55.571632595691831114 47.530864946458542875
52.785816297845912004 48.765432473229267885
