50 50
47.51712787984497055 48.10602762400172594
45.034255759689948206 46.212055248003451879
42.551383639534918757 44.318082872005177819
40.068511519379889307 42.424110496006903759
37.585639399224866963 40.530138120008629699
35.102767279069837514 38.636165744010355638
32.013723742612476997 33.771065459313319934
30.700342009293475343 33.153272325385842123
31.388322858420629302 36.053885939385345694
31.832399866509369701 38.933990112505625802
29.780937545233719277 40.568730465764609505
27.324073409892520203 41.474857663831627974
24.966010533307994024 41.743534864812048113
24.212023947899741216 40.778174257651585322
23.989518695379754121 37.565318990933640464
23.76701344285975992 34.352463724215695606
23.512684534045945384 31.402922976006625078
22.7647379564687391 32.537661468933485764
21.783495898561064053 35.602727718870283979
20.98963977613492915 37.939458986101946891
21.34532325541215414 35.807089864661790557
21.963401643773828198 32.654600002329161157
22.581480032135512914 29.502110139996531757
23.199558420497194078 26.349620277663898804
22.977466647516422427 24.68681266078433012
21.088147092352013345 26.892533457460704227
19.13387228438598342 29.435875663177679229
17.179641715356947174 31.979216556364637114
15.22541114632791448 34.522557449551598552
13.538422827294114725 36.637465678907140898
14.220322600810700209 34.954662147386656557
15.609650867200722146 32.121224929349743604
14.920817131364968233 31.636558070319559022
12.253899852583916896 33.38755137076341839
9.6722908528195326028 34.739142014400570702
7.9113890496666030572 33.096939813644027595
6.8213767550072539336 31.323425326260370127
6.075907434238846605 29.028852713518300988
6.4780797660254068049 26.176331251164089764
6.3079816112336635214 23.848425033142088836
8.7534075223433625013 22.626480874248443342
10.335753936232453754 21.621405108205593137
7.653018471477078144 20.762643515220567281
4.6021118075070690523 19.925781321163434257
4.7369670987963852227 19.531403701791735017
7.9041669756812513725 19.558201839774369546
11.110288806814851981 19.590406020208867233
13.525246880589149256 19.410714494070287373
11.615276755771350992 18.072518929787495523
8.9821260388862089741 16.270276448987775808
6.7858231502346431085 13.95768870851459198
7.0981648036252806833 11.689452184483574371
8.6265915778022872473 9.4331584466088500562
10.612759486054246238 7.2469647929449703128
12.675637757271688955 5.9635375790013309683
14.711084868487546373 8.1762874671360634693
16.709945283937830851 10.701888591279415053
18.708805699388122434 13.227489715422770189
20.723407234091382634 15.727973490312219695
22.027215502586251716 15.921663971755805278
21.582785181131498575 12.848853022079756769
21.130942461836365709 9.6609462819434455128
20.689467871783726594 6.4749714572574355032
20.247993281731083925 3.2889966325714246054
20.583443654312738147 2.1161645961472217436
22.693246878568341884 1.9630430369143028191
25.491300137751501609 1.8918616536404497808
28.367539616788597812 2.1531110322157438475
31.220684361285684361 2.9914486702169735821
31.914875091273721353 5.0870594726288356213
30.801421574626491662 8.083489610910088885
29.675749113351010067 11.086303357530573166
28.59632659044691394 14.008444791205899804
29.252408747968548397 13.903399992267901908
31.263969868528647567 11.434035867783418183
33.284586921077540467 8.9488757659390447685
35.30520397362639784 6.4637156640946722419
36.662308075856572032 5.9658762358206001153
38.700153647711346139 7.7877641273659552468
39.3686968100535708 9.9428217027191720945
40.851746941758577236 11.182807021122021851
41.493783495700846231 11.933953613098134738
38.884974327314345999 13.665553738279239582
36.189331158001991184 15.423430991464853079
33.493687988689650581 17.181308244650473682
31.852017789824877525 18.472440442352414891
34.358241216592510625 17.926705002344426987
37.465115906088342967 17.114975068351110821
40.571990595584161099 16.303245134357798207
43.014394624576759441 16.148833500054699641
42.622537484192960733 18.789580886556528583
40.329869277961790885 20.198529437388994978
37.148700094722968856 20.708778490479694767
33.966971051159234207 21.218469515407562653
31.667777977919122634 22.598056547461460752
34.69912115992098478 23.50650431255566275
37.801121838892179028 24.34925493788103168
40.879547296308089699 25.227197360758665923
43.124017795751221627 27.17820389629814315
42.628170072489453446 29.836328698237274182
40.741503086712270942 31.530894663977793613
37.917710242379790486 31.2391137356399895
40.760005907771812872 33.231309874195218867
42.300004923143177393 36.026091561829346688
43.840003938514541915 38.820873249463481613
45.380002953885906436 41.615654937097609434
46.920001969257270957 44.410436624731737254
48.460000984628635479 47.20521831236587218
