100 100
98.720778029412215915 100.49782451364231406
97.44155605882444604 100.99564902728461391
96.162334088236661955 101.49347354092692797
94.883112117648892081 101.99129805456922782
93.603890147061107996 102.48912256821154187
92.324668176473323911 102.98694708185385593
91.045446205885554036 103.48477159549615578
89.766224235297769951 103.98259610913846984
88.487002264709985866 104.4804206227807839
87.207780294122215992 104.97824513642308375
85.928558323534431906 105.47606965006539781
84.649336352946647821 105.97389416370771187
83.370114382358877947 106.47171867735001172
82.090892411771093862 106.96954319099232578
80.811670441183309777 107.46736770463462562
79.532448470595539902 107.96519221827693968
79.823120081008468674 107.64027147223988834
78.41074685008057088 106.88002018931291559
77.394708884029768114 105.73224266489097545
76.512759363737401941 104.57163373473096613
75.886966794936085989 103.62685924738178755
75.392095750217961836 102.78670546261372465
74.933656763984089366 101.91309955763304629
75.395666529696214297 100.88371354658229961
76.750723450230481149 100.06864354206776113
78.167744365026905484 99.308068605973645049
79.584765279823315609 98.547493669879486333
81.001786194619683101 97.786918733785356039
82.418807109416079015 97.026343797691197324
83.835794191001937747 96.265655835807564245
85.243240307214833251 95.473094601279370863
86.450079693603669284 94.608363582694067873
86.053985580332380323 93.811845199728523426
84.697124418461854134 92.931219574944620376
83.680056534096252108 91.869612758199366453
83.957469988683641304 90.481721790866458832
84.626040983209435353 89.398416613278754994
84.065598398659858503 88.214225430245789994
84.18952663932014957 87.190170648535541886
83.769362363268470517 86.119232206032194199
82.693670908453626112 84.939865223330031085
81.612596824622571035 83.759592733102110174
80.531522740791515957 82.579320242874217683
79.450448656960432459 81.399047752646310983
78.369374573129363171 80.218775262418404282
78.154575157673704666 79.511596198440386729
79.024131693149101352 78.624238949583201475
80.203643496142291269 77.579127069535331884
81.481088547568674585 76.616740520303920903
82.807600388507012212 75.773304949960078147
84.141538284524244773 75.063081844686365685
85.703799238770159263 75.19636875056536951
87.03771709416612623 75.253490732858665524
87.674659820202577976 74.03993579711215034
88.383258740432765421 73.568407399158630255
89.216113067633074252 73.395370968651477028
90.259930849575013667 73.243413973176757281
91.593561087563855949 73.29559362431039915
92.998745912334328523 73.059728600343461835
94.417343665475911507 73.388106863879684738
95.886733185869786666 73.340168666666599506
96.937784062251509454 73.477928667693021225
97.056326976832195896 74.696630155920502148
96.962883906850208859 76.300236229917288711
96.869440836868236033 77.903842303914046852
96.775997766886234785 79.507448377910833415
96.699207898324857524 81.113973370927098472
96.711497756708880047 82.736112689042130341
96.806258901888696755 84.37298275942833925
97.190666819348365379 85.972719326785167482
97.51663738927523184 87.564843610975671595
97.201347799730385191 89.121795200078977928
96.367855403185842533 90.313997326519597664
96.750644277172625607 90.466681829775410506
98.180890067593139747 89.817613529717760912
99.284736811882723373 89.489484666768319698
99.609926116481076974 90.059722489325253036
100.95637807558472332 90.012497845558044673
102.57569533866794131 89.775664627634768067
104.18558087710636073 89.605449864668216264
105.78670611527444123 89.497111130842213811
107.38735460240739883 89.392139799962606617
108.98800308954038485 89.287168469082985212
110.6645703847746347 88.894867591253571959
112.34113768000887035 88.502566713424158706
111.31270954000812878 89.460686153972147849
110.28428140000738722 90.418805594520136992
109.25585326000665987 91.376925035068126135
108.2274251200059183 92.335044475616101067
107.19899698000517674 93.29316391616409021
106.17056884000443517 94.251283356712079353
105.14214070000369361 95.209402797260068496
104.11371256000295205 96.167522237808057639
103.08528442000221048 97.125641678356032571
102.05685628000148313 98.083761118904021714
101.02842814000074156 99.041880559452010857
