100 100
98.257627774736036486 99.401970188078664137
96.51525554947205876 98.803940376157342484
94.772883324208095246 98.205910564236006621
93.030511098944117521 97.607880752314684969
91.288138873680154006 97.009850940393349106
89.545766648416176281 96.411821128472027453
87.803394423152212767 95.81379131655069159
86.851949766659345187 92.710987769507923417
86.122376268259941412 91.161953748556001642
85.392802769860523426 89.612919727604108289
84.661414289938022648 88.064908976399976837
83.777065871197535785 86.614527670873513898
82.758753221711145898 86.211985705689684778
82.02701161633589777 87.140150887627669363
81.369046389623548521 86.271739027285519796
80.742378486455322673 84.683342253651289866
79.920566117530981387 84.44920281603825174
78.670651129314592254 85.449650405674020703
77.172354370914177935 86.266444783059782253
75.802923022650091411 87.282352317671893616
74.562288663549026069 88.445332139485060452
73.345501268262040639 89.634949891188512083
72.128713872975026788 90.824567642891963715
70.8982810501851759 91.869555048874076419
69.543544807597470481 91.658866493085724869
68.038764255735955544 90.834346328031102757
66.811314566184265118 89.773895638339666903
65.806603639369484426 88.512537147150396777
65.082216875524750321 87.45422309547384998
64.537707401971545096 86.549455315337951333
64.045951938486865629 85.625708998952262618
63.736008240249901746 84.29590811728088795
63.623700998776655524 82.88816368289751324
64.868555337929507232 82.095176187007751878
66.451732807697581507 81.444524704309870344
68.03491027746562736 80.793873221611960389
69.618087747233701634 80.143221738914064645
71.201265217001747487 79.4925702562161689
72.762016509975154577 78.830279533752062093
73.428904920564818326 77.767269098632198165
72.534041083890230084 76.396299357305892386
71.779914457387164362 75.014866724664685194
71.988819428970259651 73.294838915227046527
71.585702061580477107 71.94788787558650256
70.254414996523522063 70.930277310529149304
68.864931314131212048 69.931174074469296897
67.475447631738916243 68.93207083840943028
66.085963949346592017 67.932967602349577874
64.696480266954310423 66.933864366289697045
64.72660934665663035 66.509380779023587138
65.361071495318000757 65.506088462526676608
66.267533530206790715 64.267911225609950066
67.27214477180049812 63.096522939031373767
68.416332988762064815 61.95794953174988251
69.706522703680064978 60.870408453603062071
71.091601725417461921 59.890451670997492783
72.503621185652121994 59.058686569426576796
74.040997548192564182 58.685848222235186711
75.638360147735824057 58.986197121145458766
76.580055568351539819 58.185172139182050444
77.242181949750502667 57.252144604531025607
78.090594167973975459 57.066520855847421956
79.130680052505752542 56.890863777890842812
79.999389495482176926 58.125129574859528248
80.347882035152977664 59.773267042637932889
80.655461067019516008 61.445390548911305473
80.963040098886054352 63.117514055184678057
81.270619130752592696 64.789637561458022219
81.57819816261913104 66.461761067731373487
81.908317247052025323 68.132686499342398179
82.409986282526489276 69.683085965087173008
83.285386283021665577 70.231264794918899952
84.418810611039589276 70.795603888944881987
86.004754061388268838 70.539039781317313782
87.652770073122539429 70.464890350714341594
89.304368384458143737 70.146633212794824885
90.803568943404201264 69.350277524256071615
92.283431321250006363 68.511153146406527981
93.763293699095825673 67.672028768556984346
95.243568104296926435 66.834403831465238
96.786017437414827214 66.223044504725564252
98.469050504165679172 66.123294364547319901
99.248103255181987947 66.671014395278291431
99.599433184338195701 67.582240539189541551
99.273756566209954144 69.031364985374025878
100.32384237783979586 70.07152048528101318
100.78187083813993752 71.386080988506009248
101.13857425753880648 73.420292514691482211
101.49527767693768965 75.454504040876955173
101.85198109633655861 77.488715567062428136
101.41244532059036487 78.707411597716358642
99.866102151381852536 78.996715754891681627
98.167568784522885039 79.158225018614984947
96.471167588365858592 79.320511769660143386
95.477316638497484291 79.738980593247447359
96.323855522412657137 80.839835846834176891
96.815836776049877699 82.233245800673714143
96.652805012009324059 83.88593845334338539
98.280160087733278829 84.681586579730875997
99.907515163457233598 85.477234706118366603
99.919075768025081175 87.29258036785357433
99.930636372592928751 89.107926029588782058
99.942196977160776328 90.923271691323975574
99.953757581728609694 92.738617353059183301
99.96531818629645727 94.553963014794391029
99.976878790864304847 96.369308676529584545
99.988439395432152423 98.184654338264792273
