100 100
98.376845891560336099 98.560765749537040392
96.753691783120672198 97.121531499074066573
95.130537674681008298 95.682297248611106966
93.507383566241344397 94.243062998148147358
91.884229457801680496 92.803828747685173539
90.261075349362016595 91.364594497222213931
88.637921240922352695 89.925360246759254323
87.014767132482688794 88.486125996296294716
85.391613024043024893 87.046891745833320897
83.768458915603360992 85.607657495370361289
82.145304807163697092 84.168423244907401681
80.522150698724033191 82.729188994444427863
78.89899659028436929 81.289954743981468255
76.725286484916537688 78.17578423117230102
75.612178789356562447 76.877166430502597905
74.499071093796587206 75.578548629832880579
73.385963398236626176 74.279930829163205885
72.272001109599628421 72.982167989322022095
71.146874727765762714 71.695574046849984029
69.992157559339858608 70.437028908525874726
69.009791615189641334 70.036689958274791934
68.447121177669814074 70.393674905137260112
67.815841298468782838 70.498489789126438154
67.406577562942004533 71.232320983710565088
67.034742305846179988 69.939831981249525938
66.661931781650807238 68.753829850250653521
65.965564948993261396 69.68492999822935019
64.959465988258131119 71.102893889310095688
63.912378673402557183 72.492685093075280633
62.967542436873905842 73.921224926429516699
62.027793627915038144 75.351709169225756568
61.088044818956149129 76.78219341202205328
60.148296009997281431 78.21267765481830736
59.208547201038378205 79.643161897614547229
58.268798392079517612 81.073646140410843941
57.444427529442094738 82.206272720217157257
56.779442171861511213 81.80454206269091344
55.855750258745302972 80.601665946768548565
54.538848307681206506 79.5482357547812029
53.027952810420224239 78.744763921796362638
51.948795738823129398 77.525623802589592515
51.440158581606716837 75.949945936205125463
51.606209770576803919 74.266293565498202156
52.410168261329481254 72.785182477252718058
53.316634445050517854 71.344895087941267775
53.715856956190755511 69.756348081218575885
54.592087079393820659 68.373740189094448283
55.044512614770468417 67.131573259331005943
54.052015462696637371 65.830404917796357722
52.751078485923208916 64.760265444750885422
51.139016400242780946 64.202219837337139552
49.496291453626284351 63.693883594273501103
47.853566507009752229 63.185547351209820022
47.580602823311302529 62.622974999265650808
47.777261258517839337 61.296053630192183448
48.129647472970205513 59.726824783243777972
48.587213604437295089 58.24685746249407714
49.136096932140588933 56.856385179740925651
49.740568878019132626 55.599348643407225268
50.380206522359330279 54.470568318988306089
51.175207222001418472 53.267766424886602294
52.094733091665190727 52.077342866357710705
52.605693410010545108 51.488628932399841176
53.883020313706502691 52.450954921394512098
55.219444586056610547 53.509308635431857226
56.555868858406711297 54.567662349469195249
57.892293130756804942 55.626016063506533271
59.228717403106912798 56.684369777543885505
60.565141675457013548 57.742723491581237738
61.94823390069121416 58.697690362762628524
63.581301345648107315 58.952705703793405689
65.087714412874390746 59.516982982394566193
65.87838204644599216 59.811769004737271871
65.85128683638723146 58.332605364832645023
65.956383548154505547 57.373254427547038858
66.655688122887951863 58.072638547829626532
67.275608890603393775 57.190122932654773535
67.723157303126797046 55.543259993041019129
68.110376745604000348 53.883937359492200869
68.496494118734190693 52.224427872010544149
68.937534267268347321 50.601725208455192728
69.963107169210417169 49.387261820048784955
71.445678372706680648 49.090709481864841734
73.079701815876532578 49.373909180169512467
74.804351165054001171 49.185962478003247611
76.495802040039407643 48.850165931327595104
78.125187335799537891 48.278625581547437662
79.092512122690408205 48.626770193914993001
80.180752784080056017 49.463648304505817066
81.386812351074965477 50.543791363540151451
82.357047711903987874 51.554647861961583999
82.498388062967478618 52.706621460873599005
82.367212457627942968 54.048363044913322994
83.679615527233636385 54.32348043399775861
84.681977897591309556 54.735278920475195719
85.139885015817810654 55.555713640900336259
84.746735739308405755 57.00200914321271739
85.614242659327700835 58.093369464438055161
84.555330256520647936 59.993433230873378648
83.496417853713580826 61.893496997308695029
82.437505450906527926 63.79356076374401141
81.378593048099475027 65.693624530179334897
80.528033360291004783 66.975361514301752663
80.423248165804423593 67.971685097815992549
81.715002401106275443 68.987906453430596798
83.03473917565861484 70.065113046754404991
86.432376184791536389 71.193472404093071759
87.336884439138771086 73.113907577153540274
88.241392693485991572 75.034342750213994577
89.145900947833226269 76.954777923274463092
90.050409202180460966 78.875213096334917395
90.954917456527695663 80.79564826939538591
91.859425710874916149 82.716083442455840213
92.763933965222150846 84.636518615516308728
93.668442219569385543 86.556953788576763031
94.57295047391662024 88.477388961637231546
95.477458728263840726 90.397824134697685849
96.381966982611075423 92.318259307758154364
97.28647523695831012 94.238694480818622878
98.190983491305530606 96.159129653879077182
99.095491745652765303 98.079564826939531486
