40 60
38.993603595380548654 60.95870165374073224
37.987207190761104414 61.917403307481464481
36.980810786141653068 62.876104961222196721
35.974414381522201722 63.834806614962921856
34.968017976902757482 64.793508268703661201
33.961621572283306136 65.752209922444393442
32.955225167663854791 66.710911576185111471
31.948828763044403445 67.669613229925843711
30.942432358424959205 68.628314883666575952
29.936035953805507859 69.587016537407308192
28.929639549186056513 70.545718191148040432
27.92324314456660872 71.504419844888772673
29.024723992289942487 70.213156470759955141
30.126204840013276254 68.92189309663113761
30.094291670026635188 67.472147068581350027
29.871892239125376278 66.025526971270934951
29.88469963288900999 64.631146361918922594
29.03904241064259395 63.835854930081978864
28.714972983596005918 63.06308224310055266
29.569868876512650502 61.923743862126841009
30.237057090193232511 60.648999749955940786
30.813292061535474176 59.385118531148414434
31.724400616611227122 58.394894550697387103
31.313398598104093651 57.470311986770077795
30.187493432772576796 56.446155830926628028
29.097594799005854327 55.375921738978675535
28.695477835325274185 54.087294861318859773
29.142084501251918738 52.70542523738426155
29.765555181532057816 51.613519461673405431
29.095430085686633248 50.684276239601985026
27.89275560274490573 49.774734489892452416
26.687848677809711262 48.865270926043017141
25.482941752874502583 47.955807362193588972
24.278034827939297458 47.046343798344132381
23.529317410672213384 46.380906899974547741
23.821832359528059442 45.884700883590276987
24.471871653444686956 44.88571573437673834
25.287276545731696586 43.792309004693890984
26.172384379952159605 42.760207939229211149
27.164883037737482141 41.753371665893091347
28.278015861363883232 40.776709234953685268
29.475722308603145905 39.874383098476421594
30.719492174998890732 39.075072788784865452
31.969764982816784027 38.394277789460737438
33.398113417546930748 38.343567586363334954
34.768193733659892075 38.591333751348535941
35.546385391784205865 37.78737497338489959
36.108899301095490841 36.871440778364444668
36.836787724774907815 36.706073380150947116
37.71412997052838989 36.544221792610166233
38.822078465037435535 36.671184497328802365
40.110161182771058463 36.312616248849487022
41.4299920959727217 36.295322191721155036
42.7683662344526212 36.703265374169085078
44.150199706202421623 36.553757210816620216
45.435417555759649133 36.808733562714309073
46.806247207046531855 37.179458429305668687
48.216883271280543966 37.673705889878043251
49.591785076941405919 38.274391851350578975
50.897126462605605468 38.964524303199453925
52.080267631384913329 39.703235072163636232
53.188612279107623237 40.5066852114039051
54.281154309279415315 41.421538914747515037
55.290389414957537895 42.395906052656663121
56.016170220636361421 43.189152183037776922
55.85882422853684659 44.391776410649953277
55.83820992588599097 45.505378645576620045
57.030476165124674992 45.722813423805938271
58.054792922324629956 46.001819222552100541
58.450565549138815413 46.692536777847948315
58.292800244572546831 47.815491049200218754
58.417689157086336138 48.969916821376905602
59.493697779595770214 49.848950859309326233
59.735907366514275907 51.073496037726805241
59.375922839630888461 52.565363190362070611
59.260537766602588761 54.036001741576612289
59.894651897953686159 55.292771678488570331
60.812146056773734415 56.989347167119440485
60.630628754943977299 58.355169505933396579
59.627352423843241525 59.345960518457133048
59.030624536351389509 60.353861029255796211
60.418164592958298442 60.665043476345019258
59.056953620094411406 60.620707244588686535
57.695742647230524369 60.576371012832346707
56.334531674366637333 60.532034781076013985
54.973320701502750296 60.487698549319681263
53.61210972863886326 60.44336231756334854
52.250898755774983329 60.399026085807008712
50.889687782911096292 60.35468985405067599
49.528476810047209256 60.310353622294343268
48.167265837183322219 60.266017390538010545
46.806054864319435183 60.221681158781670717
45.444843891455548146 60.177344927025337995
44.08363291859166111 60.133008695269005273
42.722421945727774073 60.08867246351267255
41.361210972863887037 60.044336231756332722
