45.645506192805513024 45.400665862746599544
42.503738563601366707 43.079194950127003949
39.36197093439722039 40.757724037507408354
36.220203305193066967 38.43625312488781276
33.078435675988927755 36.11478221226821006
29.936668046784777886 33.793311299648621571
26.794900417580628016 31.471840387029018871
23.653132788376481699 29.150369474409423276
20.511365159172335382 26.828898561789827681
18.13091758103955442 22.260247836577722325
16.045269825794676422 19.312895064882653173
14.34857839601106555 16.125317413522900267
12.815597347588472132 12.836967267636712364
11.802475219290723629 11.396056355407420568
11.455295309259106773 13.143912746737909103
11.383146467261010315 16.738870058202994784
11.315652399388696381 20.356540999859468855
11.144961905607623009 21.475719385939846973
10.787593267223238414 18.087870876646817919
10.142503229260107389 15.344204074212749234
8.9386972688507153606 17.639489561368158377
7.6832238747307490812 21.021222998455233011
6.4277504806107863544 24.402956435542318303
4.7115343585803453053 26.824218583463117938
4.0097111093633586165 24.812444824985487202
5.0887380645204327578 21.377737601452160732
5.7172918930237477397 18.72974516188713423
3.7824982010316454684 20.514668443978596457
1.3407532265283619299 23.168113289304518077
-1.3632738191267828043 23.892728270186086803
-3.0931173195494521266 21.93747500860554922
-1.2385236185888282012 19.062620559092660955
-1.2955813170730965389 17.765779387540451495
-4.6063582902221691384 18.943490122079179372
-6.1818635211952646102 18.861426219545275984
-7.0177894036333716699 16.670551368062337616
-5.5352870566441607636 14.473835218594148344
-2.1541480223428410845 13.213852190061874836
1.2380451936020360204 11.958761085888804487
4.5006927723800114194 10.731026122255627797
3.6349629029819712223 10.375080252751006427
0.02201137858735470465 10.599264932849584042
-3.5966344595288841646 10.824652080664201037
-7.0469439517128495964 10.729228461995850452
-7.7715901925293939811 8.4165119209668191047
-8.0353270255754303264 5.9982179338338514896
-7.9878981268577113894 3.6938697904602530997
-5.7793683703556730791 3.3874856248788325352
-2.298960463410525179 4.3169592604869233554
1.1814474435346200565 5.2464328960950119551
3.9088438979701916054 5.8308038281598904007
1.9486193897633765637 4.2668532944590884526
-1.0339054347643843457 2.2343858453519391816
-3.6615936530341466337 -0.13402275204853636437
-4.4779571868066820883 -3.2370426275166366281
-2.2861163059837732447 -5.6128881019635432637
0.53674066706572887142 -7.7839455528602101708
3.7016063486961154894 -8.7841934980724492021
6.3816323160840262574 -6.8379666646902386162
8.096695833395104458 -3.7323788531745258901
8.9514625461688304142 -4.3429648424163040943
9.1348927230842704716 -7.9324307074086641833
10.488337503128573047 -10.709377888495920317
13.013814292981599863 -9.7018353348101413758
13.34851525415057516 -6.2583407147641425539
13.388045854120058209 -2.6488940672370859808
13.123726369493690314 0.93854195874235069041
12.728471301801114635 4.2888472672002357911
14.079259149058545475 3.4377882221237792137
15.977031506594464361 0.35669917606842027613
17.871609565790610219 -2.7279885379647144106
19.766187624986727656 -5.8126762519978498744
21.729643879407920082 -7.9546341387542689461
24.108804513088497146 -6.242811004287093013
26.014854825473229027 -4.4202257599746648253
23.928567482151152035 -1.9835673704291869601
21.382797195487309949 0.58168113381830455211
18.841713348861539146 3.1435230933337452441
18.561602498598993805 4.0618775468710062171
21.679160675931747448 2.5104870696710239741
24.903335364130416707 0.88159769981687452489
28.085122097158617294 -0.70308027059490041388
28.852499036372211805 0.29491500146169141727
29.517224932691362937 2.6627042546250745403
27.249166084862668669 3.9806374395769790198
23.841005041701254896 5.1745589203642587961
20.432843998539834018 6.3684804011515394606
17.024788077336168612 7.5626676219247377375
14.993839757890441433 8.6591015249311951152
17.965086668589449914 8.8704277777499456192
21.567367600221462709 8.9311179258943003134
25.169648531853482609 8.9918080740386550076
30.904810621919839519 10.498814909718538146
28.040410681083194788 11.069108340458747364
24.436398415904221793 10.92772495732094562
20.856138164786280242 10.791373582227334893
20.48183428776493642 11.334223483384725739
23.778347631463475409 12.654758246800930976
27.137068631036175503 13.988472078904326423
29.910201485559444023 15.477382240531277091
28.951292718736553411 18.081674595430346386
26.24553320998550987 18.179605485036450574
22.872200235864884377 16.83211459440305191
21.730266319209022186 17.098716871840352383
23.941559299976670872 19.790891844585480897
26.551480459772662357 21.994450385277765747
28.93823367640176869 24.920227319961369972
31.324986893030875024 27.846004254644974196
33.71174010965998491 30.771781189328578421
36.09849332628908769 33.697558124012182645
38.485246542918190471 36.62333505869578687
40.871999759547300357 39.549111993379391095
43.258752976176410243 42.474888928062995319
