40 60
38.969420063272529831 60.94513939082315801
37.938840126545059661 61.890278781646323125
36.908260189817589492 62.835418172469481135
35.877680253090119322 63.780557563292639145
34.847100316362649153 64.72569695411580426
33.816520379635178983 65.67083634493896227
32.785940442907708814 66.61597573576212028
31.755360506180238644 67.56111512658527829
30.724780569452764922 68.5062545174084363
29.694200632725294753 69.451393908231608521
28.663620695997824583 70.39653329905476653
27.633040759270357967 71.34167268987792454
26.602460822542884245 72.28681208070108255
27.801681925533173967 71.101947242726907916
29.000903028523463689 69.917082404752747493
29.539730584682150294 68.616615353218136875
29.889440279475675055 67.267622767888937574
29.699430080587433167 66.142657732989462716
28.75393327716535552 65.556382409771728703
28.864064185854918065 64.716031106376121329
29.719373392441273296 63.631923812503018212
30.278132634941957946 62.425347660238990954
30.840023619347807227 61.266586514762835236
31.718105104959313678 60.350623984512424158
31.419614430359750656 59.497186336364627834
30.37429924935930714 58.562774300563994245
29.324300557216449903 57.577702961784900992
28.707265317351865264 56.414709444497553648
28.967277001739947906 55.018808500693204167
29.69023150829737645 53.863670562939383046
29.69625067227735471 52.781233466601761961
28.933835166714676035 51.61055821225203033
28.062450883052115103 50.500080766406306054
27.145965793594807991 49.43476680109660748
26.227638512215918354 48.371297587727099199
25.312966304460520206 47.307111218792435636
24.824014273837427424 46.237406600836237658
25.530982089050286987 45.34772322185808946
26.382324667047100775 44.399719650974404317
27.341606824262715492 43.462668036728821619
28.399121505180723091 42.562106765064804392
29.525709733378924682 41.730867954342485859
30.687929170282139069 40.992093074046550782
31.85519887404493744 40.356592557343560657
33.177810029936324554 40.253821727655903828
34.497532389541568421 40.542544021267019616
35.351399586636084393 40.02730919048915581
35.815615944217853439 38.868764079177864801
36.488033889546429123 38.706984609301585465
37.236206883545278856 38.555532475753857113
38.146428825328499101 38.410879752379457841
39.295893322864472452 38.570588224788899367
40.52364377439868548 38.232429906355044125
41.756349661724776468 38.299293170801455233
43.01403170948220378 38.67676760209133846
44.290947303190556283 38.531909180486479727
45.493450326590028965 38.781503706425965561
46.779709177286761701 39.135720447868962424
48.096779434862682479 39.597146486662410325
49.382765927752856783 40.151329723285314799
50.614100813566082593 40.786996373113026948
51.741352285514338405 41.469081507158207955
52.783591607769608345 42.195763763450443662
53.81231989644085445 43.016730415564467194
54.799595908160199542 43.917985290182521396
55.626643810036775051 44.774813896454411122
56.045625898703612222 45.518619624644074406
55.655187166520683206 46.832442324444564008
56.011820589590683994 47.594080002717149114
57.308309655088869761 47.66128201036391232
58.046102022265642972 48.052244762808470568
58.41853532838989338 48.710333950070619835
58.200097588333868259 49.802761134986624825
58.309447909239210617 50.882401251181775592
58.71380440953030444 52.215563095306293917
59.118160909821398263 53.548724939430812242
59.522517410112499192 54.881886783555330567
59.926873910403593015 56.215048627679855997
60.331230410694686839 57.548210471804374322
60.735586910985780662 58.881372315928892647
60.619998360321233122 60.180535129953021567
59.74794112485066222 61.136743743308009869
58.958743046392854126 62.035046960833355456
59.341103336581319638 63.148720043644111399
59.882766686631448749 64.310630827973625401
59.489062804314883692 65.428747370555953466
58.84867915392815263 66.641992049413104837
58.952024013438638406 66.690236568904126102
57.688555745876065828 66.244220797643848186
56.425087478313486145 65.798205026383570271
55.161619210750913567 65.352189255123306566
53.898150943188333883 64.90617348386302865
52.634682675625761306 64.460157712602750735
51.371214408063181622 64.014141941342472819
50.107746140500609044 63.568126170082202009
48.844277872938029361 63.122110398821924093
47.580809605375456783 62.676094627561653283
46.3173413378128771 62.230078856301375367
45.053873070250304522 61.784063085041097452
43.790404802687731944 61.338047313780826642
42.526936535125152261 60.892031542520548726
41.263468267562572578 60.446015771260277916
