100 100
98.416950865618247235 99.200997920814856457
96.83390173123649447 98.401995841629727124
95.250852596854741705 97.602993762444583581
93.667803462472974729 96.803991683259440038
92.084754328091221964 96.004989604074296494
90.501705193709469199 95.205987524889167162
88.918656059327716434 94.406985445704023618
88.176944548720967987 92.641192625476620037
87.43523303811423375 90.875399805249216456
86.585031561788596832 89.40021997902941564
85.73483008546288886 87.925040152809600613
84.884917072661465909 86.455541448101257629
84.077547186613045938 85.838148292591526456
83.220163402895309446 86.380150000505224739
82.158693583816699402 86.135773449981471117
81.355749460020007291 87.093187799010308936
80.657937337308638348 86.506100006194103003
80.000012761155105068 84.951969765410581203
79.211474030296614046 84.288281280611911939
78.017093293751841543 85.234144884580032908
76.492200890729961316 86.011867853731814648
75.020191030264982146 86.961450423449207392
73.703090069642854587 88.061259387519911002
72.446808588248288174 89.208668223028681155
71.1909301517790567 90.356392498374702882
69.914400460757192945 91.239116272023565557
68.520924249100204406 90.782107610479187088
67.003666077670629875 89.972681719990617921
65.856108418158498807 88.827782155141235876
64.890524579791261317 87.581030138699603071
64.210362453077920009 86.562844146969069925
63.683876784456430187 85.669169459822057888
63.199765153140802454 84.739848478154470968
63.87936438319890442 83.624957466601216538
65.313245744245804758 82.73324210625582964
66.780853311094645619 81.870330251741776806
68.248460877943514902 81.007418397227709761
69.716068444792369974 80.144506542713642716
71.187897161233578913 79.284231375497938643
72.685444739119560609 78.440021167321688722
74.000156965671166631 77.580163060623476667
73.632979516762603112 76.500923691992639419
72.294116723428658133 75.353066759190909352
71.690480286304293145 73.925951240125812092
71.617600217207851188 72.244213813590548057
70.678644159244029765 71.01693655180510234
69.299349727562571388 70.027426234362536661
67.914955024353091062 69.040689952374904692
66.530560321143639158 68.053953670387272723
65.146165617934201464 67.067217388399640754
63.782156259652509789 66.09100738110012685
64.009849027550146161 65.700424676970939686
64.692643144239696085 64.636809033567729443
65.614955977620510907 63.400311767807060903
66.631152846526518374 62.237170532843165915
67.794868870087896084 61.100984469141685906
69.098617957872448869 60.023927996409071284
70.490915732423303552 59.059458586612137765
71.904111709328049074 58.245278039002123194
73.471523892710706605 57.990617290759310265
75.029557433307445535 58.253959808993897695
75.877540014754487174 57.280194578728902854
76.570836146444818837 56.504408199598387341
77.436361900687614934 56.319856998810337245
78.529270452548672665 56.143180039321300967
79.940965654469550827 56.184099769951259873
81.043920335052803239 56.062312272801626989
81.272012589868822374 57.503971288527615968
81.355910364011165825 59.209238387045282082
81.439808138153509276 60.914505485562962406
81.523705912295895359 62.619772584080649835
81.60760368643823881 64.325039682598315949
81.691501460580610683 66.030306781116024695
81.775399234722954134 67.735573879633690808
82.101780304569814462 69.07273651250895341
82.966978786502082244 69.899012352840244944
84.346233568402780634 70.323216295319440405
85.919228223120512666 70.390457850563024067
86.517016973048868067 71.338488167489117586
86.434087014755036193 72.142993954927462141
87.700384740029932118 71.583026074630666358
89.209727190473898872 70.790369592875350691
90.719069640917822994 69.997713111120035023
92.228412091361775538 69.205056629364705145
93.737754541805756503 68.412400147609389478
95.247096992249723257 67.6197436658540596
96.756439442693675801 66.827087184098743933
98.261725779969381733 66.038729071592456421
98.623874187008482295 66.196362596837403203
98.672303367967671761 67.223425343017964906
98.652632597433367323 68.580401749849571047
99.260818578802798129 70.626535734001947731
99.869004560172243146 72.672669718154338625
100.47719054154167395 74.718803702306729519
101.08537652291110476 76.764937686459106203
100.65809774871435422 78.083349206596210479
99.147496470364117727 78.663439569893398584
97.585976983132070472 79.207790958109740131
97.031240440478157439 80.446555351652349941
96.78799714021165812 82.120263296174201173
99.780913666029874776 83.299556779770810522
99.805256592026552198 85.155161582018493505
99.829599518023229621 87.010766384266190698
99.853942444019921254 88.866371186513873681
99.878285370016598677 90.721975988761556664
99.902628296013276099 92.577580791009253858
99.926971222009953522 94.433185593256936841
99.951314148006645155 96.288790395504619823
99.975657074003322577 98.144395197752317017
