100 100
98.461115754903559605 100.33981251646143562
96.922231509807133421 100.67962503292288545
95.383347264710693025 101.01943754938432107
93.844463019614266841 101.35925006584577091
92.305578774517826446 101.69906258230720653
90.766694529421386051 102.03887509876864215
89.227810284324959866 102.37868761523009198
87.688926039228519471 102.7185001316915276
86.150041794132093287 103.05831264815297743
84.611157549035652892 103.39812516461441305
83.072273303939226707 103.73793768107586288
81.533389058842786312 104.0777501975372985
82.386367854943756583 102.32536407330896111
83.239346651044712644 100.57297794908062372
83.673329292660540091 98.923105338401214226
84.107435827493873148 97.272942550399292827
84.544132763016321519 95.616712638211609487
84.972557899938180981 93.950197182676816965
85.085135764170630068 92.254796903128479357
84.761219243857567562 90.747753181319083637
83.964365979667562101 90.140877349136928842
83.730243676575582867 89.696808225880943155
84.849424246520669612 88.523191967528518376
85.952842166690246017 87.391450969151719619
86.431128100629138089 86.746818839756500097
84.996999899833966197 86.534792197217811349
83.291482300469709799 86.478622369474393849
81.585765609258857012 86.428058595625770977
79.880048918048004225 86.377494821777133893
78.17433222683717986 86.326931047928482599
76.468615535626327073 86.276367274079873937
74.762898844415474287 86.225803500231208432
73.057182153204635711 86.175239726382571348
71.363565548349555456 86.10301752511273321
70.297171272675910814 85.443990210429333843
70.385034068891286552 84.11284882063797852
70.595310745883566028 82.594346951540060786
70.940267531818463453 81.023406645125945147
71.384436304518288807 79.559709473629069976
72.040075629841581417 78.277660687988046107
72.472732891271022027 77.002792103120398792
73.061142201054025236 75.932036612825783095
73.806635810074112669 74.76304860707105604
74.728263235142762255 73.527557128020049504
75.744418394180570431 72.364467450375300928
76.908135573135652407 71.228280276316510822
78.211882509129182495 70.151225534687483787
79.581309453691446265 69.201227137041826154
80.70115427097428551 68.778611015006433149
82.092629315886711083 69.712374554980769403
83.461656453275750778 70.729283312633782543
84.759273181852151424 71.864310396926853741
85.881075590004869014 72.525934874398387819
86.41863259855122692 71.351831774494669958
86.955492323996764981 70.180336470332335352
88.065811482160327728 70.796877106334491714
89.162712854807907092 70.719602102751281336
90.095337567958424074 69.370282935372216571
91.167013882626932286 68.049360701442495269
92.396732066953973117 66.893735181738406936
93.87673467772161473 66.419802168595268199
95.355769832868560343 66.748013758468587753
96.937347877526050866 67.256414781076585996
98.52247985145540099 67.869404401784834135
100.02840154425075525 68.627911580453371698
101.38880286247434981 69.459412019150477136
102.6442873186267235 70.369572334703931915
103.57158148563492261 71.144728172616197526
103.24360425194650759 71.968440774725621623
102.2160324753287739 73.333868111395332789
101.188460698711026 74.699295448065043956
100.16088892209333494 76.064722784734740912
99.133317145475572829 77.430150121404423658
98.105062160576153474 78.79497120556892753
97.057994547634933724 80.143098693965583834
95.989514968374010095 81.46914895917095123
95.566224896081351403 82.353818951553222405
96.791112780101300928 82.110419237958680583
97.0012157699521822 82.395862604524580775
95.967151325305593446 83.428699832683392401
96.208922532031280639 85.032221717759526314
96.450693738756967832 86.635743602835660226
95.463316708463906934 87.142513347675276236
96.258860542834497664 87.877064000460407556
96.906870952965391552 88.83271236525978054
97.930819302169325624 89.791072597008479761
99.35737179105336736 90.718911647547997745
100.7839242799374091 91.646750698087558362
102.2104767688215361 92.574589748627090557
103.63702925770556362 93.502428799166622753
105.06358174658960536 94.43026784970618337
106.38496710733869577 95.175627885015344987
107.70635246808780039 95.920987920324506604
106.16508197447024031 96.736790336259602441
104.62381148085268023 97.552592752194698278
103.08254098723512016 98.368395168129808326
101.54127049361756008 99.184197584064904163
