40 60
38.891242839666197995 60.689464627014054088
37.782485679332403095 61.37892925402810107
36.673728518998601089 62.068393881042155158
35.564971358664806189 62.757858508056209246
34.456214198331004184 63.447323135070263334
33.347457037997209284 64.136787762084310316
32.238699877663407278 64.826252389098371509
31.129942717329612378 65.515717016112418492
30.021185556995810373 66.205181643126465474
28.91242839666201192 66.894646270140526667
27.803671236328213467 67.584110897154573649
28.651657098089696518 66.49896761794391864
29.499642959851179569 65.413824338733277841
30.34762882161266262 64.328681059522622832
30.243463443555469894 62.818336333307463804
29.924152503205174725 61.342951266935841659
29.908553801418687357 59.873238626656181793
29.258309067129896874 58.971590252436527635
28.64929604007895847 58.340780536861309713
29.419331851495140739 57.257427793932954785
30.179546750202643324 56.015650016811335377
30.77405445595659117 54.747565541174346038
31.698600580572769303 53.762412387352455312
31.247421756453672259 52.854404442223305693
30.053246291637844223 51.851155298422604289
28.850448302746389828 50.905208744196279724
27.504655471064719308 50.251484069857909276
26.079731973542752854 49.754163302967661764
24.652877378499852057 49.260659128293248443
23.226022783456951259 48.767154953618849333
21.799168188414050462 48.273650778944436013
20.526593444916400699 47.805628685037554249
20.645984946973953811 47.26220058415236025
20.975701208242689688 46.03268967979369819
21.404637393054215977 44.768898641068716415
21.909356881976275844 43.553122343348505296
22.442920316423947469 42.467093687216333819
23.005434408707664318 41.474192371143494995
23.687465667333626129 40.422498819943825765
24.502871119889071849 39.329091154495529281
25.387980114260422226 38.296988717860429574
26.380478562840156798 37.290152712525376444
27.493611106225973373 36.313490546395172487
28.691317102188786947 35.411164724031650053
29.935086206166563016 34.611854818139690337
31.185359554127145998 33.931059436998012302
32.61370868663727407 33.880350057324356783
33.983789048362666563 34.128118049067595052
34.76198068574921507 33.324160062433200835
35.324493671790406779 32.408222305353824311
36.052382246809017374 32.24285484138010105
36.929724746824518888 32.081003179401946568
38.037673707918152388 32.207967720712218807
39.325756430481177972 31.849398354535924938
40.645587356243716215 31.83210350314937287
41.98396147763106967 32.240048419905704691
43.365795430903929741 32.090538600725956542
44.651013621318966784 32.345515064592078147
46.021843445190221189 32.716240047041608818
47.432479103089754346 33.210487431336758846
48.807380867919050615 33.811173425558337158
50.112722927884981061 34.501306318010790619
51.295863504873217664 35.240016806517118653
52.404207569152276847 36.043466557224029145
53.49674955464074344 36.958320225782671287
54.50598468544347952 37.932687389711645665
55.231765842190121418 38.725933928105568782
55.074419358453077677 39.928559931230878988
55.053805013865854789 41.042162968793107325
56.246071302836561756 41.259596795183242079
57.270388490693797223 41.538601072172696149
57.666161180890526339 42.229318795464550362
57.508395419500899948 43.352274808072827739
57.633284327241774747 44.506700746128920798
58.709293000198776724 45.38573303079911625
58.951502617751465607 46.610277376864480914
58.591518840530824264 48.102144494657331109
59.724308218095970346 47.87384436297040935
58.628513317090636292 48.547519676138719547
57.532718416085309343 49.221194989307029743
56.436923515079975289 49.89487030247533994
55.341128614074641234 50.568545615643650137
54.245333713069314285 51.242220928811960334
53.149538812063980231 51.915896241980270531
52.053743911058646177 52.589571555148580728
50.957949010053319228 53.263246868316898031
49.862154109047985173 53.936922181485201122
48.766359208042651119 54.610597494653518424
47.67056430703732417 55.284272807821821516
46.574769406031990115 55.957948120990138818
45.478974505026656061 56.631623434158449015
44.383179604021329112 57.305298747326759212
43.287384703015995058 57.978974060495069409
42.191589802010668109 58.652649373663379606
41.095794901005334054 59.326324686831689803
