100 100
99.13438897668693528 100.92970873273112886
98.26877795337387056 101.85941746546225772
97.403166930060791628 102.78912619819338659
96.537555906747726908 103.71883493092451545
95.671944883434662188 104.64854366365565852
94.806333860121597468 105.57825239638678738
93.940722836808532747 106.50796112911791624
93.075111813495453816 107.43766986184904511
92.209500790182389096 108.36737859458017397
91.343889766869324376 109.29708732731130283
90.478278743556259656 110.22679606004243169
89.612667720243194935 111.15650479277357476
88.747056696930116004 112.08621352550470363
87.881445673617051284 113.01592225823583249
87.015834650303986564 113.94563099096696135
86.150223626990921844 114.87533972369809021
85.161935102191819169 114.28156582054850787
84.362985802928221801 113.14806443520157586
83.214511664577244687 112.20217515421242638
81.869069141309850579 111.49480627418049039
80.823831011778707989 110.52392451418012342
79.922135477389161906 109.4020234111632135
79.241641649191535635 108.43122350096332696
78.728738072112577129 107.6085471756926637
78.289900214176697091 106.82549427673839659
77.844154064806104998 105.93352424476472606
77.641256260463677563 104.57472478172303454
77.526860864123264605 103.19966429747270809
78.143000274526187354 101.89941315696913193
78.131085915632056071 100.66481459620779049
77.230284528672129341 99.468587175492103825
76.476838700537058457 98.191429247563732474
76.788684926920353746 97.348684065616438943
78.179627815782097855 97.020175408481051704
79.656564119633230803 96.732670854116179271
81.133500423484306907 96.445166299751363681
82.535539239515316012 96.056268028578188023
83.424233527635990981 94.991627250755144019
84.091873339605314186 93.6285756791215249
84.688747640620903212 92.467178762640287459
84.175830516381353164 91.221499351202808725
83.999950711422329164 90.021319956124060013
84.464214478292831245 88.818208142544975203
84.227455669747143929 87.36937866047074408
83.75114463112427643 85.922593486476003477
83.186088950915134888 84.509954767379568352
82.65132864946394875 83.107778569237822808
83.060234695271560668 82.151189359396681766
84.1985472221779645 81.259819850936438002
85.436462264060097027 80.429353420710043565
86.68361904152409636 79.719025499078099983
88.053543995802783684 79.429242784983145498
89.488234741726643051 79.735335955519474282
90.450905208383744593 79.271427606238674457
90.962848020106747526 78.07411556057627422
91.684277864921412515 77.902473911241258975
92.510738713489331531 77.740117310587393717
93.544693867955871269 77.730895908746887812
94.805637599957989892 77.627309095057185573
95.802127825232730629 77.471334447295177483
96.051906613005613167 78.677134131305450637
96.140123755311776677 80.181675410233282264
96.228340897617925975 81.686216689161085469
96.316558039924089485 83.190757968088888674
96.404775182230267205 84.69529924701670609
96.492992324536416504 86.199840525944509295
96.581209466842580014 87.704381804872326711
96.689043406914166212 89.156927833206793821
97.207288709529095172 89.582542085100001827
98.276007945608654381 89.502559659110104917
99.649090448066772296 89.478597952332862064
101.12065453096811041 88.994053977055500582
102.5947158357798088 88.652292677384494368
104.11758050375881623 88.835905401238221657
105.61532041318150732 88.789244490072420035
107.02780704630143305 88.295368167911036039
108.42480309010807105 87.726085212001734703
109.52653333591720752 86.867890948079931945
110.62826358172635821 86.009696684158143398
111.72999382753549469 85.15150242023634064
110.94799423903312174 86.141402258887254106
110.16599465053076301 87.131302097538167573
109.38399506202839007 88.121201936189066828
108.60199547352603133 89.111101774839980294
107.81999588502365839 90.10100161349089376
107.03799629652129966 91.090901452141807226
106.25599670801892671 92.080801290792720692
105.47399711951656798 93.070701129443619948
104.69199753101419503 94.060600968094533414
103.9099979425118363 95.05050080674544688
103.12799835400946336 96.040400645396360346
102.34599876550710462 97.030300484047273812
101.56399917700473168 98.020200322698173068
100.78199958850237294 99.010100161349086534
