35.586937795124356398 35.493907478054524063
33.572629367454453586 33.644590782382344685
31.558320939784547221 31.795274086710168859
29.544012512114640856 29.945957391037989481
27.529704084444738044 28.096640695365813656
25.515395656774828126 26.247323999693634278
23.501087229104925314 24.3980073040214549
21.486778801435022501 22.548690608349275522
19.472470373765116136 20.699373912677099696
17.458161946095209771 18.850057217004920318
15.443853518425303406 17.000740521332744493
13.429545090755400594 15.151423825660565115
10.016750302112015447 11.205901989260508955
8.3203830563722416258 9.4908135522226544367
6.6240158106324686926 7.7757251151847945891
4.965157914531075356 6.1449453612658286872
4.374306677464138815 6.7105863268243801656
5.0607971606228492334 8.9809454949070186558
5.8814254429297134763 11.243725952175340765
6.7020537252365786074 13.506506409443659322
7.5226820075434437385 15.769286866711974326
7.7596615878673311784 17.258226214521787512
6.1349856109042697483 16.353498786331957859
5.1572350554995560756 17.394815516612879946
4.5851050012912057952 19.535921859529398859
2.844737162716171941 19.672061712629076879
1.0334566418722439529 20.013181941745795456
-0.5085814618056554437 20.006771615414915999
-2.0807124374887648877 18.567737477197550078
-3.8213752909612161979 17.51642935675735302
-6.0289031558300614222 17.998626922042230802
-8.4141490329367716328 17.968494469081047527
-9.6195055232491917252 17.36567285691855389
-8.8286824906094363286 15.478102886833832841
-7.7778656360520264101 13.314092603277487115
-6.7270487814946164917 11.150082319721137836
-5.676231926937204797 8.9860720361647938859
-5.1409337717999266104 7.5243257309854101322
-6.5509891993801234733 8.7126321743983456969
-8.3014815039358786919 10.364697848814937942
-10.051973808491633022 12.016763523231531963
-11.807860178953573538 13.640015599142776281
-13.773232475495319704 13.997501276918661972
-15.364083503631588812 12.402758419021465031
-16.489122894289305776 10.82293033724596043
-16.960254454136570956 10.050499936141935819
-15.914001529297550519 9.3702043067079578975
-13.845478766101763313 8.1456734316606365098
-11.776956002905976106 6.921142556613314234
-9.7084332397101906764 5.6966116815659928463
-7.6399104765144043583 4.4720808065186696822
-5.5713877133186180401 3.2475499314713474064
-3.5028649501228312779 2.0230190564240242423
-1.5481309985801410267 0.81177232772540597328
-0.76199411768389779809 0.20323614759085317782
-2.8633851545187187781 0.38606848280854744182
-5.2600099670900775095 0.63431676543351411812
-7.6566347796614380172 0.88256504805848090545
-10.053259592232796749 1.1308133306834473597
-12.449884404804151927 1.379061613308414147
-14.846509217375512435 1.6273098959333809344
-17.230032046837695958 1.8491538952557522446
-19.050989691986284669 0.93543604464231411288
-19.622591268311438739 -1.1040051788814739808
-19.400045531486114214 -3.1550456997059601605
-18.916229157396841742 -5.3587709305563366868
-18.226174183595581724 -7.3974032755677185946
-17.383604921448494451 -9.2312387449774977455
-16.442601539433805868 -10.845084590717764428
-15.183741348691759399 -12.578243108854252341
-13.702419328816908717 -14.210695565425057296
-11.927117431613226017 -15.766831149959282143
-9.9671364707165110985 -17.111178565421447217
-7.9041288443186124013 -17.987906317788596056
-5.7277436860752457548 -17.782560797231948158
-4.6682983212596971256 -19.336327624342544595
-3.4677964068307876033 -19.608083831519515172
-1.8514344209731323776 -19.699987890769531163
0.21439821135830577914 -19.97455319761391479
2.3521205404665561645 -19.608768711678795427
4.4954085535882786218 -19.539706151143253265
6.6744506070679756604 -18.947188645125553563
8.9010230185347616327 -18.052684736516859232
10.945823122509874992 -16.934743889681882933
12.744546832643065315 -15.66778501345034158
14.438251429769325185 -14.166346881567408289
15.597720304253391177 -12.872824015651227469
15.325677111102143257 -10.900971074888886392
17.208253734080223296 -10.53606751117449214
17.937297463374211048 -9.4896677476087507586
17.772360205941318156 -7.6245476318404916682
19.054343689493567382 -6.0652168106415231819
18.54110939935819502 -4.1376808290395930001
16.440931070404136705 -3.265576684432678789
14.113033791843974996 -2.6428404159720351174
11.785136513283802628 -2.0201041475113910018
9.4572392347236355903 -1.3973678790507471081
7.4231433469418854898 -0.80612174916621048837
8.4480384102060259721 -0.5427435326917304792
10.846887036228068268 -0.42662802308786895722
13.247463905725275879 -0.31069774959327856045
15.64804077522247816 -0.19476747609868813593
20.34345349416594928 -0.26220594425108323389
21.432273801377263567 2.2918021573421745174
22.521094108588577853 4.8458102589354323797
23.60991441579989214 7.3998183605286893538
24.698734723011206427 9.9538264621219489925
25.787555030222524266 12.507834563715206855
26.876375337433838553 15.061842665308462941
27.965195644645152839 17.615850766901722579
29.054015951856467126 20.169858868494980442
30.142836259067784965 22.723866970088238304
31.231656566279099252 25.277875071681496166
32.320476873490413539 27.831883173274754029
33.409297180701727825 30.385891274868008338
34.498117487913042112 32.939899376461269753
