100 100
98.203214604962170142 99.661237468414910268
96.406429209924354495 99.322474936829834746
94.609643814886524638 98.983712405244745014
92.81285841984869478 98.644949873659669493
91.016073024810864922 98.30618734207457976
89.219287629773049275 97.967424810489504239
87.422502234735219417 97.628662278904414507
86.987791141414476215 95.345430778866187893
86.553080048093733012 93.06219927882796128
86.096213624349957172 91.417181181968430792
85.639347200606252386 89.772163085108871883
85.1824807768625476 88.127144988249341395
84.722056807333586903 86.553671983777334731
84.187371997733706053 86.470140846923825961
83.591067666715701989 87.09721770881652958
83.04058805243666086 85.790145633791368596
82.517353210672467867 84.380588196891082475
81.663406684264018054 84.784163750902990841
80.345191410507254659 85.771848966795232627
78.955426153076842866 86.597258590682201884
78.001930427067790674 86.185279596950181258
76.644859325027681507 86.020684414390444772
75.185845195076922209 86.866171714171983353
73.796616097769515363 87.857891425537673058
72.407387000462122728 88.849611136903348552
71.018157903154701671 89.841330848269009834
69.631137750438369949 90.823761174595688317
68.477519273908839637 90.974998676547372156
67.548384116449028625 89.801557862620128958
66.823997814841021636 88.743243997916408716
66.279488686328051017 87.838476388534459716
65.787733549918641529 86.914730285896354189
65.47765525025343436 85.584784316226517831
65.217930786607610116 84.008411383542508588
65.867925727966266436 82.53474984848656959
67.04659935899717027 81.414756773745210694
68.593143538269202963 80.70759469366262806
70.167847606411484662 80.032034151097448671
71.642009336472384007 79.269779481444032854
72.095772929789532668 77.948632579208904758
71.635340476562248568 76.433349593024374258
71.993579572874850214 74.746728339242437755
72.352943777691464788 73.207804025414432658
71.378981531006488126 72.06806058662611747
70.016784533146832814 71.025621694204346568
68.654587535287191713 69.983182801782618299
67.292390537427536401 68.940743909360890029
66.297405888808754071 68.093138128420349631
66.638542671762692748 67.516120829348608368
67.405339000099445457 66.359389614367955801
68.354461699624508242 65.133574649070922646
69.398077721543515395 63.982513014014301689
70.59972790055041969 62.853524649023164272
71.928571053840371974 61.799479999517650697
73.331564711935186551 60.868092020077504856
74.747011963859492312 60.088327124599018703
76.372169651691990566 60.084735895419164819
77.878473039039590731 60.741130825381866032
78.854195464756429601 62.068670340717545741
79.685896550245857384 63.573410949146790472
80.517213379201308499 65.078311195725191851
81.290545897180166435 66.607300839016374994
81.932770085767359092 68.190759018811164083
82.568791772490726544 69.744265311260434714
83.496731757101883886 70.608431623448637993
84.470768563134726037 71.203399525958218419
85.546756804594593859 71.172663336253677357
86.987622401952350515 71.128875894788123446
88.505802481035388496 70.345539920955943103
89.90955489437052961 69.378467902657803279
91.203244844077588027 68.262607136287769549
92.472426479532273902 67.11388739635857803
93.741608114986917144 65.9651676564293723
95.01078975044163144 64.816447916500180781
96.279971385896288893 63.667728176570989262
97.126012573974207953 63.174355666789480779
97.947245926109843595 63.963809957194129652
98.79230338859510141 64.879152878039008101
98.588367825847157633 66.267924859440981322
98.853330972258476095 67.316969310572488894
100.41110304408324794 67.41075047548112309
101.04209572046283938 68.050755148678803153
101.25881207072359302 69.054909724650116232
101.07540758170986805 70.461274600793274203
101.50824284300450984 72.43500048347465281
101.94107810429915162 74.408726366156031418
102.37391336559380761 76.382452248837395814
102.80674862688844939 78.356178131518774421
101.25728610379591998 79.148423408829700065
99.655637624829807919 79.735918820249125361
97.966976103671086662 79.982021448466483093
96.273798604716361638 80.19076414057741431
95.400705006495400085 80.653154251988453893
96.350463321995007959 81.696610045547629397
96.781777334999262052 83.044595193850042847
96.671595536617218158 84.682823249621094419
96.444228267534640509 86.305002750852992222
96.573988230596143012 87.821960275152051167
98.076942972985207803 88.969141438490339624
99.579897715374272593 90.116322601828628081
99.663918172299418075 92.093058081462899622
99.747938629224563556 94.069793561097171164
99.831959086149709037 96.046529040731456917
99.915979543074854519 98.023264520365728458
