100 100
98.395773903910992431 100.13955864316693578
96.791547807821999072 100.27911728633387156
95.187321711732991503 100.41867592950080734
93.583095615643983933 100.55823457266774312
91.978869519554990575 100.6977932158346789
90.374643423465983005 100.8373518590016289
88.770417327376975436 100.97691050216856468
87.166191231287967867 101.11646914533550046
85.561965135198974508 101.25602778850243624
83.957739039109966939 101.39558643166937202
84.367186747831723892 99.565609682939864911
84.776634456553480845 97.735632934210357803
84.86879602787715271 96.037573605135762023
84.968625369755855559 94.33737240992103068
85.065454562341614064 92.636575957618077837
85.099555633461079651 90.923333671695871772
84.86259888367304427 89.323681524663768982
84.676130055573324285 87.891654981811143443
84.858231682943468854 86.439555588849287915
83.69354788118799604 86.214411369363844528
82.048160550809384972 86.375469269913423886
80.403739698577339823 86.816828719648484025
79.10933009783224179 86.840676289565180923
78.126031224088919203 86.30483425921894991
76.506413372504823656 86.564100304025174637
74.823519753567808266 86.905456933059682001
73.140626134630807087 87.246813562094146732
71.457732515693820119 87.588170191128668307
70.091216894628544765 87.705916402170430501
70.340531570326319866 86.676892883244050836
70.5656683545590937 85.261318415984860053
69.605720346016937583 83.903118580397304527
68.735286664148389946 82.405429485162741798
68.477000181973522785 80.744454231388189669
69.167661246246851192 79.320011717279740537
70.467497422676302676 78.21302346060963373
71.636736718808464275 76.95652325347658973
72.717396347799152068 75.687108015250046833
72.694374845153291176 74.359165663505535804
71.758702624806119275 72.954771176475261996
71.339072798860627245 71.513557877990578504
72.1372490976208951 70.132193830289210723
73.114128111885065664 68.892024367589556277
74.173733099519708389 67.744820947183413296
75.393376197292241159 66.620967911834966912
76.733914503232213633 65.579244809851815035
77.999445959731232847 64.749529636792388487
78.953600724080388318 65.179582158693534666
80.032770018265637191 66.514466382735946581
81.111728190489387202 67.851117046244809217
82.190686362713165636 69.187767709753657641
83.285237914150542338 70.515696921341287862
84.435186066984442732 71.806179718699155501
85.332258030865318688 72.262856504897825971
85.630259461437503887 70.886036552698328705
86.129062983624436356 70.41372669492304226
87.065241491638644789 71.445226080634370192
88.142705232488353317 71.066725947322240131
89.397175743941801329 70.420969463759135465
90.098119422100381826 69.053208829210447561
90.648168612075025408 67.44215606501234106
91.19821780204966899 65.83110330081426298
91.748266992024312572 64.2200505366161849
92.311783271387483296 62.648943547173544744
93.172061256343653213 62.474480742031204272
94.696022692104264706 62.932492776826940428
96.286053086911934429 63.531054163002494306
97.809402968993964578 64.270215060322740896
99.198137247862050003 65.092226369124233543
100.46385976167800891 65.983509796474635323
101.70267920723357236 67.011126731521741817
102.82562635198316059 68.104197220011712943
103.58375463406341055 68.949118804316768205
103.16050722139500806 70.50961770527715089
103.79845303831415038 71.283074218271238465
105.34360245497384767 71.373129277237623569
105.79119825054340254 72.135464620575149297
105.75374675689948845 73.313978747852360129
105.91236733074103427 74.61717680199215863
106.9160755632925941 75.516302907451702708
106.07168866228580839 76.207538264807936912
104.485489268529264 76.833416075665169842
102.89703854702540298 77.459095532815325669
101.30858782552152775 78.084774989965467284
99.72013710401768094 78.7104544471156089
98.657743936788122596 79.979546086708026564
97.595350769558564252 81.248637726300430018
96.532957602329005908 82.517729365892847682
95.518673660736027387 83.211557064854417831
95.968513640506515117 83.980859602632847327
96.753241919724615627 85.029448380558207532
96.608827659804347832 86.455951518902111275
96.350883695548986907 87.883540888316360906
96.8831636459139105 89.41010645020288905
97.780189604899234723 90.85437707422752851
98.752435007253538402 92.254578807708185195
99.724908693199253662 93.654646796452752255
100.98014781809004603 94.951312404499930153
102.2353869429808384 96.247978012547108051
101.11769347149041209 98.12398900627354692
