50 50
47.44360479671542663 47.856134886690924191
44.887209593430853261 45.712269773381841276
42.330814390146279891 43.568404660072765466
39.774419186861706521 41.424539546763689657
37.218023983577133151 39.280674433454606742
34.661628780292559782 37.136809320145530933
32.105233577007993517 34.992944206836455123
29.548838373723416595 32.849079093527379314
26.992443170438843225 30.705213980218296399
24.217365462528267273 26.084045533563291031
23.908504837085310157 27.584990427968598681
24.27995611773156881 30.499092586342719358
22.423607161765314544 32.104605509431834776
20.101366428266043584 33.267209505152720794
17.627262642097907275 33.537556093441295957
15.633237998609269326 33.530988088827797355
14.847766948609843141 30.921235286987432289
15.102090246650124783 27.82295638159127904
15.366850477902085359 24.72154297217377561
15.631610709154049488 21.620129562756268626
15.894968015496470315 18.525322719103790803
15.674737105519124469 17.707799094653740468
14.690613582295190653 20.487550529257152476
13.674573517379149834 23.417601335014772701
12.658533452463087698 26.347652140772392926
11.642493387547030892 29.277702946530013151
10.153580951837202662 31.355735862611851417
8.3142859059610003669 29.778414463773565046
8.7478149770678470531 26.895518685437071582
10.019657177781670754 24.051462794784143284
11.071666650428788614 21.517787227551522733
9.7098311024097601063 22.371505039374866897
7.4414216993008555079 24.497434715698634733
5.1726683212919599697 26.621509826023579848
2.712025761472545593 27.521561388779641533
1.1242782845897130173 25.512533556397141155
2.8026995751195871165 23.335645196032842819
5.1425116225801605907 21.296054993512836262
7.4814350912134512939 19.255224602431262326
9.5719612478992068816 17.173012211435850105
8.3303303973449143172 16.574872416021705135
5.2108960475425067926 16.706809663566403401
2.0785612438306659833 16.560773584337702857
-0.93857231390786188818 15.815285637623590631
-3.1005897681556850998 13.836648887690145671
-3.2093137706141341425 11.61587486434632055
-1.3263139851605092456 10.924700619845694405
1.7867173268443863332 10.617399526305797863
4.8884807826536844644 10.888887872171549631
7.9864375302887955499 11.355913190809484803
11.023317574158040699 11.727449015956230127
11.056150917582483473 10.78415469251920733
8.4610718302726901641 9.126163641541056748
5.8390848549179867888 7.4636602724904932415
3.2857349729160665319 5.7292880681447870828
1.3905172989877383483 3.310565860788632353
1.2192307757922797862 0.89164172278686848472
3.1744732535802882012 -1.177343484941705043
5.3951368506563177618 -2.4176136136390815601
8.018122992299824503 -0.93272108462826952557
10.050988146434951531 1.3797273531497424859
11.914855078790163034 3.8641053181026205898
12.755541164109386543 4.1108835642904359986
12.13720082560575797 1.1669090466103289039
11.471616104183402385 -1.8821497477437436618
11.957206989938180541 -3.0171828516069343351
13.647289814993534662 -0.75381663065026205395
14.439194670149518629 2.2307942717362871932
15.190392986458951086 5.2402648121666608461
15.942879173313505348 8.1751631816694416699
16.681022223122134562 7.8536419880550099037
17.177914101085054455 4.7887474633107345312
17.630579087615693368 1.706080739016483383
18.083244074146342939 -1.3765859852777664329
18.574695433055314453 -4.4292896022597112449
20.387431872086658302 -6.097142844504919168
23.167681229305415513 -5.3647568803753671318
26.006592026234365278 -4.1414228183708381437
28.474464873874136828 -2.6045651397086864165
30.681242217849401754 -0.73810436692202330278
31.792242708536068818 1.1839646670889578672
30.246426254981500392 3.7469859551177915336
27.84236465600560706 5.7273044095460114988
25.408871179962009279 7.6873461170132690867
22.974559067966502823 9.6474000214030048994
20.650026267977203531 11.520581776238072891
21.671292822943293288 11.630203144650923974
24.638113227868032595 10.73213943547638749
27.607961128087314506 9.8325085383572865538
30.577809028306596417 8.9328776412381856176
33.547656928525874775 8.0332467441190846813
35.43714551594029416 8.2477697712536581776
35.140211209553129379 11.089562101033003216
36.497387521839158353 14.983638437087570594
34.688201286332130735 17.181167481943230513
33.434611130596188389 19.394780509281989822
34.00292411311090035 21.147012810377745495
31.503100750813118225 20.317013875645795196
28.608478127931913804 19.174601267958536255
25.713855505050712935 18.032188660271270209
22.813030517235507233 16.911852407017498479
21.500299385115823725 17.139102137953116767
23.537498289261534978 19.211065541853280081
25.779108862700219618 21.367630548916302757
28.020719436138900704 23.524195555979325434
31.710818291900629617 26.771233266020427521
33.996966005413050027 29.674829107767873637
36.283113718925470437 32.578424949515323306
38.569261432437890846 35.482020791262769421
40.855409145950318361 38.385616633010215537
43.141556859462738771 41.289212474757661653
45.427704572975159181 44.192808316505107769
47.71385228648757959 47.096404158252553884
