40 60
38.80718566955157911 60.558379248756828872
37.614371339103151115 61.116758497513657744
36.421557008654730225 61.675137746270493722
35.22874267820630223 62.233516995027322594
34.03592834775788134 62.791896243784151466
32.843114017309460451 63.350275492540980338
31.650299686861032455 63.90865474129780921
30.457485356412611566 64.467033990054645187
29.264671025964187123 65.025413238811466954
28.071856695515762681 65.583792487568302931
28.927796122633758102 64.195932772988840043
29.783735549751757077 62.808073058409370049
30.07651382936458262 61.328180139370132906
30.307443738351175 59.840690249824852742
30.303763197438119192 58.334592034176111497
29.993648451458582826 56.87388151490439725
29.899745232745090107 55.464102112010877477
29.258009394424863814 54.682178379329187123
28.671635775197483298 54.175805509724092701
29.495353381144767013 53.128440561985861734
30.265345843051601804 51.887705429102005894
31.061329657409920912 50.728317765661259386
31.583713836814254705 50.042381262377332973
30.444127640411192459 49.915818524031145387
28.940003053652180398 49.906968196385975034
27.435884184062935276 49.898056952507694461
25.936413373482611888 49.839620811108531484
24.45207591123767088 49.619939400659241358
22.972386508001665817 49.350733092689061721
21.492702821935413482 49.081465868485778969
20.013648429384446104 48.81123997757831745
18.685152510365465872 48.311653077703546444
18.614567088530797889 47.233256192727814948
18.737914152810887458 45.978175202356808882
18.967681110865299843 44.594611142691839234
19.298089582378516127 43.215231674027165809
19.706491051818233018 41.916267054399455105
20.185436903132998765 40.687436090136692712
20.717293284155513078 39.546190938976778284
21.260718421213034901 38.542246607113312962
21.895408304373461306 37.518108327793363799
22.672477584218761137 36.426041934505988706
23.536882887528719266 35.370289317249699934
24.486508895479808245 34.360794528973947592
25.563404348434445978 33.368230771258225786
26.73625950212246849 32.437860239493332415
27.97187375974684187 31.600042245976510458
29.218246531068881922 30.882188552097780132
30.556005193467253633 30.581453101640644121
31.953971240813405785 31.081018870544532717
33.070927739739524043 31.096473404434270549
33.675343163464702911 29.885198572014228802
34.316799733895280156 29.018456198669191792
35.213714868544329306 29.19324533563666435
36.332253704482063483 30.131690065137807011
37.585421141420880531 30.084402081621558267
38.9306482133216889 29.859470131728482301
40.276037931314263574 30.284221024441475123
41.601910585082833904 29.940617702467967831
42.954561696431959206 29.597803488136012362
44.395206125859935753 29.954572845937729397
45.927797759308937486 30.141222631396484388
47.350890678239814235 30.591354876062695212
48.647530160061961624 31.285103891686702582
49.822778698830134658 32.026518932104281134
50.929793345744457156 32.836801605329753784
52.019603713408876899 33.758167871213174749
53.017529749987701848 34.730409258237756376
53.721404127912521176 35.505282259375675835
53.498245717494938845 36.758283017255834579
53.550846232490826537 37.817788104795539539
54.798369036921606323 37.994393968076373369
55.748382873525457626 38.317897291668622017
56.145782264241695714 39.01584072018281546
55.930935698319352412 40.176340882121422737
56.143337729506058054 41.304370614673480588
57.217323252260470667 42.187149874395309723
57.383134641386455144 43.442408743219658618
57.868918347096368393 43.31023878920436232
56.87620066114656936 44.237447745359673945
55.883482975196770326 45.164656701514985571
54.890765289246971292 46.091865657670304302
53.898047603297172259 47.019074613825615927
52.905329917347373225 47.946283569980927552
51.912612231397581297 48.873492526136239178
50.919894545447782264 49.800701482291557909
49.92717685949798323 50.727910438446869534
48.934459173548184197 51.65511939460218116
47.941741487598385163 52.582328350757492785
46.949023801648586129 53.509537306912804411
45.956306115698787096 54.436746263068123142
44.963588429748988062 55.363955219223434767
43.970870743799196134 56.291164175378746393
42.978153057849397101 57.218373131534058018
41.985435371899598067 58.145582087689376749
40.992717685949799034 59.072791043844688375
