41.96428091346468392 41.22711176460123994
39.287433620233400688 39.074947055190037304
36.610586327002110352 36.922782345778841773
33.933739033770834226 34.770617636367639136
31.256891740539543889 32.618452926956436499
28.580044447308260658 30.466288217545240968
25.903197154076977426 28.314123508134041884
23.226349860845690642 26.161958798722842801
20.549502567614403858 24.009794089311640164
17.872655274383120627 21.85762937990044108
16.010715582496462872 18.491568208683780483
14.183478516971485206 15.717724382849434406
12.363355542651477847 12.960108230387740846
11.680470862383161901 12.796601578497535101
12.445430779669230503 15.935716237824170349
13.246723377037842084 19.157707943304007614
13.662285162030675778 22.317681523850048109
11.758101672207741828 24.036147423715561899
9.1252591531906279698 24.33485999099899999
6.9653947329154544121 24.318999776452407957
4.7512676310743486852 22.089283926448047168
1.8583598218203845054 22.280564772254138006
-1.1136065391917746581 22.059930016637391503
-1.2232047897294031635 20.412829725432427352
0.28109261816395908484 17.461105152839625276
1.7856218880589453946 14.50921182044185187
3.263936176534322442 11.564086858749705655
2.7001970824226324552 10.380809710925264611
0.1322115459488253375 12.296941232363266749
-2.4548044613005055581 14.375774856828344994
-5.0417688744228446041 16.454361778692387475
-7.3203538907963903171 16.980741610171904199
-8.7675634236563269042 14.957315664465816951
-8.9779280024400076599 14.218399304701742736
-6.1443303021347190906 12.507657211914601447
-3.3095539009961605359 10.796714002243973596
-0.47477749985760164808 9.085770792573343968
2.3599989012809579059 7.3748275829027143402
4.2330131154294434737 5.850113135609996462
1.6999185011812545376 5.9594074369554128623
-1.5869381730058489399 6.4970132669084801336
-4.8959904614783971155 6.649809735598877225
-8.2241661303217536982 6.4695216505804040708
-11.031637042769592227 5.4188223932834107543
-11.737697690501519787 2.680856680639009948
-11.402546211793662678 0.34979527137351418276
-8.8925376101021100794 0.25168866093265740425
-5.5897805905199380305 0.54248400290724785311
-3.6680173888541656169 0.36627000282765936889
-6.0239667451245519914 -1.2565339104441413109
-8.7885331897696836734 -3.0672015094634978993
-9.3357134577003613174 -5.2756030372493381009
-7.8667837549780941231 -7.5646096026652820399
-5.8861445795454514496 -9.8492188953206909474
-3.3984007897754171523 -11.942532356623178913
-0.68212336038877197097 -13.566812985232747479
2.2185664207008670701 -13.63993659949156978
3.7462651853273465363 -15.142985655969379621
5.7245625664831472079 -15.490566211698077126
7.9616716674171188473 -15.282378026892549983
8.2896213266413738552 -12.395752826476794439
8.3767141665458986211 -9.0801794232821340103
8.4638070064504233869 -5.7646060200874744694
8.5508998463549499292 -2.4490326168928149286
8.9863350794575662661 -0.7027089728564789306
10.180627174623726461 -3.3794178718684992901
11.334197538095706292 -6.4815351474738820414
12.487690019173015799 -9.5836616062946688999
13.644673077583581389 -12.679171333245905728
15.648985299337475396 -14.175855137581370613
18.510937128200311008 -12.775747382563924504
20.884492438775449585 -11.09974016212891712
20.799560419595099603 -9.4091003601374438858
18.742531537953482257 -6.8124928783304037339
16.685502656311829384 -4.2158853965233644701
14.857469963368648891 -1.8213116731187966035
16.275795004327012094 -2.2908635835375190659
19.108508269599330021 -4.0082710605597453579
21.960117602974875695 -5.6591563786975171979
25.057384090651723341 -6.1737733803273169286
25.771934450427647079 -4.4869856200437325811
26.574300283599360029 -2.0865689880824955793
26.094051114344750886 0.35571051121617103252
23.120534492732755183 1.5521315493946366004
19.960341807595700203 2.5526452235445042938
18.257172717185170541 3.3930706832990713551
21.067223054342207433 3.7376131374877141766
24.357025062933587378 4.0294436186437581071
26.446072762496701358 4.4011886018575063773
23.14706649797804161 4.4930546420625132598
19.848060233459374757 4.5849206822675165895
16.549053968940697246 4.676786722472523472
13.246528965511737752 4.7689336148016634453
11.489433509173686332 5.1029950165063775458
14.197284739371179185 6.1042406118238341506
17.323900406140253949 7.1674670133009179551
20.4505160729093447 8.2306934147780008715
23.577131739678421241 9.2939198162550855642
26.532763133414213996 10.407235775066142835
26.039161180091397796 11.915683238523484988
23.032387086510095031 11.281562083796858431
19.892763408526139557 10.191908920337052535
16.975584662858363316 9.2314094257460190818
17.715934908472693365 10.394506469405508042
20.216489722672296381 12.579595228611212931
24.7009023800911649 15.646253791235913866
26.619055550466001137 18.488571343832060023
28.537208720840837373 21.330888896428209733
30.455361891215670056 24.173206449024355891
32.373515061590509845 27.015524001620505601
34.291668231965346081 29.857841554216648206
36.209821402340175212 32.700159106812797916
38.127974572715011448 35.542476659408947626
40.046127743089847684 38.38479421200509023
