50 0
48.05227137206714616 0.73863814555998219546
46.10454274413429232 1.4772762911199643909
44.156814116201431375 2.2159144366799465864
42.209085488268577535 2.9545525822399287819
40.261356860335723695 3.6931907277999109773
38.313628232402869855 4.4318288733598931728
36.36589960447000891 5.1704670189198749242
34.41817097653715507 5.9091051644798575637
32.47044234860430123 6.6477433100398393151
30.52271372067144739 7.3863814555998219546
28.574985092738589998 8.1250196011598028178
26.627256464805736158 8.8636577467197863456
24.679527836872878765 9.602295892279768097
22.731799208940021373 10.340934037839749848
20.784070581007167533 11.0795721833997316
18.836341953074313693 11.818210328959715127
16.888613325141456301 12.556848474519696879
14.940884697208606013 13.29548662007967863
12.250275021656801044 10.901186304795178472
10.636977666676886045 11.05969045120610339
9.0176164064403607767 11.132083417285148386
7.9254215345551637384 11.735696534188429396
7.2317107300744005727 12.995436107715098828
6.2258310990577347965 13.987497043739073987
5.9764744535315568186 15.471059741741111537
5.8856327111958774978 17.067888921939921687
5.4259175563501171879 18.558011729096385523
4.403942444708659032 19.509107897176988899
3.1139482117678518591 19.72420870160494033
1.7538695863275337583 19.736621949529464359
0.61884816730615921365 19.990423380854689839
-0.40061940464399248274 19.995987199751422025
-1.4545475830460408151 19.728604971003782964
-2.4907188042605383771 18.4628727477811303
-3.5876371190264633171 17.459487562451609932
-4.9503603751763245455 17.696881815272035965
-6.4670513372014433173 18.006181212199070529
-8.0633233290760824019 17.883459900685252819
-9.4308863540761826982 17.636847296966077892
-10.490456015089337782 17.027928018272685762
-11.393804619173382164 15.986796041678431379
-12.524449405355197129 14.897713475147853046
-13.943352382167342185 14.11882062592836995
-14.935920786262439464 13.155657210148863356
-15.01290607485035089 11.628398255133733485
-15.67830137936189594 10.416774844789134846
-16.417770060722652659 9.4436211020989908604
-15.772187951765467062 8.1630418832792770445
-14.951561878228165625 6.7931996675875572222
-14.624114193490521885 5.2790158213075750737
-13.905777773855888313 3.9359669329036002239
-13.1628669183977145 2.7494152545659007458
-13.814196457357411418 1.5464153666723006175
-14.811250755914890931 0.2294841727132336251
-15.87117013508622243 -1.0500781406144934493
-17.096661022616380876 -2.1053383413253623502
-18.453877310751124696 -2.953890365372426885
-19.643652829242657987 -3.7585773271527722628
-19.470437970208447354 -4.5718754628997881895
-19.102836901283634319 -5.9229741112853400153
-18.63542155709780701 -7.2609271714605689851
-18.084786236757885547 -8.5405214577783628016
-17.513724947231484208 -9.6576103914333568667
-16.880069499002626543 -10.726754108715324421
-16.090306581539881137 -11.878637721222681023
-15.181297829806934985 -13.020299389902646681
-14.184587301945065008 -14.099556130371585283
-13.044637462131507988 -15.160390281307250859
-11.79376953580321441 -16.15261589143876364
-10.474344782968490364 -17.037843213490980077
-9.1431185124330642822 -17.787731273762929618
-7.6522871824126355023 -17.971149248142769039
-6.1777136953817324283 -17.701663272340862676
-5.3418612328606505102 -18.548561817833991938
-4.7219764375305173232 -19.434580996857292234
-3.9326536827357649884 -19.60954448761278357
-2.958376832807382506 -19.779990053463336608
-1.7031575558541434123 -19.632960267435354496
-0.30603562053866684156 -19.997658417898868777
1.1042520616695297164 -19.849683440832968984
2.5551988908747671481 -19.601657171701457827
3.9724399206950549157 -19.601523437643010084
5.3896660951797361605 -19.26010122980847683
6.886793166030044766 -18.757105359114394361
8.3722820189983568895 -18.163284223794903482
9.7843432089431345844 -17.443240179783352062
11.064287337805431832 -16.660778664470591082
12.248977556914837805 -15.810203945876112996
13.20442373560615934 -15.021424493388126464
13.162260294982809583 -14.419701241301495998
12.188987516670565014 -13.146322892617641642
11.215714738358315117 -11.872944543933783734
10.242441960046068772 -10.599566195249927603
9.2691691817338206505 -9.326187846566071471
8.2958964034215743055 -8.0528094978822153394
7.3201539950082512576 -6.7797943781699636645
6.3088788480497841604 -5.5120053528734098691
5.2698670989805291853 -4.2527485176314980819
4.9137220019376179891 -3.4719127698930951631
6.1147663079592975421 -3.780562476981848441
6.6780483333578422034 -3.7373862976287983706
5.7993709820795569243 -2.8032019048037959408
6.1612177013093516464 -2.2834101991795838771
6.8276562380592986656 -1.6119484057610371508
7.7629412786829217197 -0.81417034702207236041
9.3493971107497237938 -0.64044262024942488765
10.957698907199185712 -0.54238442001984799035
13.212160277234282546 -0.65397579819143392132
15.466621647269381157 -0.7655671763630198523
17.721083017304479768 -0.87715855453460567226
19.975544387339574826 -0.98874993270619160324
22.120148359672462846 -0.9181249375128921475
24.264752332005350866 -0.84749994231959280278
26.409356304338238886 -0.77687494712629345806
28.553960276671126906 -0.70624995193299400231
30.698564249004014926 -0.63562495673969454657
32.84316822133689584 -0.56499996154639520185
34.98777219366978386 -0.49437496635309580162
37.13237616600267188 -0.42374997115979640139
39.2769801383355599 -0.35312497596649705667
41.42158411066844792 -0.28249998077319760093
43.56618808300133594 -0.2118749855798982562
45.71079205533422396 -0.14124999038659880046
47.85539602766711198 -0.070624995193299455742
