-19.643652829242657987
-19.295434565096446278
-18.947216300950231016
-18.598998036804019307
-18.250779772657804045
-17.902561508511592336
-17.554343244365377075
-17.206124980219165366
-16.857906716072953657
-16.509688451926738395
-16.161470187780523133
-15.813251923634311424
-15.465033659488099715
-15.116815395341884454
-14.768597131195672745
-14.420378867049459259
-14.072160602903245774
-13.723942338757032289
-13.375724074610818803
-13.027505810464605318
-12.679287546318391833
-12.331069282172180124
-11.982851018025966638
-11.634632753879753153
-11.286414489733539668
-10.938196225587326182
-10.589977961441112697
-10.241759697294899212
-9.8935414331486875028
-9.5453231690024740175
-9.1971049048562605321
-8.8488866407100452705
-8.5006683765638335615
-8.1524501124176218525
-7.8042318482714065908
-7.4560135841251948818
-7.1077953199789796201
-6.7595770558327679112
-6.4113587916865526495
-6.0631405275403409405
-5.7149222633941256788
-5.3667039992479139698
-5.0184857351017022609
-4.6702674709554869992
-4.3220492068092752902
-3.9738309426630600285
-3.6256126785168483195
-3.2773944143706330578
-2.9291761502244213489
-2.5809578860782096399
-2.2327396219319943782
-1.8845213577857826692
-1.5363030936395674075
-1.1880848294933556986
-0.83986656534714043687
-0.49164830120092872789
-0.14343003705471701892
0.20478822709149824277
0.55300649123770995175
0.90122475538392521344
1.2494430195301369224
1.5976612836763486314
1.9458795478225674458
2.2940978119687791548
2.6423160761149908637
2.9905343402612025727
3.3387526044074142817
3.6869708685536330961
4.0351891326998448051
4.3834073968460565141
4.731625660992268223
5.0798439251384870374
5.4280621892846987464
5.7762804534309104554
6.1244987175771221644
6.4727169817233338733
6.8209352458695526877
7.1691535100157643967
7.5173717741619761057
7.8655900383081878147
8.2138083024544066291
8.562026566600618338
8.910244830746830047
9.258463094893041756
9.606681359039253465
9.9548996231854722794
10.303117887331683988
10.651336151477895697
10.999554415624107406
11.347772679770322668
11.69599094391653793
12.044209208062749639
12.392427472208961348
12.740645736355173057
13.088864000501391871
13.43708226464760358
13.785300528793815289
14.133518792940026998
14.481737057086238707
14.829955321232457521
15.17817358537866923
15.526391849524880939
15.874610113671092648
16.222828377817311463
16.571046641963523172
16.919264906109734881
17.26748317025594659
17.615701434402158299
17.963919698548377113
18.312137962694588822
18.660356226840800531
19.00857449098701224
19.356792755133223949
19.705011019279442763
20.053229283425654472
20.401447547571866181
20.74966581171807789
21.097884075864296705
21.446102340010508414
21.794320604156727228
22.142538868302931832
22.490757132449150646
22.838975396595355249
23.187193660741574064
23.535411924887792878
23.883630189033997482
24.231848453180216296
24.5800667173264209
24.928284981472639714
25.276503245618858529
25.624721509765063132
25.972939773911281947
26.32115803805748655
26.669376302203705364
27.017594566349924179
27.365812830496128782
27.714031094642347597
28.062249358788559306
28.410467622934771015
28.758685887080989829
29.106904151227194433
29.455122415373413247
29.803340679519632062
30.151558943665836665
30.49977720781205548
30.847995471958260083
31.196213736104478897
31.544432000250697712
31.892650264396902315
32.240868528543117577
32.589086792689329286
32.937305056835540995
33.285523320981766915
33.633741585127964413
33.981959849274190333
34.330178113420402042
34.678396377566613751
35.02661464171282546
35.374832905859037169
35.723051170005248878
36.071269434151474798
36.419487698297672296
36.767705962443898215
37.115924226590095714
37.464142490736321633
37.812360754882533342
38.160579019028745051
38.50879728317495676
38.857015547321168469
39.205233811467380178
39.553452075613606098
39.901670339759803596
40.249888603906029516
40.598106868052241225
40.946325132198452934
41.294543396344664643
41.642761660490876352
41.990979924637088061
42.33919818878329977
42.687416452929511479
43.035634717075737399
43.383852981221934897
43.732071245368160817
44.080289509514372526
44.428507773660584235
44.776726037806810155
45.124944301953007653
45.473162566099233572
45.821380830245445281
46.16959909439165699
46.517817358537868699
46.866035622684080408
47.214253886830292117
47.562472150976503826
47.910690415122715535
48.258908679268941455
48.607126943415138953
48.955345207561364873
49.303563471707576582
49.651781735853788291
50
-19.643652829242657987
-19.295434565096446278
-18.947216300950231016
-18.598998036804019307
-18.250779772657804045
-17.902561508511592336
-17.554343244365377075
-17.206124980219165366
-16.857906716072953657
-16.509688451926738395
-16.161470187780523133
-15.813251923634311424
-15.465033659488099715
-15.116815395341884454
-14.768597131195672745
-14.420378867049459259
-14.072160602903245774
-13.723942338757032289
-13.375724074610818803
-13.027505810464605318
-12.679287546318391833
-12.331069282172180124
-11.982851018025966638
-11.634632753879753153
-11.286414489733539668
-10.938196225587326182
-10.589977961441112697
-10.241759697294899212
-9.8935414331486875028
-9.5453231690024740175
-9.1971049048562605321
-8.8488866407100452705
-8.5006683765638335615
-8.1524501124176218525
-7.8042318482714065908
-7.4560135841251948818
-7.1077953199789796201
-6.7595770558327679112
-6.4113587916865526495
-6.0631405275403409405
-5.7149222633941256788
-5.3667039992479139698
-5.0184857351017022609
-4.6702674709554869992
-4.3220492068092752902
-3.9738309426630600285
-3.6256126785168483195
-3.2773944143706330578
-2.9291761502244213489
-2.5809578860782096399
-2.2327396219319943782
-1.8845213577857826692
-1.5363030936395674075
-1.1880848294933556986
-0.83986656534714043687
-0.49164830120092872789
-0.14343003705471701892
0.20478822709149824277
0.55300649123770995175
0.90122475538392521344
1.2494430195301369224
1.5976612836763486314
1.9458795478225674458
2.2940978119687791548
2.6423160761149908637
2.9905343402612025727
3.3387526044074142817
3.6869708685536330961
4.0351891326998448051
4.3834073968460565141
4.731625660992268223
5.0798439251384870374
5.4280621892846987464
5.7762804534309104554
6.1244987175771221644
6.4727169817233338733
6.8209352458695526877
7.1691535100157643967
7.5173717741619761057
7.8655900383081878147
8.2138083024544066291
8.562026566600618338
8.910244830746830047
9.258463094893041756
9.606681359039253465
9.9548996231854722794
10.303117887331683988
10.651336151477895697
10.999554415624107406
11.347772679770322668
11.69599094391653793
12.044209208062749639
12.392427472208961348
12.740645736355173057
13.088864000501391871
13.43708226464760358
13.785300528793815289
14.133518792940026998
14.481737057086238707
14.829955321232457521
15.17817358537866923
15.526391849524880939
15.874610113671092648
16.222828377817311463
16.571046641963523172
16.919264906109734881
17.26748317025594659
17.615701434402158299
17.963919698548377113
18.312137962694588822
18.660356226840800531
19.00857449098701224
19.356792755133223949
19.705011019279442763
20.053229283425654472
20.401447547571866181
20.74966581171807789
21.097884075864296705
21.446102340010508414
21.794320604156727228
22.142538868302931832
22.490757132449150646
22.838975396595355249
23.187193660741574064
23.535411924887792878
23.883630189033997482
24.231848453180216296
24.5800667173264209
24.928284981472639714
25.276503245618858529
25.624721509765063132
25.972939773911281947
26.32115803805748655
26.669376302203705364
27.017594566349924179
27.365812830496128782
27.714031094642347597
28.062249358788559306
28.410467622934771015
28.758685887080989829
29.106904151227194433
29.455122415373413247
29.803340679519632062
30.151558943665836665
30.49977720781205548
30.847995471958260083
31.196213736104478897
31.544432000250697712
31.892650264396902315
32.240868528543117577
32.589086792689329286
32.937305056835540995
33.285523320981766915
33.633741585127964413
33.981959849274190333
34.330178113420402042
34.678396377566613751
35.02661464171282546
35.374832905859037169
35.723051170005248878
36.071269434151474798
36.419487698297672296
36.767705962443898215
37.115924226590095714
37.464142490736321633
37.812360754882533342
38.160579019028745051
38.50879728317495676
38.857015547321168469
39.205233811467380178
39.553452075613606098
39.901670339759803596
40.249888603906029516
40.598106868052241225
40.946325132198452934
41.294543396344664643
41.642761660490876352
41.990979924637088061
42.33919818878329977
42.687416452929511479
43.035634717075737399
43.383852981221934897
43.732071245368160817
44.080289509514372526
44.428507773660584235
44.776726037806810155
45.124944301953007653
45.473162566099233572
45.821380830245445281
46.16959909439165699
46.517817358537868699
46.866035622684080408
47.214253886830292117
47.562472150976503826
47.910690415122715535
48.258908679268941455
48.607126943415138953
48.955345207561364873
49.303563471707576582
49.651781735853788291
50
-19.643652829242657987
-19.295434565096446278
-18.947216300950231016
-18.598998036804019307
-18.250779772657804045
-17.902561508511592336
-17.554343244365377075
-17.206124980219165366
-16.857906716072953657
-16.509688451926738395
-16.161470187780523133
-15.813251923634311424
-15.465033659488099715
-15.116815395341884454
-14.768597131195672745
-14.420378867049459259
-14.072160602903245774
-13.723942338757032289
-13.375724074610818803
-13.027505810464605318
-12.679287546318391833
-12.331069282172180124
-11.982851018025966638
-11.634632753879753153
-11.286414489733539668
-10.938196225587326182
-10.589977961441112697
-10.241759697294899212
-9.8935414331486875028
-9.5453231690024740175
-9.1971049048562605321
-8.8488866407100452705
-8.5006683765638335615
-8.1524501124176218525
-7.8042318482714065908
-7.4560135841251948818
-7.1077953199789796201
-6.7595770558327679112
-6.4113587916865526495
-6.0631405275403409405
-5.7149222633941256788
-5.3667039992479139698
-5.0184857351017022609
-4.6702674709554869992
-4.3220492068092752902
-3.9738309426630600285
-3.6256126785168483195
-3.2773944143706330578
-2.9291761502244213489
-2.5809578860782096399
-2.2327396219319943782
-1.8845213577857826692
-1.5363030936395674075
-1.1880848294933556986
-0.83986656534714043687
-0.49164830120092872789
-0.14343003705471701892
0.20478822709149824277
0.55300649123770995175
0.90122475538392521344
1.2494430195301369224
1.5976612836763486314
1.9458795478225674458
2.2940978119687791548
2.6423160761149908637
2.9905343402612025727
3.3387526044074142817
3.6869708685536330961
4.0351891326998448051
4.3834073968460565141
4.731625660992268223
5.0798439251384870374
5.4280621892846987464
5.7762804534309104554
6.1244987175771221644
6.4727169817233338733
6.8209352458695526877
7.1691535100157643967
7.5173717741619761057
7.8655900383081878147
8.2138083024544066291
8.562026566600618338
8.910244830746830047
9.258463094893041756
9.606681359039253465
9.9548996231854722794
10.303117887331683988
10.651336151477895697
10.999554415624107406
11.347772679770322668
11.69599094391653793
12.044209208062749639
12.392427472208961348
12.740645736355173057
13.088864000501391871
13.43708226464760358
13.785300528793815289
14.133518792940026998
14.481737057086238707
14.829955321232457521
15.17817358537866923
15.526391849524880939
15.874610113671092648
16.222828377817311463
16.571046641963523172
16.919264906109734881
17.26748317025594659
17.615701434402158299
17.963919698548377113
18.312137962694588822
18.660356226840800531
19.00857449098701224
19.356792755133223949
19.705011019279442763
20.053229283425654472
20.401447547571866181
20.74966581171807789
21.097884075864296705
21.446102340010508414
21.794320604156727228
22.142538868302931832
22.490757132449150646
22.838975396595355249
23.187193660741574064
23.535411924887792878
23.883630189033997482
24.231848453180216296
24.5800667173264209
24.928284981472639714
25.276503245618858529
25.624721509765063132
25.972939773911281947
26.32115803805748655
26.669376302203705364
27.017594566349924179
27.365812830496128782
27.714031094642347597
28.062249358788559306
28.410467622934771015
28.758685887080989829
29.106904151227194433
29.455122415373413247
29.803340679519632062
30.151558943665836665
30.49977720781205548
30.847995471958260083
31.196213736104478897
31.544432000250697712
31.892650264396902315
32.240868528543117577
32.589086792689329286
32.937305056835540995
33.285523320981766915
33.633741585127964413
33.981959849274190333
34.330178113420402042
34.678396377566613751
35.02661464171282546
35.374832905859037169
35.723051170005248878
36.071269434151474798
36.419487698297672296
36.767705962443898215
37.115924226590095714
37.464142490736321633
37.812360754882533342
38.160579019028745051
38.50879728317495676
38.857015547321168469
39.205233811467380178
39.553452075613606098
39.901670339759803596
40.249888603906029516
40.598106868052241225
40.946325132198452934
41.294543396344664643
41.642761660490876352
41.990979924637088061
42.33919818878329977
42.687416452929511479
43.035634717075737399
43.383852981221934897
43.732071245368160817
44.080289509514372526
44.428507773660584235
44.776726037806810155
45.124944301953007653
45.473162566099233572
45.821380830245445281
46.16959909439165699
46.517817358537868699
46.866035622684080408
47.214253886830292117
47.562472150976503826
47.910690415122715535
48.258908679268941455
48.607126943415138953
48.955345207561364873
49.303563471707576582
49.651781735853788291
50
-19.643652829242657987
-19.295434565096446278
-18.947216300950231016
-18.598998036804019307
-18.250779772657804045
-17.902561508511592336
-17.554343244365377075
-17.206124980219165366
-16.857906716072953657
-16.509688451926738395
-16.161470187780523133
-15.813251923634311424
-15.465033659488099715
-15.116815395341884454
-14.768597131195672745
-14.420378867049459259
-14.072160602903245774
-13.723942338757032289
-13.375724074610818803
-13.027505810464605318
-12.679287546318391833
-12.331069282172180124
-11.982851018025966638
-11.634632753879753153
-11.286414489733539668
-10.938196225587326182
-10.589977961441112697
-10.241759697294899212
-9.8935414331486875028
-9.5453231690024740175
-9.1971049048562605321
-8.8488866407100452705
-8.5006683765638335615
-8.1524501124176218525
-7.8042318482714065908
-7.4560135841251948818
-7.1077953199789796201
-6.7595770558327679112
-6.4113587916865526495
-6.0631405275403409405
-5.7149222633941256788
-5.3667039992479139698
-5.0184857351017022609
-4.6702674709554869992
-4.3220492068092752902
-3.9738309426630600285
-3.6256126785168483195
-3.2773944143706330578
-2.9291761502244213489
-2.5809578860782096399
-2.2327396219319943782
-1.8845213577857826692
-1.5363030936395674075
-1.1880848294933556986
-0.83986656534714043687
-0.49164830120092872789
-0.14343003705471701892
0.20478822709149824277
0.55300649123770995175
0.90122475538392521344
1.2494430195301369224
1.5976612836763486314
1.9458795478225674458
2.2940978119687791548
2.6423160761149908637
2.9905343402612025727
3.3387526044074142817
3.6869708685536330961
4.0351891326998448051
4.3834073968460565141
4.731625660992268223
5.0798439251384870374
5.4280621892846987464
5.7762804534309104554
6.1244987175771221644
6.4727169817233338733
6.8209352458695526877
7.1691535100157643967
7.5173717741619761057
7.8655900383081878147
8.2138083024544066291
8.562026566600618338
8.910244830746830047
9.258463094893041756
9.606681359039253465
9.9548996231854722794
10.303117887331683988
10.651336151477895697
10.999554415624107406
11.347772679770322668
11.69599094391653793
12.044209208062749639
12.392427472208961348
12.740645736355173057
13.088864000501391871
13.43708226464760358
13.785300528793815289
14.133518792940026998
14.481737057086238707
14.829955321232457521
15.17817358537866923
15.526391849524880939
15.874610113671092648
16.222828377817311463
16.571046641963523172
16.919264906109734881
17.26748317025594659
17.615701434402158299
17.963919698548377113
18.312137962694588822
18.660356226840800531
19.00857449098701224
19.356792755133223949
19.705011019279442763
20.053229283425654472
20.401447547571866181
20.74966581171807789
21.097884075864296705
21.446102340010508414
21.794320604156727228
22.142538868302931832
22.490757132449150646
22.838975396595355249
23.187193660741574064
23.535411924887792878
23.883630189033997482
24.231848453180216296
24.5800667173264209
24.928284981472639714
25.276503245618858529
25.624721509765063132
25.972939773911281947
26.32115803805748655
26.669376302203705364
27.017594566349924179
27.365812830496128782
27.714031094642347597
28.062249358788559306
28.410467622934771015
28.758685887080989829
29.106904151227194433
29.455122415373413247
29.803340679519632062
30.151558943665836665
30.49977720781205548
30.847995471958260083
31.196213736104478897
31.544432000250697712
31.892650264396902315
32.240868528543117577
32.589086792689329286
32.937305056835540995
33.285523320981766915
33.633741585127964413
33.981959849274190333
34.330178113420402042
34.678396377566613751
35.02661464171282546
35.374832905859037169
35.723051170005248878
36.071269434151474798
36.419487698297672296
36.767705962443898215
37.115924226590095714
37.464142490736321633
37.812360754882533342
38.160579019028745051
38.50879728317495676
38.857015547321168469
39.205233811467380178
39.553452075613606098
39.901670339759803596
40.249888603906029516
40.598106868052241225
40.946325132198452934
41.294543396344664643
41.642761660490876352
41.990979924637088061
42.33919818878329977
42.687416452929511479
43.035634717075737399
43.383852981221934897
43.732071245368160817
44.080289509514372526
44.428507773660584235
44.776726037806810155
45.124944301953007653
45.473162566099233572
45.821380830245445281
46.16959909439165699
46.517817358537868699
46.866035622684080408
47.214253886830292117
47.562472150976503826
47.910690415122715535
48.258908679268941455
48.607126943415138953
48.955345207561364873
49.303563471707576582
49.651781735853788291
50
-19.643652829242657987
-19.295434565096446278
-18.947216300950231016
-18.598998036804019307
-18.250779772657804045
-17.902561508511592336
-17.554343244365377075
-17.206124980219165366
-16.857906716072953657
-16.509688451926738395
-16.161470187780523133
-15.813251923634311424
-15.465033659488099715
-15.116815395341884454
-14.768597131195672745
-14.420378867049459259
-14.072160602903245774
-13.723942338757032289
-13.375724074610818803
-13.027505810464605318
-12.679287546318391833
-12.331069282172180124
-11.982851018025966638
-11.634632753879753153
-11.286414489733539668
-10.938196225587326182
-10.589977961441112697
-10.241759697294899212
-9.8935414331486875028
-9.5453231690024740175
-9.1971049048562605321
-8.8488866407100452705
-8.5006683765638335615
-8.1524501124176218525
-7.8042318482714065908
-7.4560135841251948818
-7.1077953199789796201
-6.7595770558327679112
-6.4113587916865526495
-6.0631405275403409405
-5.7149222633941256788
-5.3667039992479139698
-5.0184857351017022609
-4.6702674709554869992
-4.3220492068092752902
-3.9738309426630600285
-3.6256126785168483195
-3.2773944143706330578
-2.9291761502244213489
-2.5809578860782096399
-2.2327396219319943782
-1.8845213577857826692
-1.5363030936395674075
-1.1880848294933556986
-0.83986656534714043687
-0.49164830120092872789
-0.14343003705471701892
0.20478822709149824277
0.55300649123770995175
0.90122475538392521344
1.2494430195301369224
1.5976612836763486314
1.9458795478225674458
2.2940978119687791548
2.6423160761149908637
2.9905343402612025727
3.3387526044074142817
3.6869708685536330961
4.0351891326998448051
4.3834073968460565141
4.731625660992268223
5.0798439251384870374
5.4280621892846987464
5.7762804534309104554
6.1244987175771221644
6.4727169817233338733
6.8209352458695526877
7.1691535100157643967
7.5173717741619761057
7.8655900383081878147
8.2138083024544066291
8.562026566600618338
8.910244830746830047
9.258463094893041756
9.606681359039253465
9.9548996231854722794
10.303117887331683988
10.651336151477895697
10.999554415624107406
11.347772679770322668
11.69599094391653793
12.044209208062749639
12.392427472208961348
12.740645736355173057
13.088864000501391871
13.43708226464760358
13.785300528793815289
14.133518792940026998
14.481737057086238707
14.829955321232457521
15.17817358537866923
15.526391849524880939
15.874610113671092648
16.222828377817311463
16.571046641963523172
16.919264906109734881
17.26748317025594659
17.615701434402158299
17.963919698548377113
18.312137962694588822
18.660356226840800531
19.00857449098701224
19.356792755133223949
19.705011019279442763
20.053229283425654472
20.401447547571866181
20.74966581171807789
21.097884075864296705
21.446102340010508414
21.794320604156727228
22.142538868302931832
22.490757132449150646
22.838975396595355249
23.187193660741574064
23.535411924887792878
23.883630189033997482
24.231848453180216296
24.5800667173264209
24.928284981472639714
25.276503245618858529
25.624721509765063132
25.972939773911281947
26.32115803805748655
26.669376302203705364
27.017594566349924179
27.365812830496128782
27.714031094642347597
28.062249358788559306
28.410467622934771015
28.758685887080989829
29.106904151227194433
29.455122415373413247
29.803340679519632062
30.151558943665836665
30.49977720781205548
30.847995471958260083
31.196213736104478897
31.544432000250697712
31.892650264396902315
32.240868528543117577
32.589086792689329286
32.937305056835540995
33.285523320981766915
33.633741585127964413
33.981959849274190333
34.330178113420402042
34.678396377566613751
35.02661464171282546
35.374832905859037169
35.723051170005248878
36.071269434151474798
36.419487698297672296
36.767705962443898215
37.115924226590095714
37.464142490736321633
37.812360754882533342
38.160579019028745051
38.50879728317495676
38.857015547321168469
39.205233811467380178
39.553452075613606098
39.901670339759803596
40.249888603906029516
40.598106868052241225
40.946325132198452934
41.294543396344664643
41.642761660490876352
41.990979924637088061
42.33919818878329977
42.687416452929511479
43.035634717075737399
43.383852981221934897
43.732071245368160817
44.080289509514372526
44.428507773660584235
44.776726037806810155
45.124944301953007653
45.473162566099233572
45.821380830245445281
46.16959909439165699
46.517817358537868699
46.866035622684080408
47.214253886830292117
47.562472150976503826
47.910690415122715535
48.258908679268941455
48.607126943415138953
48.955345207561364873
49.303563471707576582
49.651781735853788291
50
-19.643652829242657987
-19.295434565096446278
-18.947216300950231016
-18.598998036804019307
-18.250779772657804045
-17.902561508511592336
-17.554343244365377075
-17.206124980219165366
-16.857906716072953657
-16.509688451926738395
-16.161470187780523133
-15.813251923634311424
-15.465033659488099715
-15.116815395341884454
-14.768597131195672745
-14.420378867049459259
-14.072160602903245774
-13.723942338757032289
-13.375724074610818803
-13.027505810464605318
-12.679287546318391833
-12.331069282172180124
-11.982851018025966638
-11.634632753879753153
-11.286414489733539668
-10.938196225587326182
-10.589977961441112697
-10.241759697294899212
-9.8935414331486875028
-9.5453231690024740175
-9.1971049048562605321
-8.8488866407100452705
-8.5006683765638335615
-8.1524501124176218525
-7.8042318482714065908
-7.4560135841251948818
-7.1077953199789796201
-6.7595770558327679112
-6.4113587916865526495
-6.0631405275403409405
-5.7149222633941256788
-5.3667039992479139698
-5.0184857351017022609
-4.6702674709554869992
-4.3220492068092752902
-3.9738309426630600285
-3.6256126785168483195
-3.2773944143706330578
-2.9291761502244213489
-2.5809578860782096399
-2.2327396219319943782
-1.8845213577857826692
-1.5363030936395674075
-1.1880848294933556986
-0.83986656534714043687
-0.49164830120092872789
-0.14343003705471701892
0.20478822709149824277
0.55300649123770995175
0.90122475538392521344
1.2494430195301369224
1.5976612836763486314
1.9458795478225674458
2.2940978119687791548
2.6423160761149908637
2.9905343402612025727
3.3387526044074142817
3.6869708685536330961
4.0351891326998448051
4.3834073968460565141
4.731625660992268223
5.0798439251384870374
5.4280621892846987464
5.7762804534309104554
6.1244987175771221644
6.4727169817233338733
6.8209352458695526877
7.1691535100157643967
7.5173717741619761057
7.8655900383081878147
8.2138083024544066291
8.562026566600618338
8.910244830746830047
9.258463094893041756
9.606681359039253465
9.9548996231854722794
10.303117887331683988
10.651336151477895697
10.999554415624107406
11.347772679770322668
11.69599094391653793
12.044209208062749639
12.392427472208961348
12.740645736355173057
13.088864000501391871
13.43708226464760358
13.785300528793815289
14.133518792940026998
14.481737057086238707
14.829955321232457521
15.17817358537866923
15.526391849524880939
15.874610113671092648
16.222828377817311463
16.571046641963523172
16.919264906109734881
17.26748317025594659
17.615701434402158299
17.963919698548377113
18.312137962694588822
18.660356226840800531
19.00857449098701224
19.356792755133223949
19.705011019279442763
20.053229283425654472
20.401447547571866181
20.74966581171807789
21.097884075864296705
21.446102340010508414
21.794320604156727228
22.142538868302931832
22.490757132449150646
22.838975396595355249
23.187193660741574064
23.535411924887792878
23.883630189033997482
24.231848453180216296
24.5800667173264209
24.928284981472639714
25.276503245618858529
25.624721509765063132
25.972939773911281947
26.32115803805748655
26.669376302203705364
27.017594566349924179
27.365812830496128782
27.714031094642347597
28.062249358788559306
28.410467622934771015
28.758685887080989829
29.106904151227194433
29.455122415373413247
29.803340679519632062
30.151558943665836665
30.49977720781205548
30.847995471958260083
31.196213736104478897
31.544432000250697712
31.892650264396902315
32.240868528543117577
32.589086792689329286
32.937305056835540995
33.285523320981766915
33.633741585127964413
33.981959849274190333
34.330178113420402042
34.678396377566613751
35.02661464171282546
35.374832905859037169
35.723051170005248878
36.071269434151474798
36.419487698297672296
36.767705962443898215
37.115924226590095714
37.464142490736321633
37.812360754882533342
38.160579019028745051
38.50879728317495676
38.857015547321168469
39.205233811467380178
39.553452075613606098
39.901670339759803596
40.249888603906029516
40.598106868052241225
40.946325132198452934
41.294543396344664643
41.642761660490876352
41.990979924637088061
42.33919818878329977
42.687416452929511479
43.035634717075737399
43.383852981221934897
43.732071245368160817
44.080289509514372526
44.428507773660584235
44.776726037806810155
45.124944301953007653
45.473162566099233572
45.821380830245445281
46.16959909439165699
46.517817358537868699
46.866035622684080408
47.214253886830292117
47.562472150976503826
47.910690415122715535
48.258908679268941455
48.607126943415138953
48.955345207561364873
49.303563471707576582
49.651781735853788291
50
-19.643652829242657987
-19.295434565096446278
-18.947216300950231016
-18.598998036804019307
-18.250779772657804045
-17.902561508511592336
-17.554343244365377075
-17.206124980219165366
-16.857906716072953657
-16.509688451926738395
-16.161470187780523133
-15.813251923634311424
-15.465033659488099715
-15.116815395341884454
-14.768597131195672745
-14.420378867049459259
-14.072160602903245774
-13.723942338757032289
-13.375724074610818803
-13.027505810464605318
-12.679287546318391833
-12.331069282172180124
-11.982851018025966638
-11.634632753879753153
-11.286414489733539668
-10.938196225587326182
-10.589977961441112697
-10.241759697294899212
-9.8935414331486875028
-9.5453231690024740175
-9.1971049048562605321
-8.8488866407100452705
-8.5006683765638335615
-8.1524501124176218525
-7.8042318482714065908
-7.4560135841251948818
-7.1077953199789796201
-6.7595770558327679112
-6.4113587916865526495
-6.0631405275403409405
-5.7149222633941256788
-5.3667039992479139698
-5.0184857351017022609
-4.6702674709554869992
-4.3220492068092752902
-3.9738309426630600285
-3.6256126785168483195
-3.2773944143706330578
-2.9291761502244213489
-2.5809578860782096399
-2.2327396219319943782
-1.8845213577857826692
-1.5363030936395674075
-1.1880848294933556986
-0.83986656534714043687
-0.49164830120092872789
-0.14343003705471701892
0.20478822709149824277
0.55300649123770995175
0.90122475538392521344
1.2494430195301369224
1.5976612836763486314
1.9458795478225674458
2.2940978119687791548
2.6423160761149908637
2.9905343402612025727
3.3387526044074142817
3.6869708685536330961
4.0351891326998448051
4.3834073968460565141
4.731625660992268223
5.0798439251384870374
5.4280621892846987464
5.7762804534309104554
6.1244987175771221644
6.4727169817233338733
6.8209352458695526877
7.1691535100157643967
7.5173717741619761057
7.8655900383081878147
8.2138083024544066291
8.562026566600618338
8.910244830746830047
9.258463094893041756
9.606681359039253465
9.9548996231854722794
10.303117887331683988
10.651336151477895697
10.999554415624107406
11.347772679770322668
11.69599094391653793
12.044209208062749639
12.392427472208961348
12.740645736355173057
13.088864000501391871
13.43708226464760358
13.785300528793815289
14.133518792940026998
14.481737057086238707
14.829955321232457521
15.17817358537866923
15.526391849524880939
15.874610113671092648
16.222828377817311463
16.571046641963523172
16.919264906109734881
17.26748317025594659
17.615701434402158299
17.963919698548377113
18.312137962694588822
18.660356226840800531
19.00857449098701224
19.356792755133223949
19.705011019279442763
20.053229283425654472
20.401447547571866181
20.74966581171807789
21.097884075864296705
21.446102340010508414
21.794320604156727228
22.142538868302931832
22.490757132449150646
22.838975396595355249
23.187193660741574064
23.535411924887792878
23.883630189033997482
24.231848453180216296
24.5800667173264209
24.928284981472639714
25.276503245618858529
25.624721509765063132
25.972939773911281947
26.32115803805748655
26.669376302203705364
27.017594566349924179
27.365812830496128782
27.714031094642347597
28.062249358788559306
28.410467622934771015
28.758685887080989829
29.106904151227194433
29.455122415373413247
29.803340679519632062
30.151558943665836665
30.49977720781205548
30.847995471958260083
31.196213736104478897
31.544432000250697712
31.892650264396902315
32.240868528543117577
32.589086792689329286
32.937305056835540995
33.285523320981766915
33.633741585127964413
33.981959849274190333
34.330178113420402042
34.678396377566613751
35.02661464171282546
35.374832905859037169
35.723051170005248878
36.071269434151474798
36.419487698297672296
36.767705962443898215
37.115924226590095714
37.464142490736321633
37.812360754882533342
38.160579019028745051
38.50879728317495676
38.857015547321168469
39.205233811467380178
39.553452075613606098
39.901670339759803596
40.249888603906029516
40.598106868052241225
40.946325132198452934
41.294543396344664643
41.642761660490876352
41.990979924637088061
42.33919818878329977
42.687416452929511479
43.035634717075737399
43.383852981221934897
43.732071245368160817
44.080289509514372526
44.428507773660584235
44.776726037806810155
45.124944301953007653
45.473162566099233572
45.821380830245445281
46.16959909439165699
46.517817358537868699
46.866035622684080408
47.214253886830292117
47.562472150976503826
47.910690415122715535
48.258908679268941455
48.607126943415138953
48.955345207561364873
49.303563471707576582
49.651781735853788291
50
-19.643652829242657987
-19.295434565096446278
-18.947216300950231016
-18.598998036804019307
-18.250779772657804045
-17.902561508511592336
-17.554343244365377075
-17.206124980219165366
-16.857906716072953657
-16.509688451926738395
-16.161470187780523133
-15.813251923634311424
-15.465033659488099715
-15.116815395341884454
-14.768597131195672745
-14.420378867049459259
-14.072160602903245774
-13.723942338757032289
-13.375724074610818803
-13.027505810464605318
-12.679287546318391833
-12.331069282172180124
-11.982851018025966638
-11.634632753879753153
-11.286414489733539668
-10.938196225587326182
-10.589977961441112697
-10.241759697294899212
-9.8935414331486875028
-9.5453231690024740175
-9.1971049048562605321
-8.8488866407100452705
-8.5006683765638335615
-8.1524501124176218525
-7.8042318482714065908
-7.4560135841251948818
-7.1077953199789796201
-6.7595770558327679112
-6.4113587916865526495
-6.0631405275403409405
-5.7149222633941256788
-5.3667039992479139698
-5.0184857351017022609
-4.6702674709554869992
-4.3220492068092752902
-3.9738309426630600285
-3.6256126785168483195
-3.2773944143706330578
-2.9291761502244213489
-2.5809578860782096399
-2.2327396219319943782
-1.8845213577857826692
-1.5363030936395674075
-1.1880848294933556986
-0.83986656534714043687
-0.49164830120092872789
-0.14343003705471701892
0.20478822709149824277
0.55300649123770995175
0.90122475538392521344
1.2494430195301369224
1.5976612836763486314
1.9458795478225674458
2.2940978119687791548
2.6423160761149908637
2.9905343402612025727
3.3387526044074142817
3.6869708685536330961
4.0351891326998448051
4.3834073968460565141
4.731625660992268223
5.0798439251384870374
5.4280621892846987464
5.7762804534309104554
6.1244987175771221644
6.4727169817233338733
6.8209352458695526877
7.1691535100157643967
7.5173717741619761057
7.8655900383081878147
8.2138083024544066291
8.562026566600618338
8.910244830746830047
9.258463094893041756
9.606681359039253465
9.9548996231854722794
10.303117887331683988
10.651336151477895697
10.999554415624107406
11.347772679770322668
11.69599094391653793
12.044209208062749639
12.392427472208961348
12.740645736355173057
13.088864000501391871
13.43708226464760358
13.785300528793815289
14.133518792940026998
14.481737057086238707
14.829955321232457521
15.17817358537866923
15.526391849524880939
15.874610113671092648
16.222828377817311463
16.571046641963523172
16.919264906109734881
17.26748317025594659
17.615701434402158299
17.963919698548377113
18.312137962694588822
18.660356226840800531
19.00857449098701224
19.356792755133223949
19.705011019279442763
20.053229283425654472
20.401447547571866181
20.74966581171807789
21.097884075864296705
21.446102340010508414
21.794320604156727228
22.142538868302931832
22.490757132449150646
22.838975396595355249
23.187193660741574064
23.535411924887792878
23.883630189033997482
24.231848453180216296
24.5800667173264209
24.928284981472639714
25.276503245618858529
25.624721509765063132
25.972939773911281947
26.32115803805748655
26.669376302203705364
27.017594566349924179
27.365812830496128782
27.714031094642347597
28.062249358788559306
28.410467622934771015
28.758685887080989829
29.106904151227194433
29.455122415373413247
29.803340679519632062
30.151558943665836665
30.49977720781205548
30.847995471958260083
31.196213736104478897
31.544432000250697712
31.892650264396902315
32.240868528543117577
32.589086792689329286
32.937305056835540995
33.285523320981766915
33.633741585127964413
33.981959849274190333
34.330178113420402042
34.678396377566613751
35.02661464171282546
35.374832905859037169
35.723051170005248878
36.071269434151474798
36.419487698297672296
36.767705962443898215
37.115924226590095714
37.464142490736321633
37.812360754882533342
38.160579019028745051
38.50879728317495676
38.857015547321168469
39.205233811467380178
39.553452075613606098
39.901670339759803596
40.249888603906029516
40.598106868052241225
40.946325132198452934
41.294543396344664643
41.642761660490876352
41.990979924637088061
42.33919818878329977
42.687416452929511479
43.035634717075737399
43.383852981221934897
43.732071245368160817
44.080289509514372526
44.428507773660584235
44.776726037806810155
45.124944301953007653
45.473162566099233572
45.821380830245445281
46.16959909439165699
46.517817358537868699
46.866035622684080408
47.214253886830292117
47.562472150976503826
47.910690415122715535
48.258908679268941455
48.607126943415138953
48.955345207561364873
49.303563471707576582
49.651781735853788291
50
-19.643652829242657987
-19.295434565096446278
-18.947216300950231016
-18.598998036804019307
-18.250779772657804045
-17.902561508511592336
-17.554343244365377075
-17.206124980219165366
-16.857906716072953657
-16.509688451926738395
-16.161470187780523133
-15.813251923634311424
-15.465033659488099715
-15.116815395341884454
-14.768597131195672745
-14.420378867049459259
-14.072160602903245774
-13.723942338757032289
-13.375724074610818803
-13.027505810464605318
-12.679287546318391833
-12.331069282172180124
-11.982851018025966638
-11.634632753879753153
-11.286414489733539668
-10.938196225587326182
-10.589977961441112697
-10.241759697294899212
-9.8935414331486875028
-9.5453231690024740175
-9.1971049048562605321
-8.8488866407100452705
-8.5006683765638335615
-8.1524501124176218525
-7.8042318482714065908
-7.4560135841251948818
-7.1077953199789796201
-6.7595770558327679112
-6.4113587916865526495
-6.0631405275403409405
-5.7149222633941256788
-5.3667039992479139698
-5.0184857351017022609
-4.6702674709554869992
-4.3220492068092752902
-3.9738309426630600285
-3.6256126785168483195
-3.2773944143706330578
-2.9291761502244213489
-2.5809578860782096399
-2.2327396219319943782
-1.8845213577857826692
-1.5363030936395674075
-1.1880848294933556986
-0.83986656534714043687
-0.49164830120092872789
-0.14343003705471701892
0.20478822709149824277
0.55300649123770995175
0.90122475538392521344
1.2494430195301369224
1.5976612836763486314
1.9458795478225674458
2.2940978119687791548
2.6423160761149908637
2.9905343402612025727
3.3387526044074142817
3.6869708685536330961
4.0351891326998448051
4.3834073968460565141
4.731625660992268223
5.0798439251384870374
5.4280621892846987464
5.7762804534309104554
6.1244987175771221644
6.4727169817233338733
6.8209352458695526877
7.1691535100157643967
7.5173717741619761057
7.8655900383081878147
8.2138083024544066291
8.562026566600618338
8.910244830746830047
9.258463094893041756
9.606681359039253465
9.9548996231854722794
10.303117887331683988
10.651336151477895697
10.999554415624107406
11.347772679770322668
11.69599094391653793
12.044209208062749639
12.392427472208961348
12.740645736355173057
13.088864000501391871
13.43708226464760358
13.785300528793815289
14.133518792940026998
14.481737057086238707
14.829955321232457521
15.17817358537866923
15.526391849524880939
15.874610113671092648
16.222828377817311463
16.571046641963523172
16.919264906109734881
17.26748317025594659
17.615701434402158299
17.963919698548377113
18.312137962694588822
18.660356226840800531
19.00857449098701224
19.356792755133223949
19.705011019279442763
20.053229283425654472
20.401447547571866181
20.74966581171807789
21.097884075864296705
21.446102340010508414
21.794320604156727228
22.142538868302931832
22.490757132449150646
22.838975396595355249
23.187193660741574064
23.535411924887792878
23.883630189033997482
24.231848453180216296
24.5800667173264209
24.928284981472639714
25.276503245618858529
25.624721509765063132
25.972939773911281947
26.32115803805748655
26.669376302203705364
27.017594566349924179
27.365812830496128782
27.714031094642347597
28.062249358788559306
28.410467622934771015
28.758685887080989829
29.106904151227194433
29.455122415373413247
29.803340679519632062
30.151558943665836665
30.49977720781205548
30.847995471958260083
31.196213736104478897
31.544432000250697712
31.892650264396902315
32.240868528543117577
32.589086792689329286
32.937305056835540995
33.285523320981766915
33.633741585127964413
33.981959849274190333
34.330178113420402042
34.678396377566613751
35.02661464171282546
35.374832905859037169
35.723051170005248878
36.071269434151474798
36.419487698297672296
36.767705962443898215
37.115924226590095714
37.464142490736321633
37.812360754882533342
38.160579019028745051
38.50879728317495676
38.857015547321168469
39.205233811467380178
39.553452075613606098
39.901670339759803596
40.249888603906029516
40.598106868052241225
40.946325132198452934
41.294543396344664643
41.642761660490876352
41.990979924637088061
42.33919818878329977
42.687416452929511479
43.035634717075737399
43.383852981221934897
43.732071245368160817
44.080289509514372526
44.428507773660584235
44.776726037806810155
45.124944301953007653
45.473162566099233572
45.821380830245445281
46.16959909439165699
46.517817358537868699
46.866035622684080408
47.214253886830292117
47.562472150976503826
47.910690415122715535
48.258908679268941455
48.607126943415138953
48.955345207561364873
49.303563471707576582
49.651781735853788291
50
-19.643652829242657987
-19.295434565096446278
-18.947216300950231016
-18.598998036804019307
-18.250779772657804045
-17.902561508511592336
-17.554343244365377075
-17.206124980219165366
-16.857906716072953657
-16.509688451926738395
-16.161470187780523133
-15.813251923634311424
-15.465033659488099715
-15.116815395341884454
-14.768597131195672745
-14.420378867049459259
-14.072160602903245774
-13.723942338757032289
-13.375724074610818803
-13.027505810464605318
-12.679287546318391833
-12.331069282172180124
-11.982851018025966638
-11.634632753879753153
-11.286414489733539668
-10.938196225587326182
-10.589977961441112697
-10.241759697294899212
-9.8935414331486875028
-9.5453231690024740175
-9.1971049048562605321
-8.8488866407100452705
-8.5006683765638335615
-8.1524501124176218525
-7.8042318482714065908
-7.4560135841251948818
-7.1077953199789796201
-6.7595770558327679112
-6.4113587916865526495
-6.0631405275403409405
-5.7149222633941256788
-5.3667039992479139698
-5.0184857351017022609
-4.6702674709554869992
-4.3220492068092752902
-3.9738309426630600285
-3.6256126785168483195
-3.2773944143706330578
-2.9291761502244213489
-2.5809578860782096399
-2.2327396219319943782
-1.8845213577857826692
-1.5363030936395674075
-1.1880848294933556986
-0.83986656534714043687
-0.49164830120092872789
-0.14343003705471701892
0.20478822709149824277
0.55300649123770995175
0.90122475538392521344
1.2494430195301369224
1.5976612836763486314
1.9458795478225674458
2.2940978119687791548
2.6423160761149908637
2.9905343402612025727
3.3387526044074142817
3.6869708685536330961
4.0351891326998448051
4.3834073968460565141
4.731625660992268223
5.0798439251384870374
5.4280621892846987464
5.7762804534309104554
6.1244987175771221644
6.4727169817233338733
6.8209352458695526877
7.1691535100157643967
7.5173717741619761057
7.8655900383081878147
8.2138083024544066291
8.562026566600618338
8.910244830746830047
9.258463094893041756
9.606681359039253465
9.9548996231854722794
10.303117887331683988
10.651336151477895697
10.999554415624107406
11.347772679770322668
11.69599094391653793
12.044209208062749639
12.392427472208961348
12.740645736355173057
13.088864000501391871
13.43708226464760358
13.785300528793815289
14.133518792940026998
14.481737057086238707
14.829955321232457521
15.17817358537866923
15.526391849524880939
15.874610113671092648
16.222828377817311463
16.571046641963523172
16.919264906109734881
17.26748317025594659
17.615701434402158299
17.963919698548377113
18.312137962694588822
18.660356226840800531
19.00857449098701224
19.356792755133223949
19.705011019279442763
20.053229283425654472
20.401447547571866181
20.74966581171807789
21.097884075864296705
21.446102340010508414
21.794320604156727228
22.142538868302931832
22.490757132449150646
22.838975396595355249
23.187193660741574064
23.535411924887792878
23.883630189033997482
24.231848453180216296
24.5800667173264209
24.928284981472639714
25.276503245618858529
25.624721509765063132
25.972939773911281947
26.32115803805748655
26.669376302203705364
27.017594566349924179
27.365812830496128782
27.714031094642347597
28.062249358788559306
28.410467622934771015
28.758685887080989829
29.106904151227194433
29.455122415373413247
29.803340679519632062
30.151558943665836665
30.49977720781205548
30.847995471958260083
31.196213736104478897
31.544432000250697712
31.892650264396902315
32.240868528543117577
32.589086792689329286
32.937305056835540995
33.285523320981766915
33.633741585127964413
33.981959849274190333
34.330178113420402042
34.678396377566613751
35.02661464171282546
35.374832905859037169
35.723051170005248878
36.071269434151474798
36.419487698297672296
36.767705962443898215
37.115924226590095714
37.464142490736321633
37.812360754882533342
38.160579019028745051
38.50879728317495676
38.857015547321168469
39.205233811467380178
39.553452075613606098
39.901670339759803596
40.249888603906029516
40.598106868052241225
40.946325132198452934
41.294543396344664643
41.642761660490876352
41.990979924637088061
42.33919818878329977
42.687416452929511479
43.035634717075737399
43.383852981221934897
43.732071245368160817
44.080289509514372526
44.428507773660584235
44.776726037806810155
45.124944301953007653
45.473162566099233572
45.821380830245445281
46.16959909439165699
46.517817358537868699
46.866035622684080408
47.214253886830292117
47.562472150976503826
47.910690415122715535
48.258908679268941455
48.607126943415138953
48.955345207561364873
49.303563471707576582
49.651781735853788291
50
-19.643652829242657987
-19.295434565096446278
-18.947216300950231016
-18.598998036804019307
-18.250779772657804045
-17.902561508511592336
-17.554343244365377075
-17.206124980219165366
-16.857906716072953657
-16.509688451926738395
-16.161470187780523133
-15.813251923634311424
-15.465033659488099715
-15.116815395341884454
-14.768597131195672745
-14.420378867049459259
-14.072160602903245774
-13.723942338757032289
-13.375724074610818803
-13.027505810464605318
-12.679287546318391833
-12.331069282172180124
-11.982851018025966638
-11.634632753879753153
-11.286414489733539668
-10.938196225587326182
-10.589977961441112697
-10.241759697294899212
-9.8935414331486875028
-9.5453231690024740175
-9.1971049048562605321
-8.8488866407100452705
-8.5006683765638335615
-8.1524501124176218525
-7.8042318482714065908
-7.4560135841251948818
-7.1077953199789796201
-6.7595770558327679112
-6.4113587916865526495
-6.0631405275403409405
-5.7149222633941256788
-5.3667039992479139698
-5.0184857351017022609
-4.6702674709554869992
-4.3220492068092752902
-3.9738309426630600285
-3.6256126785168483195
-3.2773944143706330578
-2.9291761502244213489
-2.5809578860782096399
-2.2327396219319943782
-1.8845213577857826692
-1.5363030936395674075
-1.1880848294933556986
-0.83986656534714043687
-0.49164830120092872789
-0.14343003705471701892
0.20478822709149824277
0.55300649123770995175
0.90122475538392521344
1.2494430195301369224
1.5976612836763486314
1.9458795478225674458
2.2940978119687791548
2.6423160761149908637
2.9905343402612025727
3.3387526044074142817
3.6869708685536330961
4.0351891326998448051
4.3834073968460565141
4.731625660992268223
5.0798439251384870374
5.4280621892846987464
5.7762804534309104554
6.1244987175771221644
6.4727169817233338733
6.8209352458695526877
7.1691535100157643967
7.5173717741619761057
7.8655900383081878147
8.2138083024544066291
8.562026566600618338
8.910244830746830047
9.258463094893041756
9.606681359039253465
9.9548996231854722794
10.303117887331683988
10.651336151477895697
10.999554415624107406
11.347772679770322668
11.69599094391653793
12.044209208062749639
12.392427472208961348
12.740645736355173057
13.088864000501391871
13.43708226464760358
13.785300528793815289
14.133518792940026998
14.481737057086238707
14.829955321232457521
15.17817358537866923
15.526391849524880939
15.874610113671092648
16.222828377817311463
16.571046641963523172
16.919264906109734881
17.26748317025594659
17.615701434402158299
17.963919698548377113
18.312137962694588822
18.660356226840800531
19.00857449098701224
19.356792755133223949
19.705011019279442763
20.053229283425654472
20.401447547571866181
20.74966581171807789
21.097884075864296705
21.446102340010508414
21.794320604156727228
22.142538868302931832
22.490757132449150646
22.838975396595355249
23.187193660741574064
23.535411924887792878
23.883630189033997482
24.231848453180216296
24.5800667173264209
24.928284981472639714
25.276503245618858529
25.624721509765063132
25.972939773911281947
26.32115803805748655
26.669376302203705364
27.017594566349924179
27.365812830496128782
27.714031094642347597
28.062249358788559306
28.410467622934771015
28.758685887080989829
29.106904151227194433
29.455122415373413247
29.803340679519632062
30.151558943665836665
30.49977720781205548
30.847995471958260083
31.196213736104478897
31.544432000250697712
31.892650264396902315
32.240868528543117577
32.589086792689329286
32.937305056835540995
33.285523320981766915
33.633741585127964413
33.981959849274190333
34.330178113420402042
34.678396377566613751
35.02661464171282546
35.374832905859037169
35.723051170005248878
36.071269434151474798
36.419487698297672296
36.767705962443898215
37.115924226590095714
37.464142490736321633
37.812360754882533342
38.160579019028745051
38.50879728317495676
38.857015547321168469
39.205233811467380178
39.553452075613606098
39.901670339759803596
40.249888603906029516
40.598106868052241225
40.946325132198452934
41.294543396344664643
41.642761660490876352
41.990979924637088061
42.33919818878329977
42.687416452929511479
43.035634717075737399
43.383852981221934897
43.732071245368160817
44.080289509514372526
44.428507773660584235
44.776726037806810155
45.124944301953007653
45.473162566099233572
45.821380830245445281
46.16959909439165699
46.517817358537868699
46.866035622684080408
47.214253886830292117
47.562472150976503826
47.910690415122715535
48.258908679268941455
48.607126943415138953
48.955345207561364873
49.303563471707576582
49.651781735853788291
50
-19.643652829242657987
-19.295434565096446278
-18.947216300950231016
-18.598998036804019307
-18.250779772657804045
-17.902561508511592336
-17.554343244365377075
-17.206124980219165366
-16.857906716072953657
-16.509688451926738395
-16.161470187780523133
-15.813251923634311424
-15.465033659488099715
-15.116815395341884454
-14.768597131195672745
-14.420378867049459259
-14.072160602903245774
-13.723942338757032289
-13.375724074610818803
-13.027505810464605318
-12.679287546318391833
-12.331069282172180124
-11.982851018025966638
-11.634632753879753153
-11.286414489733539668
-10.938196225587326182
-10.589977961441112697
-10.241759697294899212
-9.8935414331486875028
-9.5453231690024740175
-9.1971049048562605321
-8.8488866407100452705
-8.5006683765638335615
-8.1524501124176218525
-7.8042318482714065908
-7.4560135841251948818
-7.1077953199789796201
-6.7595770558327679112
-6.4113587916865526495
-6.0631405275403409405
-5.7149222633941256788
-5.3667039992479139698
-5.0184857351017022609
-4.6702674709554869992
-4.3220492068092752902
-3.9738309426630600285
-3.6256126785168483195
-3.2773944143706330578
-2.9291761502244213489
-2.5809578860782096399
-2.2327396219319943782
-1.8845213577857826692
-1.5363030936395674075
-1.1880848294933556986
-0.83986656534714043687
-0.49164830120092872789
-0.14343003705471701892
0.20478822709149824277
0.55300649123770995175
0.90122475538392521344
1.2494430195301369224
1.5976612836763486314
1.9458795478225674458
2.2940978119687791548
2.6423160761149908637
2.9905343402612025727
3.3387526044074142817
3.6869708685536330961
4.0351891326998448051
4.3834073968460565141
4.731625660992268223
5.0798439251384870374
5.4280621892846987464
5.7762804534309104554
6.1244987175771221644
6.4727169817233338733
6.8209352458695526877
7.1691535100157643967
7.5173717741619761057
7.8655900383081878147
8.2138083024544066291
8.562026566600618338
8.910244830746830047
9.258463094893041756
9.606681359039253465
9.9548996231854722794
10.303117887331683988
10.651336151477895697
10.999554415624107406
11.347772679770322668
11.69599094391653793
12.044209208062749639
12.392427472208961348
12.740645736355173057
13.088864000501391871
13.43708226464760358
13.785300528793815289
14.133518792940026998
14.481737057086238707
14.829955321232457521
15.17817358537866923
15.526391849524880939
15.874610113671092648
16.222828377817311463
16.571046641963523172
16.919264906109734881
17.26748317025594659
17.615701434402158299
17.963919698548377113
18.312137962694588822
18.660356226840800531
19.00857449098701224
19.356792755133223949
19.705011019279442763
20.053229283425654472
20.401447547571866181
20.74966581171807789
21.097884075864296705
21.446102340010508414
21.794320604156727228
22.142538868302931832
22.490757132449150646
22.838975396595355249
23.187193660741574064
23.535411924887792878
23.883630189033997482
24.231848453180216296
24.5800667173264209
24.928284981472639714
25.276503245618858529
25.624721509765063132
25.972939773911281947
26.32115803805748655
26.669376302203705364
27.017594566349924179
27.365812830496128782
27.714031094642347597
28.062249358788559306
28.410467622934771015
28.758685887080989829
29.106904151227194433
29.455122415373413247
29.803340679519632062
30.151558943665836665
30.49977720781205548
30.847995471958260083
31.196213736104478897
31.544432000250697712
31.892650264396902315
32.240868528543117577
32.589086792689329286
32.937305056835540995
33.285523320981766915
33.633741585127964413
33.981959849274190333
34.330178113420402042
34.678396377566613751
35.02661464171282546
35.374832905859037169
35.723051170005248878
36.071269434151474798
36.419487698297672296
36.767705962443898215
37.115924226590095714
37.464142490736321633
37.812360754882533342
38.160579019028745051
38.50879728317495676
38.857015547321168469
39.205233811467380178
39.553452075613606098
39.901670339759803596
40.249888603906029516
40.598106868052241225
40.946325132198452934
41.294543396344664643
41.642761660490876352
41.990979924637088061
42.33919818878329977
42.687416452929511479
43.035634717075737399
43.383852981221934897
43.732071245368160817
44.080289509514372526
44.428507773660584235
44.776726037806810155
45.124944301953007653
45.473162566099233572
45.821380830245445281
46.16959909439165699
46.517817358537868699
46.866035622684080408
47.214253886830292117
47.562472150976503826
47.910690415122715535
48.258908679268941455
48.607126943415138953
48.955345207561364873
49.303563471707576582
49.651781735853788291
50
-19.643652829242657987
-19.295434565096446278
-18.947216300950231016
-18.598998036804019307
-18.250779772657804045
-17.902561508511592336
-17.554343244365377075
-17.206124980219165366
-16.857906716072953657
-16.509688451926738395
-16.161470187780523133
-15.813251923634311424
-15.465033659488099715
-15.116815395341884454
-14.768597131195672745
-14.420378867049459259
-14.072160602903245774
-13.723942338757032289
-13.375724074610818803
-13.027505810464605318
-12.679287546318391833
-12.331069282172180124
-11.982851018025966638
-11.634632753879753153
-11.286414489733539668
-10.938196225587326182
-10.589977961441112697
-10.241759697294899212
-9.8935414331486875028
-9.5453231690024740175
-9.1971049048562605321
-8.8488866407100452705
-8.5006683765638335615
-8.1524501124176218525
-7.8042318482714065908
-7.4560135841251948818
-7.1077953199789796201
-6.7595770558327679112
-6.4113587916865526495
-6.0631405275403409405
-5.7149222633941256788
-5.3667039992479139698
-5.0184857351017022609
-4.6702674709554869992
-4.3220492068092752902
-3.9738309426630600285
-3.6256126785168483195
-3.2773944143706330578
-2.9291761502244213489
-2.5809578860782096399
-2.2327396219319943782
-1.8845213577857826692
-1.5363030936395674075
-1.1880848294933556986
-0.83986656534714043687
-0.49164830120092872789
-0.14343003705471701892
0.20478822709149824277
0.55300649123770995175
0.90122475538392521344
1.2494430195301369224
1.5976612836763486314
1.9458795478225674458
2.2940978119687791548
2.6423160761149908637
2.9905343402612025727
3.3387526044074142817
3.6869708685536330961
4.0351891326998448051
4.3834073968460565141
4.731625660992268223
5.0798439251384870374
5.4280621892846987464
5.7762804534309104554
6.1244987175771221644
6.4727169817233338733
6.8209352458695526877
7.1691535100157643967
7.5173717741619761057
7.8655900383081878147
8.2138083024544066291
8.562026566600618338
8.910244830746830047
9.258463094893041756
9.606681359039253465
9.9548996231854722794
10.303117887331683988
10.651336151477895697
10.999554415624107406
11.347772679770322668
11.69599094391653793
12.044209208062749639
12.392427472208961348
12.740645736355173057
13.088864000501391871
13.43708226464760358
13.785300528793815289
14.133518792940026998
14.481737057086238707
14.829955321232457521
15.17817358537866923
15.526391849524880939
15.874610113671092648
16.222828377817311463
16.571046641963523172
16.919264906109734881
17.26748317025594659
17.615701434402158299
17.963919698548377113
18.312137962694588822
18.660356226840800531
19.00857449098701224
19.356792755133223949
19.705011019279442763
20.053229283425654472
20.401447547571866181
20.74966581171807789
21.097884075864296705
21.446102340010508414
21.794320604156727228
22.142538868302931832
22.490757132449150646
22.838975396595355249
23.187193660741574064
23.535411924887792878
23.883630189033997482
24.231848453180216296
24.5800667173264209
24.928284981472639714
25.276503245618858529
25.624721509765063132
25.972939773911281947
26.32115803805748655
26.669376302203705364
27.017594566349924179
27.365812830496128782
27.714031094642347597
28.062249358788559306
28.410467622934771015
28.758685887080989829
29.106904151227194433
29.455122415373413247
29.803340679519632062
30.151558943665836665
30.49977720781205548
30.847995471958260083
31.196213736104478897
31.544432000250697712
31.892650264396902315
32.240868528543117577
32.589086792689329286
32.937305056835540995
33.285523320981766915
33.633741585127964413
33.981959849274190333
34.330178113420402042
34.678396377566613751
35.02661464171282546
35.374832905859037169
35.723051170005248878
36.071269434151474798
36.419487698297672296
36.767705962443898215
37.115924226590095714
37.464142490736321633
37.812360754882533342
38.160579019028745051
38.50879728317495676
38.857015547321168469
39.205233811467380178
39.553452075613606098
39.901670339759803596
40.249888603906029516
40.598106868052241225
40.946325132198452934
41.294543396344664643
41.642761660490876352
41.990979924637088061
42.33919818878329977
42.687416452929511479
43.035634717075737399
43.383852981221934897
43.732071245368160817
44.080289509514372526
44.428507773660584235
44.776726037806810155
45.124944301953007653
45.473162566099233572
45.821380830245445281
46.16959909439165699
46.517817358537868699
46.866035622684080408
47.214253886830292117
47.562472150976503826
47.910690415122715535
48.258908679268941455
48.607126943415138953
48.955345207561364873
49.303563471707576582
49.651781735853788291
50
-19.643652829242657987
-19.295434565096446278
-18.947216300950231016
-18.598998036804019307
-18.250779772657804045
-17.902561508511592336
-17.554343244365377075
-17.206124980219165366
-16.857906716072953657
-16.509688451926738395
-16.161470187780523133
-15.813251923634311424
-15.465033659488099715
-15.116815395341884454
-14.768597131195672745
-14.420378867049459259
-14.072160602903245774
-13.723942338757032289
-13.375724074610818803
-13.027505810464605318
-12.679287546318391833
-12.331069282172180124
-11.982851018025966638
-11.634632753879753153
-11.286414489733539668
-10.938196225587326182
-10.589977961441112697
-10.241759697294899212
-9.8935414331486875028
-9.5453231690024740175
-9.1971049048562605321
-8.8488866407100452705
-8.5006683765638335615
-8.1524501124176218525
-7.8042318482714065908
-7.4560135841251948818
-7.1077953199789796201
-6.7595770558327679112
-6.4113587916865526495
-6.0631405275403409405
-5.7149222633941256788
-5.3667039992479139698
-5.0184857351017022609
-4.6702674709554869992
-4.3220492068092752902
-3.9738309426630600285
-3.6256126785168483195
-3.2773944143706330578
-2.9291761502244213489
-2.5809578860782096399
-2.2327396219319943782
-1.8845213577857826692
-1.5363030936395674075
-1.1880848294933556986
-0.83986656534714043687
-0.49164830120092872789
-0.14343003705471701892
0.20478822709149824277
0.55300649123770995175
0.90122475538392521344
1.2494430195301369224
1.5976612836763486314
1.9458795478225674458
2.2940978119687791548
2.6423160761149908637
2.9905343402612025727
3.3387526044074142817
3.6869708685536330961
4.0351891326998448051
4.3834073968460565141
4.731625660992268223
5.0798439251384870374
5.4280621892846987464
5.7762804534309104554
6.1244987175771221644
6.4727169817233338733
6.8209352458695526877
7.1691535100157643967
7.5173717741619761057
7.8655900383081878147
8.2138083024544066291
8.562026566600618338
8.910244830746830047
9.258463094893041756
9.606681359039253465
9.9548996231854722794
10.303117887331683988
10.651336151477895697
10.999554415624107406
11.347772679770322668
11.69599094391653793
12.044209208062749639
12.392427472208961348
12.740645736355173057
13.088864000501391871
13.43708226464760358
13.785300528793815289
14.133518792940026998
14.481737057086238707
14.829955321232457521
15.17817358537866923
15.526391849524880939
15.874610113671092648
16.222828377817311463
16.571046641963523172
16.919264906109734881
17.26748317025594659
17.615701434402158299
17.963919698548377113
18.312137962694588822
18.660356226840800531
19.00857449098701224
19.356792755133223949
19.705011019279442763
20.053229283425654472
20.401447547571866181
20.74966581171807789
21.097884075864296705
21.446102340010508414
21.794320604156727228
22.142538868302931832
22.490757132449150646
22.838975396595355249
23.187193660741574064
23.535411924887792878
23.883630189033997482
24.231848453180216296
24.5800667173264209
24.928284981472639714
25.276503245618858529
25.624721509765063132
25.972939773911281947
26.32115803805748655
26.669376302203705364
27.017594566349924179
27.365812830496128782
27.714031094642347597
28.062249358788559306
28.410467622934771015
28.758685887080989829
29.106904151227194433
29.455122415373413247
29.803340679519632062
30.151558943665836665
30.49977720781205548
30.847995471958260083
31.196213736104478897
31.544432000250697712
31.892650264396902315
32.240868528543117577
32.589086792689329286
32.937305056835540995
33.285523320981766915
33.633741585127964413
33.981959849274190333
34.330178113420402042
34.678396377566613751
35.02661464171282546
35.374832905859037169
35.723051170005248878
36.071269434151474798
36.419487698297672296
36.767705962443898215
37.115924226590095714
37.464142490736321633
37.812360754882533342
38.160579019028745051
38.50879728317495676
38.857015547321168469
39.205233811467380178
39.553452075613606098
39.901670339759803596
40.249888603906029516
40.598106868052241225
40.946325132198452934
41.294543396344664643
41.642761660490876352
41.990979924637088061
42.33919818878329977
42.687416452929511479
43.035634717075737399
43.383852981221934897
43.732071245368160817
44.080289509514372526
44.428507773660584235
44.776726037806810155
45.124944301953007653
45.473162566099233572
45.821380830245445281
46.16959909439165699
46.517817358537868699
46.866035622684080408
47.214253886830292117
47.562472150976503826
47.910690415122715535
48.258908679268941455
48.607126943415138953
48.955345207561364873
49.303563471707576582
49.651781735853788291
50
-19.643652829242657987
-19.295434565096446278
-18.947216300950231016
-18.598998036804019307
-18.250779772657804045
-17.902561508511592336
-17.554343244365377075
-17.206124980219165366
-16.857906716072953657
-16.509688451926738395
-16.161470187780523133
-15.813251923634311424
-15.465033659488099715
-15.116815395341884454
-14.768597131195672745
-14.420378867049459259
-14.072160602903245774
-13.723942338757032289
-13.375724074610818803
-13.027505810464605318
-12.679287546318391833
-12.331069282172180124
-11.982851018025966638
-11.634632753879753153
-11.286414489733539668
-10.938196225587326182
-10.589977961441112697
-10.241759697294899212
-9.8935414331486875028
-9.5453231690024740175
-9.1971049048562605321
-8.8488866407100452705
-8.5006683765638335615
-8.1524501124176218525
-7.8042318482714065908
-7.4560135841251948818
-7.1077953199789796201
-6.7595770558327679112
-6.4113587916865526495
-6.0631405275403409405
-5.7149222633941256788
-5.3667039992479139698
-5.0184857351017022609
-4.6702674709554869992
-4.3220492068092752902
-3.9738309426630600285
-3.6256126785168483195
-3.2773944143706330578
-2.9291761502244213489
-2.5809578860782096399
-2.2327396219319943782
-1.8845213577857826692
-1.5363030936395674075
-1.1880848294933556986
-0.83986656534714043687
-0.49164830120092872789
-0.14343003705471701892
0.20478822709149824277
0.55300649123770995175
0.90122475538392521344
1.2494430195301369224
1.5976612836763486314
1.9458795478225674458
2.2940978119687791548
2.6423160761149908637
2.9905343402612025727
3.3387526044074142817
3.6869708685536330961
4.0351891326998448051
4.3834073968460565141
4.731625660992268223
5.0798439251384870374
5.4280621892846987464
5.7762804534309104554
6.1244987175771221644
6.4727169817233338733
6.8209352458695526877
7.1691535100157643967
7.5173717741619761057
7.8655900383081878147
8.2138083024544066291
8.562026566600618338
8.910244830746830047
9.258463094893041756
9.606681359039253465
9.9548996231854722794
10.303117887331683988
10.651336151477895697
10.999554415624107406
11.347772679770322668
11.69599094391653793
12.044209208062749639
12.392427472208961348
12.740645736355173057
13.088864000501391871
13.43708226464760358
13.785300528793815289
14.133518792940026998
14.481737057086238707
14.829955321232457521
15.17817358537866923
15.526391849524880939
15.874610113671092648
16.222828377817311463
16.571046641963523172
16.919264906109734881
17.26748317025594659
17.615701434402158299
17.963919698548377113
18.312137962694588822
18.660356226840800531
19.00857449098701224
19.356792755133223949
19.705011019279442763
20.053229283425654472
20.401447547571866181
20.74966581171807789
21.097884075864296705
21.446102340010508414
21.794320604156727228
22.142538868302931832
22.490757132449150646
22.838975396595355249
23.187193660741574064
23.535411924887792878
23.883630189033997482
24.231848453180216296
24.5800667173264209
24.928284981472639714
25.276503245618858529
25.624721509765063132
25.972939773911281947
26.32115803805748655
26.669376302203705364
27.017594566349924179
27.365812830496128782
27.714031094642347597
28.062249358788559306
28.410467622934771015
28.758685887080989829
29.106904151227194433
29.455122415373413247
29.803340679519632062
30.151558943665836665
30.49977720781205548
30.847995471958260083
31.196213736104478897
31.544432000250697712
31.892650264396902315
32.240868528543117577
32.589086792689329286
32.937305056835540995
33.285523320981766915
33.633741585127964413
33.981959849274190333
34.330178113420402042
34.678396377566613751
35.02661464171282546
35.374832905859037169
35.723051170005248878
36.071269434151474798
36.419487698297672296
36.767705962443898215
37.115924226590095714
37.464142490736321633
37.812360754882533342
38.160579019028745051
38.50879728317495676
38.857015547321168469
39.205233811467380178
39.553452075613606098
39.901670339759803596
40.249888603906029516
40.598106868052241225
40.946325132198452934
41.294543396344664643
41.642761660490876352
41.990979924637088061
42.33919818878329977
42.687416452929511479
43.035634717075737399
43.383852981221934897
43.732071245368160817
44.080289509514372526
44.428507773660584235
44.776726037806810155
45.124944301953007653
45.473162566099233572
45.821380830245445281
46.16959909439165699
46.517817358537868699
46.866035622684080408
47.214253886830292117
47.562472150976503826
47.910690415122715535
48.258908679268941455
48.607126943415138953
48.955345207561364873
49.303563471707576582
49.651781735853788291
50
-19.643652829242657987
-19.295434565096446278
-18.947216300950231016
-18.598998036804019307
-18.250779772657804045
-17.902561508511592336
-17.554343244365377075
-17.206124980219165366
-16.857906716072953657
-16.509688451926738395
-16.161470187780523133
-15.813251923634311424
-15.465033659488099715
-15.116815395341884454
-14.768597131195672745
-14.420378867049459259
-14.072160602903245774
-13.723942338757032289
-13.375724074610818803
-13.027505810464605318
-12.679287546318391833
-12.331069282172180124
-11.982851018025966638
-11.634632753879753153
-11.286414489733539668
-10.938196225587326182
-10.589977961441112697
-10.241759697294899212
-9.8935414331486875028
-9.5453231690024740175
-9.1971049048562605321
-8.8488866407100452705
-8.5006683765638335615
-8.1524501124176218525
-7.8042318482714065908
-7.4560135841251948818
-7.1077953199789796201
-6.7595770558327679112
-6.4113587916865526495
-6.0631405275403409405
-5.7149222633941256788
-5.3667039992479139698
-5.0184857351017022609
-4.6702674709554869992
-4.3220492068092752902
-3.9738309426630600285
-3.6256126785168483195
-3.2773944143706330578
-2.9291761502244213489
-2.5809578860782096399
-2.2327396219319943782
-1.8845213577857826692
-1.5363030936395674075
-1.1880848294933556986
-0.83986656534714043687
-0.49164830120092872789
-0.14343003705471701892
0.20478822709149824277
0.55300649123770995175
0.90122475538392521344
1.2494430195301369224
1.5976612836763486314
1.9458795478225674458
2.2940978119687791548
2.6423160761149908637
2.9905343402612025727
3.3387526044074142817
3.6869708685536330961
4.0351891326998448051
4.3834073968460565141
4.731625660992268223
5.0798439251384870374
5.4280621892846987464
5.7762804534309104554
6.1244987175771221644
6.4727169817233338733
6.8209352458695526877
7.1691535100157643967
7.5173717741619761057
7.8655900383081878147
8.2138083024544066291
8.562026566600618338
8.910244830746830047
9.258463094893041756
9.606681359039253465
9.9548996231854722794
10.303117887331683988
10.651336151477895697
10.999554415624107406
11.347772679770322668
11.69599094391653793
12.044209208062749639
12.392427472208961348
12.740645736355173057
13.088864000501391871
13.43708226464760358
13.785300528793815289
14.133518792940026998
14.481737057086238707
14.829955321232457521
15.17817358537866923
15.526391849524880939
15.874610113671092648
16.222828377817311463
16.571046641963523172
16.919264906109734881
17.26748317025594659
17.615701434402158299
17.963919698548377113
18.312137962694588822
18.660356226840800531
19.00857449098701224
19.356792755133223949
19.705011019279442763
20.053229283425654472
20.401447547571866181
20.74966581171807789
21.097884075864296705
21.446102340010508414
21.794320604156727228
22.142538868302931832
22.490757132449150646
22.838975396595355249
23.187193660741574064
23.535411924887792878
23.883630189033997482
24.231848453180216296
24.5800667173264209
24.928284981472639714
25.276503245618858529
25.624721509765063132
25.972939773911281947
26.32115803805748655
26.669376302203705364
27.017594566349924179
27.365812830496128782
27.714031094642347597
28.062249358788559306
28.410467622934771015
28.758685887080989829
29.106904151227194433
29.455122415373413247
29.803340679519632062
30.151558943665836665
30.49977720781205548
30.847995471958260083
31.196213736104478897
31.544432000250697712
31.892650264396902315
32.240868528543117577
32.589086792689329286
32.937305056835540995
33.285523320981766915
33.633741585127964413
33.981959849274190333
34.330178113420402042
34.678396377566613751
35.02661464171282546
35.374832905859037169
35.723051170005248878
36.071269434151474798
36.419487698297672296
36.767705962443898215
37.115924226590095714
37.464142490736321633
37.812360754882533342
38.160579019028745051
38.50879728317495676
38.857015547321168469
39.205233811467380178
39.553452075613606098
39.901670339759803596
40.249888603906029516
40.598106868052241225
40.946325132198452934
41.294543396344664643
41.642761660490876352
41.990979924637088061
42.33919818878329977
42.687416452929511479
43.035634717075737399
43.383852981221934897
43.732071245368160817
44.080289509514372526
44.428507773660584235
44.776726037806810155
45.124944301953007653
45.473162566099233572
45.821380830245445281
46.16959909439165699
46.517817358537868699
46.866035622684080408
47.214253886830292117
47.562472150976503826
47.910690415122715535
48.258908679268941455
48.607126943415138953
48.955345207561364873
49.303563471707576582
49.651781735853788291
50
-19.643652829242657987
-19.295434565096446278
-18.947216300950231016
-18.598998036804019307
-18.250779772657804045
-17.902561508511592336
-17.554343244365377075
-17.206124980219165366
-16.857906716072953657
-16.509688451926738395
-16.161470187780523133
-15.813251923634311424
-15.465033659488099715
-15.116815395341884454
-14.768597131195672745
-14.420378867049459259
-14.072160602903245774
-13.723942338757032289
-13.375724074610818803
-13.027505810464605318
-12.679287546318391833
-12.331069282172180124
-11.982851018025966638
-11.634632753879753153
-11.286414489733539668
-10.938196225587326182
-10.589977961441112697
-10.241759697294899212
-9.8935414331486875028
-9.5453231690024740175
-9.1971049048562605321
-8.8488866407100452705
-8.5006683765638335615
-8.1524501124176218525
-7.8042318482714065908
-7.4560135841251948818
-7.1077953199789796201
-6.7595770558327679112
-6.4113587916865526495
-6.0631405275403409405
-5.7149222633941256788
-5.3667039992479139698
-5.0184857351017022609
-4.6702674709554869992
-4.3220492068092752902
-3.9738309426630600285
-3.6256126785168483195
-3.2773944143706330578
-2.9291761502244213489
-2.5809578860782096399
-2.2327396219319943782
-1.8845213577857826692
-1.5363030936395674075
-1.1880848294933556986
-0.83986656534714043687
-0.49164830120092872789
-0.14343003705471701892
0.20478822709149824277
0.55300649123770995175
0.90122475538392521344
1.2494430195301369224
1.5976612836763486314
1.9458795478225674458
2.2940978119687791548
2.6423160761149908637
2.9905343402612025727
3.3387526044074142817
3.6869708685536330961
4.0351891326998448051
4.3834073968460565141
4.731625660992268223
5.0798439251384870374
5.4280621892846987464
5.7762804534309104554
6.1244987175771221644
6.4727169817233338733
6.8209352458695526877
7.1691535100157643967
7.5173717741619761057
7.8655900383081878147
8.2138083024544066291
8.562026566600618338
8.910244830746830047
9.258463094893041756
9.606681359039253465
9.9548996231854722794
10.303117887331683988
10.651336151477895697
10.999554415624107406
11.347772679770322668
11.69599094391653793
12.044209208062749639
12.392427472208961348
12.740645736355173057
13.088864000501391871
13.43708226464760358
13.785300528793815289
14.133518792940026998
14.481737057086238707
14.829955321232457521
15.17817358537866923
15.526391849524880939
15.874610113671092648
16.222828377817311463
16.571046641963523172
16.919264906109734881
17.26748317025594659
17.615701434402158299
17.963919698548377113
18.312137962694588822
18.660356226840800531
19.00857449098701224
19.356792755133223949
19.705011019279442763
20.053229283425654472
20.401447547571866181
20.74966581171807789
21.097884075864296705
21.446102340010508414
21.794320604156727228
22.142538868302931832
22.490757132449150646
22.838975396595355249
23.187193660741574064
23.535411924887792878
23.883630189033997482
24.231848453180216296
24.5800667173264209
24.928284981472639714
25.276503245618858529
25.624721509765063132
25.972939773911281947
26.32115803805748655
26.669376302203705364
27.017594566349924179
27.365812830496128782
27.714031094642347597
28.062249358788559306
28.410467622934771015
28.758685887080989829
29.106904151227194433
29.455122415373413247
29.803340679519632062
30.151558943665836665
30.49977720781205548
30.847995471958260083
31.196213736104478897
31.544432000250697712
31.892650264396902315
32.240868528543117577
32.589086792689329286
32.937305056835540995
33.285523320981766915
33.633741585127964413
33.981959849274190333
34.330178113420402042
34.678396377566613751
35.02661464171282546
35.374832905859037169
35.723051170005248878
36.071269434151474798
36.419487698297672296
36.767705962443898215
37.115924226590095714
37.464142490736321633
37.812360754882533342
38.160579019028745051
38.50879728317495676
38.857015547321168469
39.205233811467380178
39.553452075613606098
39.901670339759803596
40.249888603906029516
40.598106868052241225
40.946325132198452934
41.294543396344664643
41.642761660490876352
41.990979924637088061
42.33919818878329977
42.687416452929511479
43.035634717075737399
43.383852981221934897
43.732071245368160817
44.080289509514372526
44.428507773660584235
44.776726037806810155
45.124944301953007653
45.473162566099233572
45.821380830245445281
46.16959909439165699
46.517817358537868699
46.866035622684080408
47.214253886830292117
47.562472150976503826
47.910690415122715535
48.258908679268941455
48.607126943415138953
48.955345207561364873
49.303563471707576582
49.651781735853788291
50
-19.643652829242657987
-19.295434565096446278
-18.947216300950231016
-18.598998036804019307
-18.250779772657804045
-17.902561508511592336
-17.554343244365377075
-17.206124980219165366
-16.857906716072953657
-16.509688451926738395
-16.161470187780523133
-15.813251923634311424
-15.465033659488099715
-15.116815395341884454
-14.768597131195672745
-14.420378867049459259
-14.072160602903245774
-13.723942338757032289
-13.375724074610818803
-13.027505810464605318
-12.679287546318391833
-12.331069282172180124
-11.982851018025966638
-11.634632753879753153
-11.286414489733539668
-10.938196225587326182
-10.589977961441112697
-10.241759697294899212
-9.8935414331486875028
-9.5453231690024740175
-9.1971049048562605321
-8.8488866407100452705
-8.5006683765638335615
-8.1524501124176218525
-7.8042318482714065908
-7.4560135841251948818
-7.1077953199789796201
-6.7595770558327679112
-6.4113587916865526495
-6.0631405275403409405
-5.7149222633941256788
-5.3667039992479139698
-5.0184857351017022609
-4.6702674709554869992
-4.3220492068092752902
-3.9738309426630600285
-3.6256126785168483195
-3.2773944143706330578
-2.9291761502244213489
-2.5809578860782096399
-2.2327396219319943782
-1.8845213577857826692
-1.5363030936395674075
-1.1880848294933556986
-0.83986656534714043687
-0.49164830120092872789
-0.14343003705471701892
0.20478822709149824277
0.55300649123770995175
0.90122475538392521344
1.2494430195301369224
1.5976612836763486314
1.9458795478225674458
2.2940978119687791548
2.6423160761149908637
2.9905343402612025727
3.3387526044074142817
3.6869708685536330961
4.0351891326998448051
4.3834073968460565141
4.731625660992268223
5.0798439251384870374
5.4280621892846987464
5.7762804534309104554
6.1244987175771221644
6.4727169817233338733
6.8209352458695526877
7.1691535100157643967
7.5173717741619761057
7.8655900383081878147
8.2138083024544066291
8.562026566600618338
8.910244830746830047
9.258463094893041756
9.606681359039253465
9.9548996231854722794
10.303117887331683988
10.651336151477895697
10.999554415624107406
11.347772679770322668
11.69599094391653793
12.044209208062749639
12.392427472208961348
12.740645736355173057
13.088864000501391871
13.43708226464760358
13.785300528793815289
14.133518792940026998
14.481737057086238707
14.829955321232457521
15.17817358537866923
15.526391849524880939
15.874610113671092648
16.222828377817311463
16.571046641963523172
16.919264906109734881
17.26748317025594659
17.615701434402158299
17.963919698548377113
18.312137962694588822
18.660356226840800531
19.00857449098701224
19.356792755133223949
19.705011019279442763
20.053229283425654472
20.401447547571866181
20.74966581171807789
21.097884075864296705
21.446102340010508414
21.794320604156727228
22.142538868302931832
22.490757132449150646
22.838975396595355249
23.187193660741574064
23.535411924887792878
23.883630189033997482
24.231848453180216296
24.5800667173264209
24.928284981472639714
25.276503245618858529
25.624721509765063132
25.972939773911281947
26.32115803805748655
26.669376302203705364
27.017594566349924179
27.365812830496128782
27.714031094642347597
28.062249358788559306
28.410467622934771015
28.758685887080989829
29.106904151227194433
29.455122415373413247
29.803340679519632062
30.151558943665836665
30.49977720781205548
30.847995471958260083
31.196213736104478897
31.544432000250697712
31.892650264396902315
32.240868528543117577
32.589086792689329286
32.937305056835540995
33.285523320981766915
33.633741585127964413
33.981959849274190333
34.330178113420402042
34.678396377566613751
35.02661464171282546
35.374832905859037169
35.723051170005248878
36.071269434151474798
36.419487698297672296
36.767705962443898215
37.115924226590095714
37.464142490736321633
37.812360754882533342
38.160579019028745051
38.50879728317495676
38.857015547321168469
39.205233811467380178
39.553452075613606098
39.901670339759803596
40.249888603906029516
40.598106868052241225
40.946325132198452934
41.294543396344664643
41.642761660490876352
41.990979924637088061
42.33919818878329977
42.687416452929511479
43.035634717075737399
43.383852981221934897
43.732071245368160817
44.080289509514372526
44.428507773660584235
44.776726037806810155
45.124944301953007653
45.473162566099233572
45.821380830245445281
46.16959909439165699
46.517817358537868699
46.866035622684080408
47.214253886830292117
47.562472150976503826
47.910690415122715535
48.258908679268941455
48.607126943415138953
48.955345207561364873
49.303563471707576582
49.651781735853788291
50
-19.643652829242657987
-19.295434565096446278
-18.947216300950231016
-18.598998036804019307
-18.250779772657804045
-17.902561508511592336
-17.554343244365377075
-17.206124980219165366
-16.857906716072953657
-16.509688451926738395
-16.161470187780523133
-15.813251923634311424
-15.465033659488099715
-15.116815395341884454
-14.768597131195672745
-14.420378867049459259
-14.072160602903245774
-13.723942338757032289
-13.375724074610818803
-13.027505810464605318
-12.679287546318391833
-12.331069282172180124
-11.982851018025966638
-11.634632753879753153
-11.286414489733539668
-10.938196225587326182
-10.589977961441112697
-10.241759697294899212
-9.8935414331486875028
-9.5453231690024740175
-9.1971049048562605321
-8.8488866407100452705
-8.5006683765638335615
-8.1524501124176218525
-7.8042318482714065908
-7.4560135841251948818
-7.1077953199789796201
-6.7595770558327679112
-6.4113587916865526495
-6.0631405275403409405
-5.7149222633941256788
-5.3667039992479139698
-5.0184857351017022609
-4.6702674709554869992
-4.3220492068092752902
-3.9738309426630600285
-3.6256126785168483195
-3.2773944143706330578
-2.9291761502244213489
-2.5809578860782096399
-2.2327396219319943782
-1.8845213577857826692
-1.5363030936395674075
-1.1880848294933556986
-0.83986656534714043687
-0.49164830120092872789
-0.14343003705471701892
0.20478822709149824277
0.55300649123770995175
0.90122475538392521344
1.2494430195301369224
1.5976612836763486314
1.9458795478225674458
2.2940978119687791548
2.6423160761149908637
2.9905343402612025727
3.3387526044074142817
3.6869708685536330961
4.0351891326998448051
4.3834073968460565141
4.731625660992268223
5.0798439251384870374
5.4280621892846987464
5.7762804534309104554
6.1244987175771221644
6.4727169817233338733
6.8209352458695526877
7.1691535100157643967
7.5173717741619761057
7.8655900383081878147
8.2138083024544066291
8.562026566600618338
8.910244830746830047
9.258463094893041756
9.606681359039253465
9.9548996231854722794
10.303117887331683988
10.651336151477895697
10.999554415624107406
11.347772679770322668
11.69599094391653793
12.044209208062749639
12.392427472208961348
12.740645736355173057
13.088864000501391871
13.43708226464760358
13.785300528793815289
14.133518792940026998
14.481737057086238707
14.829955321232457521
15.17817358537866923
15.526391849524880939
15.874610113671092648
16.222828377817311463
16.571046641963523172
16.919264906109734881
17.26748317025594659
17.615701434402158299
17.963919698548377113
18.312137962694588822
18.660356226840800531
19.00857449098701224
19.356792755133223949
19.705011019279442763
20.053229283425654472
20.401447547571866181
20.74966581171807789
21.097884075864296705
21.446102340010508414
21.794320604156727228
22.142538868302931832
22.490757132449150646
22.838975396595355249
23.187193660741574064
23.535411924887792878
23.883630189033997482
24.231848453180216296
24.5800667173264209
24.928284981472639714
25.276503245618858529
25.624721509765063132
25.972939773911281947
26.32115803805748655
26.669376302203705364
27.017594566349924179
27.365812830496128782
27.714031094642347597
28.062249358788559306
28.410467622934771015
28.758685887080989829
29.106904151227194433
29.455122415373413247
29.803340679519632062
30.151558943665836665
30.49977720781205548
30.847995471958260083
31.196213736104478897
31.544432000250697712
31.892650264396902315
32.240868528543117577
32.589086792689329286
32.937305056835540995
33.285523320981766915
33.633741585127964413
33.981959849274190333
34.330178113420402042
34.678396377566613751
35.02661464171282546
35.374832905859037169
35.723051170005248878
36.071269434151474798
36.419487698297672296
36.767705962443898215
37.115924226590095714
37.464142490736321633
37.812360754882533342
38.160579019028745051
38.50879728317495676
38.857015547321168469
39.205233811467380178
39.553452075613606098
39.901670339759803596
40.249888603906029516
40.598106868052241225
40.946325132198452934
41.294543396344664643
41.642761660490876352
41.990979924637088061
42.33919818878329977
42.687416452929511479
43.035634717075737399
43.383852981221934897
43.732071245368160817
44.080289509514372526
44.428507773660584235
44.776726037806810155
45.124944301953007653
45.473162566099233572
45.821380830245445281
46.16959909439165699
46.517817358537868699
46.866035622684080408
47.214253886830292117
47.562472150976503826
47.910690415122715535
48.258908679268941455
48.607126943415138953
48.955345207561364873
49.303563471707576582
49.651781735853788291
50
-19.643652829242657987
-19.295434565096446278
-18.947216300950231016
-18.598998036804019307
-18.250779772657804045
-17.902561508511592336
-17.554343244365377075
-17.206124980219165366
-16.857906716072953657
-16.509688451926738395
-16.161470187780523133
-15.813251923634311424
-15.465033659488099715
-15.116815395341884454
-14.768597131195672745
-14.420378867049459259
-14.072160602903245774
-13.723942338757032289
-13.375724074610818803
-13.027505810464605318
-12.679287546318391833
-12.331069282172180124
-11.982851018025966638
-11.634632753879753153
-11.286414489733539668
-10.938196225587326182
-10.589977961441112697
-10.241759697294899212
-9.8935414331486875028
-9.5453231690024740175
-9.1971049048562605321
-8.8488866407100452705
-8.5006683765638335615
-8.1524501124176218525
-7.8042318482714065908
-7.4560135841251948818
-7.1077953199789796201
-6.7595770558327679112
-6.4113587916865526495
-6.0631405275403409405
-5.7149222633941256788
-5.3667039992479139698
-5.0184857351017022609
-4.6702674709554869992
-4.3220492068092752902
-3.9738309426630600285
-3.6256126785168483195
-3.2773944143706330578
-2.9291761502244213489
-2.5809578860782096399
-2.2327396219319943782
-1.8845213577857826692
-1.5363030936395674075
-1.1880848294933556986
-0.83986656534714043687
-0.49164830120092872789
-0.14343003705471701892
0.20478822709149824277
0.55300649123770995175
0.90122475538392521344
1.2494430195301369224
1.5976612836763486314
1.9458795478225674458
2.2940978119687791548
2.6423160761149908637
2.9905343402612025727
3.3387526044074142817
3.6869708685536330961
4.0351891326998448051
4.3834073968460565141
4.731625660992268223
5.0798439251384870374
5.4280621892846987464
5.7762804534309104554
6.1244987175771221644
6.4727169817233338733
6.8209352458695526877
7.1691535100157643967
7.5173717741619761057
7.8655900383081878147
8.2138083024544066291
8.562026566600618338
8.910244830746830047
9.258463094893041756
9.606681359039253465
9.9548996231854722794
10.303117887331683988
10.651336151477895697
10.999554415624107406
11.347772679770322668
11.69599094391653793
12.044209208062749639
12.392427472208961348
12.740645736355173057
13.088864000501391871
13.43708226464760358
13.785300528793815289
14.133518792940026998
14.481737057086238707
14.829955321232457521
15.17817358537866923
15.526391849524880939
15.874610113671092648
16.222828377817311463
16.571046641963523172
16.919264906109734881
17.26748317025594659
17.615701434402158299
17.963919698548377113
18.312137962694588822
18.660356226840800531
19.00857449098701224
19.356792755133223949
19.705011019279442763
20.053229283425654472
20.401447547571866181
20.74966581171807789
21.097884075864296705
21.446102340010508414
21.794320604156727228
22.142538868302931832
22.490757132449150646
22.838975396595355249
23.187193660741574064
23.535411924887792878
23.883630189033997482
24.231848453180216296
24.5800667173264209
24.928284981472639714
25.276503245618858529
25.624721509765063132
25.972939773911281947
26.32115803805748655
26.669376302203705364
27.017594566349924179
27.365812830496128782
27.714031094642347597
28.062249358788559306
28.410467622934771015
28.758685887080989829
29.106904151227194433
29.455122415373413247
29.803340679519632062
30.151558943665836665
30.49977720781205548
30.847995471958260083
31.196213736104478897
31.544432000250697712
31.892650264396902315
32.240868528543117577
32.589086792689329286
32.937305056835540995
33.285523320981766915
33.633741585127964413
33.981959849274190333
34.330178113420402042
34.678396377566613751
35.02661464171282546
35.374832905859037169
35.723051170005248878
36.071269434151474798
36.419487698297672296
36.767705962443898215
37.115924226590095714
37.464142490736321633
37.812360754882533342
38.160579019028745051
38.50879728317495676
38.857015547321168469
39.205233811467380178
39.553452075613606098
39.901670339759803596
40.249888603906029516
40.598106868052241225
40.946325132198452934
41.294543396344664643
41.642761660490876352
41.990979924637088061
42.33919818878329977
42.687416452929511479
43.035634717075737399
43.383852981221934897
43.732071245368160817
44.080289509514372526
44.428507773660584235
44.776726037806810155
45.124944301953007653
45.473162566099233572
45.821380830245445281
46.16959909439165699
