33.24005917591605197 8.0451748668269829068
33.979672407947020929 9.4150473267293897095
33.693637370564680111 10.906312754205401916
34.180854199838201168 12.377891677167388806
34.607361146031294652 13.759833680086142493
34.014040396683355993 15.177255064289614239
33.307151729701594434 16.703395015433358139
32.285772296824561067 17.971745447249993788
31.175086717478205145 19.154316060599011706
30.596958644430387153 20.519670116747384725
29.273353350793051675 20.519935131851440246
27.629319836525969123 19.986030307305149734
25.945128210909011557 19.625583318621526274
24.526289838699053547 19.91400566236752212
23.837209267728464823 21.301178562120085758
22.781246631487345411 22.584948579405235591
21.97258575377873413 24.075300370728786703
21.270608081149276813 25.669219371259508478
20.234010439621073374 26.882430474535624398
18.885640392637380813 27.15211267070746004
17.43305031369547109 27.140835716676765088
16.225679075656831429 27.408686631576678394
15.143633132809174668 27.411119398802004099
14.087590448846670554 26.932285851762237883
13.731535226355319423 25.381096454168311283
13.847619711599870485 23.687503924054283289
13.976223052731359786 21.990135553305261595
14.104826393862847311 20.292767182556218586
14.233429734994336613 18.595398811807196893
14.362033076125825914 16.898030441058160989
14.490636417257315216 15.200662070309135743
14.619239758388806294 13.503293699560098062
14.568468379186498396 12.040080412080317984
13.535724010715727061 11.925869415520200079
12.948997035380063636 11.724829147800672757
12.480639122521303364 10.812015534557247065
11.077479825713508532 10.696987175683629445
9.5136022898106649137 11.124876799481437928
7.9051068181000161417 11.700979966447007996
6.2998338622580076773 12.283162247274459489
4.6947150323244262182 12.865635278864523627
3.0895962023908416505 13.448108310454591319
1.484477372457258193 14.030581342044662563
-0.12064145747632526451 14.613054373634728478
-1.6782760592459085025 15.081412328063429129
-2.6974729736005622627 14.341146148893173518
-2.6507783042902097748 12.824051635016131101
-2.035058174655663521 11.370789701647922243
-2.6365085412540514298 10.00902909743199487
-3.6409120412665951783 8.5826799718381074911
-4.357453387579369064 7.0802384954523978067
-4.2849445256874290067 5.6828340257234470911
-4.0990553442473469659 4.195273739524730594
-3.7764506976436322816 2.620103054232549411
-3.3393737887910752704 1.1089838018294413402
-2.81432409269325845 -0.29302903230351251551
-2.2136670461525334019 -1.596996622566896562
-1.592294216194066081 -2.7344833133661694546
-0.84095768919064894931 -3.913557243149513809
0.075799260544695101771 -5.1431728051957641412
0.77644418188679864556 -5.9649331527025246658
1.9026464032977490337 -5.4487559885682443905
3.3519485825970991577 -4.5279390057926267588
4.8012507618964486156 -3.6071220230170104593
6.2552070600230420538 -2.693093303974487096
7.7852370458895263639 -1.8900218412238156684
9.41133600732997877 -1.3762735953311917569
11.112654172616274195 -1.2363584680004267025
12.584703852713309047 -0.68629560728807892378
13.128338966153766165 -1.3547139491603583661
13.115991436969478556 -3.0493027153614362668
13.124666149260225012 -4.7656890087021848146
13.227680142180741285 -6.467174936841249
13.349080695957720621 -8.1657568098535886492
13.470481249734707063 -9.8643386828659220811
13.732251421070262865 -11.479386875481070618
14.849326720918716305 -12.547540383552476584
16.344839836753333628 -12.570293245396705117
17.871478607502911728 -12.15491664025874563
19.322403819440250317 -12.240747202197564292
19.975487252987289111 -11.580275831961317934
20.053800622044800406 -9.8891128002796193641
20.122401144962637431 -8.182990860446686554
20.291370746457854324 -6.482374930814104097
20.857829044564457632 -4.872006626920413197
21.719556178882712061 -3.657067935884080967
21.446172123298648415 -2.2020693146539649376
20.779725133220036781 -0.60999973773985372016
20.137126219232719393 0.9905553880332143013
19.834070380280156343 2.6753540794219645704
19.307812511520243248 4.1742577034008201409
18.287800240897936987 5.3515892626161223333
18.747458749142282386 5.4149136808853803871
20.019062940707215148 4.8583464443434687396
19.578183425853243449 5.3500604934476774233
19.303919019559312886 5.9534461891424195201
20.066457068881138781 6.2645331548236580232
20.861233518881054039 6.902615163048216651
22.525147111967676494 7.0242340922138817305
24.227146604506224037 7.0897405048030730512
