79.502208538151208472 10.994266174398910962
79.159259854153376068 12.480010258028499948
77.91287802259306261 13.566818865668672345
76.766300105258736153 14.828273100010148866
75.550306680193472175 16.013887746325924155
74.422700275227029465 17.146203853220669089
74.127030210967291168 18.80284928860117688
74.093827025811251019 20.564633068818608308
74.358055719444308806 22.279330770964620001
74.262855844542372097 23.78483512117244203
73.224452347433697241 24.826466372117259596
72.30306427251773016 25.537022677590144326
70.737634529975508713 25.405415121607838103
69.653081748917529126 26.414818867856276086
68.327402159165004036 27.331507187509149759
66.650272395911073886 27.848754554986022924
65.190302526322028598 28.697762159859024678
64.03086826974241319 29.695572635876491319
62.657526229949219498 29.906701754766544354
61.233322407382850372 30.007236143722956001
60.043877644145680961 30.189856720526361045
58.964599462428409993 30.18527185534313162
57.843484364054063462 29.570120446230436784
56.738826762845924634 28.231126548336295201
55.477466939369371346 27.618757858372251945
53.940891437991183466 28.125086988449442771
52.277145273775978751 28.122372328596053848
50.621368303053962734 28.071786695820389212
49.704366321764780423 27.581535102349320709
49.914889846720363664 26.684812209337337663
50.66229316795737958 25.151774792753620602
51.409696489194395497 23.618737376169896436
52.157099810431411413 22.085699959586182928
52.904503131668427329 20.552662543002465867
53.651906452905443246 19.019625126418745253
54.315221239601314096 17.477726926736988133
54.005497116216247377 16.124902347928117052
52.918969194802230049 15.24248182936404028
51.475866468849268642 15.231363027290880652
50.908191131410269747 14.799760255217094596
50.805177521725639167 14.050775278601081553
49.318754164225516945 14.312465623595420183
47.662251600250939987 14.698207815422723144
46.005749036276370134 15.083950007250026104
44.349246472301800281 15.469692199077325512
42.692743908327230429 15.855434390904633801
41.349351685544576185 16.012068693618203952
41.605023769159757308 14.993726434634043088
41.830182052295974415 13.578181746447677725
40.870231644939096327 12.219985931750315444
39.961551758734522366 10.730379448089237826
39.61563801533694118 9.1663971946159001902
39.758298243067947908 7.5995335878898906401
39.997729278900543193 6.1731478139701652097
41.154132031862616259 5.6427614715923439803
42.843534718993240062 5.403206738305449619
44.544713870330632233 5.1537338038142186392
46.238229634181095662 4.8604240585863500712
46.999477096528224251 3.9825107646902146996
47.235516266586927259 3.1092864111275217986
48.637961403117884629 3.6091233440263321697
50.213141002305661686 4.3054720269097330743
51.788320601493438744 5.001820709793134867
53.276983063603402968 5.4079310888271958646
54.696577428619747252 5.03425951710987718
56.186619992522935263 4.4361111818841738597
57.466237631535882713 4.4298426817022331647
57.591561370013003796 3.362663888946580304
57.298076581342463953 1.679703915318596863
57.003346317589688397 -0.0051729400838742356852
56.708616053836934157 -1.6900497954863453742
56.4138857900841586 -3.3749266508888164928
56.119155526331397255 -5.0598035062912876114
55.824425262578607487 -6.7446803616937573977
55.529694998825853247 -8.4295572170962280723
55.411151648131600211 -9.36371013560745169
55.880396308456376175 -9.4580906189632649728
56.945132093109876337 -9.6294299938866920741
58.359406354868440303 -9.5900549309340785697
59.852271277778754666 -9.803242951263353433
61.364921268679353261 -9.4200873403445353205
62.922710344717302178 -9.5252043081825235049
64.388400319422132156 -9.2206212713730160146
65.960534186740076734 -8.7506417250289665333
67.550563056725636102 -8.1520768473778382202
69.073910657997771523 -7.4129168983733393361
70.462646254238990196 -6.5909046930811427956
71.728370060455702628 -5.6996200800927692143
72.967187655487606435 -4.6720044011908967718
74.090135693404377548 -3.5789327958180230382
74.848263678323036174 -2.7340113012721332097
74.42501843581896992 -1.1735172924621233292
75.062964232889569871 -0.40006115098878941572
76.608110338308563314 -0.31000193914229967618
77.055706216279588716 0.45233365375739609249
77.018257889488964452 1.6308437947444018867
77.176876398985939431 2.9340425033896502249
78.315137172316084957 3.9658667681111410275
78.303462866698325229 5.4710991400520017081
77.951701620069670184 7.1715834690094881765
