19.434498041056304629 1.2049092118996633793
18.78626393720777088 2.642116302360545177
17.89596270136189915 3.8317076348434273569
18.303186307362341978 5.0201075218233777164
19.334238864088955978 6.2296265976216940174
19.223025513386680529 7.418669563244797871
18.532635094125225805 8.7954970711351467827
17.893884631316900879 10.232361753180802211
16.726858490849799921 11.250116670698242061
15.230105085100785089 11.522979681846653222
13.650485265351623099 11.189992125264142331
12.063561329785317255 10.918476426015541136
10.466878924725877553 11.060506355846259297
8.8965978098378322159 11.108140228465371635
7.9334234305669264486 11.837593153577996574
7.1200368853804683056 12.91371952497501141
6.2340845170740770698 13.78173850372265008
6.1973253324021362332 15.314958781961118817
6.2616310622337136849 16.930045530621281813
6.1224107778416154702 18.491545226777898137
5.3245007266161987758 19.848069460469492498
4.0879896619247997336 20.141437631083860538
2.6960080911752388744 20.052092279053137958
1.4960984824611447408 20.445292441238269276
0.44488107606085258716 20.471705648034539848
-0.58638709574043601513 20.44389108843765257
-1.6335023268429089693 19.412375076191512591
-2.6854597787946046239 18.201103209765697954
-3.9432922306044981831 17.960268495633780361
-5.4167682628258138067 18.45204150048694558
-6.9939639606705785724 18.382303696299096885
-8.5375065281840214482 18.329365408343544885
-9.6289771716902521348 17.735701411699068331
-10.650927900262379566 16.986285549661253924
-11.573114575246739477 15.72784624231028161
-12.933015251505018739 14.860189544571886344
-14.226396671052572884 14.038812270084884304
-14.801775652408247552 12.714344514000462283
-15.455280940283017799 11.388496769568572375
-16.398757641791501527 10.404238163515209692
-15.96530448975711991 9.1653976908674454904
-15.109578423057268282 7.8235365896224493554
-14.69555388910413285 6.3590539401151087162
-14.23137681638732488 4.9511815672900683083
-13.292492985628504343 3.7560186953189478309
-13.448086458221345296 2.5526789097360653713
-14.411749319325384278 1.2700578078728337328
-15.372393653163534566 -0.025751461133344734356
-16.465063009001031702 -1.2120453383890203991
-17.757141210674905807 -2.1839611680863555421
-19.108937919288774054 -3.090337705253934697
-19.051098317669790561 -3.8864051615657020378
-18.714449842725567663 -5.1871025806660977508
-18.261129317321305621 -6.5431670276777511575
-17.723342028553869199 -7.8387745781698576764
-17.153645911176905514 -8.9869891585361170172
-16.540992453120917816 -10.048932224854326023
-15.782244052448682226 -11.186751865645392812
-14.888213363786936938 -12.341462263356184792
-13.913751028162181456 -13.426364186090884445
-12.79998681802356586 -14.493329047173075352
-11.566542551809305905 -15.502092444624848255
-10.255296749257142963 -16.410358735986527279
-8.9259695136047163544 -17.184661285505463013
-7.4798759200626356858 -17.544210857030350326
-5.9552798213344662059 -17.235465681772122792
-4.9776391065796952162 -17.821001294464636544
-4.3982021141815836884 -18.927177445642829667
-3.6226672130608177369 -19.10541069041115847
-2.6881173563614653155 -19.277636466555389205
-1.4873680589425672949 -19.142453818498637474
-0.10234447788838008098 -19.520138227055035429
1.3068923330374835334 -19.494260200743561029
2.7456718190345732467 -19.09615052853285988
4.1856477935242608623 -19.179776642470905301
5.5824471770311996366 -18.863364217609245088
7.0712586162969195414 -18.381481163833850445
8.5669133207213423731 -17.81522669751725374
9.996317362505010351 -17.11284225653394131
11.298197853320759876 -16.342358786413331728
12.148391236295148943 -15.763285203110527277
12.11383753950432407 -15.275096845436792137
11.282039583045772702 -13.898929134264886187
10.450241626587221333 -12.522761423092982014
9.6184436701286735172 -11.146593711921076064
8.7866457136701257014 -9.7704260007491701145
7.9548477572115778855 -8.3942582895772659413
7.1887283698810433563 -6.990436852280812019
6.717526114795366432 -5.4706852759411885856
5.8981709374037407656 -4.1345217363914921194
5.0238848863136045253 -3.0042139373394927127
5.5501358950097907652 -2.86602758259344359
6.8391389728226599232 -3.2869130875852330398
6.5896696560134637721 -2.7662959651048004694
6.0619959954161286575 -1.939554479629372441
7.0451627436397075144 -1.6484514446968090429
7.8216238330177567661 -1.0969538924253789958
9.2690777584076258222 -1.0475594643398649097
10.874967681031296962 -1.1146505196742613197
12.480857603654968102 -1.1817415750086577297
