96.770335748107157769 4.8907308578491210938
96.940936855309843168 6.9953620618756797711
94.649177594594121388 8.6598818040551144293
96.37595531069507615 11.213420356931429467
94.991884250581165361 12.938318357133091752
94.378999231697164873 14.972586717124402256
92.427225127213603173 16.15978120741920776
92.001509165260955569 18.473143308057359491
91.005576614411964442 20.537992160306011158
88.678421166483985871 21.079336086331963429
87.50400136986681332 23.22844430716020625
84.82903231327530591 22.662076075162563171
80.125320132355710712 14.765804144296827971
79.211963840244209223 15.689009302190077833
77.899453967885818884 14.240825031638523868
76.916717529296875 16.50023981494585712
75.88885541158418846 14.670167870118060449
74.817479951314155073 14.766858299274451483
71.010999698501677813 23.066648803408678958
69.001530989457322107 22.668526142706785009
66.40710572474232265 23.093912395016992889
65.53070208456922785 20.562235192660530458
63.857014823454846919 19.394994211389210648
61.801455739603653683 18.500571781733349042
60.834512717579222851 16.575132783584091811
57.769886776689432395 15.945159401898717277
58.984737402127919381 12.874562539466378297
58.168907666452824401 10.982263418487711704
59.604918044139608924 8.5704676326526296748
58.079825206174469088 6.8705677700821983223
56.978244914372027097 4.8907308578491210938
56.006960476074212352 2.6930268498050304871
56.091704102289220657 0.46423753968228620437
57.015545172132327423 -1.5755506391520359699
58.868051508046868037 -3.1450527293220922331
58.283654364076816989 -5.8670733007763189448
60.576595400936774638 -6.9810589059677088386
61.304085052605209682 -9.1669435790933810893
63.24001713284291526 -10.298776598588014863
64.903005414447704879 -11.644722769640051041
66.593846150455576094 -12.989005791043624072
68.834105254745992397 -13.263106788341005426
71.257372919306035897 -12.526929680858685856
72.389142972401955944 -16.409833644944338715
74.896379841955578627 -14.331511854307940723
76.916717529296875 -14.770831483876886381
78.929265824636146931 -14.257443209010940421
81.213938689803129023 -15.326106073690542786
83.065018399653737902 -14.03178134624351614
85.112213344251685498 -13.516647276961524682
87.228742287741155792 -12.970218894538589893
89.576003740686644505 -12.533290456853414696
91.08266242340602048 -10.842141888806688499
92.580904173601609841 -9.2133703901381629464
91.438513466599886215 -5.6599779794058306948
95.252170267565688278 -5.6952501701501674347
93.858652075203437448 -2.6523088699546999436
96.067570438603553384 -1.331757124104322898
95.388523727905905503 0.96442731252500824013
95.10191084804357331 2.9793889447578170149
