43.985347344786838164 12.541906356811523438
44.15595989739602345 14.646537071492437221
41.864185420586267128 16.311059003316771054
43.590963094937954736 18.86459489526252753
42.206907271486706179 20.589494854389421619
41.594014654783691753 22.623762195805227293
39.642247995801156435 23.81095789704671617
39.216528462164440327 26.124317774681571791
38.220580389902686136 28.189168785635196457
35.893436580005477765 28.730510630061953492
28.463883676702913306 20.045428731692691571
26.713536559196342068 18.340741268492671168
25.858505736279674636 17.85636923530087472
25.64024324152771328 19.638937686936166926
24.771984151207924185 18.633550955157563322
24.131727218627929688 21.197843994328181338
23.368000101215734787 19.808301834922236395
20.505566701747536484 29.601658867948017928
18.226011206066658588 30.717825227090258977
16.216540688352189648 30.319700692252951058
13.622116383153395347 30.745086949199563975
12.745716458386661785 28.213409677002452725
11.07203579293281237 27.046170516409297591
9.0164663818070742707 26.151746326130776765
8.0495252591873018844 24.226309224183079749
4.9848969554274198401 23.596334922632600239
6.1997485110070158498 20.525738967478837083
14.231389545020027398 15.758721200059486733
16.485564669664384496 14.167149804322335171
15.250303080606846251 13.475380938500808981
13.899524821598591373 12.541906356811523438
11.514156887150388542 11.215747570854315285
3.2440430777822086839 8.1020924426812754859
4.2305567739969056618 6.0756250822714878979
6.0830626250107791009 4.5061227761058013641
5.4986645471022121967 1.7841019305700100972
7.7916079613315538666 0.6701165195701044297
8.5190957096740866916 -1.5157677977268662062
11.4484561998881329 -1.5443033252453730597
12.972824954424549304 -2.8170107757161204631
19.960654166894187256 5.3173939856867358245
21.549906481126054558 6.74304250927602844
22.799102921552098167 8.4405054876980134537
22.563491227227522984 5.1639079849857649762
23.596870106836959735 7.453022195370689218
24.131727218627929688 6.2280193385718431998
24.713086965504281522 7.0106184325367699728
25.680159329116978739 5.2570938581872157513
27.296580047953341364 2.8015013588274122469
28.291502244928675935 3.1989088840220567533
29.542121545540442895 3.1708278506532625585
31.411740845024951341 2.5218201459931322006
35.714864385018785242 -0.32247389515537250304
34.019449703345799207 3.6389658759075658168
31.04504215144850221 7.5190907812628635654
33.916999563713972066 6.8923763598066560832
32.009668171207820819 9.0344212018931671082
34.228958837698371553 9.261118123908946842
34.488522180787505533 10.340502659206716629
42.316933869933976098 10.630564979334433673
