47.898089959532931914 14.554667472839355469
47.34784298213832443 15.345262794856619593
44.921550764770181274 15.637793890996562141
46.909822219625489481 16.856391313864289572
46.127111456679472212 17.360176184865583338
46.466290985813934356 18.388530753179285426
45.974397319745918367 19.021851778076236172
54.910639326855999798 28.137077943332005958
53.914699131505834373 30.201926822879812562
51.587547449497535013 30.743272700395660735
50.413123836907836051 32.892380922150437073
47.738154780316321535 32.326012690152793994
43.160975972078155394 24.819166081062387974
42.289958895313169762 26.147450134953679424
40.920042237045699096 24.965341863651765664
39.825839996337890625 27.546663726994196963
38.561722221733624849 26.581924384450168475
36.199677731165728289 31.614422878807367567
33.920122140634184404 32.730587317654283197
31.910651592111022978 32.332462776824634432
29.316228191783338275 32.757849010007227264
28.439828287790106742 30.22617175060453576
26.76613731338144575 29.05892893963709156
30.376300069342939025 23.063067933037689983
30.468744274568635433 21.352995318106927414
27.943861713059217067 21.41473042113177172
29.146945964950532471 19.309216788094506256
26.979094063585094432 18.728826410179358675
22.514040533498540952 18.23440339896608009
20.988945764345100287 16.534504847431094277
19.887367381413046274 14.554667472839355469
18.488346653765955097 12.312007562545145944
18.93815872488988461 10.114853519308947938
19.924667629447764483 8.0883867210261968239
22.774682990713905895 6.9630061710564810085
23.945050294731689888 5.3858918388748637796
26.263364860385493671 4.7009603635561472146
26.179514150163910813 2.2674651476751197521
35.619743462413360646 9.883328538144091624
36.46686727008162876 9.9314386086142043553
37.004509808233656543 9.6679794612306544366
37.895598277754871219 10.219285476857823625
38.845733786842018276 11.538219290173799436
38.421545042478562948 7.9479782761550348269
39.34036520575654805 9.9357076493723628374
39.825839996337890625 8.2863937434790706504
40.545537553676517462 7.7072102573578984419
42.086504680972176118 3.9190573177059366827
42.841961617393160111 5.2720020740631561296
43.925750994087394474 5.3461295025569111061
45.366800136054635573 4.9574492806790928512
47.90845121488545999 3.4299099422061924969
50.677041937602268717 2.5031915292458464251
51.577600850741170291 3.9733373341489084396
50.512190198935385865 6.7905792742300370435
58.161296605187530417 3.9686865416332182122
56.767785848627717371 7.0116274357372034842
58.976689089896623841 8.3321802029080185292
58.297642392827569324 10.628363688666453868
58.011044742081949721 12.643326112361066293
