18.861234261901095977 3.6562719345092773438
19.883029751151472198 5.3107369099264349899
21.874313386244679691 7.4254229351577176743
23.601081575402929502 9.9789595316954837756
22.217023856670042647 11.703859460366187406
21.604140774530073088 13.738127763362196987
19.652366529723710897 14.92532245304180627
12.187582551613282078 10.900678272800368163
10.847669723784207463 11.103844648179000743
9.118406443357084612 10.505914606894709351
8.881424850693441897 11.865451908247724333
7.3525894160349842821 10.867704507360542721
6.5793664794664987738 11.158184826961845104
6.4488185110304030445 14.509687034464334943
6.1670626694753156727 22.92485841929602941
4.1418504714965820313 25.142235244938529348
2.1379419553875504967 22.722169815400160786
0.51568947760734840102 20.716023512126746198
-1.7638655535189400325 21.832191754415699592
-3.7733323204407263063 21.434065282279242126
-6.3677608379956733842 21.859453482199437957
-7.2441612085280890909 19.327774325649080822
-8.9178465885505708854 18.160535219392620832
-10.973406529678738863 17.266110973419625196
-11.940352436869311248 15.340673854743025473
-15.004980281110857021 14.710700478558873527
-13.790128704924736525 11.640103609553118957
-14.605953669098251879 9.7478025884249692723
-12.748849337598016973 7.2465007151586000589
-13.946454244184121052 5.5574292766053501325
-14.938472614924844351 3.6562719345092773438
-16.447053347162995607 1.492290792306081304
-16.324731137017149507 -0.69403452934686349352
-15.759316135099943779 -2.8100098886925310993
-13.906814600153353467 -4.3795121203481901517
-14.491212678076585973 -7.1015327280545257338
-12.198269743007632115 -8.2155178382640254853
-11.470777129128686411 -10.401402622040441415
-9.5348441334688356363 -11.533235584454308409
-7.8718577738585135961 -12.879181732792112314
-6.1810204189607755865 -14.223464721050007142
-3.9407580087558606863 -14.497565702598706139
-1.5174923765799697151 -13.76138855694402352
-0.38572263638678894182 -17.644292592408277187
2.1154448980771110023 -15.623670945868024518
4.1418504714965820313 -16.813588518178644193
6.1715446370047502 -15.654957577536094959
6.1914091240261264204 -5.9861411993421302924
6.3269269693842389302 -3.0687066495775452424
6.892601236552538424 -2.5220114503916661874
7.6325424472463758718 -2.3897797178861868161
8.7472684482851015275 -2.6825446167131925534
9.2250387341829789278 -1.9891871969626091499
9.988589333305501583 -1.6081587291932759598
8.6600319982368958449 0.37361879544676712683
21.287467676555053231 -6.2427564762368685791
19.795617906585235346 -3.3132349844403066186
23.292696700257756959 -2.5662163007134246584
18.824743891895707293 0.53532698379489174201
17.313575034704498989 2.2718680961280872665
