64.847804620177470269 11.429989814758300781
65.018420987343731099 13.534620530772940583
62.726646463946423182 15.199139820077240515
64.453424187286302072 17.75267739257799704
50.329530738568280412 13.805438138143685478
49.544473211154112846 14.05709458749824492
48.094240325535992042 13.682310640672310953
48.527025805935409153 14.610966267797873996
48.614535626086514242 15.450792163277501601
47.561782975894161041 14.963986321822618564
47.82041923641607184 16.325160134715851257
46.687187029366825186 15.232530485988650781
46.263408751111256834 15.336251938539398054
46.444492215737049889 18.253136336685422236
47.019395950949942176 30.698578184545702641
44.994190216064453125 28.476412262150443411
43.568866816689848065 24.991065889975466519
42.538399059598852148 22.98360145935799892
40.602132832797110495 24.947342244477685114
37.078999966577882219 29.207783239038736411
34.484578411509900775 29.633171351926172576
33.608178507516669242 27.101494092523481072
31.934496942766109839 25.934251167128110183
29.878926488418422025 25.039828797304501506
30.625423448440553642 21.869503448642774401
27.865502156537207412 21.319242908556905292
28.246271138446214621 18.8866436837653211
26.246380361275296167 17.521520492838654093
27.682390753225103452 15.109725740885025402
26.157295989322857821 13.409826285637489462
25.055715693790975962 11.429989814758300781
23.656696873492517597 9.187329904464091257
36.891215071923795676 9.7076488368165279041
38.18065288917703981 9.216138072292302752
39.824106202069074811 9.1281205882431404319
38.686016784762365717 7.7879686146994711038
40.132877498885356715 7.8980370502200782923
39.772999153696190433 6.7288082972787801594
40.373886460703843682 6.2986201108880965904
40.317659359753591275 4.9932919022564812295
38.968983457209624532 0.99402716367695553856
41.98973730084244238 4.6818847882065295352
43.500637211785686986 6.833319498021513283
43.35640870079632947 3.724840979482000769
44.43852891812907302 6.1432624552589807365
44.994190216064453125 5.0339957294104662466
45.569483053126333516 5.9563915957190944894
46.478831157023520859 4.4452972154190710796
47.224556775548684584 4.5656064791546864257
49.874645414107305896 0.4683058753890634307
50.120343704841523902 2.5512265342865152462
51.206809929814667726 2.8790512976018316493
51.721944082723261715 3.9580537712505163839
52.52442010744076839 4.6497412793681078824
51.12425029616670713 6.9762437859636152737
56.800819145142625644 4.6134290087827984905
61.936132299559837122 3.8869498807555595832
64.145039309623186341 5.2075025448269638417
63.4659926071453242 7.5036864819761390777
63.179394961808512221 9.518648454280011606
