47.907285995841938586 14.855212739457570592
46.73084251633564179 15.982288160081751016
45.37994325084638092 16.79225970285780889
45.076298162456168939 17.682689657362878677
46.139881065996654286 18.764754764839668866
47.215084765911292664 19.95306995550814122
48.069828987418198096 21.319016646419456151
48.448030475713757426 22.766379138020496953
47.918410112807052315 24.189339172126079092
46.679458301604476844 25.162467692752358062
45.149457854805561396 25.691184016867225637
43.532785896877562948 25.991121040477235482
41.897978830944545336 26.301866781068106604
40.296292675250754201 26.433004552461046188
39.286989832004010736 27.18568833871848156
38.938835037889852231 28.739361562122624605
38.718286174242187769 30.363473986740945776
38.277163604582803202 31.752204616881190447
36.970980198906445935 32.322821955317074583
35.771646680542758645 33.267699807233107379
34.619725768053562831 33.863243048097615429
33.294782886240518849 33.751563203957019255
32.448560690267008511 32.588340292205053572
32.09413554083848652 31.030019368273709546
31.760080683278708591 29.455333437920739215
31.426025825718916451 27.880647507567761778
31.091970968159120758 26.305961577214791447
30.761816986631188797 24.729758964921398245
30.487788336616148399 23.131734516709578031
30.265889575390470867 21.513441682566764257
30.068113281299531536 19.895398056100415118
29.946102823033903917 18.358266154553252392
29.458632173142916599 18.150546416152852913
28.311563020384838296 19.084369735339169694
27.539000627097387053 19.302626287021386275
27.043151794861191917 18.6041577958372919
25.652511495529619623 19.014808666556696437
24.228514131196590142 19.800288153132189706
22.869443836154371041 20.657905433268688
21.513046865408753661 21.518427177948733942
20.156649894663139833 22.378948922628769225
18.800252923917522452 23.239470667308811613
17.443855953171905071 24.099992411988854002
16.087458982426284138 24.960514156668889285
14.705117457894607114 25.684527742122853056
13.870480921467319035 25.22913497766734281
13.332498584759683524 24.360070385174005025
12.867307503455609918 23.517955007197663519
12.434356732683589541 22.484656795170526067
12.182745590345110287 20.983703952272453108
12.36617926739010187 19.546676651523057444
13.181914822532910136 18.180946047484681571
14.126847575579315475 16.895341551211281228
14.646167659243394255 15.55305883222372465
14.075326299602712865 14.141637708910110405
12.986753077943786749 12.958656016650900611
11.817681828487382134 11.82980942981266459
10.9129847115614389 10.754110360388898116
11.124382413466481268 9.7270170779789779658
11.498491016666442022 8.3481153721351599728
11.965906280842045106 7.0101625316890991968
12.516541561021590212 5.7305683042894983714
13.087602634464900575 4.6134797325921255151
13.720664439956014036 3.5452701781493143329
14.390644709524980982 2.6707789215681820849
15.828149843212976577 3.2038876862312459792
17.260782676674935487 3.9395109138166546359
18.69341551013689795 4.6751341414020641807
20.126048343598863966 5.4107573689874719491
21.595206172708053316 6.063253059959911262
23.190073647029326054 6.3206210316639843683
24.665315444674913437 5.8499872375046368944
26.036308045991976456 5.0858286699891337435
27.286806741136928167 4.2751138649286088977
27.733215503367631527 2.8137518186139129917
28.196807084270041344 2.2498219982633944625
29.006071264723896519 3.4043335922697233187
29.995092512179802213 3.8379784411102386699
31.244208947385537556 3.6429387579571446132
32.330141007366670181 3.0469854942668090914
33.070420040300696485 2.2354444445614651826
33.150668417175708669 3.2606810916619304308
33.025164467058402806 4.8669669020684622751
32.918782142873013186 6.4714218995735608431
33.363554775677791042 7.8561600667722055746
34.716533296660657015 8.3600674851797212028
35.671084358097097322 9.2277431201015911455
35.228798313708004741 10.482546137174082901
35.095300342288425099 11.110391359282120405
36.379993244072750258 10.607015629402592793
37.84987413090993158 9.9585229339524303782
39.344738926616571462 9.3698686184027302204
40.875820916328976296 8.8679572630987717474
42.410773652485936225 8.3753166427089666968
43.945726388642896154 7.8826760223191651988
45.480679124799863189 7.39003540192935926
47.008502309283237253 6.9760561737190762699
48.468065768162645668 7.2987021174750710273
49.444214180714148199 8.3035109849141299776
49.249807177358590593 9.7965580661881066504
