46.979930691290419986 15.711195246583173457
45.882301227885271544 16.756563954452751375
44.962048110291583214 17.496815085451071781
45.770889195408074102 18.468095160287337109
47.040743867185923932 19.504728434626208866
48.303112420427922302 20.536781803390631751
49.563498282100553638 21.567622188400196848
50.765287715819283676 22.616071134984778723
51.120082313670799579 23.915047127743505939
50.402187936057124773 25.240591223135226073
49.201151317875307711 26.254098168977911598
48.582270544260502732 27.623143637838410314
47.776154544237698474 28.241164911550626471
46.363740288420387969 27.674155846647394696
44.898354088838765108 27.004191683998140405
43.40721060861763192 26.374515117251437601
41.868303017089893103 25.904005057376579657
40.695457914850074133 26.330165901820315355
39.569937663923489879 26.856032561528891733
38.301762590037469636 27.131800237843179957
37.674366342892909643 28.49092825336980539
37.604911305914384911 30.081073099441937302
37.614291904769153518 31.684865266681370599
37.623672503623907915 33.28865743392078258
37.473357003892019179 34.602201563441198573
36.449468615703047192 34.757228378773667998
35.093376600048138414 34.770705338907085036
33.958358111932490431 35.024504899545661374
32.938893290026207694 35.030068675292270086
31.884967289417890157 34.762688122456026463
30.848795533622762832 33.496955773748751994
29.981531589755633149 32.169598319870956971
29.880931981859227164 30.640857804803900422
30.063736488994095453 29.038124573339118228
30.247545975260276663 27.435128956355207208
30.431355461526450767 25.832133339371281977
30.613976233056469312 24.228856767829437757
30.707562880791929416 22.606761732679732546
30.331051615196752635 21.469648622721809517
29.761889720336498044 20.952848159783652449
29.582973907469856556 19.770666527582768879
28.392234976654926015 19.32373151976994663
27.017952745079245602 19.266632633639151351
25.482162252330130769 19.715282470784636359
23.946658128844287461 20.208694187864079339
22.419892691097132342 20.710687146220440269
20.893392348908687239 21.21294042392215573
19.366892006720235031 21.715193701623864087
17.840391664531786375 22.217446979325575995
16.328982249779137703 22.684882842807589043
15.184939807756014929 22.31200578038788862
14.889533809761609007 20.925893494526398797
15.507168543344036493 19.534555095936230629
15.490019335437130721 18.217903238354768547
14.647646299981641249 16.889521723445241719
14.19958012136570602 15.337713808753020928
13.421845766486553586 13.94346814312034688
13.481782644943805849 12.652781399999057044
13.71113905845352221 11.196506610469572962
14.054566545446341763 9.7339980844772515667
14.489930144346562457 8.3487790188057253715
15.006585066159537689 7.0400965481281323477
15.573108956992015806 5.8495875979160789626
16.012408470292541551 5.0455136072719284357
16.575625864567786749 4.9017732448495161535
18.109311281538872151 5.4150006350788411069
19.642996698509964659 5.9282280253081687249
21.177169897595220505 6.3903949074323236346
22.722343980011881825 6.281282247077284886
24.310529742485194049 5.8494502367455929459
25.621548324358094817 5.0452892236967610273
26.437980634840947403 3.7657387904405172918
27.662427980927137838 3.4161922206544605984
28.989761978865804082 4.2066445312441480553
29.995921676072001105 4.8775625549695291738
30.365316947397623437 3.8210510280499669911
30.639393698442734859 2.5493666156522438726
31.458221171053274645 3.0376017136484705361
32.281561868198927812 4.4092587094988529017
32.765787267543679206 5.9616164596956844335
33.216911534944586037 7.5340977157160065047
33.724716068831504856 8.9880750918039851172
34.512614170377560185 9.4273673805802822301
35.605510559039188934 9.7816216926857375569
37.109843365296150353 9.385524886329873695
38.613060390082672768 8.9962467575740134862
39.9675821116654717 8.2247220932726587961
41.273041428268726349 7.2794136366908182012
42.578500744871980999 6.3341051801089767181
43.887473869441940622 5.3979862685593227312
45.312277163771057076 4.7647941450349655668
46.904905462662497939 4.5730154297145251263
48.513431508081083621 4.4833218186289176543
50.118931831310298719 4.4627939785257417782
50.686327843422773753 5.0797871279227457819
50.978213101907641658 5.969570974891267312
50.653085741130276176 7.3392099836540234392
51.618835207572679735 8.3226447162375780664
52.213148641842238362 9.4945374177539747507
51.866859743700466367 11.060314162884651523
