77.492251946837626519 10.141115188598632813
77.662860683942497531 12.245746864632373274
75.371093777895126209 13.910266207394553106
75.742929218241556555 16.023554196795689819
74.001855850334706588 17.426492838057043855
74.163232342437552802 19.68159681105699832
73.149148810434297729 21.410166691286633522
72.723433076965051214 23.723526592308552097
71.727492899294631457 25.788377367158041409
69.0371934471845492 25.829889215351368392
68.225917760872590634 28.478827573225181879
65.550948415270354985 27.912459495307164303
63.494677713099392236 28.164165506962930863
61.934227092142286608 30.350311886633427605
59.663839335655509899 29.409700710738352569
57.638629913330078125 31.627079452702201223
55.634727574695858721 29.207012088506314029
54.012471070291276476 27.200867650101709927
51.732915731456976971 28.317034033968869977
54.485837054749111985 17.222412435999221003
53.496229139777049966 17.315975830722980078
53.990342637685465377 15.162550323117343964
53.488850560566234549 14.749915371900904404
52.380263531396188625 14.875767241634301641
52.069856649759124423 14.187064583152448449
49.224858138288297482 14.998809387592718423
39.706653582578269379 18.124947782832400378
38.89082386397636526 16.232646791848331702
40.326834223894792331 13.82085187413046512
38.801737587582081801 12.120952552687981552
37.776771678288042722 10.141115188598632813
38.691824513838398047 8.1497265206938891424
39.352045756397089349 6.2541810097336600904
39.374706552874634724 4.2068077571603081921
46.550462689212295686 5.2043435279529441928
46.146428442782891466 3.50608579006154919
47.985473721037593009 3.127689777117119263
52.037002828410670929 5.0973887262981252277
53.472175853716578331 5.5137996413465568679
54.195077570638602538 5.4014766537876743868
54.686863954522500819 5.0285021084465384433
55.557356465781360555 5.4664860704528761559
56.504170557294123967 6.6495969837115840306
56.098032339115874834 2.8931657751769215281
57.052259335847431032 4.56212561493856672
57.638629913330078125 -10.328745264089288725
59.668321300217719738 -9.1701143147858950044
61.935851073836332148 -10.075721742941031067
63.786930783686933921 -8.781397015494004421
65.834129566761490082 -8.2662629356247627754
67.950658575742608036 -7.7198345122484397507
70.297920131326833371 -7.2829059866733736328
71.804578745450100996 -5.591757447025054617
73.302828290753254237 -3.9629852615548504247
72.16043688363406261 -0.40959409526486645348
75.97408652369210813 -0.44486568038331775199
74.580575765619897766 2.598075151496480828
76.789486639818250069 3.9186272142908924465
76.11043991541066589 6.2148117692756432717
75.823834659074137221 8.2297738281203436372
