85.911212518126689019 8.5439634323120117188
86.081828885573315802 10.648594145659199484
83.790054364613652638 12.313114378518005054
85.5168320807146074 14.866652931394320092
84.132776252347397872 16.59155099233410624
77.286492838701320807 15.026969967831949049
75.034906132012693547 15.066358688802882426
75.025328234012974349 16.618542291706354774
74.887786596517969429 18.350879168149290876
74.016685632083991209 19.498718181474178124
76.64487813988634457 26.881676881623096875
73.440322237819486872 25.12583266025410822
71.072257177698517694 23.977497121914005618
69.784198878282140299 26.076258309858015849
67.934160295674288932 26.398319554332406511
66.05759429931640625 30.029928650089896536
64.053691956572436084 27.609861285462059755
62.431435431460904795 25.603716842214456761
60.15188012989755606 26.719881328054565728
58.142407759476860463 26.321758717169675634
55.547986455260243588 26.747145053658186953
54.671586326948450107 24.215467653030959383
52.997895357337633016 23.04822674008093486
53.70163273234120993 19.669318719740601864
54.308839807627947494 17.079929769038045606
51.815998910965127777 16.766354178343434
52.870918287234708544 14.415048891889167493
47.309788245935244788 14.635495976840827481
48.745798609881120456 12.223700117843844026
47.220701978819597855 10.523799892688817437
46.119125499088823972 8.5439634323120117188
44.720102869215523356 6.3013029964440949726
51.942084061113661164 5.5436182794828292586
54.897606183165052585 4.9178639815957367887
56.903989752432522664 4.4685141878081751088
55.938565605430618177 2.7017358619280935628
57.384613164594178158 2.2426720896426486362
56.674053620790736829 0.09498337784493848801
52.380897769065342118 -6.6455445473381704602
54.043889928431937619 -7.9914907552544107716
55.734726827546630545 -9.3357732699130266951
57.974982024765516542 -9.6098742138781148014
60.39825321315412765 -8.8736970118867937174
61.59110877297938913 -12.469227627288294258
64.031194964735320241 -10.735980380880292273
66.05759429931640625 -11.925897974050226225
68.087285689090990104 -10.767267024443402335
70.354815459822660273 -11.672873499227652161
72.205895169673269152 -10.378548771780625515
74.253090114271216748 -9.8634147024986340568
76.369619057760687042 -9.3169863200756992683
78.716888506491272892 -8.8800580930294010784
80.223547055568261044 -7.1889095816134513939
81.721788757177947105 -5.5601376111423608251
80.579404966656255738 -2.0067463711264164061
84.393054772697283283 -2.0420176509977423507
82.99954392684441018 1.0009230681647132144
85.208447208145216223 2.321475210469297501
84.529400501305929083 4.6176596048686828766
84.242802860434139234 6.6326216014321728309
