89.196231439025126519 7.0416245460510253906
89.366840176183060862 9.1462557447426711121
87.075073276438345715 10.810775058108459845
88.801851004840784753 13.364313558362180601
87.417795175143893971 15.089212578647153151
86.804902562552030076 17.123481817577861364
84.853135868070282299 18.310675659916064717
78.258528285182848094 15.069547298214796882
77.31231652450293268 15.892873354219625881
75.59907546498220654 15.652907290291782516
75.363163124585625496 17.469513882758171519
73.897147321761224248 17.271260440871667896
75.198661012630765299 25.064674389967429136
73.382656364491396062 26.048510170110382944
71.163919441760683071 24.370199520819497252
69.34261322021484375 27.078585113712943411
67.33871453370639415 26.107522859383280434
65.716451041901208896 24.101376632621278162
63.436899044568868078 25.217542916607420977
61.427426675593395089 24.819420305616805678
58.833005386680973459 25.244806650309403295
57.956605269239226175 22.713127351800935116
56.282914272514673826 21.54588832550554045
54.227355278245184422 20.651465983451828379
54.367219925894474386 17.92188303466986099
51.977043982970599245 17.067642778823387317
52.83862304333590032 14.389675395185570039
50.594807168847403034 13.133156619940280052
52.030817541938525039 10.7213608072444746
50.505720897092437838 9.0214614582841026191
49.404144419987261472 7.0416245460510253906
53.686323724204399355 5.3960824947571586208
55.37035630954699883 4.0717287783692857062
56.481834707930033801 2.8629044178670062237
57.811204865933348174 1.9075076528098078299
55.788067951865805583 -0.7840954996636355645
53.002494919566515819 -4.8301652356787503351
53.729984632415565216 -7.016049496456361112
55.665916689963779618 -8.1478834335991567883
57.328908849330375119 -9.4938296415153970997
59.019745755111600261 -10.838112636860095961
61.50388977080787356 -10.564442109834747185
63.927492523534724 -9.6244150168225885977
64.815038671933280057 -14.258940435410416114
67.316217586047798704 -12.238318778292505584
69.34261322021484375 -13.42823638347405435
71.372304608545960036 -12.269605434018945544
73.639834377479786554 -13.175212863014760245
75.490914091298265021 -11.880888134642692222
77.538109033846239981 -11.365754066185996152
79.654637972216548292 -10.819325686893471072
82.001907427389710392 -10.382396979290387407
83.508565976466698544 -8.691248467874437722
85.006807690859687909 -7.0624760063688896139
83.864423875933439945 -3.5090850349641034001
87.678073693595720783 -3.5443565372587286788
86.28456284774284768 -0.50141581809627311372
88.493466129163124378 0.81913638418062806323
87.814419419499969877 3.1153209443030691617
87.527814163334340947 5.1302823467624705245
