74.324359490782939019 9.9813327789306640625
74.494975858229565802 12.085963492277851827
72.203201337269902638 13.750483725136657398
73.929979059826351317 16.304021304470666109
72.545915605334158727 18.028919363435640832
71.933030619380232906 20.06318861116384511
69.981263891667708776 21.250382501043691974
69.55554059541069023 23.563744210960841485
68.559600382114169292 25.628593105179341194
66.232444908928130189 26.169938961256114851
65.058025136794668697 28.319045260565495425
62.383056046262183258 27.75267704688356929
60.326785438095924974 28.004383038467835831
58.766338437971121778 30.190531387037736977
56.495947003758658411 29.249920195369519149
54.47074127197265625 31.467297043034232473
53.917941888531913719 15.240894202791233525
53.868761274358519131 12.813421521679540405
53.161187759058130098 14.011727527948377059
52.671697235312315399 14.022045684909135943
51.484779792467421089 15.153158951199142024
51.864834944434477393 13.568059072228294326
51.237424415882301787 13.572286398183262435
49.885478274077456717 14.109922000085049376
48.662328730333157978 14.201389730782208787
35.323910519365213645 21.035761322980260246
36.538761151377116221 17.965163521637741439
35.722931413156054248 16.072864398290136023
37.158941786815390174 13.661069553734172644
35.633848951475847855 11.96116923930746978
38.299114360172808347 9.9813327789306640625
38.60417802613666538 8.3136908238910454116
39.302504267724387432 6.7572247332201831327
39.735378567330585042 5.1935230204252667008
44.731100042464603916 5.6449630109420487756
44.858399375937565878 4.4316473471732731326
46.920406469668549221 4.4956918984970366537
46.990509180240508158 3.2461055453918836733
47.944824390694932958 2.7335722939305409085
48.256425774251908933 1.4280574075842551451
51.52459770325977928 4.8784679542800368779
52.619288353742888376 5.8229169541294441004
53.636485845044674647 7.4137639528033822955
53.224830960997138618 4.1197478985944444574
54.096918690365619398 6.4246579192784132317
54.47074127197265625 5.281372648203190856
54.869101194203246052 6.1911314154265859599
55.587874806127992144 4.7256489663933907153
56.075379079852652353 5.0427749922557749684
62.666237086927466748 -8.4260453558799817131
64.782766023974360792 -7.8796174540138324005
67.130027465933608255 -7.4426890252717967655
68.636686152202770472 -5.7515404570590291655
70.134935736225841652 -4.1227680190064788235
68.992551933501886197 -0.56937691329611439528
72.80620174511722098 -0.60464831410162034331
71.41268336191174626 2.4382926209821613739
73.621594180801466223 3.7588445570879498447
72.942547473962179083 6.0550289514873352203
72.655949833090389234 8.0699909480508242865
