63.899699761779025664 12.041277885437011719
64.070316129225659552 14.145908598784199484
61.778541590118514648 15.810427963345889069
50.250222932110162333 14.05712349365666114
48.604543689088117731 14.070836207343720758
48.366788381659453933 14.535840126919209681
47.12154554638190973 14.275732149060587517
47.642416597442391435 15.279429005635037697
47.822212087955605853 16.235091538299791125
46.838474423904123967 15.884674942804942077
47.152752000279534172 17.422184964111067984
46.124003542362238761 16.708359902595677937
49.902129328031278988 30.064327254905521158
48.341678715374087005 32.250475538507942019
45.725705936857536926 28.021801328651683605
44.04608154296875 27.602970565983454776
42.713146274909512101 24.723340896843591707
41.707989351954594781 23.041151952576278461
39.664625277724510966 25.525999418894919302
36.130895003129204213 29.819073170294675634
33.53646973841419765 30.244459422604883514
32.660069834420966117 27.71278216320219201
30.986390128716426062 26.545541101663598482
30.019473348015992542 24.670894233583730681
30.606145870368912654 21.805958214104734338
27.901077936510777278 21.362598700116127048
28.498966217784094113 18.963300015704387391
25.298273584856147522 18.132810438020715793
26.734283977990397574 15.721013766927910638
25.209189222471941605 14.021114345813817437
24.107610835392538462 12.041277885437011719
22.70859010926158561 9.7986179607176975281
23.158402184452551609 7.6014639056398225492
37.084862036371262661 9.7794410345779034799
38.996870040684648018 9.7932254224835197931
37.99070480062024302 8.5452032482456061757
39.553550823675351467 8.7772637975139389255
39.309249901343072509 7.7762196181609306578
40.046013296722797747 7.5987480345552498306
40.31011015976250178 6.8991474955184681761
40.37331877938233049 5.6798592523956408229
39.418558856724402517 1.6477002166156946572
41.976495578717575086 5.6717353680675728356
42.180044045804251596 3.2622640615342515247
43.406564871150536078 5.9566585057041043783
44.04608154296875 5.0305729922888842154
44.669580544403508782 6.109040504161145968
45.590003110907964867 4.7777042623006984456
46.261646990330476115 5.2224682330478096048
47.628639410676889554 3.9947209888223653707
49.954171801507023076 1.8081650635132344718
50.98609557524359559 2.4891703194270657917
51.502713950220069705 3.7598492446755020779
52.355493960439446255 4.5594522656524425486
51.048944554902185189 6.9534021273494932558
62.381538145768821835 1.4552967053341294701
60.988027401702289865 4.4982376243890938028
63.196934450841851572 5.8187891838157552726
62.517887744958272833 8.1149740579936828766
62.231290099836783725 10.129936490961124917
