20.882630898863986602 6.3974280357360839844
33.487247281311908864 8.4845306944348024558
31.36224369045196525 10.166578529646034923
33.089021412899519703 12.720117054502740217
31.704961779053611792 14.445016049351556475
31.092071069645648151 16.479282438816397871
29.140304393023740204 17.666478165445667514
27.76839309700000058 19.127882597268211384
25.793246732464943705 19.906320270496046021
23.647878793480295201 20.186157146037807308
23.287626002296526906 23.125300624738095223
21.54210027571426167 24.168770889337093166
19.485831482756601929 24.420478813841491217
17.925380775837908232 26.606625217695818009
15.654992159551383679 25.666014028351096243
13.629784584045410156 13.638339485356011593
13.182432839416179604 10.653723588199492056
13.162980484962014671 8.5935643469438360853
12.466793797240240949 9.9767328074538852434
11.978444676021377191 10.106392458012933844
10.776843375686215865 11.338867472791438473
11.124153371263986401 9.8461362523292113025
10.417075300799579551 9.9655021932359595382
8.8051768899161384496 10.7415203623172264
-2.4524178471072382024 18.081829479650313175
-5.5170462338764600929 17.451855036146294964
-4.3021945956626161944 14.381260180235013735
-5.1180238482363300534 12.488960119693951256
-3.6820182112096411231 10.077164464313884906
-5.2071082156381898187 8.3772649505947587301
-6.3086875540422759912 6.3974280357360839844
-7.7077073196653920206 4.154767092325844402
-7.2579000350332627534 1.957614128172529
-6.2713863302091112928 -0.068853946458730774793
-4.4188804876045253422 -1.6383560191213835111
-5.0032785655277578485 -4.3603766268277190932
-2.7103351497557106597 -5.4743622191953775769
-1.9828428946781979647 -7.6602465238038153217
-0.046909518003422689958 -8.7920799701296168394
7.7372386936371864152 -1.7129641239508401895
9.1197842734418852473 -1.4141240503181427002
10.459544820807431975 -0.72305714118080910424
11.743634448371789603 0.59244878572378745218
11.61439952462788483 -3.0842293307290127302
12.820551900096477382 -1.3019537556737077466
13.629784584045410156 -3.6161517086388510478
15.659474119962839112 -12.913801938559995364
17.927004757137726898 -13.819409379812313432
19.778084505926809555 -12.525084643504499127
21.825281357295963858 -12.009950573854126787
20.693654748439012536 -5.8375508495544998766
22.023019672819742709 -5.154871411059316344
22.904355877456428203 -3.9030241884576515332
20.06260352877004749 0.60529599686169888173
17.312658272516586067 3.7216653034798752309
19.988660359466376093 2.7261262618179027406
17.766700613967373101 4.555554018085695489
19.4326007280154478 4.5119792882391012157
18.518356936366068055 5.358330208920064841
18.389706861527166382 5.8971399517641280852
