95.909335687072001519 5.0075168609619140625
96.079944424229935862 7.112148059653559784
93.788177533558965138 8.776667807167907398
95.514955262570907735 11.330204412959609783
94.130907037166082318 13.055104451353043871
93.518006815669295406 15.08937269319509511
91.56623260522795249 16.27656828855552007
91.140509111305860301 18.589928349632629079
90.144584380102102728 20.654778939415635364
87.817428737625533586 21.196121133749073806
86.643001333083731197 23.345229342596745425
80.964133442296869703 16.031985445960280856
79.018515167068741789 14.126046382319005446
78.291836239530269381 15.527600820860477882
77.03621854150208037 14.33634981457526969
76.05571746826171875 16.845159019657771182
74.950790377559087574 15.520233053216390573
72.429561972906057576 22.067269223198213268
70.150006947764936172 23.183435656515172241
68.140530937985971605 22.785311196403341683
65.546105642662595869 23.210697432305373411
64.669709510155328758 20.679020138368169768
62.996018514840159241 19.511781112102021041
60.940459514214026626 18.617356854437232982
59.973516460496966829 16.691919725582856415
56.908890630909723996 16.06194557918335164
58.123741144083325594 12.991348516285501802
57.307911422935447376 11.099047522932494303
58.743921778826432956 8.6872535464937463701
57.218828957628886656 6.9873537521902147063
56.117248668034136472 5.0075168609619140625
55.946020690828795807 2.8939020980983887199
56.188921698433745178 0.78469631737503320323
56.154548944268867672 -1.458764812107006037
58.007055252955069591 -3.0282669449662797945
57.42265819000883198 -5.7502874228386549049
59.715599167613390819 -6.8642729207678616632
60.443088892423162406 -9.0501576716663585387
62.379020932800116839 -10.181990637159518798
64.042013092400722485 -11.527936846151693118
65.732846089420419844 -12.872219787930831103
67.973105193710836147 -13.146320785228212458
70.396379905927958021 -12.41014348872792894
71.52815118912317871 -16.2930477796449793
74.029321832573231177 -14.272426940058867473
76.05571746826171875 -14.891209024465265287
78.04131090859617359 -13.884134095028400679
80.352938628767972773 -15.209320070577749817
82.204018338618581652 -13.914995343130723171
84.251220960169717955 -13.399861252674231338
86.367742226705999542 -12.853432891425796925
88.715011692865402892 -12.416504174879563038
90.221670238392590591 -10.725355663629661862
91.719904112566453591 -9.0965843870253699777
90.577520764772401662 -5.543192348173210604
94.391177947692156636 -5.5784639734510985676
92.997674633378736075 -2.5355237093840488072
95.206570377329455823 -1.2149712409361654863
94.527523667546844877 1.0812132592139578335
94.240918409256352106 3.0961748798753285783
