87.572719170958720269 7.7718453407287597656
87.743335538071917767 9.8764765340854978604
85.45156102651942831 11.540996721083311982
87.178338743229886632 14.094533379497608649
85.794275287407998576 15.819432397807771551
85.181382656238852746 17.853700720239487509
76.863145625129121186 14.415380528578936037
76.334082101709498147 15.528812139554402094
75.847739810880113964 16.799609721306204335
74.433212425132765588 17.013034741318200815
74.56116051202009487 19.622647655820362189
75.631415721593512558 25.543189134001398344
73.165793580974437305 24.535030377521355405
71.513652838405477041 25.62381806510759219
69.513506009588368784 24.844494174780464846
67.7191009521484375 29.112598861881888723
65.715194940839680271 26.837745593423722568
64.092938724201360401 24.83159932409773063
61.813383090217605798 25.947765660357525519
59.803910697879956615 25.549639239717308214
57.209489158116170415 25.975027360808834231
56.333089236469874095 23.443350090150282483
54.659398263470599488 22.276107279212084222
52.603839150377183387 21.38168482068749654
54.34882927125183727 17.485914636826265678
51.892445380020198797 16.909369928746997402
52.845352175110491544 14.39406517108658079
48.971291095345556244 13.863376489448672402
50.407301455832211445 11.451582539870662103
48.882208629026031588 9.7516822529618369941
47.780628337223589597 7.7718453407287597656
46.38160951844127311 5.529185416009445575
54.413019872064985805 4.9435502369204478157
55.920906346603452164 3.938380400124229741
57.580999351627013993 3.258071607325823571
56.274815534368819669 1.1644875445126015023
57.013698668192994035 -0.0060815633242095046285
52.106468463496049992 -6.2858286060928563188
54.042400560905022644 -7.4176625972371237339
55.705392711769867731 -8.763608807025445202
57.396229579973677914 -10.10789178885007189
59.636484882163827592 -10.381992790875209209
62.235823206365488147 -9.1039549357827596054
63.282571372391835496 -13.100362429019110522
65.692697920196195582 -11.508098007957840991
67.7191009521484375 -12.698015588796319975
69.748792340479553786 -11.539384639341211169
72.016322109413380304 -12.44499206833702587
73.867401823231858771 -11.150667339964957847
75.914596765779833731 -10.635533271508261777
78.031125704150142042 -10.089104892215736697
80.378387146109389505 -9.6521764634737010624
81.885045832378551722 -7.9610278952609334624
83.383295422793281659 -6.3322552116911552389
82.240911607867033695 -2.7788642402863690251
86.054553690417250778 -2.8141356872705287628
84.661043037254756882 0.22880535073957730674
86.869953861216174573 1.5493572388306802168
86.190907151433563627 3.8455417389808035367
85.904309509016471225 5.8605039462528729644
