22.115628793151095977 6.8354516029357910156
33.765628629596633914 8.8379242431427620375
32.445816085862013267 10.604602060550769593
34.172597625942636057 13.158139635249140653
32.788537978065896539 14.883039624143526325
32.175645361309335613 16.917306965545208186
30.223878706841279751 18.104502660480047638
28.848940392847126191 19.563185372643204119
26.332378126296681842 19.739671199304375193
24.098201899074048526 19.752582468989867692
23.579196909638284296 22.191525535808214187
22.625674580447110884 24.606795405897333495
20.569405763093762118 24.858501432145409638
19.008955077288725022 27.044647829859385979
16.738565527311237702 26.10403663910276606
14.713358879089355469 28.321415390202201223
14.143273767242927619 12.259440367368547697
14.128534923950795132 9.586835812078323471
13.448551488530567255 10.728121218717163288
12.986090884510447907 10.714960492740578601
11.850357717317418604 11.794307649513072533
12.29163420461339129 10.168667263686137048
11.740366005086244172 10.137296022327216605
10.547237738246094452 10.586646722055949255
9.981107688633636954 10.273635282652143985
-4.4334721399930252517 17.889879621553191669
-3.2186205383055828122 14.81928374907807644
-4.0344495491649432495 12.926982745614537862
-2.5984439161656958106 10.515188031513591937
-4.1235343971554421216 8.8152885204200615021
-5.2251132589983306787 6.8354516029357910156
-6.6241335018376403809 4.5927906631318293762
-6.1743257399893174409 2.3956376953722360312
-5.1878120363808619686 0.36916971388947583677
-3.3353064299605961196 -1.20033233500011427
-3.9197045212427070737 -3.9223527998353873159
-1.6267608547117653472 -5.0363386519956705456
-0.89926872153591297376 -7.2222229536139277428
1.0366646413025097928 -8.3540564014644438373
8.8210475905359650994 -1.2746175577083924679
9.9657417453279055763 -1.3876553708641701235
11.272337620196312358 -0.89321583495069312164
12.565315927230598092 0.22446808584733357606
12.469370823720343111 -3.7217110982084218307
13.722739653314967256 -2.5896581468897004186
14.713358879089355469 -13.634409326589288725
16.743047488799941647 -12.475778368473342539
19.010579052181672211 -13.381385812612606401
20.861658800970754868 -12.087061076304792095
20.334392754418253446 -5.7895931590425036006
21.313176887950959326 -4.5957633900733689813
22.856390157024126353 -4.3724665497443027107
19.819911449699219474 1.1640469056608333531
19.746723768904921315 2.3033935330447175005
17.359493550480888047 4.9129222839642245901
20.198756842320928939 3.6684544521288731111
18.076652267243538574 5.3380175174445358977
19.815802330714099355 5.1775681549931080738
18.985378945665573269 5.9274046787869369979
18.981602926009394139 6.3868408159462424223
