21.136462469500674644 6.1529117474134471522
22.912005959990715098 6.4584227274814747233
24.687549450480748447 6.7639337075495031826
26.463092940970792455 7.0694446876175298655
28.238636431460822251 7.374955667685559213
30.014179921950862706 7.6804666477535858959
31.673618567390082745 8.0133002680696474584
31.625788241286628022 8.7479008938510673943
30.661531835733132567 9.893086076623600178
31.282881345716052834 11.351375402384080715
31.321488809463282621 12.78736896263887779
30.574575413220397735 14.335120066178291154
29.813508850698269725 15.920494638594256287
28.462586977255583065 17.078978386650266685
27.276455286466795513 18.431722892134569491
25.975376691900226689 19.670787200563093933
24.355106017664990503 20.44734919042911514
23.277473295313342305 21.489456369522198287
22.986505774323912732 23.042267550134130971
22.014581727602124062 23.603346627380542344
20.557303241628215318 23.89152890001553331
18.828408215354837552 23.815215331711542035
17.821968232719889613 22.683312603805177332
17.148101270404897178 21.016367032120264469
16.47614901135967358 19.346340625789487433
15.804196752314437546 17.67631421945871395
15.132244493269208618 16.006287813127933362
14.459864318383109705 14.336128361165956235
13.774152527359547094 12.661823904241416017
13.093882338926698949 11.434842880629247475
12.560378207735118039 11.878042242397645722
12.237055778409960283 10.74102108543541334
12.06925785992782707 9.0077115298559604639
11.594427659077295445 8.9663804997378075967
10.423796690928543995 10.265715205630545626
9.5731095656790579085 10.5655773566621356
8.6201102588651039582 10.553382055802707384
7.1798014369996536743 11.597280098851452834
5.7864777125935518143 12.738283376923087431
4.3935211653682477717 13.879698848498696506
3.0005646181429459496 15.021114320074300252
1.6076080709176439054 16.162529791649909328
0.21465152369234125063 17.30394526322551485
-1.1783050235329612931 18.445360734801127478
-2.4824607832346257119 19.147327500670755285
-3.4388169335799556592 18.08279099730600592
-4.2610824135091789344 16.91223562747773812
-4.8528561082634382728 15.943144784233176381
-5.3742537459798782606 14.970867340315670901
-5.7124084928622815838 13.564721931258855392
-5.931213782779631849 11.901694877678291817
-5.2687290992167898906 10.340099697441285542
-5.560855399305585145 8.8771578438614326956
-6.6410026382184392801 7.3929305793193815788
-7.4936225214988247956 5.8012762915805646813
-7.4227622248917732861 4.3138745057570169195
-7.2257934988288106126 2.7400262262848880113
-6.8763934220826179455 1.0740843418476968552
-6.4030051105954122193 -0.50871154279392705178
-5.8280418714364188304 -1.9843847100682427964
-5.1879933507169830875 -3.3159101010056275527
-4.5033926052968418219 -4.5129680978442969774
-3.6384994174403253453 -5.7971890183638308258
-2.616734806349906961 -7.0804363562432257595
-1.4759436008934443407 -8.2925726401100501306
-0.17058563768001278049 -9.4613884097326010902
0.90301898675042080455 -9.9161373142156854499
2.0867359772296572018 -8.6664123390231484478
3.2586767941591134878 -7.2995884836480593449
4.4306176110885679975 -5.9327646282729720184
5.6025584280180247276 -4.5659407728978820273
6.7744992449474796814 -3.1991169175227929244
7.9956979880397973659 -1.8757485342837698639
9.410430882224554594 -0.70401424534294809732
10.528033167296463546 0.22301358960672462706
10.732728255420511232 -0.9063106483674816527
10.836063856637363045 -2.098786887164233228
11.571876020995867762 -1.2588075802545257709
12.457795381649281907 -1.731389884759001685
13.480446277459810389 -2.8905990627452347042
14.040302191624473238 -4.5449282735663150135
14.535028059056312344 -6.2756625675912003359
15.029753926488158555 -8.006396861616083882
15.524479793919994108 -9.7371311556409683163
16.019205661351836767 -11.467865449665854527
16.527846845917224528 -13.160533289760691034
17.398559910584964427 -13.383521497142634615
19.016653746245726353 -12.884182569912971061
20.42685228062860503 -12.129687246483072727
20.713351348836681609 -10.519778422492342074
20.766226125014512149 -8.6986434768678417839
21.157416747448806404 -6.9359460609544028031
21.830624344246274404 -5.2394287317317385089
22.693633921986318569 -3.8325877702235930933
22.183686973569702872 -2.5382251266996851413
20.944341941486626979 -1.2062790450440754597
19.70076349859576581 0.12591113155060815187
18.516680960410411672 1.4243789575411109904
18.726328998019422301 1.9321645890250711552
19.429290679830057087 2.0905795232409509765
