88.431224419982157769 7.3796262741088867188
88.601840787428784552 9.4842569874560744836
86.310066266469121388 11.148777220314880054
88.036843995481063985 13.702313826106582439
86.652780545921771704 15.427215694058057593
86.039895551959716613 17.461481146812964482
78.491327179387013757 14.582366860884082627
77.243361083866318495 15.182301127433481369
76.563963702199458794 16.249388979626040452
74.990562588391682652 16.206300652916709737
74.873866692945810541 18.285071635222493569
73.799910846495379246 19.109107126491355899
74.433654015647974234 25.40267754136897338
72.475375998148322765 25.717224778040591815
70.376901713597504795 24.498808214542222572
68.577606201171875 27.706085647770560598
66.573700200137494676 26.445524143697937802
64.95144403526660426 24.439377886479459079
62.671888345468168779 25.555546118923810894
60.662419680459947813 25.157419660134081596
58.06799439661732265 25.582807811276758514
57.191594521147202101 23.051128665248690197
55.51791478691954751 21.883889490335473482
53.462344395374614692 20.989465272759126435
54.370111468111737452 17.701973369027086846
51.934689105263828424 16.988414822148584449
52.83596801974645274 14.388255386947538028
49.829796346382721595 13.47115695218924003
51.265806716014608924 11.0593630489123953
49.740713880675066605 9.3594627344856924367
48.639133586247027097 7.3796262741088867188
52.405260645204243986 5.6798444649732022782
54.990923652142939204 4.4916858413752596135
56.261833500226444471 3.3779886445211566581
57.756391499171833459 2.5617105499034176219
56.173710806366393911 0.21823750863438640124
52.237484072811774638 -4.4921634897079432136
52.964973712519487492 -6.6780476727127293657
54.900917392905569159 -7.8098817889099017009
56.563897955816777596 -9.1558273931925029387
58.254734822330576094 -10.500110374783858447
60.534964315766636389 -10.684440097409684256
63.162531521222533115 -9.2862631631587220227
64.070539809427742739 -13.824476053886911586
66.551203167698190555 -11.900317551254961046
68.577606201171875 -13.090235132253351225
70.607297590946458854 -11.931604182646527335
72.874827361678129023 -12.837210657430777161
74.725907071528737902 -11.542885929983750515
76.773102016126685498 -11.027751860701759057
78.889630959616155792 -10.481323478278824268
81.236892412561644505 -10.044395040593649071
82.74354320538007812 -8.3532471839450774809
84.241800671816719159 -6.7244742783110282858
83.099416856890471195 -3.1710833069062420719
86.913066674552752033 -3.2063548092008673507
85.51954829111096501 -0.16341388383961596986
87.728459110000684973 1.157138052266172501
87.049412403161397833 3.4533224466655578766
86.762814758039908725 5.4682848796329999175
