42.764632775695041289 12.281844139099121094
42.935245328164043599 14.386474855113760896
40.643474604034530273 16.050994217007996667
42.370252338282966775 18.604533638181429467
40.986192701979071273 20.329431683936689979
40.373300078408433933 22.363700944382454594
38.421537195353408833 23.550894789046822098
37.995813873242738623 25.864256532666829003
36.999877567875735451 27.929105341450309652
27.800438074184089743 19.011560359314799484
27.270458347241579133 19.832615844524042359
25.629424174430749162 18.387480943535777556
24.804113142569107708 18.108209445080561295
24.575956362438997616 20.114784866033343036
23.664318119815021646 19.449055030911512887
22.911014556884765625 22.846769775578181338
20.907110376776095961 31.347743906953397186
19.284854015187661957 29.34159759863497996
17.005298556777745489 30.457762059750173478
14.995827084851558908 30.059639433520590757
12.401403742454808921 30.485025697311566972
11.525003782381940454 27.95334840260274234
9.85131373297436852 26.786107469753627441
7.7957527671915460843 25.891685062983349042
6.8288126001947517807 23.966246056582253487
3.7641838478202807039 23.336273712241638378
14.002092372146424992 16.248351383884720889
14.454876452921181951 15.029409280308170693
16.500779645479592972 13.644382046075453019
15.147940423980678304 13.097777180464444058
13.760511531193317936 12.281844139099121094
11.330026223612696512 11.06463401217590814
2.0233304160390446214 7.8420302249688740304
3.0098438857492624265 5.8155618742169465918
4.8623494873899950619 4.2460605562382358613
4.2779513994881526173 1.5240397285044977593
6.5708952995883898041 0.41005430185770208595
7.2983820742127392123 -1.77583005278293804
10.708173034827595416 -1.2707814068126506157
12.399318572738161848 -2.186267372173595902
13.454295922661369644 -4.0976707696904384193
19.914534396215689327 5.5516519606397007891
21.513752615995738182 7.9815133227919039527
21.354029377996678107 4.9567900860365492477
22.403540287054287461 7.4535652135720642519
22.911014556884765625 6.4295111713049974966
23.42131005871130256 7.4267098484016456084
24.234582135985004214 6.0549579094972472149
24.78787866751094171 6.5054677198041792607
25.967567665051689119 5.4167175964197209481
28.424708806049988397 2.7318378734451496115
30.05813796106846425 2.4446737254955284158
31.369403476763491057 2.8878488872578849112
36.241049321450603315 0.27943475532691408603
31.273283246547379122 6.2063010408632726111
33.747791146204576762 6.0252305336095366428
31.668019969100377864 8.3829760646570257165
33.745079742614976226 8.7616426271541989479
33.666432074280351117 9.9957085853942082565
41.096219302628824721 10.370502778620831918
