75.502420917157934355 10.806094915396652567
75.244698815507348399 12.233922090211768463
74.139375090103072807 13.267278566737051193
73.798310800279551813 14.396777269416871192
74.552984140534277913 15.736442676324665868
74.347350657623024972 16.99788975133470359
73.655173826948868054 18.379560186523111298
73.016417769016143779 19.816423946938165557
71.881197283938519149 20.883134045096348075
71.000545499531995119 22.104469750377507609
70.397633620111861319 23.500428301089680616
69.352439621151489746 24.568467941022475998
68.268492588258609999 25.524357530924284276
67.091850189719622222 26.418132004362394838
65.927381845359775525 27.177571167436951782
64.847619795924572372 27.784623356693106899
63.441698722469617167 27.923505373935405771
61.870776658388933811 28.141795614871419673
60.698337080766307849 29.130514201173536293
59.530755145172491893 29.663866712896641786
58.161822910141715681 29.646333608327793741
56.905044611069897087 30.012556469927986313
55.819922201478767931 30.054470170577594956
54.803310898327914913 30.04027172630608078
53.881215474653373576 29.275856080349175414
53.689018229078826039 27.766641652276831564
53.804839389098177094 26.16226847891271845
53.923029921468270231 24.557163315200206455
54.041220453838334947 22.95205815148769446
54.159410986208456507 21.346952987775178912
54.277601518578514117 19.741847824062670469
54.39579205094861436 18.136742660350154921
54.513982583318671971 16.531637496637646478
54.553134163640613963 15.08425721852835899
53.806520197454744903 14.858767703452494757
52.715720101471966075 15.246870939328541539
52.464755968454753088 14.456223046622325157
51.434889530151586712 14.013847845933426584
49.944753517129463205 14.15620189891635583
48.517974043782388094 14.803327046937056366
47.09226458942593041 15.548051092049014699
45.666555135069494042 16.292775137160987242
44.240845680713029253 17.037499182272938469
42.815136226356592886 17.782223227384896802
41.389426772000135202 18.526947272496869346
39.963717317643691729 19.271671317608824126
38.538007863287234045 20.016395362720793116
38.270501503493235873 20.056096916527479834
38.018182258778722371 19.605762616297607082
37.561086725064249947 18.711903369378980244
37.316849702520677567 17.329709544979010616
37.160336371507057152 15.858530940630972239
37.795491855099420775 14.47117129831491944
37.695309226624218013 13.160704486289874993
37.120885252777220842 11.886788730539105785
37.722561314747217409 10.517010548215552035
38.388526955078006608 9.0165042874173799703
38.95024965716660148 7.4814270585112581102
39.441198653185907119 5.9523881110043292963
40.262576526657575471 5.0442749567780982289
41.782049234495168832 5.1275952895836995893
43.377651410402201293 5.3175215831075997031
44.869442400053721087 5.4011140236814547677
45.562240783727361304 4.6347537817180519681
46.611385982448979348 4.0382748814614499722
47.418637960342294946 3.1098632347457497715
48.232376513920662831 2.2431545473331069296
49.437041136515375683 2.9297667489777192706
50.652460521487135736 3.9969232073456875121
51.917281634935022794 4.9731235948376903977
53.326310491022724136 5.7436318758192168588
54.349004141381278998 6.7626167479724870191
54.581297923485792012 6.3022259624304348691
54.417710200977488455 4.8223166105299251072
54.642397898909159437 4.8473320289101753389
55.216389569412847038 5.5891609499184751186
55.869216034117165748 5.1674745564044233248
56.607128610582464034 4.3131107093896350335
57.246075761750738309 2.8184848463075158342
57.826948365324284396 1.3165054376113434209
58.403859767636120637 -0.18516981748008537467
58.980771169947956878 -1.6868450725715138372
59.557682572259786014 -3.1885203276629425773
60.13459397457162936 -4.6901955827543719835
60.71150537688345139 -6.1918708378457987251
61.292458140622422036 -7.6857576128238962454
62.172269581897751323 -8.6036862834208154283
63.597850825004016428 -8.2714538223769018543
65.032358822876659588 -7.5753689382111915052
66.348392286980299559 -6.8046687245271151312
67.545680192870861447 -5.9779791762230836127
68.718304540115752843 -5.0329339348717674341
69.822068274921221587 -3.9966836072529634549
70.644280293074146471 -3.1121169946363949066
70.562056325661828282 -1.8887484704254249301
70.55672814531187953 -0.71321693442536404639
71.868924703120526942 -0.51117087908833569454
72.807892838141867742 -0.1212838779163067926
73.236375309468002115 0.64118418018493983368
72.887881180215714494 1.9685290233168142304
