18.853559091002658477 2.2247643470764160156
19.245490841343226407 4.0307881975429769028
18.816736265420836105 5.7860247790406926782
21.521560397532436326 8.5474533706846980152
20.137502670495617707 10.272352365437052768
19.524610051007748268 12.306619712221028351
17.572845288302254119 13.493815428087668096
11.384389432793645014 10.618387843522919312
10.131938402472533411 11.186979029712983191
8.324285657658384352 10.84360972657065858
8.006482747272077205 12.520350711987658698
6.4523500828322539746 12.084923800235888081
7.9183704882029752881 20.247814165255945795
6.3579202377525003698 22.433960575601730625
4.0875362539895334635 21.493351307762566194
2.0623242855072021484 23.710730041691459036
0.05841558514327971352 21.290662705407221722
-1.5638368466554322112 19.284516402625765608
-3.8433919496629664891 20.400682745654872718
-5.8528587633880349017 20.002560070777921197
-8.4472872609939138044 20.427946372417633114
-9.3236871681370061538 17.89626720630717216
-10.997372522134311268 16.729026214042292509
-13.052933416231356389 15.83460578649022743
-14.019878386315028251 13.909166741566719949
-16.826323781378128785 13.130129168263605877
-14.661071766840720443 9.6704991343052775221
-14.726676436072011711 7.6798404302179843484
-12.748849307213882653 5.3729752385979132612
-13.946454244853942583 3.9073547882682855281
-14.938472614924844351 2.2247643470764160156
-16.447053346802885443 0.27935018538520095532
-16.324731151573107724 -1.6835241652369670184
-17.838847828943560359 -4.2415174015625991544
-15.986341497803994827 -5.8110192390172148436
-16.570739592872307355 -8.5330402920170556058
-14.277795687525905777 -9.6470259067354859894
-13.55030405848875219 -11.832909701411331582
-11.614370072935654932 -12.964743656021184393
-9.9513837130279867438 -14.310689803166052769
-8.2605468424755894574 -15.654972785835685301
-6.0202844307536249602 -15.929072814267499325
-3.5970187946222598185 -15.192896623282376112
-2.4652489693749437549 -19.075800655918389026
0.035918523301200711018 -17.055179963938833509
2.0623242855072021484 -18.245097536122980131
4.0920182237940849745 -17.086466594303548305
6.3595442125563632629 -17.99207307009263701
8.210623495487080703 -16.697748331074315331
10.257821301309352435 -16.182613306999336089
6.3292313680078304827 -5.165736945584995965
7.1342802279760002548 -4.7561895375732401448
7.3503130777429008802 -3.6481404074729608666
7.7821832986117209785 -2.9254150958677369587
5.8260179678451251561 -0.50972049711677325234
9.1516197751895802526 -1.8682406934025754808
7.7771013796640149351 -0.3196187305451925198
21.212824573469625022 -3.9976091947769676338
20.534128821238343932 -1.7015393485884171554
18.170342688553621002 0.53174368627619772454
