81.442699029357157769 10.13109588623046875
81.613315396803784552 12.235726599577656515
79.321540875844121388 13.900246832436462086
77.200319027657570814 15.203493534915015317
74.850664153497717734 16.035535926627979109
74.365952970366038244 17.507827838392813646
73.305383425518769513 18.643483286393660592
76.67388013398490898 23.713507318260646173
75.677939870635540842 25.7783581648955753
72.479370263058640944 25.120302120343822594
70.860240518375348984 26.189221688220374773
68.474631582986106082 25.596284033952183989
67.202987218196980734 27.40893163459918469
65.884677989359076378 30.340292584265263542
63.614286536133903383 29.399681395972226738
61.589080810546875 31.617060150334037161
59.585178471912655596 29.196992786138149967
57.962918619824876032 27.19084844700039838
55.683362967297426849 28.30701478141770977
53.67389428027113496 27.90889022167189637
51.079468984947745014 28.334276457573928099
50.203069116260643057 25.802599220682957082
54.562405698641107676 17.935008428844184891
53.878749104595328845 17.073506851669556283
53.814699180615946261 15.77951281985763643
51.273792927895229354 16.086629186226463872
52.468505836697424627 14.191839429958651664
50.274845636732550247 13.807311903663425312
44.277281325389608924 13.810832661033977331
42.752188490050066605 12.110932346607274468
41.650608195622027097 10.13109588623046875
40.25158937683971061 7.8884359615111545594
40.701399539098872538 5.6912819327000603309
45.370048799368106529 4.8612143297750449733
47.936021785718097021 4.0523628569385383713
52.787842986473371809 5.0496974874062896532
55.05878459464886987 5.3865582033284713503
55.211711953750523207 4.3888918951418443015
56.253971311409749489 4.2058587210481617191
56.777276693647820593 3.5082211624749026768
57.106510841754975161 2.3670607341606633156
57.48128008758634877 0.9048273324132232176
55.929736200556035897 -7.2865646524773381998
57.06150625365196305 -11.169468616562991059
59.562681475965788991 -9.1488479269618352419
61.589080810546875 -10.338764566457452787
63.61876849549409485 -9.1801345589771692346
65.886301971053129023 -10.08574104530919513
67.737381680903737902 -8.7914163178621684835
69.784576625501685498 -8.2762822485801770256
71.901105562548579542 -7.729854346714027713
74.248367004507827005 -7.292925917971992078
75.755025690776989222 -5.601777349759224478
77.253275274800060402 -3.973004911706674136
76.110891472076104947 -0.41961380599630970778
79.924541285440142246 -0.45488513485510040368
78.531022897264108451 2.5880558402548476948
80.739933719375684973 3.9086076643877545322
80.060887012536397833 6.2047920587871399078
79.774289367414908725 8.2197544917545819487
