75.444446160704814019 10.055782318115234375
75.615062528151440802 12.16041303146242214
73.323288007191777638 13.824933264321227711
75.050065729748226317 16.378470843655236422
73.666009898721654281 18.103370823285395375
73.05311729606263782 20.137636231290208855
71.10135059913676514 21.324833895897612024
70.675627279492701405 23.638191827070354378
69.679679200284169838 25.703042844575353598
67.352539211258346086 26.244386590902394119
66.178111806716543697 28.393494799750065738
63.503146424456993202 27.82712472610269927
61.446875771077415607 28.078834534271109646
59.886425120706739733 30.264979016150029167
57.616037370418943908 29.324369746952047677
55.59082794189453125 31.541744674870169973
53.586925595040817427 29.12168112450764923
54.672801111190956647 14.37477743289895038
53.985806918461911152 14.995536001927266767
53.49909739636358097 14.753880075841195207
52.331033986177487805 15.701925145387138016
52.748917626650545287 13.967342399993631474
52.183304726316016797 13.840223536653047276
50.965857699356085675 14.22012186083753349
50.433771123073839249 13.802604111317846147
36.443997102201187488 21.110208803978977699
37.658847808152152936 18.039614938642674957
36.843021892540818385 16.147313921364933265
38.279032252459245456 13.735519003647066683
36.753935621397722855 12.035618778492040093
38.058078898747027097 10.055782318115234375
38.626082032680926659 8.2727151119711770377
39.318285662994554741 6.5969474010091833094
39.637958810620077088 4.872381832660956924
45.521741834277250405 5.5727350400303370392
45.373067134337659922 4.156553840026726121
47.358959281244366935 4.0749828271064068019
47.356556109856057901 2.6416145232212535632
48.183639895763235472 1.8292616512857513555
52.133752896921421893 5.2975201409816463638
52.818279823592497735 5.2535928729460730224
53.768343614404919606 5.9624100407976401428
54.728066259717074615 7.4004644558371648344
54.294104256326683355 3.9551655108348375833
55.181936831956321043 6.1654525796596821863
55.59082794189453125 4.8338004169104662466
56.069151049737143921 5.5048077203051750672
56.979609743178748715 3.5220909685268777523
61.739128812251387046 -8.8667298859774028585
63.786327595325943207 -8.3515958061081612129
65.902852693896235792 -7.805167914829262088
68.250122149069397892 -7.3682392072261784222
69.75676494610273437 -5.6770911399387298246
71.255022406147716652 -4.048318479821908511
70.112638609234380738 -0.49492748532319374988
73.926288413101332253 -0.53019885464178706513
72.532777572644391739 2.512741841995053349
74.741680850723341223 3.8332940962725201572
74.062634143884054083 6.1294784906719055328
73.776036503012264234 8.144440487235394599
