18.989291741759494414 4.0957627296447753906
20.167775921507185899 5.6576950673605566067
23.039440217071053496 7.8649140646306054947
24.766219823982460468 10.418451745183681112
23.382160188242718135 12.143350745158313586
22.769267566023540184 14.177618097324586444
20.817502815011607709 15.364813796575830906
20.391781364195889381 17.678173684446221614
11.667366998587553439 11.159692864600824436
9.8556624947908701984 10.356482423620811062
9.6066884159404306587 11.543068998820196214
8.0872670741800884997 10.340375121891279164
7.3254210660122787147 10.307874676680309989
7.1294530821086521399 12.66982620427496542
6.2568089666297854734 13.132789906448564921
5.3069825172424316406 25.581724609562552786
3.3030737704353692052 23.161661088184278157
1.6808212308312633354 21.155516685094937657
-0.59873368562723250363 22.271683026700209496
-2.6082004933975797556 21.873554655681338943
-5.2026293188789871635 22.298942818076028516
-6.0790291984361353173 19.767267479066298108
-7.7527140780432137745 18.600026480492310554
-9.8082749603690739804 17.705602245837610553
-10.775219916660827124 15.780165123447426723
-13.83984874654341013 15.150190737376435735
-12.624997137839415018 12.079594877430414712
-13.44082686740503263 10.18729481763008593
-12.004820300330528937 7.7755000068993771478
-13.529911235563563565 6.0755996497546425061
-14.631489620845254507 4.0957627296447753906
-16.030510342703895077 1.8531020490213916396
-15.580702104760472793 -0.3440509518198089367
-14.594189357736411239 -2.3705190222360998931
-12.741683028129955346 -3.9400208553712747772
-13.326081133848518334 -6.6620414133337746421
-11.033137218797808288 -7.7760270453676447744
-10.305645582950203831 -9.9619113248233368552
-8.3697115998884026311 -11.093745276058093907
-6.7067257231361363523 -12.439691418109429577
-5.0158888549323261685 -13.783974399934056265
-2.7756262012889312274 -14.058075384362549443
-0.35236050782720873542 -13.321898239237313533
0.77940913302034342536 -17.204802271196694363
3.2805767111207257969 -15.184180628170498295
5.3069825172424316406 -16.37409819988030435
6.0776870448624995547 -3.2370143201352012952
6.853899585407501327 -3.1819030984913929672
7.2238556812826484332 -1.8037549681221296538
7.8458582743550167038 -1.6066470862612289849
8.6590850717655847291 -1.7102461396274311056
9.8775430320343300394 -2.195068487051648809
10.521679518725164826 -1.6957466244841290504
11.655971935112523497 -1.6208908930969929685
18.566934719836261536 -5.5381534909777236919
21.609353861840524758 -5.3164128227680844674
20.47639824719966839 -2.658094742071798855
24.457834948923558471 -2.1267254931536525575
18.289021176704480354 1.3363445584425721613
17.251729260673357658 2.8403190751239764111
