79.442782952697001519 10.195026397705078125
79.613399319196403781 12.299658073738818587
77.321624814613443277 13.964177271321119633
76.277246222867290726 15.617309002025137943
74.319307340083355484 16.75330936837504936
74.12547445356000253 18.587568364730408632
74.022607695331316791 20.681534686924351263
74.673971712218957464 23.777437801414997409
73.678023682796720095 25.842288776475893286
70.440902858744308901 25.131154931948664455
69.333491751841933137 27.072699916001532472
67.347197889131905413 27.619839752612858064
65.445212714707253099 28.218076657242249894
63.884765727396192858 30.404223095739872917
61.614374274171012758 29.463611907446836113
59.589168548583984375 31.680990661808646536
57.585266209949764971 29.260923297612759342
55.963006357861985407 27.254778958475007755
53.683454366710883221 28.37094524307531529
51.673982018308244335 27.972820733146505745
49.079556722984854389 28.398206969048537474
54.619134280388600189 17.035694352016278685
54.320275330244463419 16.046727480307957592
53.324149338055562453 15.836072459379387567
53.119016637406673453 14.895867737990176494
50.446331852086260028 15.473646725309285088
51.462463364663179277 13.813269845936552827
40.841358689767382373 16.286558017064550086
42.277369063426718299 13.874763172508586706
40.752276222835988051 12.174863761794426864
39.650695933659136472 10.195026397705078125
38.76828630206540538 8.0066649186388154646
39.365435348266714755 5.8963380665060691754
44.234665209166600164 5.2060462247964762739
47.291448573916170517 4.7197291234856484365
46.692151310003538356 2.7489279122291900848
53.456157824162829684 5.739131079904967514
53.857959778835180487 5.0346276787674080211
55.022751193103559331 5.123504061053945513
55.640657305683390632 4.7603656068840445315
56.089989929003209568 4.1342606533054890861
56.937277536110315168 4.2387810192654864494
57.852862960171179907 4.8512368196055977165
55.061593991689072425 -11.105538105088381684
57.562769217045783421 -9.0849164621327282987
59.589168548583984375 -10.274834054982843412
61.618856230644261984 -9.1162030941316700705
63.886389709090238398 -10.021810533834585755
65.737465622132731369 -8.7274858005750139966
67.784668202015396332 -8.2123517265183174629
69.901189403059987626 -7.6659234062232677331
72.248458766580739621 -7.2289947775669283203
73.755109504682181409 -5.5378464599828660653
75.253366926007160487 -3.9090740524484051122
74.11097551888796886 -0.35568288615842114098
77.924625156677436166 -0.39095456461315158947
76.531114400873804016 2.6519863606029261405
78.740017640231286578 3.9725381682166567288
78.06097093966485545 6.2687230649229164214
77.774373294328043471 8.2836850372267889497
