45.352529603127379687 13.629864287720913296
44.917363340225783475 15.170356293363125744
43.725311343763330285 16.317953343933201182
43.956370527332879306 17.701886179964848367
44.393224838854933978 19.164929744278055068
43.738576642715329967 20.670453532794045515
42.998901520012076105 22.285782716786080471
41.806139163009532922 23.55012828152985449
40.70184207390063591 24.917383193811605935
39.93591273717662915 26.560454365245334429
38.717066316818353755 27.738586186342029549
37.480388130872739794 28.644051613001156653
36.152925432884316592 27.80896990321955542
34.935453673286339438 26.462679365122383501
33.718270036644192089 25.115049707632117304
32.501086400002051846 23.767420050141847554
31.284177148430558191 22.419322584198756232
30.079012557829180707 21.051201245730691625
28.889095320487101048 19.655750967363591286
27.661659138204605313 18.476202512748507445
26.853385408317226535 18.811820359271756331
26.099871827585925388 18.811532006608935319
25.546646123821719954 19.798211579457095866
25.050432516582347375 19.183905400053983925
24.479145382212649906 17.973626817083513174
23.864070712581735734 19.024248092853078163
23.247841122516874179 20.722343105349004588
22.63161153245200552 22.42043811784493812
22.01538194238713686 24.118533130340860993
21.399152352322275306 25.816628142836783866
20.78292276225739954 27.51472315533272095
20.166693172192537986 29.212818167828647375
19.362787433255657987 30.587219204786045168
17.776425934208976543 30.681832498645363216
16.14732818552666771 30.492715467356383385
14.948321674615307586 29.809915452240815625
13.928303283961840364 28.612881551860272822
12.569185572988311961 27.467535529846998088
10.982368476992842687 26.602582665536861128
9.8448794118546700815 25.305000432211546268
8.9102737934065174841 24.042675820846778123
8.2631727208060326006 23.028568055389886382
7.7338478323244821411 22.084065002914876175
7.5627327992742214846 20.994380724576274133
8.8813654731658928654 19.84499220158321009
10.380299204075795316 18.840035015383055139
11.879368806166581862 17.835186669677860039
13.378274885707869046 16.826501267843809728
14.875841517904213163 15.786385738114766752
15.909023184009758012 14.723682742094187148
15.013280698962619297 13.607464875390839154
13.533791755747472507 12.500906739044959082
11.955006074172244368 11.545437823403178257
10.316983409329834487 10.770562629551346134
8.6565805066255361311 10.070928621430823569
6.9960487597193807829 9.37172778075837698
5.8518517536686900371 8.7397388732655869603
6.0882030858900648695 7.7280302285143971375
6.5597007712866925999 6.1814267133982001567
7.1407898967899399167 4.709168568770246921
7.7814725159584838821 3.3901698305511445142
8.4727689327456232604 2.1923139641911326692
9.3491820404508239051 0.90294724302696671714
10.364968847885030812 -0.36210270181171466675
11.410803952255687221 -1.4729407293179157534
12.753803604559786677 -1.3473951305976623605
14.074939485289201357 -0.15501967556508622348
15.384528904388750092 1.0847522141123011608
16.694118323488297051 2.3245241037896882119
18.003707742587845786 3.5642959934670752631
19.314039453980541339 4.8029677930386611706
20.749541791099396448 5.859587681320705066
22.357624462627303075 6.7305297475743746105
23.596634275580843365 7.8188346599756419764
23.932358371609236514 7.1827001611574594619
23.879471662603396709 5.6586737340486461534
24.398112991292670415 6.1271626090564996758
25.194237357107340358 6.2228536893843573452
26.22719171144910888 5.2349427619783108767
27.030744610093464075 3.7453374876222866874
27.786956542541879855 2.7862538937025664865
28.99635413827427044 3.4357728969811547337
30.771599660166543799 3.1890883949019199761
32.400806024830906438 2.317142969291850374
34.010238721911107973 1.4382355171297194207
35.650364045836461457 0.7858332921202394461
36.083598366995737194 1.1858219145929178584
35.210943753078680629 2.6911587128644653966
34.267155172335300506 4.2563280693974654412
33.283102320146085162 5.7899865397801395517
32.210292340491065488 7.2534994550374705113
31.740292304142542434 8.2809998988865292091
33.104775766749810373 8.0380541448255673487
33.680463395465729093 8.2635873191896340728
33.002259306370085312 9.3583432560416746071
34.199515493877420624 9.6843943199946878053
36.030229496171720882 9.6038292654485069022
37.837682405677291797 9.4339249350451481746
39.644580128283365639 9.2619383343577990075
41.45147785088943948 9.0899517336704569459
