80.441058709532939019 10.229074478149414063
80.611675076979565802 12.333705191496601827
78.319900556019902638 13.998225424355407398
76.615037661172038952 15.43675462612528726
74.523729326600189893 16.433910512073662602
74.191384802617761807 18.083314960474368149
73.492303758371051003 19.605008020141561076
75.67223981416069023 23.811485910179591485
74.676299550811322092 25.876336756814520612
71.313758997558977626 24.992587962083995023
70.017757124180491246 26.562863583067013451
67.811904407586553134 26.455489199534476086
66.443488290491970361 28.252124796513712113
64.883037669534857628 30.438271176184208855
62.612646216309684633 29.497659987891172051
60.58744049072265625 31.715038742252982473
58.583534493798040899 29.29497139449610188
56.961278300000657282 27.288827038919343693
54.681722647473208099 28.404993373336655083
52.67225396044691621 28.006868813590841683
50.077828665123526264 28.432255049492873411
54.383832288461562143 18.767612672089281745
54.547814640537723108 16.936751888602739058
53.668017669598441444 16.459352115238786496
53.52758982093742901 15.358352143008847435
50.930226102432044399 15.804669772164462671
52.101692151863723268 14.007176554526848733
41.839630631906054248 16.320606097508886023
43.275641005565390174 13.908811252952922644
41.750548170225847855 12.20891093852621978
40.648967875797808347 10.229074478149414063
39.24994905701549186 7.9864145534300998719
39.699759219274653788 5.7892605246190056434
44.762985498304658449 5.0873991981559063547
47.609086964613872794 4.4507386214651720735
51.58398560800240773 5.0309252869841838418
54.278148783967623103 5.6451040471398234999
54.54390757002887824 4.7874520478552895497
55.653164323081327325 4.7490008582406471049
56.237306529647291597 4.2416253904656908702
56.653229302598745676 3.4148279753314909613
57.443674842779209655 3.1680700953934906039
54.928095880731817147 -7.1885860605583928873
56.0598659338277443 -11.071490024644045747
58.561037457248964699 -9.0508693472144337022
60.58744049072265625 -10.240786928212823881
62.6171281756698761 -9.0821559670582239221
64.884661651228910273 -9.9877624533902498172
66.735741361079519152 -8.693437725943223171
68.782936305677466748 -8.1783036566612317131
70.899465242724360792 -7.6318757547950824005
73.246726684683608255 -7.1949473260530467655
74.753385370952770472 -5.5037987578402791655
76.251634954975841652 -3.8750263197877288235
75.109251152251886197 -0.32163521407736439528
78.922893222563800464 -0.35690681430266657514
77.52938258066174626 2.6860343202009113739
79.738293399551466223 4.0065862563066998447
79.059246692712179083 6.3027706507060852203
78.772649047590689975 8.3177330836735272612
