45.292678429991916289 12.782162666320800781
45.4632947972983672 14.886793381001714565
43.171520266046137237 16.551312707934712876
44.898298001295799509 19.104850231229494995
43.514238359656239652 20.829750203566106848
42.901349558066293355 22.864017545785401353
40.949582876929902397 24.051213278721316868
40.273977814586558566 26.139574643510329111
39.23039583286066545 28.098987230631351508
37.200767663703651067 28.970767894340372806
30.506257662171858414 21.558804778143894509
28.066270302238880419 18.682969145966730196
27.099619425961464003 17.892818658913391516
26.859647615428386302 19.465504350514148513
26.01300972620082419 18.242885937590202161
25.439062118530273438 20.498016800114314151
24.840676010023280185 18.475400895465476481
24.463182814033679335 17.37332238625980807
19.533346093514751374 30.958082486227223029
17.523873733431024391 30.559956071473614259
14.929450313975721087 30.985344203488672576
14.053050409982487778 28.453666944085981072
12.379360376539644051 27.286424121675743493
10.323800312733013129 26.392001664971040498
9.3568592101643801584 24.466564586554547134
6.2922303435660325022 23.836590137734525285
7.5070824667351345738 20.76599434465135019
13.753205808780046837 16.579126237546351064
16.414285268166207032 14.700437437253068396
15.28711967231877189 13.849174490321868092
14.026585711796345279 12.782162666320800781
11.654762827428305272 11.333374583756066656
4.5513770212186521746 8.342348765323938764
5.5378907095278400163 6.3158819015402043462
7.3903965731578864506 4.7463790813047506134
6.8059979893918729488 2.0243582870199556822
9.0989419040260592908 0.91037289354749795223
9.8264296328680664772 -1.2755114030310359396
12.146932840503755102 -1.9802394020345719383
20.368244193739794667 5.8027730164956885517
21.644081927735793869 6.2090637646681825501
22.867815756673703476 7.0070538768275749675
24.030882081407543893 8.4482429614335394774
23.7756209024265317 4.9562553986745445656
24.835863577080374398 7.0431162029816123393
25.439062118530273438 5.5249200877783861685
26.180879108316609916 5.7242638520615765074
27.682912005833404834 2.2256908726663358067
28.435358801248547422 3.5604983440238502368
29.522302795996751001 3.6110499341459760814
30.965101010602950282 3.210786391299906839
33.574756156489243608 1.5843315507526423147
36.600069008435127671 0.38661452906346660541
33.507299571981135955 5.517486485450593392
31.214094520865462101 8.5863556759028849541
34.263152838605407169 7.687571489542698977
32.489580116795799825 9.6430679122797009484
34.87637780473957605 9.7157918639493985324
43.910866417769874204 8.8558588605126828952
43.624268769836319848 10.870821288843711017
