47.624038555314712085 14.187567359571279013
46.823890700740086857 15.567366326212402683
45.437077177388822236 16.45586027546107033
45.096765299514501635 17.453020026276281129
46.156837775978885929 18.671209858880960297
46.710022248635198139 19.98884537190167876
46.125734220447220935 21.492544769298159935
45.491730046884505612 23.052948767293440113
44.302069834194028886 24.19792085784885316
42.803357920262911307 25.079403879703747293
41.380353447596945671 26.021998158473483187
40.015834090099907883 27.014239378010994841
38.697721747958297556 27.811494491795798467
38.442122871020302455 29.302109472757798869
38.251674982009205905 30.589703326900362867
37.34597648804309955 31.099182628117080895
35.897655882460767884 31.29104198162409034
34.275016927967548952 31.221237662689986792
33.335554960952130443 30.136716777237886333
32.703199611598606111 28.558895215823355329
32.072879428697447679 26.977804597576721335
31.442559245796285694 25.396713979330083788
30.812239062895134367 23.815623361083460452
30.181918879993972382 22.234532742836833563
29.524146252407472701 20.658238866871879935
28.771164097170625951 19.372903016939659437
28.16589266482128906 19.833566030068229935
27.764125055671236453 19.335950563409010527
27.491817555790447614 17.664988799236642336
27.125935654534060859 16.974674095434806986
26.198078653601914567 18.11947357968712069
24.954146900219797089 19.326513372363230303
23.772234056537030256 20.611806282620456443
22.657862642632238703 21.919916418348890375
21.552439783809031582 23.230671071668222538
20.447016924985828012 24.541425724987554702
19.341594066162620891 25.852180378306883313
18.236171207339417322 27.162935031626219029
17.121216363974387065 28.404489163977029165
15.848766482486450258 28.517999196108569038
14.367766473844852726 27.694861864815567998
13.057715887436147639 26.716790274971710772
12.023601450764886067 25.454981562349757951
11.248748074789023832 24.351109788504928133
10.682783738899544801 23.430661045133277298
10.190280391482659184 22.525952779695302297
9.8277353892618872777 21.304271840904366542
9.6021919730001048521 19.800300715489782988
10.575454667824072175 18.808163670230758413
12.075638255915150054 18.010871476882687858
13.577420996944823628 17.214170618441787752
15.029003133507943701 16.399482471405320894
15.410000295956297833 15.221843175055425945
14.454873762808325921 13.784785092311164334
13.142719060067506121 12.61047601019318698
11.716597083706306037 11.611174557074395608
10.243740827706744767 10.751533107557960989
8.7633906802419030413 9.9145971269995989417
8.4508647732341550807 9.1804088752290731179
8.7748729576721196111 7.8939141642071586347
9.2516450785630688358 6.4456251445266188327
9.8224385462092449472 5.070283351979878006
10.428646337827860435 3.8603315827697084472
11.094796508528077084 2.7264747014900301281
11.933618106096496092 1.5033977772047943944
12.823751736001380408 0.38882183669165470974
13.425330062402339948 0.15959753124607556352
14.780267296898745855 1.1812271236391880258
16.138192025085924541 2.212497670768986513
17.496116753273099675 3.2437682178987863324
18.854041481460278362 4.2750387650285857077
20.211966209647449944 5.3063093121583833067
21.621262016337432499 6.2183428482137586002
23.282668571313831052 6.375615263042136327
24.928625649872650172 6.6575250092897748644
25.916495952501097833 6.90375877571528207
25.972019143222013327 5.4576765271876324093
26.067363417701166384 3.941063087656065278
27.147686203156869311 3.3709373936947577555
28.326682176931228696 3.3778639601715139129
29.438853518672093657 3.7180491385593188447
30.799926547297474144 3.4474122140556895388
32.234508356156673869 3.1097094912704448255
33.211716479020743975 3.6863431197191394162
33.608774879241970268 5.3272288160975973526
33.877379537879434679 7.0378215543397013576
33.594209579169749702 8.5512756818931983105
32.731574163701530722 9.8016958000253797678
33.388545403971427561 9.887555423488459283
34.83882407044620777 9.3785799092217096984
34.837545268957825328 9.8974201738752523028
34.952098618384532358 10.421912284699539342
36.488428521075455535 10.050849033552751166
38.135725975498857565 9.6097259755708428486
39.783023429922245384 9.1686029175889309784
41.430320884345633203 8.7274798596070226608
43.077618338769028128 8.2863568016251161197
44.724915793192415947 7.8452337436432042495
46.307631522317052486 7.4683649249977612783
46.835199995087322122 8.1417891518487959246
