47.468871667296603789 14.906919479370117188
47.017307095015020479 15.794972672395900304
44.677459791173355086 16.205515927681865662
46.762925836882146768 17.569596714292469386
46.13430595108479082 18.275634919401852585
46.833299166782680345 19.678865503664745518
54.078565466928438354 26.175970982058117897
53.65284590742239601 28.489328988325237191
52.656909605841619282 30.554179705513085707
50.329754023215500069 31.095523753083814
49.155330483150372345 33.244630025652426752
43.185431719799616701 25.277726309869976262
41.681338776625182163 24.488651189294980526
40.984481579931738793 26.275381766584615661
39.679540799957514707 25.482111276329270311
38.56804656982421875 28.725407089420954776
36.56414055646058614 33.97282020868625807
34.941884379102219782 31.966672040140046818
32.662328701666261566 33.082840273812720966
30.652858194288779004 32.684711935106705027
28.058434702135929939 33.110098119064758748
27.182034875537986807 30.578422813822605519
30.77823746445634967 23.558377654067957252
30.310332471832541756 22.342193104795128988
30.276634213285070985 20.930982989503540637
27.735638044407238567 21.161008619722156965
28.934894573380333327 19.19587450300869591
26.794777405583516838 18.732288177562093523
21.256247084666956226 18.586656254173625769
19.73115233258023693 16.886757757674402569
18.629573954899374399 14.906919479370117188
17.230553227252283222 12.664259569075907663
17.680365298376212735 10.467105525839709657
18.66687421590152951 8.4406377339729630194
20.519380548574211787 6.8711358921989038606
22.96198378898444048 5.8967560047316531779
25.667438599424098555 5.534082584176777786
25.944719708608214859 3.540823298190243662
27.779041450242640821 2.9245236520734110286
34.620157071881301647 9.4731160785927777113
35.521141374030783311 9.62953523910822895
36.555414975659253685 10.386482723943309736
37.577190596590277494 11.8573873637224807
37.19540569565894117 8.4491561230724698817
38.120432409900104176 10.64816151672944855
38.56804656982421875 9.3348384914038753379
39.082364333479596041 10.013543290060752611
40.03172179869899594 8.0208558489445849204
41.898297076611704881 4.6574615003774724187
42.95713832957999756 5.0488730356758271256
44.313451591960209441 4.9555924751484603519
46.356224280561988849 4.1874163751898585417
50.448495633413500627 1.7123443206663750971
51.207300537825190645 3.5264865353229026823
50.047121099975697689 6.5668874228661380243
55.391746267424409211 5.1937512713911591078
55.509992422114045496 7.363879442267965203
57.718899478653028723 8.6844312575274038579
57.039848966313897449 10.980615695197215587
56.753251315568277846 12.995578118891828012
