64.907230205842139981 12.229229228764069148
64.56428151862166942 13.71497279717782547
63.394543148865508897 14.800494754264502006
63.338493840856074257 16.056995008852286588
64.013232414783601598 17.30287741100249832
63.09430120443169443 17.370702744311373067
61.454515304339366821 16.914564948143322454
59.809952368529728517 16.454954897969464866
58.165389432720083107 15.995344847795600174
56.520826496910459014 15.535734797621751468
54.876263561100827815 15.076124747447890329
53.23170062529118951 14.616514697274030965
51.587051423555692509 14.160526501061390547
49.927353908295813767 13.931640510008698186
48.562915099084435155 14.009813468135703829
48.347122834074014008 14.946979412712465773
47.767425603914574594 15.524835322842985619
47.166020251581841194 15.731944618549491111
46.392306992197845261 16.031532592875851861
46.405602925296726369 17.649451973687529716
46.49521296518758362 19.357130062065003528
46.574309188204495058 21.063397399105490138
46.65312663577400798 22.769627329860526288
46.731944083343520902 24.475857260615573097
46.810761530913019612 26.182087191370619905
46.88957897848253964 27.888317122125656056
46.955888630437847553 29.564303817029372823
46.550475704943167443 30.099688474111683689
45.48648005627145352 28.98120929202735141
44.616505467391277762 27.529192658115000825
43.951926372803711729 25.93381862216287459
43.235017714747463913 24.356367315615493396
42.342605362316085404 23.474283788999361633
41.179752612101594877 24.367910103927926002
40.028464740259074972 25.646263120654719359
38.936651841493493009 26.961368896452015065
37.843811993555888762 28.271611572937242585
36.539809066763069723 29.220731247384264861
35.259154133293463929 28.900796106030231414
34.135911595572416388 28.225756704060067648
33.203011828558501861 26.923052572679118555
31.81642796232960535 25.938328027613039239
30.417147029377112233 25.12016069738241697
30.189420788684568464 23.748266966213719797
30.322142867241989705 22.234849846091520931
29.152470325001441864 21.570645348473298952
28.090163239514168936 20.798712821472626899
28.026697530531549774 19.267832438639864279
27.111605359491768752 18.084090641565310875
26.697071104519608298 16.898645530367140566
27.307348883696782593 15.466759034865631861
26.78088231665222807 14.101061427382532543
25.766439579954120376 12.683501343798294414
24.995764498559925215 11.179053923635553502
25.056000922726937574 9.8588094613165750957
25.109946619427567782 9.2813026365945869856
26.464018915584013314 9.2977005870843090207
28.168464441139555277 9.3647113586751533632
29.872909966695100792 9.4317221302659977056
31.577355492250656965 9.4987329018568402716
33.28180101780618827 9.5657436734476846141
34.986246543361744443 9.6327544450385289565
36.688474758710377444 9.6122698761033511516
38.388246567564266343 9.2703641706251946886
39.334387840549801751 8.7671692315658322769
39.268187028173436204 7.9436050036587291245
39.931854477957671179 7.2496335430251042098
40.239330603473383974 5.8502727764804101085
40.046574538426369827 4.2341780572548417538
39.514876084429822356 2.6127771769115262224
39.258131525373997306 1.5150840982415152425
40.061596549587477512 2.3279331129748874751
41.153828228755457985 3.6621042284027254254
42.213506290463755022 5.0189072730180459558
43.13934851300004425 6.2133292979281860013
43.438005760473032524 5.6102054950854931548
43.463129641750960275 4.3323136884777966316
43.982094138108834613 5.090324612258654291
44.730433915488539753 5.58738066524966559
45.614882503447283568 5.442265415151921637
46.673919069448302821 4.6396625114821263836
47.822970814444758503 3.6088626300664135016
48.770441814707908179 2.1755144602914069374
49.634593361371948106 1.0529432585621683049
50.121883083371969292 1.8663897887716600632
51.071780049142880387 3.0660142145003321801
52.046925712970569577 4.3714015466227964524
51.846570933671436876 5.7670947439172426385
51.654674489033382656 6.6434924131295156613
52.985420410585071238 6.2015504163961381323
54.567415007840651242 5.5430610522637788762
56.154609171646541199 4.9012521696564217422
57.809728582114075834 4.477351032062051317
59.519514344539992123 4.2288224115919090806
61.222883075375285955 4.0323428724553629365
62.815027129934875916 4.433194657591093879
63.837823243802617412 5.5061432978242379477
63.605490839923156443 7.1056376885730445636
63.3358603508048148 8.7969210598395815026
63.86784107457572901 10.27686693868040102
