95.964942486572383018 5.7084883356215003758
95.7834230828113391 7.0743112930960343476
94.780146366664638435 8.0651036574426075987
94.183419075571620738 9.0730045997613490982
94.815790097941146541 10.30831865908784728
94.972781423596430272 11.499411138426410162
94.425626215243426032 12.765070102359755921
93.802308423965641282 14.114510460345531584
93.0146816014086113 15.316132844780319999
91.881617795466198118 16.260240588874872003
91.322811671872969441 17.584434114568239238
90.57772025654425363 18.759296201000580595
89.583240471809943983 19.738644495616142649
88.556075216717033527 20.619725422233223355
87.444006558870853496 21.44852873945385241
86.422346729716437608 22.111112908447093872
85.933027462801959473 22.39828301061028526
85.038103885687490902 21.278443023982106297
84.11220151218961405 20.086066301704420312
83.18629913869176562 18.893689579426730774
82.26039676519391719 17.701312857149044788
81.326517954965055424 16.515807426362055566
80.312548468650859945 15.399296008770249955
79.272395595775080324 14.599685532226166274
78.39825500480154119 14.997757460102453919
77.440009504493644954 14.84239402627911808
76.666205564984750254 15.334005238998845044
76.028330067633731915 16.332483731128270676
75.191657958398309347 16.025339205529615327
74.520613349173089546 16.654614806344969935
73.978316564335798944 18.045518433066529695
73.438053334767317892 19.448454755205489164
72.895854503361348975 20.849675904333587084
72.138803867996770691 22.060512849254614309
70.875552303396091247 22.799082237711328247
69.441335145069800205 23.007991909739100578
67.942312038040483912 22.889295144248254843
66.659123043663925046 22.662658129714699839
65.664096113933368315 22.095940007298938923
64.788094863820916203 21.205028286810932769
63.821128189471998837 20.106544930884538758
62.519061854083382457 19.326271302341083924
61.308613865947904742 18.517621795514529026
60.369828323268691861 17.415291912557187004
59.588694914390160307 16.35816301923349414
59.024788422958074818 15.493100099572565398
58.566172276880955394 14.708847130499695055
58.132479086228698861 13.882060561954004285
57.877470763886108784 12.705002218197895658
57.570418743506252213 11.304939195198011603
57.97743812101169425 9.9796146753866725732
58.399023830200043506 8.7126109894849790294
57.714807643327688425 7.5208953071870503493
56.826948134329562379 6.2619058624922576684
56.209110113916629814 4.8814443265284657159
56.119905388338146679 3.4064557397134764827
56.294638114330524559 1.9253515883598035785
56.577102425420108034 0.47060645708741422055
56.94521045205747356 -0.89066265339743466711
57.373136907874112467 -2.131193359002688581
57.882112441943569081 -3.3423382484027825967
58.415812926568364105 -4.4176498622290392149
58.983600453162736699 -5.4108717199448115309
59.675395186654249358 -6.4678934563502235022
60.497283857479558833 -7.5597081143014772664
61.387236078942208906 -8.5879108164297424111
62.388528710069806493 -9.5941252195697330762
63.508375977194532425 -10.566956533234881377
64.710760389706678097 -11.463425701191106043
65.955170666188323025 -12.254550057548307507
67.206148204432608395 -12.928065756970831046
68.648785866880629669 -12.915929641728727262
69.996009040756661079 -12.700472354151779442
70.731094679910498257 -13.583893351380801562
71.309687725707391337 -14.421204190172403514
72.041887821816828819 -14.585573032398961857
72.931749831648616578 -14.746997210646984655
74.081749060100989368 -14.53725965951812249
75.471994168009857162 -14.656657588613025922
76.866119095050422061 -14.460441807541693393
78.216484658026971033 -14.176166571563539875
79.545579264375774642 -14.685651107753116662
80.770921241072343832 -14.428708425365478263
82.147409052561428666 -14.042189006630167114
83.555497467103705844 -13.533068350108685252
84.924113260582871021 -12.918764294669347947
86.215070138820806278 -12.220006272535947289
87.382701414330753664 -11.47579089826816201
88.488697174131772272 -10.658402059849066745
89.57546307374200012 -9.7307489380761982289
90.560910046339586188 -8.7619925083974266045
91.243652842118478929 -8.0050393475449475034
90.957232919545248251 -6.7024484394149093092
91.088113891321512483 -5.7007820365487793524
92.383989956681801914 -5.5598999601469500931
93.259598671360947719 -5.1918199581478869931
93.658931512867127367 -4.4859996266103721041
93.390476019895942272 -3.2897907080824846382
93.691766243374928536 -2.1885727200733060549
94.753309141088408296 -1.2983832756280169196
