40.317512109191135039 11.324490547180175781
40.48812847649758595 13.429121261861089565
38.196353963392837727 15.093641457091196756
39.923131667584016213 17.6471800591734862
38.539072038855458402 19.372078084425481848
37.926183230504989297 21.406347345702982921
35.974416556129121147 22.593541159580691868
35.54869703418593474 24.906902926587751068
27.966136255516907738 19.656576023066762104
25.957302242042359808 18.885515131102636133
25.581637996996157369 20.18868186310917423
23.95799019367985494 19.172358532875676929
23.101708900460753426 19.442848112108652714
22.863847900855478912 22.615372297427374093
22.489103374785209155 30.593077016469461427
20.463895797729492188 32.810455764958064151
18.459991625840320495 30.390388408549721788
16.83773525603238852 28.384244006716034647
14.558179797622472051 29.500408467831228165
12.54870832569628547 29.102285841601645444
9.9542839931749398374 29.527672084348047576
9.0778840891817065284 26.995994824945356072
7.4042039129942676112 25.828753769128159234
5.3486388126582156133 24.934331511324508313
13.8781776358118627 16.109295285651811014
12.379330873917110623 15.992120982005156193
14.58556844730045654 13.941689797286338504
14.418948682976189701 13.288612245392624089
16.180799069031117199 12.234890718262064979
14.618349838022993481 11.938881885160260055
12.969925059635700748 11.324490547180175781
-0.87359635180196093529 9.0818306278702749523
-0.42378876813675248059 6.8846771465268057355
0.56272476090238399138 4.8582087839527909878
2.4152304902959116362 3.2887069632417080811
1.8308323934857106963 0.56668627039358909769
4.1237760616892522592 -0.54729922783224438376
4.8512681851434997782 -2.7331835192486568786
9.2087881891849523441 -1.1755727333359224929
11.193234329008991068 -1.4354836958800412106
12.477723896170189732 -2.507963639455251581
13.857386335786868514 -3.5139727173313595188
14.804552949652940441 -6.0931699442731250826
15.936323310273657228 -9.9760739900666663971
19.906431001544955706 6.0205160984264116664
20.463895797729492188 5.5547891673682299185
20.923388974445870758 6.9527146297526734031
21.603712701577524768 5.9620608600775897301
21.914284461126616321 6.8606546842813056486
22.514881326126246819 6.7179017608573508014
23.334573387774671716 6.3523304218930762843
24.64228772610251994 5.5734226969829938625
25.74174893945065179 5.4628458016474565895
29.798872605885541986 2.9192475779349482679
29.29870260959972228 4.9056270167383599912
34.696597758056533678 3.1072343426231512353
31.414651638570706638 6.4489012918782728789
32.977852574610793113 7.2584607077162326405
32.33223406335703487 8.8017969723861533282
33.143632165951686375 9.9917976683523050951
