67.923656060607157769 10.302912712097167969
68.094272428053784552 12.407543425444355734
65.802497907094121388 14.072063658303161304
67.529275636106063985 16.625600264094863689
66.145212186546771704 18.350502132046337067
65.532327192584716613 20.384767584801245732
63.580560517812699572 21.571965217714222263
63.154837172314984173 23.885323182589818458
52.164253191149526856 14.849993955790179001
50.695865775885366133 13.917057911845683194
50.724167174595244489 14.899993785496008059
49.461349160066504282 13.427852594761150229
48.951464734062334117 13.015663185836254812
49.021415270575715795 14.778810270023608808
48.426008539122605612 13.689765260014958415
48.070037841796875 16.022785629460017276
47.670051814787065325 14.108527110598497956
47.452342805183484131 13.208947918581598557
43.349546352056634646 24.831087400270249077
41.508618751627523125 25.040092939499775326
37.56042603724232265 28.506094249265039764
36.684026161772202101 25.974415103236971447
35.010335135954846919 24.807176065637257523
32.954776035999614692 23.912751710747407685
31.987834927929753803 21.987316532107755052
28.923207045646481816 21.357340227053843051
30.138057701481081097 18.286746271534788377
29.322229891739159058 16.394443382122634745
30.75824025450060617 13.982649442264843742
29.233145521300066605 12.282749172473973687
28.131565226872030649 10.302912712097167969
37.771433429805682636 9.2204863060224191429
38.644846636912362214 8.2995269002566054439
39.519325590621015465 7.5246167090903561814
40.854154579738711561 7.0901958052878821803
39.363431346792495447 5.2761476985780877413
40.210338709821620284 4.5925065458100631233
37.830833791829483914 1.0834916821643645335
43.41229274747900746 5.1299628848317295748
44.35275452913862182 5.1865082591366906684
44.960019417490862281 4.9161925079108019787
45.899737214536344254 5.4283499648421624784
46.894414523322296873 6.6847077925966509326
46.523665712358791779 3.0277776680690093869
47.502161653063211588 4.8999496437558800466
48.070037841796875 2.9146381435034838248
50.09972552674409485 -9.0083177331104700158
49.826487818883848036 2.0394836089625005826
50.126511315804179958 3.9737430494274335047
50.70006586026759976 4.3957796884994548847
51.448994822481751044 4.4503764881048217816
52.576282271154731518 4.100596875926540541
53.069376214473308551 4.7505908843312454337
53.866399884853272795 5.0838426354248218431
52.623537253616717635 6.9946024375054705047
66.405498306103396544 -0.28306874455769914789
65.011979938179678129 2.7598723302029011251
67.220890749669976572 4.0804240104759115226
66.541844049195205457 6.3766084332630939002
66.255246407164307243 8.391570444813375218
