32.737144067198947539 7.4172725677490234375
34.308753781939856253 9.3794672523676361209
33.372165727113596745 11.186423495807531481
35.098943443715157287 13.739961099744526507
33.714883812335699531 15.464861999086593869
33.101991180911326751 17.499128416883515058
31.150226448772023957 18.686324089210621935
30.724506895120576644 20.999683992699136326
26.66398749193567852 19.660980041187912093
24.413709787925583328 19.493654169997832071
23.863034827193537524 21.660498900291734969
22.447980160894093871 22.708890100187598904
21.495753502991099992 25.440322871406536365
19.935302806629231043 27.626469272190689708
17.664913261404926459 26.685858080590271868
15.639706611633300781 28.903236831852591848
13.635802443853881627 26.483169475876206178
14.770537806778785139 11.506389733973000133
14.197584461712022375 11.855659899402464674
13.792420075380130484 11.566338165748945244
12.703219363920956297 12.503413280976761968
13.210774769382943816 10.760411504261726989
12.772944435560340537 10.601136472867288774
11.730391725987956875 10.937234435410006839
11.504896182401751048 10.421386194428906791
8.7547214845093677127 11.392321140136697721
-2.2922728156217608841 15.401106122256582154
-3.1081020567261496979 13.508804182074191758
-1.6720964320133298031 11.097009426244699881
-3.1971866619859028447 9.3971090333770206371
-4.2987655264543853662 7.4172725677490234375
-5.6977857765062509543 5.17461265024226158
-5.2479782498451932327 2.9774589173343253279
-4.261464548171630895 0.95099105453856758174
-2.4089586958002797701 -0.61851101618944426264
-2.9933569179899279789 -3.3405315791412490967
-0.70041324402293270168 -4.4545172067036169494
0.02707887714564982673 -6.6404014956896286748
6.9325774961601940305 -2.2529794012881598775
9.3860378447109020783 -1.19017312820849952
10.51767523122080128 -1.454345572104633888
11.837171368115962267 -1.1233483431253183937
13.160470686840504584 -0.21303160342111748804
13.091997170312335896 -4.5687599022980442953
13.613305430648800609 -11.862670298174553096
15.639706611633300781 -13.0525878849388981
17.669395219900415839 -11.893956926974670552
19.93692678796692519 -12.799564370273255776
20.186794984960975796 -6.5772196344247841893
20.902742565841727185 -4.4037022102961262959
22.112619113377249391 -3.7941388915680747118
19.838858794285521014 1.6376279002565379272
19.792774817814901667 2.8048321817437020798
19.978365453111038619 3.5107291489425729303
17.722003391281354823 5.9043976631153327617
20.623846091028642746 4.5396813972424734374
18.595138252320118966 6.101430384804254814
20.44098925217660323 5.8572423075428643457
19.769627293202482576 6.5394299184761601751
20.222441916180223132 6.9356077692990938388
