94.269650340536784938 6.0491975453540298702
94.088127628400016533 7.4150205725948028501
93.084853400002558033 8.4058131987799917795
92.488125498070530739 9.4137145063067695361
93.120486772374434281 10.649029032445982423
93.277482325895860527 11.840125757586450916
92.730315118190986823 13.105779944043968399
92.107007786639826463 14.455219602178685179
91.319388819346329456 15.656841349824317078
90.186322567529771277 16.600948721185165624
89.627518507195503616 17.925142934003723383
88.882423494592259772 19.100004904340948997
87.887937929408693094 20.079358573113861297
86.872721128485864028 20.950864506000343113
85.781503104681178229 21.10109688951329332
84.649131566076221134 20.163918150279240393
83.544387342368068516 19.134233646514481109
82.439643118659915899 18.104549142749714719
81.333507358941645293 17.075578079613297433
80.213399312648689943 16.053770608967884215
79.075804206843201882 15.045899634496755937
77.843729978962358018 14.291515305384239198
76.927563932077262621 14.747718659754603721
76.154505924577350129 15.449081000155477028
75.266549681555773077 15.830549013457757113
74.789060922048449243 17.166010240871749204
74.345944510492429913 18.611515858520128575
73.855813102948502546 20.043456095348155088
73.351241502077016321 21.471229858958597703
72.846164361190105296 22.896596139114016921
72.224386238098119861 23.74719811423882021
71.271810786792812564 23.066638525786526515
70.08278897869374191 22.790343600131443225
68.713415740727285197 23.287145972857743459
67.248658782226499397 23.296010337059819051
65.747132818102642204 23.261545276009549355
64.625121902122884876 22.818886233221491011
63.63764154609018675 22.23082117184319273
62.831493317019713629 21.131285433233127691
61.709185505227914348 20.162204608742481327
60.367784522256030755 19.445831209595269229
59.295505638454386599 18.503010311823427259
58.385383306270981052 17.381438250853722849
57.688621938616122975 16.395901926879357546
57.168231119519674621 15.56725898408472375
56.727135946651209508 14.785772652361320212
56.284443572999265371 13.907377196665622776
56.07589388898771432 12.575073606237426205
55.913469653909963597 11.194888966403198083
56.512061342750250503 9.8910609418251809188
56.580976010929923348 8.6505207514002613323
55.803082646811958512 7.4296769354094651661
55.562985480250013381 5.973495208565042347
55.664139671196032566 4.423134635734375486
55.9068645745092212 2.898552371219770496
56.167496883122296936 1.4008323008290433087
56.136041767746910125 -0.095619905477449460007
56.184865102119836422 -1.59148529066016442
56.22059209208399011 -3.0747564912463865028
56.756325960189158764 -4.143658096791083878
57.329853167217166288 -5.1379450907257506742
58.031453241223772466 -6.2001433892110924262
58.859403092134542135 -7.2897511325755939282
59.754534336600386268 -8.3144273086121192051
60.764601735873640109 -9.3198930849261838461
61.890996052412113215 -10.288700122199681886
63.097930673039918759 -11.179215626537317263
64.342731423153864512 -11.962057319196429006
65.594266150933364656 -12.628273664354381367
67.05119075733267664 -12.552390652246144143
68.372349580944131731 -12.376929190374093892
69.066492582498568709 -13.335818018619340464
69.662150966807473651 -14.092099697397596714
70.39977530171583453 -14.255684044045526804
71.301919454032542944 -14.416529759644713948
72.445845013134871238 -14.257552410018302425
73.742841943334539678 -14.642236582158094649
75.028364553237381074 -14.6254655538217051
76.304651335153110381 -14.065262426017211439
77.650189121877446041 -14.37384578148878056
78.898165733920251341 -14.130194443459128451
80.26374398176957925 -13.760692492585658186
81.67438328756443866 -13.266444067673646146
83.049287880023086927 -12.665756801496637962
84.354628216054607037 -11.975624733402018052
85.537767868149813921 -11.236914860863848276
86.646110594598908961 -10.43346624039504178
87.73865183531907519 -9.5186135075133506689
88.747890422926417386 -8.5442431616219920443
89.473672423534551967 -7.7509955875983234108
89.316321538808068681 -6.5483705164479024674
89.295705328492630315 -5.4347683294650996899
90.48797717580625033 -5.2173342678644285542
91.512295877578011982 -4.9383263972038928813
91.908068233096201993 -4.2476089352601356097
91.750301546480784509 -3.1246565541741646577
91.875183498027141127 -1.9702299600770118992
92.951186549415524496 -1.0911954336668856502
93.193401062063742302 0.13334852239283928599
92.833423956662784349 1.6252144415754961049
