85.97063810390274341 9.3432028473960571091
85.627689417303315622 10.82894659450636432
84.457951048699669627 11.914469076122454538
84.401901739024950189 13.170969893819849617
85.120285576583768261 14.594897349286716448
84.614515230716591532 15.912637899173262213
83.239576685200830752 16.352958148343940792
81.589870984421736466 16.010420897519029637
79.92720215539341666 15.630451220139931934
78.263352436801113754 15.256759841608065642
76.568245601609689288 15.057205206772890094
75.247286221372036152 15.487299946345398638
74.97911612067207443 17.022696823007887446
74.58759239330163382 18.654075046464527077
74.317879031634078046 20.169917588425722244
74.825360249869376617 21.770397781520010483
75.398171437467325973 23.37950416488579819
75.970982625065275329 24.988610548251593002
76.052981406013103083 25.867133944296281101
75.394862877809174506 26.194408116122168906
73.88307347104013445 25.374891363622353424
72.348303696205633173 24.600405592441724423
70.976109904404466988 24.46802950016289202
69.929694377374659098 25.628483287452148431
68.507976076138135113 26.386702453221410281
67.377244063321583667 27.495701440215071898
66.558934572043554567 28.537678893199760921
65.670903900317952662 28.54022484626943168
64.57070123003350659 28.233281642225627195
63.469505979220109282 26.887226381036470002
62.273831448304328262 25.963880955534829553
60.783827102196404724 26.363387481941551016
59.144906574074035177 26.513464023896020194
57.444378447995447345 26.460987886917372691
56.189989873417864885 25.940238404097996749
55.062006825900731144 25.250161566970426463
54.128458750033288993 23.898566990079768146
53.240962945158628372 22.678973688362503935
53.411940746974188698 21.060627216194607314
53.776299847886271266 19.370175109864774754
54.059744888392302187 17.754558383311248804
53.195046500021888392 16.954525067122588666
52.188625861856465349 16.342881305006034864
52.498435353632956435 14.995817577230406314
51.642052068068110771 14.473772171163192368
49.938686083640469349 14.531284627590961733
48.276409624614089466 14.565932899760008823
47.797927057739386214 13.900362808826832506
48.382835561564554894 12.497480592968040369
47.781382616977239763 11.135719893440841233
46.776977711101423552 9.7093708293053442304
46.060434302669477802 8.2069292077828706056
46.125484567555915305 6.8974514702968896529
46.19389718804383449 6.2129685649599677433
47.628956404841183314 5.9961244298902540706
49.334146408483803725 5.8172266494966233807
51.03867218044956644 5.6344892117347358251
52.729309975105039143 5.3714709378315905752
54.407049645423114725 5.0203431114317096373
56.025726257990584145 4.6144302636884546587
56.439427892065594961 3.659001309696846338
56.597271664061082674 2.5443331350967177684
57.059800087801896495 1.4278399704271396153
56.472800940184839646 -0.13966256182697145416
55.587178721619778798 -1.6114793880242035407
54.663335057324438537 -3.0619727390129742872
53.739491393029091171 -4.5124660900017445897
52.883861613825445147 -5.952114158684657319
53.380519104106895156 -6.9250948614240250834
54.712712999714781859 -7.9270313250773973834
56.121922810066308784 -8.8135257887044531344
57.560761922639073873 -9.5010056942068086272
59.227769787415070368 -9.2381880789170178758
60.486546786770212236 -9.5022760822688869808
61.14994491487185968 -10.844563523580255548
62.065388194741792915 -11.05354381781031492
63.206778070963132166 -11.251815078071402354
64.650625180261116043 -11.17375918839635851
66.14549261838720895 -11.455843413892893068
67.653072565924105675 -11.11843627663874301
69.218293330052730994 -11.204706944123525858
70.679488406689614521 -10.914661772471312418
72.24390484568536408 -10.475225872805182803
73.835055896220396221 -9.8818633092126049178
75.368443272160931201 -9.1565476169452928445
76.776193926744767282 -8.3412852193037672066
78.049646304122688889 -7.461994480728414203
79.29284424430423428 -6.4503074367132597899
80.441479939545715183 -5.3522171180696354043
81.243578736676141716 -4.4708695158386380086
80.922286423625664042 -2.992339492106225407
81.371305093344460602 -2.0792885244914329768
82.983611444564189696 -2.026139423540546769
83.470644499354136769 -1.2940080420807582584
83.556588424947406679 -0.20025005479143276332
83.536917672756246134 1.1567264301143473926
84.688968952464833251 2.1764112280024927593
84.821290486478204684 3.6224672202002294874
84.444459688261531483 5.3220145405928045435
84.623943923001945677 6.904213495302341741
