91.775764019886224787 6.7802340486772907369
91.594244616269691051 8.1460567981677360905
90.590967900011506231 9.1368493230187581844
89.994240608793759861 10.144750444889941932
90.626611631144271541 11.380064531585402321
90.783602956799555272 12.571157010923972308
90.236447748652139467 13.836815916499991985
89.613130025561048342 15.186255818650090887
88.825505173722632435 16.38787734684687436
87.692445467150633931 17.331984267695148105
87.133640713911120201 18.656178240926390544
86.388545169247180411 19.831038504715039039
85.505859409310474462 20.706939883715612893
84.975591374123553123 20.850959777448448307
83.847304743604581745 19.852846052246437836
82.717964791043911532 18.84909114275960107
81.588624838483212898 17.845336233272760751
80.459284885922528474 16.841581323785927538
79.330206772064912002 15.840055068386286408
78.260147075790001736 15.353907394134349573
77.213925602464215103 15.604934498799449827
75.93713827954721296 15.134491050346321472
74.880345950548232281 15.490059171913246772
74.541896933206288622 16.86315947236576207
74.373336311920013486 18.373356954638289551
74.258077113460700502 19.884732435788532001
74.150762926430161315 21.396283507271089519
74.043448739399607916 22.907834578753636379
73.902307313967114055 24.400158341793186878
73.219930074103046991 25.584845169744756532
71.991376581704756177 26.078873119128484603
70.862539349269809463 25.458194051534690061
69.752231056750829907 24.388235258316903753
68.548619143683126254 23.538101055323746635
67.23593062736127024 23.642666531088124771
65.838184601230167914 24.081255045486820165
64.354126851815422583 23.983001865109265793
62.897116922676204354 23.955209353779718384
61.867401720157332079 23.400268871370926149
60.87186114157461958 22.786059516722254159
60.081962757527186625 21.567141778992159118
58.867261580091685857 20.684133565420506073
57.518573727392976025 19.993107621509377481
56.549674344259138081 18.939809264336094685
55.679863847739952121 17.826243088758666033
55.044664241392936788 16.897050379575276224
54.55243998160609209 16.090355337692351156
54.118098873362413315 15.298420667846063026
53.700225793453356005 14.339738283894673643
53.478388373151219071 12.931174187020234356
53.531043612067122694 11.572754114773024625
54.15392538677057388 10.282657352761157554
53.895967800441468398 9.0657527433385300952
52.967329725832293263 7.8541117816929055806
52.318454109086800941 6.5705540877943606759
52.850131392292070132 5.5992695388290352199
54.160049974272858719 4.8541385277905062523
55.307513037185358939 3.9157693801554915858
56.082056977456282709 2.6009697075594129245
56.599164035110263171 1.132103600628188822
56.690903562218835532 -0.34054976856375612781
55.991379693541631468 -1.5793047174609118333
54.984149335008780213 -2.7137679275535231405
54.380644696688378303 -3.6286464318647411176
54.741243419257003211 -4.2514802805745350867
55.385402878459231601 -5.2508807826200882829
56.193904639232755471 -6.3452506231183942731
57.074473050017019204 -7.3815984904005382816
58.058176613883901496 -8.3889482192893130019
59.164201398973851553 -9.3690581925293265897
60.348443370218944892 -10.271072829747605937
61.590320219547727731 -11.078806142325294815
63.031323687361002328 -11.416186528525006594
64.553835064500361796 -11.45548463676692208
65.924123139169765295 -11.59856813491046168
66.602262381394723434 -12.698895816370265877
67.215875773433779727 -13.372506634375412204
67.959994293760288997 -13.535499779676023024
68.874315048062811684 -13.69563539049269707
70.035887463331874869 -13.52988123717642921
71.340328931246261845 -13.913813642176179997
72.660760624989848111 -13.904961344866041628
74.005582410285896344 -13.479926113855343672
75.37086815733633216 -13.61133596661333911
76.664451167952861965 -13.336711072730786043
78.052571586515114177 -12.940016980995967089
79.458924046863330659 -12.423593514223192358
80.824203835410330043 -11.802578355273425359
82.107567288822068008 -11.099833273535455902
83.267904690802794221 -10.352683603416981128
84.373128742432641047 -9.5279539643095159107
85.456549964874170655 -8.5942372585129405138
86.428287153047691049 -7.6304232866459287266
87.090873963497472232 -6.8906881131640798088
86.744093800818006912 -5.5397689173203445989
86.957398208920352545 -4.5990040846231030613
88.295174574611081653 -4.4890829455746414922
89.096304584025290296 -4.0762863885730453717
89.497830831934393814 -3.3620056341285149415
89.179688582420652665 -2.1320540047381779658
