34.687297418029025664 9.8044528961181640625
38.542239957210476575 11.909083610799077846
36.250465444105728352 13.573603806029185037
37.977243161207908884 16.127140461026858276
36.593183515772217618 17.852039488215407204
35.980294714598144878 19.886308735111867918
34.02852801806842109 21.073502580684007057
33.602808521978893452 23.386864313988212416
27.333489893329371512 19.59503714806426089
25.255506665992598414 19.077819740889630395
24.791160301249142606 20.669873465367537335
23.091866749368076484 20.077500472333785098
22.333096724242285092 21.546085351371054628
22.813602476808306108 30.013651517038972827
20.543214858597590222 29.073040318755996481
18.518007278442382813 31.290417160221732473
16.514103102443460358 28.870351710730073336
14.891846711928566904 26.864207304053387304
12.612291265881109936 27.980371766396899602
10.602819815972985396 27.582247241123400983
8.0083954528432546027 28.007633467461623411
7.1319955556330381086 25.475958117196036312
14.566596033622154494 14.192941946469240122
13.954278305534195681 13.913654937534445821
14.145276997278203979 12.981429468142847483
11.997191180096468344 13.56924759362374644
13.879777899199570612 11.86952615168100067
13.426204238201847829 11.458879353654214839
14.842410579325798992 10.585725344995266184
12.605215836930042883 10.425911929609682716
-1.4204647404360137841 9.8044528961181640625
-2.8194849867868434501 7.5617924665612328283
-2.3696774601945271854 5.3646389901962825419
-1.3831639379886695451 3.3381711353221739103
0.46934194018887254174 1.7686690760467076444
-0.11505612188967972997 -0.95335150665301426898
2.1778875429619226622 -2.0673369988740173397
2.9053796718367514984 -4.2532214153711116467
8.4865134595570452802 -1.3366530797453055612
10.501095593648365423 -1.2298782024627090692
11.734374755082306763 -1.9451389945871788711
13.170052259612404555 -2.2072550762268079438
14.468137106992198682 -2.6597762865797580645
13.990434790986547853 -11.496111641128678116
16.491606094414997585 -9.4754909231599100394
18.518007278442382813 -10.665408510244073881
19.061681520671168499 4.631729337075143782
19.67877247758930892 4.3434642818874298342
19.884421143772826213 5.5990589713266905036
20.332029556539755077 5.7300940198593623975
20.936311825719350566 5.6158342400374907655
21.906917430136701341 5.1400170678625523024
22.188545762063679234 5.7279142208499758127
22.710687713847768521 6.0293443916649636094
20.90506961964739574 8.0701507174563502645
24.686921830186832949 6.2428283233911372463
35.459951252778694197 2.2614126866199510957
33.021221870090414541 5.0920750640577283619
31.658268610270557275 7.011403624653189226
31.534207591148220473 8.4363950673279894943
