33.619613244445041289 8.9873409271240234375
37.58934002434914845 11.091971641804937221
35.297565511244400227 12.756491837035044412
37.024343221891079736 15.31002946557502753
35.640283590503152311 17.034929409517395982
35.027394781736816753 19.069196766117727293
33.075628122754281435 20.25639246735921617
32.649904748920626218 22.569752373314333482
27.134007685893607231 19.614686872769759418
24.978717948890018619 19.191308895926354694
24.464704355284929704 20.937791026843086684
22.769053661262425692 20.675582085142661271
23.421153328527338999 27.010391216074754794
21.860702556760713833 29.196537637972557633
19.590314919537281213 28.25592644306476231
17.565107345581054688 30.473305191227591848
15.561203177801635533 28.053237835251206178
13.938945991779860378 26.047093463077231945
11.659391333019781811 27.163259797402758977
9.6499198831116572705 26.765135272129260358
13.711667530110073443 15.661697767992997399
14.56969104573085616 13.110179184616750803
14.334135144186518573 12.575699210983902532
13.513945791927802986 12.635021707812674308
13.582797048373162596 11.880658550768211867
11.319350224699054053 12.593332085132210807
13.038898472119770489 11.002538952997607424
12.362142081552043749 10.677888635748466584
13.262859772850749351 9.9018127696318494202
-1.2717861663187441934 10.967177394064819396
-2.3733650309252105615 8.9873409271240234375
-3.7723852811665921081 6.7446810114204005515
-3.3225777582972604307 4.5475275338581813145
-2.3360642931677233491 2.5210594203972878091
-0.48355843799953746043 0.95155728203081935135
-1.0679565141666920169 -1.7704633349936056419
1.2249871310768405408 -2.8844488456492793915
1.9524792453884192156 -5.0703331273440888083
8.187733909430496837 -1.4272865349983110406
10.165851414525665319 -1.1968600304206304941
11.366698923981779501 -1.7486112463082701396
12.776156150417836699 -1.7688250025495602102
14.146349439215391897 -1.5345190869964806524
13.037533823405681233 -12.31322359289612578
15.538706161553667684 -10.292602892154050664
17.565107345581054688 -11.4825195255638981
19.59479688294195654 -10.323889523857499029
19.136681058211596707 1.5936411778987240595
19.112713529234177656 4.224306900737053283
19.49241099029772073 4.6585580076337516076
20.029964501437497404 4.7180900326857191374
20.916605778512913361 4.374405137441217839
21.114287869785965057 5.0455746100730944903
21.470064111155760855 5.4712988616045361567
19.4285571788695961 7.6334643691747308125
22.615877052167444816 6.0712792523354774943
21.044670195629887388 7.4381378949033818415
33.74698328349752785 3.7295331495572270342
31.662136718403349533 5.9909239695647631407
31.166543246394240896 7.5577729400052664488
