65.853770806700907769 10.93160247802734375
66.024387173867168599 13.036233194041983552
63.732612668617349527 14.700753351643385258
65.459390367354245654 17.254291029389349887
64.075334551478334788 18.979190968012979113
51.537511351137553106 14.128596384334493052
49.401223889268024436 13.402621380414549535
49.607962253234596517 14.180081889411315643
49.58892684619866742 14.917344589696456936
48.471813353210379205 14.333543693543539632
48.666179041015197981 15.54929298482316824
47.506232096143776289 14.314293224460007181
47.044220138017564636 14.144908605995681228
47.130019632576370725 16.247216008293964506
46.507509184112997502 15.758739793006107277
46.000156402587890625 32.417564834782282901
44.463985736748583122 25.547286919999152133
43.410801354783671968 23.113581568748941208
41.529333001693544247 24.691379824405338184
39.162225139060886647 26.289841157298084795
35.490544576988760639 29.134783049370803099
34.614144708301658682 26.603105812479832082
32.940453708188655924 25.435864888196256572
30.884892666889840029 24.54144049795655036
30.663831716542560457 22.074091369467705448
27.91139098196683932 21.375154795908620997
28.178800597798236538 18.86617976249523565
27.252346543771288623 17.023134097386815711
28.688356917430628101 14.611339252830852331
27.163262175846295321 12.911438948906532431
26.061683787663046274 10.93160247802734375
36.464762290708314652 9.9293924466112990501
37.78000522465988098 9.1843542838936045314
38.836181913282572964 8.603886784741092697
40.352407451204825861 8.4170638562190358556
39.115872854813410697 6.9569555896276256135
40.468452545092837624 6.9125859079679283781
39.937461928203120465 5.4727322598001180154
40.036865513632321267 4.308696699488014481
38.947431447566238205 1.2243568894536931424
42.264249046073246063 4.4608116535222732679
43.59216964684066653 5.5231928628129143277
44.762718564739273575 7.1231730037015257295
44.480137689886142027 3.780498041768623807
45.487142787210828487 6.0505892200797957159
46.000156402587890625 4.7951470431922045279
46.568555980851989773 5.5235989215463847657
47.541876135425468419 3.6783464968872374712
52.148453476136644724 -7.9909097202527483716
49.740379545171023778 2.5309272441241095208
50.430032280610923578 3.2588283243654361243
51.548332417379093329 3.2951958653587070103
52.042382907763411026 4.2210293833672709596
52.808332986186137248 4.8014973335468402738
51.398428574537682323 7.0095261130269568284
64.335613006900359778 0.34562136014864819344
62.94210226132143049 3.388562216979425834
65.151005494235192828 4.7091142485389223538
64.471958799077569324 7.0052986938544421491
64.185361148331949721 9.0202611175490545747
