86.739055230529032769 8.159458160400390625
86.909671597975659552 10.26408887374757839
84.617897077015996388 11.928609106606383961
86.344674806027938985 14.482145712398086346
84.960618960953610213 16.207044775274418669
78.746728428555258006 15.00757796441322256
75.826143028200419849 14.655258275427527792
75.608587766046994716 16.013817463743009739
75.290870284271491641 17.494634229466058173
74.051620629445139343 18.022869030006305024
77.472720876540762447 26.497170642035221988
74.797751786008277008 25.930802428353295852
72.060653153116703606 24.087139058282847515
70.625087990935185189 25.753113368315126763
68.699426591226355754 25.41840585570238531
66.88543701171875 29.645422424503959036
64.881531006574618914 27.225356983231804975
63.259278119046548738 25.219212518702203596
60.979722829845648846 26.33537700577062779
58.97025048144300996 25.937252495841818245
56.375825186119620014 26.362638731743849974
55.499425288909407072 23.830963381478262875
53.825745631794809754 22.663718546513432983
53.278292934950115978 20.411388015612157432
54.32878304104431777 17.28239863575655022
51.85417251258446214 16.837763275777973604
52.858341213989731955 14.404724376994124668
48.137630966392478626 14.250988822370970865
49.573641322283464206 11.839194845932222933
48.048544691221941605 10.139294620777196343
46.946964396793902097 8.159458160400390625
45.547945581617867106 5.9167977245324738789
53.593001141529526876 5.3340615719590411814
55.477634728315820212 4.4528385221215618373
57.296148270209258158 3.8900308234004459251
56.175244618717343315 1.9759230605524544799
57.386383146822907975 1.257994349389703892
51.272804535027084682 -5.898216276542111558
53.208748208662981938 -7.030050384147145337
54.871728776316707865 -8.3759964678066332056
56.562565646210529735 -9.7202794498645275212
58.802824734897328085 -9.994380438453141835
61.264200653153054077 -9.1409383977742173499
62.455267448505750849 -12.682882155013771808
64.859033978245065555 -11.12048566496345714
66.88543701171875 -12.310403245961847318
68.915128401493333854 -11.151772296355023428
71.182658165742381584 -12.057379726191513214
73.033737883528743851 -10.763054996894407367
75.080932824026746175 -10.247920929263006684
77.197461757277878291 -9.7014925531008877613
79.544731201464799142 -9.2645638544409578685
81.051374002047921863 -7.5734157869874518809
82.549631469580290855 -5.9446428830539819188
81.40724769067983857 -2.3912518654613368341
85.220897476025271544 -2.4265232962544764916
83.827386648257885327 0.61641748307893529102
86.036289919830778672 1.9369695787237706242
85.357243219117080457 4.2331538815663165565
85.070645572836482984 6.2481163295205517372
