85.086600952325852631 9.6791971043776179329
84.828875774506755647 11.107024147710401252
83.723555153745849111 12.140380190613154099
83.38249333058027446 13.269878586467944714
84.116371765555797424 14.563358194100318954
83.711157525002562352 15.158474608581940402
82.154234725536610995 15.087687763671482344
80.53463390925905685 14.980661285596845289
78.91486870535263165 14.911647379179481021
77.293587044564461053 15.132101180570975529
75.672888672377823127 15.453568214191866659
74.590492502271743547 16.117971223816169868
74.562469811331013148 17.62059507745257747
74.717501222741816491 19.215091989658660054
75.182336236735949342 20.74511251111789889
75.785296302427283877 22.249713663121021057
76.38817826894268137 23.754060346034375328
76.669411155711088668 25.241787223991543954
75.672680080271192082 25.952366441094362415
74.861441874942642016 26.426685817475124907
73.711502072463247259 25.74408230559917854
72.393113237303595042 24.844054049921190597
70.904114085302779813 24.360745964194126856
69.766999922071789797 24.966464471714271411
68.99106036230612915 26.370345145396782982
67.921052218047918814 27.560705079915848614
66.767384704398153872 28.682808244666986752
65.662037901382277028 28.922953739044476862
64.647002297766604784 28.921913470018800751
63.591098964057813703 28.500637873975737335
62.554492304062783603 27.232254540804138543
61.432684210319877138 26.346196510954118963
60.040674122000581292 26.699824735589604785
58.510742928623407977 26.922854989431684203
56.911600618101168436 26.818222548942316052
55.607674125208596649 26.49208669789047832
54.55216219695439861 25.874535573144594736
53.67170217564613921 24.75378428128420083
52.638026860882632718 23.652821393864151389
52.572118781655426289 22.344048463829444984
53.174032474073314347 20.838684999797642661
53.750029739726187472 19.316155659690036117
54.066212467917260653 17.761065493763354084
53.443490577410663889 16.856843163516792572
52.231370819638733849 16.499872741373703633
52.376010258552710752 15.372702567683820263
52.189606598494783896 14.360173511350676989
50.756404616432455157 13.939558012742470083
49.259306324250239584 13.354072723491835717
47.883827424236272918 12.49301535564427823
46.737499613254207986 11.321724857095183836
45.81547630654699077 9.961885237563983253
45.17862275730501409 8.5487924134209389848
45.24572713245872535 7.248510370573023387
45.39716483032054839 5.9562066729016329703
45.589115331418881283 4.8800941499229519849
47.102220239791662948 4.8250456024874939231
48.706038532705782984 4.9390521890858618548
50.309856825619917231 5.0530587756842288982
51.913675118534030162 5.167065362282597718
53.517361463929304932 5.2616414963283073547
55.110266626930766165 5.1693427467145349752
55.998270081740194826 4.577601592961956456
56.037270855438556794 3.518867771113144638
56.872663975660174174 2.7781063040735411995
56.87191898964707093 1.3421917817100224024
56.674454131461132533 -0.29017231447639135755
56.087045990097244896 -1.7827297807734616697
55.36138680489013808 -3.2274405879274143949
54.635584502660385908 -4.672101864378321423
53.909782200430669263 -6.1167631408292262307
53.599804128667464909 -7.381069303252573377
54.700915774842052031 -8.1091123212657478803
56.031887952702575717 -8.8588446004508831777
57.522717433724388059 -9.0422650307310039608
58.997293885247508172 -8.7727795353011934765
59.833147708820220601 -9.6196782824371425136
60.453032987104876383 -10.505696185338564419
61.242356320295527894 -10.680659845391407003
62.216634800802218308 -10.851105689691163292
63.471854925097360933 -10.704075798619243187
64.868974965765687557 -11.068773910221771928
66.279257477801095888 -10.920798925370597487
67.730203089058989008 -10.672772897733509012
69.147449324484000499 -10.672639190287533495
70.564674024504626004 -10.331217493642554928
72.061800137344874884 -9.8282214396568932102
73.547291630267366713 -9.2344002107270632962
74.959353175367041899 -8.5143560744665407469
76.239295967521485409 -7.7318955205869492886
77.424224026476309746 -6.8811367594380730139
78.588635480450676596 -5.9060293709645552696
79.649335096275947876 -4.8730694397110738691
80.380372569724613641 -4.0633042946483470814
80.045180881070109535 -2.6480821260455642552
80.372253731355769446 -1.7181547447782676841
81.854536687955246066 -1.641781742367130148
82.495737523539901304 -1.0707365691649854966
82.855466650841506748 -0.22753061937064025799
82.472390023509461798 1.1594231138241222201
