47.216624810607150664 15.149707794189453125
46.700958063487867378 16.413434300179446268
44.475212164766162459 17.232293227027245308
46.895963400464950155 19.119752364884739393
47.632070536291713836 20.917488256852386996
52.139707101488681928 25.231561720885476774
50.187940466928438354 26.418759296877453835
49.76222090742239601 28.732117303144573128
48.766284605841619282 30.796968020332421645
42.207740928989984752 25.514310757234419214
41.332801521538364398 26.677165267887026801
39.375255086766664192 25.701216737844596594
38.270663637318669714 26.208570423405099348
38.973018735822684278 35.358906402296526039
36.702627301610220911 34.418295210628308212
34.67742156982421875 36.635672058293025088
32.673515564680087664 34.215606617020867475
31.051259329468777537 32.209462251758104401
28.77170555726294765 33.325626664468188665
26.762233175161160403 32.927502148758499345
30.066685784134435266 23.135732822227915051
30.652785777089867736 20.689142562058087549
30.195903151011080467 20.126931763200076375
29.129374562386690428 20.145182936506564886
28.869642279806981833 19.369303184018008324
26.104709962379097021 20.099160859381576927
26.744689930600106464 18.681588411395267713
15.929612663373337256 21.241239409521483594
17.365623033597451297 18.829444546675045302
15.840528285702628608 17.129546067242543472
14.738948954899374399 15.149707794189453125
13.339929181684667014 12.907047876682691268
13.789741254842112994 10.709893827525654331
14.776250186756666238 8.6834250422408612025
16.628755548574211787 7.1139242070182397981
16.044358404604160739 4.3919036355640130864
23.118307221787873118 6.7515203065755287071
24.16278676042231055 5.682290046133021022
25.67464653482353043 5.1511202483607636537
26.447950136750620231 3.8228165705168226651
27.314814449479499103 2.3972961729322879165
29.659348260516829043 3.8789372747876385006
31.478371993430126707 5.3040583871045949849
32.825151919959722591 6.4354516656621196802
34.123674748435739446 9.8811537051714477542
34.67742156982421875 9.2510696467993831504
35.157892279651186129 10.578305484893959942
35.87767637422987832 9.5029286112355837446
36.23853367741748599 10.345108822585306285
36.90879837343914005 10.137949981485782303
37.850137505179660025 9.6544054191845702917
39.459777259474186906 8.5673534477710759916
44.253114699527287712 4.5148290406868465396
46.281675613394554603 4.7011905246447636131
48.510370545331753078 5.0994824323503724628
52.681529712876233873 4.755029081755107967
51.619367422114045496 7.6066677570873011405
53.828274476741604815 8.9272186127896553387
53.149227771813741583 11.223403966746124283
52.862626315568277846 13.23836643371116395
