19.611665862531314275 0.71899633706796683974
18.911970123161907509 2.1274756342438285728
17.886456970490538509 3.2529168905621332897
17.938834413116605759 4.4189413847701830562
18.868476760095841627 5.6613360287750795763
18.785777130197843121 6.8625489152745320354
18.106840625756589702 8.2341966002475270869
17.475333295164631409 9.6785924878941873573
16.34621471208596688 10.735003223283149154
14.850283444512367481 11.134279557053634591
13.254034943082270814 10.973152944855666391
11.646960196281680666 10.929099199182193303
10.025493103111191573 11.116958409541798147
8.4953182342934034921 11.214525109261881397
7.7107800730396975908 12.228577345082783268
6.8161662744665463265 13.349444461288676678
6.0609428083679643962 14.495497622019991368
5.9481383428056116003 16.071528105790438445
5.7898153203707005687 17.648836544175285468
5.1010541253483348001 19.068975717416847715
3.9399262115930762107 19.608084594044413507
2.5709963485258380267 19.590551871173172316
1.3142182134100985902 19.956774050119953756
0.22909436248181455631 19.998687851283619921
-0.78751943000378732407 19.984489314149776362
-1.8427596306641831347 19.257051177790440732
-2.882960056682021488 17.996888222106015576
-4.0679622232123540115 17.410206182699788258
-5.5065210232437573623 17.897715777114957092
-7.0619576955171892152 17.953881189668546625
-8.6632025810674200272 17.920186397545883494
-9.8346801954530054246 17.414909286389189447
-10.892026757172716955 16.7739009512108872
-11.753707125088800112 15.525624372152329045
-13.044026710658929602 14.580971610162583474
-14.434627760797154039 13.828987942998915983
-15.012171969695927487 12.613386951430999972
-15.127064547442145681 11.098928706249932219
-16.093106659169215789 10.076430298451347412
-16.284969055116018666 8.9886130776600250414
-15.43230734913414004 7.6591947586936175441
-14.781811918855616739 6.2373284778267450434
-14.454086113182574636 4.737323095573242604
-13.516523663233924069 3.4881988078988168667
-13.267647797651036967 2.3067512062155923758
-14.195239403160954339 1.0626976792880302725
-15.19376722825229109 -0.26356325905556338141
-16.306616978626589543 -1.4835163004938862752
-17.600463117429793414 -2.4316440293950067897
-18.966257897395443877 -3.2667163728723100924
-19.596162458004734219 -3.9988019355159143409
-19.353206535750246076 -5.0451359530337755999
-18.936310370967927241 -6.4355380143677587412
-18.43683727162669328 -7.7513244945336143843
-17.871031611321612331 -8.979210942345865476
-17.290358156571706161 -10.052040331070815071
-16.603362238822334973 -11.150262883288826643
-15.75759100774740773 -12.316587418297249457
-14.822400893145053047 -13.427450679965007296
-13.773169963333218746 -14.501716765994832059
-12.586124637470421206 -15.543148542366187925
-11.30372164188962536 -16.499268985099796225
-9.9766767306255523806 -17.33395285018955434
-8.6426438533688667576 -18.036205455245436724
-7.0666425669386132569 -17.838588939556387913
-5.7704302221171213105 -17.846274040565710095
-5.1641935416498903066 -19.116431007719643986
-4.4361339751292545586 -19.501813129929839619
-3.5920418320865743489 -19.674786796215609996
-2.5272595399785728887 -19.773519213493557345
-1.1866598279836562124 -19.799815760958548339
0.21916147850509434813 -19.998799170108675582
1.6400427163447355294 -19.643417895598179967
3.1162539877093777818 -19.748957951498706365
4.4894419076316367523 -19.489610343924294256
5.9505309507568231453 -19.094270905276410133
7.4535507801045151055 -18.559218215442246702
8.9131750134816787323 -17.904058511383553309
10.281505593687255029 -17.154901419914303062
11.512802890872396944 -16.35406278561752913
12.671114015848086609 -15.47394163092837438
13.371047879531584357 -14.873300864410495592
12.797283003115717648 -13.942184360545052613
11.824010224803471303 -12.668806011861196481
10.850737446491221405 -11.395427663177338573
9.8774646681789768365 -10.122049314493480665
8.9041918898667287152 -8.8486709658096263098
7.9309191115544797057 -7.5752926171257684018
6.9474684637347774441 -6.3034112120824667969
5.9183371427727866632 -5.0382484423200022405
4.9592220348513711414 -3.8362579855533733841
5.2503465652139098552 -3.5074644346479164625
6.5422647699354792294 -3.8937111377630446718
6.395644379242071409 -3.4259750986141694895
5.6991467524629007002 -2.5231586486270383141
6.519662122124487702 -2.1322289915527923299
7.0351902312992793398 -1.2335747496982878424
8.3468521104226489626 -0.71325642083317386533
9.9525102844182740114 -0.60367079516333355116
11.560812080867735929 -0.50561259493375665386
