90.078242852599345269 6.6789498329162597656
90.248851589757279612 8.7835810316079054871
87.95708470816005331 10.448101213270811982
89.683862424870511632 13.001637871685108649
88.299806588718112721 14.726537865512387526
87.68691398288677874 16.760805185384889171
85.735147244097319685 17.947999091111952907
80.121016106725647887 15.589694590088473802
78.32717094755305709 15.677735879825442922
76.404197840280062337 15.18440429207808684
76.050014321781162607 16.768819020586423818
74.423888248797197775 16.110631213288108654
73.678870186060734682 17.310010980121720792
74.519718352370745151 26.885765666056315126
72.088594480933807063 24.413456275062785039
70.2246246337890625 26.672640289494193411
68.220725939061139798 25.744850052733251999
66.598469101208380039 23.738703617751628627
64.318914094610917687 24.854870052911056888
62.309438108295225334 24.456743693649571014
59.715016800255192209 24.88213193717463767
58.838616654290326835 22.350454525291553409
57.164925708974479335 21.18321172562841781
55.109366675715364181 20.288789345083081628
54.337717044526492316 18.221466452226881216
52.036908094614091169 17.179636685330031298
52.86323546340041446 14.408740283411464844
51.476818586449070381 12.770480965526399331
52.912828933194816727 10.358686942786476948
51.387732310666656588 8.6587867451493369941
50.286155833561480222 6.6789498329162597656
54.389223653743158593 5.014582759065813633
55.704729773618154809 3.5926505328038369491
56.645252529256268303 2.2667442285573224936
57.719537705817316464 1.1113253439034567194
51.59156535553617573 -4.0788544508843092018
53.884506333140734569 -5.1928399488135159601
54.611996045989783966 -7.378724209591126737
56.547928103537998368 -8.5105581467339224133
58.210920262904593869 -9.8565043546501627247
59.901757168685819011 -11.200787349994861586
62.483099698817575529 -10.708794081577465818
64.733927238362497292 -10.219688061830204617
65.697058363263849401 -14.621615286358604635
68.198228999622017454 -12.600993491427271209
70.2246246337890625 -13.790911096608819975
72.254316022120178786 -12.632280147153711169
74.521845791054005304 -13.53788757614952587
76.372925504872483771 -12.243562847777457847
78.420120447420458731 -11.728428779320761777
80.536649385790767042 -11.182000400028236697
82.883918840963929142 -10.745071692425153032
84.390577390040917294 -9.053923181009203347
85.888819104433906659 -7.4251507195036552389
84.746435289507658695 -3.8717597480988690251
88.560085113219500386 -3.9070310014967528645
87.166574254873353311 -0.86409030728527191911
89.375477543035998451 0.45646182097665732869
88.696430833074188627 2.7526462311683035367
88.409825572658846227 4.7676080700316436634
