47.850181176573947539 13.419012069702148438
47.266517452450486303 15.444366709928797121
44.505184233839912622 16.928029192966342009
47.062585546951027027 19.613940720932735218
46.071741103273815554 21.466600567280046619
45.458848479810271215 23.500869827754058861
43.50708182758826581 24.68806360993734117
41.656702559240720518 25.718655244398661353
40.250816206723257551 27.028727866812207736
38.347118525188413685 27.665334620379006481
38.583846858093167498 31.756726438185353345
35.908877688529933891 31.19035635703286502
33.852607003947760234 31.442060460861295468
29.514521039275081193 20.560436794105108049
28.555636029161878042 18.738304394133063369
27.996561050415039063 20.550575699040095401
27.508184190718719009 18.065635557521819266
27.378183409484346811 16.328257392078096899
26.506684631217868997 18.004388919868489438
25.736441752816819672 18.495327352994717529
24.023384997649127826 20.300748905424995883
16.610549356128807119 29.090515404154636769
14.936860237947433561 27.923274456985478054
12.88130022969822619 27.028853964255386444
11.914359090974411259 25.103414937073704749
8.8497303848935118253 24.473442671937576165
10.064581867420304917 21.402844683656169877
9.2487530963298780762 19.510543681006733863
15.874265189107847007 15.99568695259099016
15.266084467230445654 14.757039912892450317
14.219769610722126529 13.419012069702148438
11.985329236488908577 11.736163672920737255
7.1088816918988406712 8.9791980899049583797
8.0953906187514590442 6.9527298015781138218
9.9478959809202684994 5.3832284868412632051
9.3634978930184260548 2.6612076591075251031
11.656441793398549578 1.5472221724708496993
12.383929541274310893 -0.63866207717810397071
21.729646788209581842 6.4589058060093327285
22.981447157707837192 6.5162959891331855289
23.795575307234010154 6.1426816561235080272
24.916165125652781853 6.5003338158834234051
26.074709620652399167 7.5041611643092158701
25.869328665791595512 3.4111918900660445075
26.977055051726406276 3.7190664925842984445
27.996561050415039063 2.7403491553900796163
28.962598356170850877 4.2277988885476140979
30.179171394740315293 3.1506261496905594299
31.143757545457425806 3.7329502926940012486
32.796238178336452052 2.6387696988941478082
33.425756387315423979 4.0153802876628912344
33.661475594235518827 5.6219189003727425558
33.801084402454165456 6.9724376367693174927
34.207124967186587128 7.8269949294440062104
32.2351092155766068 10.339528853652554474
35.549266638463095092 9.0584564902523538876
34.162832114830656849 10.673610997762500219
47.147412049697386749 7.1965233642580397344
46.468365349654639829 9.4927082638940305515
46.181767701721085473 11.507670692225058673
