96.825940013213028124 5.5917023342807716801
96.644417303456776835 6.9575252940668805834
95.641143138566107496 7.9483176611841619419
95.044418699587311039 8.9562188952779813178
95.676790078421902308 10.191533813169826317
95.83378055336758905 11.38262784897095159
95.286609830678557387 12.648284504231456893
94.663293675724418108 13.997724429106385813
93.875673319876895562 15.199346561505949538
92.742610941819236814 16.143453881138793093
92.183808328193293846 17.467648158158400662
91.438718979631715911 18.642511610772452002
90.444237344919784505 19.621861419959063966
89.417070630474327686 20.502943140094178176
88.305002396449026492 21.33174566182619003
87.217909496637062716 22.033818212582108487
86.207478890219363166 22.601793878864818055
85.041161285367849132 22.526066640810565644
84.106049320994927143 21.446341561607670911
83.330047112762500205 20.145681723567996357
82.554709940083455422 18.844098438260456163
81.779372767404396427 17.542515152952919522
81.004035594725337432 16.240931867645375775
80.180806357874317314 15.258866947489201138
79.158809216158630306 15.253113105612658984
78.151605044181238213 14.741467954598157064
77.409326896737397306 15.369459905925491938
76.745861656564983377 15.929347004467190985
75.886691712389946929 15.057692353761380488
74.794299443179809828 15.174201501165214268
74.064549791417221059 16.408575102290022585
73.437107991503083326 17.776672438136323251
72.809666191588931383 19.144769773982623917
72.18222439167477944 20.512867109828924583
71.552724908177324892 21.877065757180790939
70.694822546931391116 22.808509981649908838
69.304049439667494426 22.786144717062590814
67.874052977774169904 22.729739176941151868
66.8521456961780558 22.173797536421858467
65.857960457812694699 21.543622346049385641
65.062094171280890009 20.309634104106994101
63.829132841995601666 19.445628543054326087
62.493205978965846725 18.745777395391584719
61.537348506553229299 17.676465426589125229
60.680263884478677028 16.568811737842615628
60.058775276727473624 15.652226246921923547
59.572901427349492565 14.850251078313092989
59.139398831304824 14.054078494494927298
58.758622794737263462 13.057581153689058695
58.505033154323996314 11.649422265432427537
58.617965849666099132 10.296749178678220815
59.227455945237210244 9.0100439534030343225
58.889346434439211464 7.7986352997904031525
57.960343078425353269 6.5802755982232250531
57.190795395705208648 5.248685266990192666
56.941124856332478998 3.9029569141700410917
57.05047249977101842 2.58155169051732436
57.26102215607356527 1.1956477200770216918
57.571247101449991135 -0.18398824031796667811
57.966673165216036523 -1.5042530044736128758
58.429055350362041565 -2.7385775746093958816
58.956908365606793154 -3.9095677054857507216
59.494435087907547199 -4.9308817659747763429
60.103295516004209276 -5.9401897033462915942
60.853385182458588076 -7.024358479416410006
61.70593922604034276 -8.0951161845728858424
62.632472308026493124 -9.1078525868646416086
63.685334720958451271 -10.106952595911540271
64.841918632358286345 -11.05289581861601178
66.068740268439398733 -11.911691269568073892
67.313996905934558868 -12.653150030644511048
68.620818734370743641 -13.155846468482424783
70.089215943362376038 -12.887702873020826289
71.232678174547814365 -13.020135042893720367
71.766669443199219813 -14.274236464697237281
72.455970321499222564 -14.605467088112686014
73.234572751964606141 -14.76739239537026549
74.200328476438173197 -14.923941244245057192
75.519972036593699727 -14.529730327933002343
77.016415683263630854 -14.631505688551891708
78.51495426360924057 -14.447501207536047829
79.933285375777060722 -14.734631148994854044
81.1976987177528855 -14.645727369375325821
82.538722568373771082 -14.302837318511262055
83.946552760803726301 -13.821015310182296787
85.334213998762791675 -13.251643661119686612
86.658815374080433003 -12.576138626482162408
87.86683458823232229 -11.845306199818114834
88.981539912762144695 -11.060446554976408606
90.080331030626538791 -10.166469399423521125
91.117268752656400466 -9.1927468714882678569
91.911376231996925412 -8.3440796957455738436
91.963395683330432462 -7.292617735688257774
91.758129213336147245 -6.0425826309220651567
92.747790260404471496 -5.6754470919681381247
93.989449761302608977 -5.5266495294763053892
94.382560014995547704 -4.8532080923271880835
94.412195701681184801 -3.8524253661993514974
94.291952747034471827 -2.6240592308264760746
95.311082665656030599 -1.7345391412579640456
