82.440086059769058124 10.631635459889892559
82.182360884742834628 12.059462636853931272
81.037753019144020072 13.085639216500116078
79.708897391139444721 14.034614850657614937
78.3192864349073119 14.874287226041220222
76.786176215299107639 15.311862236372718371
75.391009278665976012 15.893507935251374619
74.316818166778858767 17.039545837540710949
73.664976470049055024 18.21108080599482193
74.123223775434610161 19.683806317896838323
74.746519254147855804 21.192246013234779412
75.388909105365826235 22.685391186923951068
76.031478401483781226 24.175984867566903347
75.717668412627006091 24.916139969446977176
74.712157676243450055 25.741914999946253317
73.217714510317804866 26.036490807150105553
71.613185826271291035 25.85234249499605852
70.078269439416985165 25.36251002893230222
68.612951254109077581 25.470551959924122798
67.644312996213656675 26.589645526539467113
67.247481579303084231 28.148814940191538625
66.767695137892957291 29.426889848572990616
65.63992333379297861 29.604513320291147238
64.282363521191200562 29.617946252754261849
63.147343162945972495 29.871746266119501456
62.12787689420866144 29.87731007069260869
61.073949933695224956 29.609929153789142475
60.03777823692657023 28.344196872775427209
58.940857925047069443 27.340810737008254705
57.578133778428757239 27.578204707608708901
56.061440837738899745 27.887504114834040791
54.46516670310288788 27.764782821145782776
53.097607503269415474 27.518169125004948938
52.038039663817592384 26.909250811427341432
51.369864746070163619 25.808227040608954894
51.738788387362113497 24.326231076645672857
52.439935059449702237 22.872019447814679438
53.143637293312650627 21.418021544638566667
53.834883090494322744 19.961950641545655571
54.124930482413397215 18.435880460252164426
53.919056729429243546 16.862706875108372628
52.987527099368456618 16.195648637944707104
51.878200992116106249 15.986321579514456204
52.189992681035725752 14.894705685170931631
51.638876071107759458 14.077014121964758431
50.070633824080807983 13.78785077996845132
48.468591751570940573 13.697270265033088421
46.86765860786438509 13.630212724350355913
45.349226678662915901 13.367000865667284515
44.156229081280287119 12.353953798181233736
43.220992385258973911 11.002959824407803069
42.530661567487669572 9.5869991172995163708
42.593493302815161883 8.2702127177478779174
42.752854319265416905 6.8940156322335575112
42.976346336829479355 5.6725876805671129333
43.56468081285839844 5.0264608984616589993
45.143269408006467813 4.7015889788838771679
46.722439188956201406 4.6648500928735625592
48.302234700106922105 4.9383279060420086637
49.882073701351650641 5.2333666945114236668
51.461912702596364966 5.5284054829808368936
52.97472918586902324 5.735777836746045466
53.928493127332885138 5.181663067170236836
55.126008243910519013 4.8255532669772085441
56.030917656614064981 4.0393309261119929587
56.899242017021613549 2.891970318702077769
57.173058105340381019 1.3429927487929922414
56.917955624489110278 -0.24395557025224401393
56.451196173492036223 -1.7839626747976453647
55.975861902969455741 -3.3219898439251953626
55.500527632446875259 -4.8600170130527455825
55.025193361924280566 -6.3980441821802953584
54.739401390313588536 -7.7481237488619969511
55.661331412524873485 -7.9044884666032952936
56.865451926001476579 -8.0654551173243334006
57.420889079467677618 -9.4292533604817929671
58.188596270793688348 -9.6421315512342360421
59.057014709229690652 -9.8150935421650871149
60.162270787704315467 -9.8203243139254237093
61.516455470708407915 -9.9950494140430912182
62.923316247416039459 -10.114779679659442024
64.34905030894431377 -9.7181513607351757145
65.818917513887555515 -9.8461484640512964006
67.19380527818508142 -9.566938947632785073
68.667488307255879931 -9.1531923906767467258
70.167304931648246225 -8.6024157999452413037
71.61942831396997633 -7.9331360370063315202
72.97099134725827696 -7.176059309675896003
74.188942967737702361 -6.3677993180935636985
75.365365164641190177 -5.455390757974925009
76.497801481696512838 -4.4315559011561340697
77.413935424425076803 -3.4762101019007438651
77.621498351755960243 -2.4460822059997497924
77.369241824758461235 -1.0881019011040107269
78.409469888615063837 -0.685107063314197684
79.641133158859403807 -0.47037469249150909434
80.062665327286310912 0.26088115632078334727
79.90768246078570769 1.4514010301417752391
80.139256288618710755 2.6531216945710189847
81.241309873212856019 3.6133807816184431161
