47.3319235613154774 15.325927594422752875
46.232104807526397394 16.445170927670318406
45.04045513538866885 17.223054826710882281
45.425988709728180481 18.171621030087056425
46.625360270307176336 19.233840501055073702
47.775405166359547593 20.359005198033749195
48.883770726889409275 21.526592859087205767
49.726801949320076801 22.759392739101979686
49.51676830772976956 24.193191479111490594
48.478171713330368675 25.330342588603265597
47.461583213661704406 26.461890575488848043
46.944320974796823975 27.756840604636579428
45.77843014057169313 27.725414739315915824
44.294403084008855842 27.093837699398871877
42.800617726911944771 26.486521599519853964
41.258375581287026534 26.114810478521388148
40.054179160397474391 26.502068360084990672
39.200141071102159174 27.604411907212178079
38.065234446413420244 28.253602277188754499
37.821386422194365196 29.646682323009279969
37.812709264687086375 31.252122296548911606
37.583166861328329844 32.797189222148119825
36.735780787463077957 34.103448836796083299
35.48819024782020648 34.369004137210268368
34.095522058538982435 34.276190396349988987
32.908380190536149712 34.661447664416925818
31.864169204848771244 34.684223709755869436
30.829862482713330962 34.653000388315547298
30.096692261834309789 33.458584137881189235
30.079431611750923281 31.894679837401138656
30.194496004900585717 30.28981145081201376
30.309560398050251706 28.684943064222885312
30.424624791199917695 27.080074677633760416
30.539689184349597895 25.475206291044628415
30.654753577499270989 23.870337904455503519
30.76981797064892632 22.265469517866375071
30.883748549818903939 20.662833084918570847
30.666556518148720301 19.633561825001834222
29.521170236634997508 19.917180929692250402
28.778714369950264995 19.89999714817046339
28.403472725386240683 18.971119984780646206
26.987015653122522707 18.942918378327490814
25.467369037423715383 19.24325923822742368
24.031784116114195626 19.955140172886636662
22.600284730769413244 20.692503862457009234
21.168785345424630862 21.429867552027381805
19.737285960079841374 22.167231241597754376
18.305786574735058991 22.904594931168134053
16.874287189390269504 23.641958620738510177
15.442787804045487121 24.379322310308886301
14.660342234826224228 24.737150897383763493
14.510092503605289238 24.474170172402466505
14.100428026321445429 23.705624977303806133
13.783534900449133431 22.522812402792311559
13.474078776319929673 21.028097207561280868
13.897150795135237544 19.613167854255646461
14.509833536157129785 18.172101484485182255
14.541580930963377227 16.566442938496301451
14.238652831721061887 14.985722112373426995
13.405730188760479393 13.663918697326796092
12.416255967442401342 12.409867444444614648
12.260289250197502042 11.176736325317603971
12.527933078375696141 9.9124125880145310674
12.929653053713700217 8.5025589545718709417
13.412424416334545185 7.17791570741049334
13.972479910944677783 5.9209479888573497419
14.54675999553464294 4.8296106490269679057
15.200347631226478029 3.7555782814179288209
16.018351854050866478 3.1194116056290281946
17.474013259151210065 3.7245298488343698828
18.92871833945249449 4.4362652322382212233
20.383423419753778916 5.1480006156420712315
21.845863913672840084 5.83569899199322073
23.41386590467524087 6.1538381706335041343
24.92636426810870276 5.6747748537854851847
26.032848912605413005 4.4891216625482650571
27.161467384638470435 3.864371579755692121
28.352452300090568826 4.4620230285257154179
28.969201096672286155 3.7771670752168402529
29.327428992927952578 2.5897748167837693067
30.091072629269667971 3.2252504002130475413
31.020233046917933706 3.8340435909654457802
31.839329993393217677 3.3894080735874339005
32.214849277603917699 4.4876282672717415778
32.472549650738059768 6.0745459254366735991
32.981353826104239602 7.4639243840225271143
33.776179618249031478 8.6642004985231633185
35.018071508749528675 9.143657271416453014
36.500582483529704803 9.1535225324937314895
37.944334944078285332 9.277816577650053631
39.373969365963581879 8.6274246567534582653
40.789018774085363361 7.8680382412665892389
42.207686691371534948 7.1159425760467200917
43.678417279908060777 6.4687453419411342637
45.197504309096224517 5.9189790432218130078
46.719222981313031084 5.3745151083330391373
48.240941653529851862 4.8300511734442634904
49.240798384483305483 4.6326227691145565046
49.570427142316923153 5.2223344080371330023
49.261218281878036862 6.5134969019938333545
