20.382592661818623725 5.8406021634562526046
22.068382846337811998 6.7731203523521710252
23.853782227318252041 7.4916139651886473061
25.645243578761061087 8.197082569246958883
27.390413177369019593 8.963034653334995383
28.710602073066375794 10.282435891319551047
29.089712086979172767 11.819781387231154568
28.357365047483146014 13.424949893269833012
27.561776203432032162 15.110180752605234744
26.218110714656219784 16.376921369582632337
25.418728373934214915 17.995742870909953837
24.369536408969494801 19.409278344842480379
23.096787798626248644 20.584863468887132143
21.715049394610460354 21.654380847668857513
20.476748744002193803 22.462213526035910149
19.849223367351665814 22.21261789951631016
18.828007727037707753 20.599597609942101428
17.806778749938207085 18.986094031129582049
16.78554977283870997 17.372590452317059118
15.764320795739212855 15.759086873504537962
14.743091818639710411 14.145583294692016807
13.721862841540215072 12.532079715879493875
12.661028368443453473 10.939314752881607262
11.651886690152091219 10.271016630870686726
10.995912488009723873 10.399748594177864902
10.380037878886829716 10.852722032631385574
9.9845894174904259444 10.754347887084048097
9.6752448444510896763 9.0137047979752882298
9.1415730775056847079 8.9919011433099704789
8.0872782130409426316 10.549052315294522586
6.9465942959450073246 12.102336804259248737
5.9203144781790273399 13.708802834593322828
4.8959126558298677878 15.316174593120335246
3.8715108334807069035 16.923546351647335229
2.8471090111315460192 18.530918110174344093
1.822707188782386023 20.1382898687013423
0.79830536643322491663 21.745661627228347612
0.042673314234443537885 22.562081201985620282
-0.9297454792036073945 21.884229077439016464
-2.0670246941952203912 20.425786763739939289
-3.7247865992151076853 19.460558467438783481
-5.0793733749755851647 18.252853091540764296
-6.1521846157911710407 16.868974052812859554
-6.887594033768507984 15.751910712411708815
-7.4576054691966007226 14.756589027314639395
-8.0129186976195896364 13.579076431482798526
-8.2669850258083421579 11.802178129520806138
-7.8119793423012779954 10.119643172005600817
-7.6734504429513643586 8.5439776974683976363
-8.7751640230974743417 7.0049407034213855283
-9.7745888849450999203 5.3308493961274852069
-9.7623177242364498341 3.7454791311921429298
-9.5629402634631652802 2.0962020666981855399
-9.1943997046588279431 0.33910099703870599797
-8.6893826758852803493 -1.3224326723238206682
-8.0699436864047378037 -2.8722320072369775801
-7.39198984707082829 -4.2400746469320349519
-6.6367978979475559242 -5.5133310204111634079
-5.6659399454209520286 -6.8892657787412883152
-4.5536951227507209694 -8.2103775946481096781
-3.2754224645173763975 -9.4818875367162540613
-1.8189947349609916216 -10.684939987803943495
-0.35135786624566023306 -11.686284443462433558
0.64339374920790226575 -11.392907515809310937
1.7194535846001746116 -9.8272406248264445594
2.7941864861213363547 -8.253438266889869368
3.8689193876424976537 -6.6796359089533021702
4.943652289163660285 -5.1058335510167331961
6.0181506465768181968 -3.5316388684753787786
7.0844399602098517832 -1.9437128247665427239
8.0948439088349513071 -0.48738688596108908913
8.493773929589011118 -1.0106644779713762627
8.6474421018064049349 -2.1051361925897182914
9.3482620204660715757 -0.97209442856993977244
10.243967168105575283 -0.80082350217173725593
11.280322516576152481 -1.09370107727964605
12.516219282208814079 -2.0711216841155288826
13.472258750841737296 -3.6115536535593886214
14.350367239852399592 -5.3102208067271572389
15.228475728863067218 -7.0088879598949231919
16.106584217873738396 -8.7075551130626873686
16.984692706884395363 -10.406222266230455986
17.875499123797609968 -12.07803177273392059
19.096563258665860019 -12.581170239530692356
20.657508907966864342 -11.714191484126370568
21.867567792275067973 -10.907465965581245371
22.159826405644086122 -10.093472770036710173
21.549705384101748962 -8.2735355611543326404
21.256444573162504241 -6.4493760581828967204
21.347312402102634366 -4.6427594493844077661
20.698801127408845701 -2.9346779582138351472
21.166102213604727211 -2.2477139236000125422
22.955416389305778324 -2.6459455483808906884
24.150229631888951332 -2.7909251809384487686
23.086788757797368277 -1.8870503018730706568
21.543468883912403555 -0.76029383908781855705
20.000149010027438834 0.36646262369743370924
18.634276457192790133 1.4811666894960215934
18.607186922901874482 2.5624798534676611617
17.961816831089866042 3.9482424616913580628
