20.570097109729914564 5.9967967161593742631
22.126258605886974351 6.7801055177613278602
23.729849338272646975 7.4021433665716580563
25.341224470508269206 7.9977123602930948465
26.952599602743887885 8.5932813540145325248
28.52202174562250292 9.2452923021690445182
29.724585742557795953 10.390860230984216628
30.322034055892256532 11.789176642875853318
29.787587550218535881 13.188357037085326695
29.049953189550812738 14.700066985073600989
28.106960904091685904 16.025814946699728836
26.90058345852487065 17.161535355934962155
26.262730427922868159 18.715915065490854374
25.199930189214981624 19.980393488904287125
23.871506045148954911 21.011894318052785735
22.656390894561823757 22.061685130324910631
21.508222236497530844 22.796709931102391522
20.394527095381793202 23.41027162791637295
19.117750464565823165 22.910837241092234962
18.287575722649972221 21.48341958252339623
17.534565209631324478 19.95925430083432417
16.781554696612680289 18.435089019145262768
16.028544183594032546 16.910923737456190707
15.275533670575388356 15.386758455767123976
14.522523157556740614 13.862593174078053693
13.769512644538094648 12.338427892388985185
13.017863024626464608 11.237673991681006669
12.250756877309706638 10.868055468908808692
11.615194997279443712 10.834805793382562555
11.227234251713319679 11.217024120608080295
10.955178259681698449 9.7340453608696879684
10.755039486222294443 8.423987256068562246
10.096847873592551537 9.1746775745222208798
8.9425123096204828244 10.468731016619706509
7.7695023074026376975 11.75204841573835246
6.6703925318433041625 13.063309976943514812
5.5876921723238028861 14.378895238945487378
4.5049918128042989451 15.694480500947459944
3.4222914532847967806 17.010065762949430734
2.339591093765294616 18.325651024951405077
1.2568907342457920073 19.64123628695337942
0.14602263180684443844 20.765595588579365938
-1.1763372292251372819 20.511318987979990425
-2.6859940463187448323 19.691649432394306984
-3.8863182729789276237 18.602949675944358887
-4.8790391635202539078 17.34486071135364682
-5.5879204260917454405 16.300663558199133263
-6.1260502030971153431 15.400112891537327542
-6.6183823918803099673 14.468213641392368984
-6.9168036351157375918 13.103963272595496647
-7.1459408901157956961 11.531979542454024568
-6.5127352076712128337 10.053118028639140391
-6.6219473565934556802 8.6605940004187722536
-7.6482843757006762075 7.2826650141503597169
-8.5407464701573054811 5.7827180469322065903
-8.6555815397940349953 4.3469571129619755112
-8.5149043088783784583 2.9202428054232774102
-8.2391185152886450282 1.3510596257684381882
-7.8379555722592897382 -0.19564957124747550665
-7.3459774156072050744 -1.6248500089269306557
-6.7617612591220179752 -2.98277455252511281
-6.1532911557826821536 -4.1617929478361599394
-5.4621419413255338782 -5.3068720864478429178
-4.5922579320058165564 -6.5403270728149980329
-3.6077754656829910118 -7.7316387905332888408
-2.5027017259661583637 -8.8735466521183674615
-1.2418040556837404154 -9.9796782647505217767
0.12322982806303528491 -10.986990346475856484
1.1774717281033346694 -11.651120776583969274
2.087311514292586434 -10.601463126272376414
3.0263350984780461594 -9.1705673632760564828
3.9653586826635054408 -7.7396716002797383283
4.9043822668489669425 -6.3087758372834210618
5.8434058510344257797 -4.8778800742871029072
6.7824294352198855051 -3.4469843112907843086
7.722852121477484566 -2.0164087925074225538
8.7158308115807621164 -0.59848170818740575871
9.5457663505198553366 0.15324570639837231667
9.6411349296732762326 -1.1090651308774510664
9.7947893678499653447 -1.9322407906643102038
10.4709280372472886 -0.92168017269296875771
11.321281066644926838 -1.030647246491207536
12.312223172653096626 -1.537214275899194682
13.134187880099460699 -2.9576500072201490354
13.811084431928229321 -4.526069648124178002
14.46292940273027483 -6.1010884755709202665
15.11477437353232034 -7.6761073030176643073
15.766619344334364072 -9.2511261304644083481
16.418464315136411358 -10.826144957911150613
17.085689824690042826 -12.37069015607742628
18.176531663716360754 -13.076076068749612702
19.723392394158906882 -12.547300183419825004
21.090344683377217905 -11.848063256660289255
21.43281579445401519 -10.647458608153677062
21.243253761816490055 -8.9282021837790637164
21.21648490880846083 -7.2101895637671136186
21.554218485063476152 -5.5363275312985269494
21.961673177708529892 -3.9672000555577882075
21.45279924458423082 -2.3642660348781583401
20.831673910620217782 -0.72626505480937120218
