70.135791375548564019 10.072221755981445313
70.306407742714824849 12.176852471996085114
68.014633237465005777 13.841372629597486821
69.741410936201901904 16.39491030734345145
68.35735511273372822 18.119808355670954825
67.74446249633948014 20.154077601735671976
65.792695830992570905 21.341271403000096285
65.366972454676641746 23.654633216331887979
64.371028279878046874 25.719480330025142223
62.043884424363561436 26.260827937380359032
53.834060746499751815 16.224260350226369809
51.977969243182847947 13.881026478304956839
51.268728813110769238 13.108508304168694281
51.245831071375882004 14.605843105612098753
50.620012117354185932 13.286501264813310286
50.282176971435546875 15.354604210087456906
49.965663987321001116 13.083648591609005507
49.98807493180208894 11.455867520214573219
49.246137346634988319 13.260825382642286385
48.58403113672571294 13.886325191171998483
46.811860485754749561 16.082988126355893144
38.896165248626203947 25.743726977059317562
37.222485591511606629 24.576482142094487671
35.166915173690306062 23.682061717248679145
34.199972162468505132 21.756622731827995665
31.135346218828107823 21.126650300031041496
32.350196850840006846 18.056052498688522689
31.534367112618944873 16.163753375340917273
32.970379384139278045 13.751958486149121086
31.445282744693951571 12.052058226860633994
38.003891124088823972 10.072221755981445313
38.214869094421985096 8.8038975639460410605
38.999232019485461365 7.6739580024925793111
39.757087994915210061 6.652413503297866626
40.873636235633377112 5.8832708968040963171
38.779942595565302099 3.431404943653828532
43.821022118531494982 5.3779203325421685022
44.437629974222289775 4.8097691248978993173
45.669616960392509952 4.9494552301748226952
46.318967974601584103 4.6173223661238438353
46.790829278401041336 4.0250357536840253303
47.664854725864998386 4.1936164429309616963
48.615393991792629436 4.9423976747079327865
48.146949058862858806 0.026729230811488591257
48.255773937961855324 -9.2077220693824024522
50.282176971435546875 3.6272288379309740591
50.78084010559734196 5.3277185123388610677
51.4677834045493654 4.4943608152499106012
51.764782605615458522 5.5092409396124901733
52.327545405234616283 5.4782534397066182663
53.079960869853678673 5.2263058587546069589
54.264659417574591771 4.5908005633729960238
54.907598622477507888 4.9351749389779788757
56.361048232221527599 4.5987847360737674762
64.803983970792657487 -0.47848808394030228897
68.617633566295552328 -0.51375975079841040838
67.224122839834649312 2.5291811590148807198
69.433026062604994877 3.8497332866037536903
68.753979367925225574 6.1459179718085437116
68.46738172142930523 8.1608799590992102679
