34.386492281471980448 9.3939173151873820444
36.010471418705478186 10.254902607556850569
37.060883379494384826 11.154603345215978294
36.124047073299799138 12.200751201766280474
35.854077608845550174 13.49237918627658317
36.625623270470512693 15.001124076440918387
36.119036976250669113 16.454046710812036736
35.327501149129304281 18.046060010147861874
34.325777512004520986 19.447685026430150401
33.125802886845598039 20.684758121456255253
32.509562890695072213 22.065177972165439968
31.181758388725100417 21.782890191710251315
29.580574931591090859 20.925401409301638722
27.974390106256336708 20.077128813082723013
26.262615824750824345 19.468580746752230937
24.893214624692593162 19.838174114120452174
23.858371543497778333 20.75226451933841787
22.92840148974635639 21.426159767292503489
23.022647976309897899 23.139118969394044001
23.208962166957022077 24.949064435374637583
23.255363125128848623 26.726262590198469837
22.481567719398771743 28.283200189005434311
21.101823865068844555 28.672148171818651718
19.55369645210844709 28.636659364615884016
18.251146208012492878 28.975571230961175928
17.100895936399499675 28.981952895541557069
15.916470377686756876 28.48028536310846448
14.747358491004876058 27.062724032145641928
13.409460776200397447 26.425576500741819075
11.773995691216963877 26.942268911543401089
10.222431187253215867 26.713136462143872052
10.152977244432895176 25.398560497348274367
10.768621565547666918 23.706985112091739865
11.388210189666070349 22.013240408070952725
12.007798813784470227 20.319495704050169138
12.627387437902875433 18.625751000029378446
13.246892980981403554 16.931770132141416241
13.858281506464230404 15.214716054430409642
14.29660463882201249 13.494121296139734767
13.659790311456369238 12.386084103475633711
12.384118924987117083 12.257582463326452071
11.989465590160994779 12.010437257930668409
12.691751714012196928 10.900648653419994005
12.660590062702336667 10.073655736405273231
11.207961553864722148 10.052433285499965621
9.403660678657475458 10.184685445774400492
7.5993598034502269911 10.316937606048837139
5.7950589282429767479 10.449189766323279116
3.9907580530357296134 10.581441926597712211
2.1864571778284811465 10.713694086872152411
0.3823029902555560855 10.845661627529874949
-1.2271967065706452793 10.599938936806537981
-2.2556153195256234412 9.2197514751993203674
-2.3933195366138377835 7.6984668494577146447
-2.2363879079329578303 6.1765072918723928908
-1.9279250401380885194 4.5127807912777546662
-1.4838475743309764709 2.8933015065787976994
-0.939656879081958607 1.3996073399695676542
-0.3061930086643087634 0.0086648750354125780859
0.35304276980176041434 -1.1981798273196826443
1.1601092260319951777 -2.4527655714008833598
2.1335231347539185265 -3.7353242317234212067
2.7947203191514891074 -4.4973046777660492523
4.2473993647927974493 -3.7294895898834923287
5.8062130308033168546 -2.8187279417970469986
7.3711707980116552008 -1.9214645949635458244
9.0782461978373856226 -1.3561643431004137828
10.859933650847759523 -1.5066457245429560885
12.633881726080751662 -1.7194602328868053842
13.921034309642614346 -2.0767040705898098807
13.925612997179207753 -3.6802797062265049099
13.740810394544256567 -5.4767304572097801341
13.556007791909301829 -7.2731812081930549141
13.371205189274348868 -9.0696319591763288059
13.259036344821215181 -10.543602535402690989
13.691145439679903717 -10.633882764369499085
14.744811729282890411 -10.812808886367019312
16.205886758421200966 -10.753324260805312562
17.784451532095264525 -11.011456239901860954
19.191061445840247757 -10.350865498626301786
19.534049175465408865 -8.7710239833075203109
19.465831503711150674 -6.9689544103378935347
19.396536673079666002 -5.1663027075512371056
19.327241842448184883 -3.3636510047645802324
19.257947011816703764 -1.5609993019779238033
19.188823402517101613 0.24171275952551202204
19.136428117342862976 2.0503218676582291025
19.256500421217172203 3.8076292012234529416
20.395138836563440066 4.6458279913064419731
21.033367605228452391 5.6282300146893184944
20.104828751344292925 6.9422216325687848837
20.350340568541124497 7.1676211887175362847
21.823763394113864678 6.4787083356927048783
21.810660592831609961 6.7827906825619530551
21.946950677481279257 7.1527989165350556178
23.594755777663934282 6.6936073967846505539
25.326889380554977294 6.1878885678738093645
27.059022983446016752 5.6821697389629690633
28.791156586337063317 5.1764509100521305385
30.523290189228102776 4.6707320811412911254
