97.733013972589944274 5.5102372479476535716
97.551503933899411436 6.8760604831725133934
96.548232306108815237 7.8668529488532552563
95.951504404301502404 8.8747540768275889889
96.583865678624448492 10.110068575597836116
96.740861232145860527 11.301165300738306385
96.193692629562448815 12.566819492129818414
95.5703749647906875 13.916259195102922419
94.782752150337358898 15.117881201281269554
93.649697354745953248 16.061988878164235928
93.090897388796093992 17.38618236629938707
92.345802571548290416 18.561044267225675242
91.351316867492428742 19.540398087032968988
90.324152417959481909 20.421477748891575743
89.212087362333406304 21.250278088840911295
88.124992739413102072 21.952351983559140081
87.114561111852182762 22.52032831057958262
85.826261457320740078 22.681663515191143432
84.340552009453730875 22.678688550778467459
83.282902404218418724 21.99933548596096955
82.576659868844302537 20.691050620173943031
81.88717250035662687 19.352760170396347661
81.197685131868880148 18.014469720618762949
80.494411607955640875 16.682774911673025287
79.653350036279661595 15.423316209563525447
78.772634791682619948 14.883778924520280285
78.054645620810021001 15.722999096430527288
77.392454641859458775 15.402919731681436133
76.659827926186352443 14.117749670749368818
75.870615102037803013 13.852845003515836808
75.260204271131300402 15.057149781055436222
74.677275845284867728 16.439946453068323251
74.094347419438449265 17.822743125081213833
73.511418993592030802 19.20553979709409731
72.928490567745626549 20.588336469106984339
72.337995812503237403 21.957367374286892669
71.437497732866148681 22.762395146938274593
70.010727217585767335 22.693498056597338319
68.63727491476169007 22.574618770253774613
67.628556891032758358 22.01557363188086569
66.686403820004173326 21.27617272261715442
65.822721483841405643 20.095442083568659797
64.558076696030383346 19.26700954670696575
63.269866792925775201 18.527248462057599454
62.32040725598569253 17.444329534977143226
61.491594323996999094 16.353055548709541256
60.895189283623039955 15.459250052858800828
60.421224363949761482 14.665755424697977105
59.98856907996801624 13.859379919170832451
59.669895186188902869 12.788617699965078245
59.372075056064652188 11.382376445579414082
59.606942551936576535 10.041108527108494997
60.165590717393719444 8.7615660681292002465
59.675447612086188087 7.559906763207578706
58.75586316858437641 6.3263708743951090341
57.978127144631038448 4.9965925664589683208
57.853280267360013056 3.7237352247119011039
57.958706302820758083 2.4901953609738316509
58.166636853512244443 1.121994114729353953
58.477804599834279031 -0.26345510722936893444
58.873588605118570172 -1.5852258390595608262
59.33613701868085144 -2.8200429747531865488
59.863989758275700126 -3.9910325184826458411
60.401515989027593889 -5.0123457634419832374
61.010376525726130126 -6.0216540251034711417
61.7604663937091658 -7.1058231942190595021
62.613019750899937321 -8.1765801648263938262
63.539555123239622958 -9.1893190670834865585
64.59242087362139273 -10.188421853159868036
65.749002004874824934 -11.13436240228026719
66.975822158262545258 -11.99315669839186782
68.221079075488361809 -12.734615584493941043
69.527900338526237078 -13.237313068987065279
70.996297539643165919 -12.969169048884003459
72.139759767642772204 -13.101600711877019023
72.673751036829628447 -14.355701753739124271
73.358426514681269737 -14.685873456911970436
74.075519472119609077 -14.836354752866107276
74.933961961261346119 -14.833604736362097753
76.089638395023456496 -14.213129734993518838
77.459521366917087448 -14.585722317101280865
78.939030595937069279 -14.666517175709021359
80.414961210927046409 -14.77087857454315234
81.753093257255073922 -14.800952327289579102
83.074790192081579221 -14.489104600029595105
84.47291460756046888 -14.025019429080670008
85.876416454623608843 -13.49798306767228695
87.221970038238907819 -12.845036514865210364
88.464348264569110825 -12.125276428821997854
89.594363862778365615 -11.36026764962699076
90.697230203322391162 -10.496771511885878425
91.759680756110228117 -9.5361588623890938266
92.642633599074116546 -8.6221209520972568185
92.993986609725524772 -7.7582332769030211139
92.63215882259892453 -6.3925200231648906524
93.287512980155625542 -5.7783768912895361325
94.752217028743359606 -5.7624134484095206332
95.183377157498384236 -5.1227558736236087356
95.483606357235558448 -4.3013502438420498919
95.106780444481884729 -2.9955896888208197737
