93.405102607060470632 6.2747114818520435264
93.223578982242514712 7.6405344241547030748
92.220301413164719406 8.6313267221379259553
91.623574126636881942 9.639227637851304209
92.255945129721609987 10.874541775811515265
92.412943277085886962 12.065636629276474068
91.865781249021139843 13.331293239686310415
91.242463452234787269 14.680733586679927782
90.454836640276340631 15.882355458858633313
89.321774182437494005 16.826462260447446084
88.762975140295552023 18.150656329392756305
88.017884502514164069 19.325517669351242489
87.023401067074090065 20.304869534982369572
86.008734137423076049 21.175934867520304294
84.934336867027937501 21.313034911161928164
83.842469351089221163 20.344202461217509637
82.78113354147465941 19.280594666266676285
81.719797731860097656 18.21698687131583938
80.658461922245535902 17.153379076365009581
79.572815341496607289 16.109614598272024466
78.391337070742977744 15.145334340345261381
77.104460572206377833 14.4271020996577235
76.157645674376126976 14.867527007793059468
75.558308697845149027 15.922864629299530392
74.700181780745367632 16.476680870360180364
74.410475598789176388 17.785250898952007503
74.261356771859396986 19.291270245185636156
74.112237944929589162 20.797289591419271915
73.963119117999838181 22.303308937652907673
73.814000291070016146 23.809328283886546984
73.664881464140236744 25.315347630120175637
73.425598637637463639 25.573616517918424051
72.760957002439482721 25.560232644299382798
71.873982097622359788 24.665065919911562276
70.853000472224394457 23.535357421821178292
69.657721357673906937 22.945518102253725345
68.315707831108525738 23.365306153624985086
66.88149044826309364 23.574215191181636442
65.382467785714240449 23.455518343057274677
64.099281692747240413 23.228879140211969201
63.104255424895221438 22.66216111604576966
62.228251027773985982 21.771252757890351859
61.261285218741981851 20.672768155399978696
59.959219506217174001 19.892493283457930886
58.74877325028282371 19.083841365885078289
57.809988355401046078 17.981511736596008433
57.028855359250471224 16.92438295203444909
56.464949043730413791 16.059319934067374902
56.006333135511368937 15.275067029882693603
55.572640234766595313 14.448280656542856093
55.317626678267103557 13.271225387536590645
55.010576841055971897 11.871162368204716486
55.417596969364133486 10.545837870134695535
55.839182194023742056 9.2788342096725351382
55.197222482333458515 8.0819084116945862917
54.881351205627758816 6.7524943307056641828
55.197110394451257775 5.2766972986640752197
55.597128575278425444 3.7909167141019053382
56.060959821811984227 2.2952997114380573329
56.305110200075269233 0.7567008558860450762
56.085693082741023829 -0.7410993694793194253
55.580585650974072109 -2.1845501438769852065
55.643474513829801253 -3.4424462073422148478
56.186143930371073907 -4.4448942729270779495
56.820834109172508875 -5.4690332107283268215
57.597903259084333172 -6.5610995694129954359
58.462307201677248258 -7.6168507735588502072
59.411932395791765771 -8.6263450754461388215
60.488827822662678102 -9.6189092155430611086
61.657740939856417128 -10.54638594274078045
62.89226666555624945 -11.383953869597366548
64.18468989014621684 -12.126591527390381486
65.60673786823437581 -12.405185874294202719
67.032187748036761832 -12.132768659370196218
67.994858205370547921 -12.596676965109010027
68.506799785340589892 -13.793992885708515672
69.228229675269915333 -13.965634591004238985
70.054690784813843152 -14.127991286744759236
71.08864679981603274 -14.137208789798981101
72.352480582560062317 -14.242548935783243991
73.671171313137008951 -14.425491804755100844
75.000892967575779835 -14.107755566884408793
76.377688485980172572 -14.102722970997273677
77.681434052876838336 -13.983384996234075714
79.024567459827096627 -13.646915976426882366
80.42979521772157625 -13.166921617197061778
81.822452482201128987 -12.610544220530684356
83.152798814565869634 -11.940366350836747245
84.369368807177281155 -11.212183976255268192
85.487122259578896433 -10.432824651444960296
86.587353201776807055 -9.5462247011841139255
87.631723111285182881 -8.5746854589290233406
88.448753291087584216 -7.7082622583715476594
88.573437512908967051 -6.7056458823825835225
88.319818539447751959 -5.4198867697021775314
89.231198213721555135 -4.9949120379245117718
90.541803597812858584 -4.8874498420143108746
90.93486853619241117 -4.2181792784070974989
91.030845638937961439 -3.2607977000215906394
90.83775249671161589 -2.0104572113117109566
