46.559329583556369414 13.083069801330566406
46.729942136025371724 15.187700517345206208
44.438171411895858398 16.85221987923944198
46.1649491461442949 19.405759300412874779
44.780889509840399398 21.130657346168135291
44.167996886269762058 23.164926606613899907
42.216234003214736958 24.35212045127826741
40.913744478198935894 25.876038223029503627
39.695872597145488214 27.510110709394417938
37.992008355019223131 28.617334285929604931
37.292995205316039176 31.420783250641651563
34.618029876375274512 30.854415057399634748
28.447080192234075469 18.442455183527435736
28.113153839647200272 19.704552244681021733
27.249385520962984941 18.25576054232828227
26.70571136474609375 20.303593124577204776
26.184904060348916488 18.038238423212071382
25.977979506854790515 16.506776050742608675
24.946002426651091355 18.498905322502196213
23.653805970622471477 19.937763614587069583
16.196101540440732691 31.286251380587589921
15.319700590243268579 28.754574064834187652
13.646019950493769812 27.58733301755715317
11.590450535977261382 26.69291073326681385
10.623509408056079906 24.7674717188136988
7.5588816344954672388 24.137499418016041375
8.7737331390724193625 21.066901469800988878
12.433664823147077882 17.720338675826923236
16.229411713285806229 15.309874548649723636
15.313017651055995216 14.28048990287412856
14.117864741642536686 13.083069801330566406
11.805455764153180098 11.516990297126465492
5.8180324844628472647 8.6432558149666824932
6.8045409330825137317 6.6167875332065317906
8.6570472448513946517 5.0472857507834252289
8.0726491790912682234 2.3252653594421648364
10.365592108289384043 1.2112797841195082071
11.093079858034887053 -0.97460444510549137931
13.029022556479789685 -2.1064382616882220134
21.901193623278281564 6.470212013558501063
22.802996537446841074 6.3233678051590622715
23.946955494854201163 6.8868122220477134832
25.099415863873332455 8.1394039875096240166
24.865356178364194761 4.4248851122564758498
25.977602637250065243 6.155601594047309888
26.70571136474609375 3.7088886317847329366
27.698663521210264093 3.635739541404337416
28.868987408310200493 2.9056823971455401079
29.698366898467334352 3.8726182981618872958
30.9322245519182637 3.5901821584791644426
32.898244590410214983 2.3572902958876262858
36.370998330166152357 -0.22005774486351370456
33.496465429497149557 5.5411731124745520205
33.70941748187677689 6.7769021008412169138
31.611280275924748651 9.5189683271542122611
34.791785971363900387 8.4145727058522723496
33.157491557510468283 10.210551614750073668
35.854504332275602962 10.110446143036318389
45.177517566735616583 9.1567659738872375641
44.890916110490152846 11.171728440852277231
