73.25964595369781307 10.686871321591196349
73.00192385430884201 12.114698486309151804
71.896600136389622548 13.148054935631268592
71.555535844634192699 14.277553862221784797
72.310209170865675787 15.617219745293191124
72.104578987093361775 16.878667566623342111
71.412398862117186127 18.260336195374037516
70.773642801309662786 19.697200760110398221
69.638422336273166025 20.763910274620595686
68.757770546867789108 21.985245898108708218
68.15486037258592944 23.381207017914896085
67.109665983445367488 24.449246706566722054
66.02571869693836959 25.40513618405763907
64.849076784374517501 26.298909995895257907
63.684610136308592132 27.058347911070754321
62.604847472658498475 27.665400375315424952
61.198924238941593501 27.804282197727093973
59.628001827078506381 28.022571606212462569
58.457848255825702211 29.009378638471162049
57.624568503164361744 29.473995801906237801
57.179269824899087382 28.3454367504062823
56.777643701263130538 26.78840353808901753
56.376017577627180799 25.231370325771749208
55.97439145399123106 23.674337113454477333
55.57276533035526711 22.117303901137212563
55.171139206719324477 20.56027068881994424
54.769513083083353422 19.003237476502679471
54.36776204545672897 17.446813392428776268
53.858568168009156807 16.426640980339229259
53.283781243246018278 16.023751303537757451
53.019654132607072938 14.545619301971152382
52.908298318762412293 12.986349758764633933
52.561451188817052582 12.712652489783572207
51.573259065031407999 13.800617425203871136
50.760170589150504838 14.28484815133860053
50.292820633520200602 13.698101098190988978
48.933036113819326829 14.178548332856911074
47.519458681190364757 15.006879430126755182
46.166381429787492152 15.876013001120202972
44.816538101136536909 16.747284682343249074
43.466694772485588771 17.618556363566302281
42.116851443834626423 18.489828044789351935
40.76700811518367118 19.36109972601240159
39.417164786532715937 20.232371407235447691
38.063316621193045819 21.082981233977978519
36.863859224489090138 21.262247687714989297
36.300671885592187493 20.395366868330551569
35.815352803752105615 19.55967104836548387
35.349112589482338365 18.656536220610718146
35.097799252491341804 17.304538396278037027
34.898078722111783634 15.828372307766050753
35.51571342428531608 14.437033548123528348
35.498902207770449024 13.120572119819918555
34.983943690946858851 11.977189629375367019
35.996822368513520018 11.156690508487193014
37.423062810770119313 10.409402045738165299
38.3840527773993756 9.3145944273733292107
38.881121692030738757 7.763733536597671403
39.502892455404705174 6.2328112900836600829
40.049144973111395984 4.780440491670008285
41.147979344458441631 4.2394204596937914431
42.739429502813528927 4.4427215353111551011
44.363061692983194462 4.6614911570678456698
45.885674481475760444 4.6622382914671920418
46.89916665204666657 3.8149965457203083297
47.843755497120163511 2.6715458558317166649
48.328656860783091531 1.5868314925852706754
49.138087909752172777 2.3033105916178828743
50.095844673190086382 3.609112166748730921
51.044954106177939934 4.9281095267958079376
51.920878849624259033 6.2395294964183776187
52.29625318827509517 6.2045224242820564697
52.179474294515145516 4.7951576967928790651
52.385326337499030558 4.8151026278691215765
52.921898909552680834 5.8471929981522796638
53.472384162053614887 5.8796785137806031329
54.121273606000869449 5.7295095373700242192
55.062050156425101477 5.3616399866502346683
56.286207207067292302 4.5020827132741079168
57.373487635563833464 3.3076451537138749082
58.379639288190546154 2.0525977599802223139
59.384111084811486592 0.79629347009677131641
60.388582881432476768 -0.46001081978667968109
61.393054678053417206 -1.7163151096701310117
62.397526474674343433 -2.9726193995535825643
63.40199827129526966 -4.2289236894370336728
64.406470067916202993 -5.4852279793204852254
65.089943441856107142 -6.2538118075299422571
65.645929754085585728 -5.8356421577918329291
66.761680217728937237 -4.8983563968088006391
67.822379541228997368 -3.8653969708083906198
68.553417933119007444 -3.0556309536229342427
68.21822847483288399 -1.6404079103016688812
68.545303354674786078 -0.71048042109670250799
70.027586587760552561 -0.6341072433023017263
70.668784739029675279 -0.063060440648577298361
71.028516586672864719 0.78014393016027949734
70.645439231793702106 2.1670975460520613964
71.551170016905217608 3.1675803007698020153
72.225624985375816323 4.3073863291212752813
