19.296508386046603789 4.81606292724609375
20.779329113404351403 6.1877825406666522312
25.460748725453363761 8.5852138280833703021
27.187528338210764645 11.138752429556152634
25.803468703800707118 12.863650470185600483
25.190576081789465945 14.897918774690456445
23.238811341854457737 16.085114458094487588
22.813089863951780956 18.398476285891362636
21.817141802353617663 20.463323466219428326
12.034109266103072855 10.742509758580512269
11.523816511128256224 11.390110398935551217
9.9545910834656581301 9.8164111340709929721
9.2115443352614203576 9.3810462634086064782
9.0840037568706755167 11.194180098464496353
8.2933131830873669799 10.191904368110554557
7.7282910346984863281 12.727434601017632687
7.0542794692447987615 11.228864586541439152
4.1021298901274931836 21.875815456995123753
1.8225749077192032743 22.991981799081614213
-0.186891912457887166 22.593857225926637255
-2.7813207488114901622 23.019245430238370886
-3.6577206595877438389 20.487566261698582082
-5.3314060139058749854 19.320325268758256954
-7.3869664227829634484 18.425904849981407096
-8.3539114005800811924 16.500465795992955265
-11.418540207315881929 15.870491449524214644
-10.203688617096652536 12.799894605576643158
-11.019518351962698688 10.907595485870963614
-9.5835117717155213768 8.4957997801622937573
-11.108602718107508878 6.7958998473559608655
-12.210181103389199819 4.81606292724609375
-13.609201825247840389 2.573402246622709999
-13.159393588484370241 0.37624933701442753176
-12.172880843522214889 -1.6502185762387817647
-10.320374510673900659 -3.2197206577699564178
-10.904772616392463647 -5.9417412157324562827
-8.6118287013417536002 -7.055726847766326415
-7.8843370535334234006 -9.241611617342902818
-5.9484035702669313395 -10.373444591717492003
-4.2854172106566092992 -11.719390740055295907
-2.5945803441428090252 -13.063673721646651416
-0.35431759376873905865 -13.337774710216663721
2.0689480765022931763 -12.601597567160613522
3.2007177712029966088 -16.484501597080729596
7.0560308209695996595 -1.5800525127258415736
7.7282910346984863281 -1.9845482292534741831
8.2959977504778841251 -0.58534680770366698255
9.0943883699169436596 -1.6109013953218305204
9.534880349111972464 -0.74403701426821911014
10.299979515563865817 -0.96003086823072703027
11.376966161741121297 -1.5036274784541427962
13.314349547088845327 -2.8724822484058982752
21.894227560534325505 -10.916810055353012743
20.999292785513375748 -7.1331961485332335826
19.012375112086175477 -3.3823029430273958695
22.776286930752220883 -3.8718985322025893936
22.723741355765419314 -1.8603415448988140923
19.557932608368744809 0.97238094768750871211
17.889137891402022262 2.6563084197280084631
17.299874548588192624 3.8100491542036571957
