69.102609711599427555 10.978096940177673346
68.667443450937710736 12.51858946006561446
67.475391460279965372 13.666186488387689124
67.706450643059710615 15.050118939382254979
68.143303147102372463 16.513161695957780495
67.488653355209393681 18.018685977741554893
66.748975548609379871 19.634016225902875874
65.561009556438690993 20.898759725484126193
64.57541957725948123 22.276677947417915959
63.805575051326741232 23.781762476617370083
62.794445288293317731 24.78971540809060059
62.057883323272271525 24.515672996408238049
60.802902692602316392 23.217635201869963879
59.547922061932339943 21.919597407331693262
58.29294143126238481 20.621559612793419092
57.037960800592422572 19.323521818255141369
55.782980169922460334 18.025484023716867199
54.52799953925249099 16.727446229178596582
53.274340952542651451 15.439747534534729922
52.104125828456943736 14.724245505674620205
50.94847088663376411 13.813340358250167483
50.153913497531874555 13.639926821171901139
49.750484589634645261 13.903958357920245703
49.320212890620560131 14.586763191022024344
49.044481282078308482 14.513567144183191715
48.829375241298549781 12.878974944996222973
48.41098032931717654 12.904978997650870198
47.674168094625542835 14.526223240395252034
46.886762919573179431 16.153951784069608522
46.095545694490063227 17.775295475603098083
45.304328469406932811 19.396639167136584092
44.513111244323816607 21.017982858670084312
43.721894019240693297 22.639326550203566768
42.909302583141609944 24.242595866996154541
41.703037042330571182 25.512968063560560239
40.130417874010795742 26.386757166593255874
38.550209513472282197 26.21188132106312807
37.007123754241419533 25.249106204547185683
35.423792608748634336 24.339638452450518713
34.091623787509320209 23.247749644407935676
33.031202019584696927 21.916871503507785235
32.278298462569523508 20.808570232863644378
31.714223699147520819 19.858050824895794761
31.189069916939907046 18.848047457428691587
30.88806848246966652 17.310631324483296112
30.851690556967568568 15.669135974851030824
31.50035181639149684 14.12612557263299351
30.975552943287464558 12.723167414418030674
31.410322397235461267 11.852917358883393817
33.113364931453162399 11.377435359863749653
34.857229464266893615 10.914616233335813433
36.593709964355738862 10.443569497695781578
37.91380352855051683 9.48295738982496772
38.909789261768686686 7.9350537974037882449
40.182713174309441229 6.740001641270337629
40.156821772689426098 5.5526518203674655183
39.080338269708285281 4.1156948201451575287
38.148370569074899095 2.5929846226029522605
38.406071586764404913 2.178464852761445858
39.917980575529391274 2.9768868772748904306
41.497985752259950232 3.841164576703954836
43.10648648394656135 4.6594085828745175348
44.872295976992319311 4.9845911170861354478
46.575210016893535681 4.9931281235458389034
47.646750039001204868 5.4344474420747568288
47.661985743194399845 4.034612808841272269
47.677857807983890837 2.6386191764688073924
48.341804464164376043 2.5582475486307298951
48.568091998016683419 1.1131175907457988572
48.665724048606513463 -0.68728848734035574708
48.763356099196357718 -2.4876945654265103514
48.860988149786194867 -4.2881006435126636234
48.958620200376024911 -6.0885067215988195599
49.056252250965854955 -7.8889127996849737201
49.153137225172585545 -9.5220155054987181131
49.241096465109748692 -9.1562523964354607386
49.32279436906678427 -7.3882998351450517305
49.404345992333425386 -5.5875885715915112328
49.485897615600066501 -3.7868773080379702911
49.567449238866707617 -1.9861660444844300155
49.649000862133341627 -0.18545478093089096117
49.730552485399982743 1.6152564826226485373
49.9010516525913701 3.2725542495283543865
50.641526788892797128 4.2074064743940979838
51.929460395785675075 4.8379315599380303681
53.609968781937759275 4.7688948976391252188
55.229256764131612556 4.7325060730316037549
56.777251770536665276 3.8631041456099910469
58.308620917541915674 2.9170730507058149072
59.839990064547187387 1.9710419558016378794
61.371359211552466206 1.0250108608974612956
62.908090793229789028 0.097095233951157641772
64.571375833167806491 -0.40329534918934506482
66.221730169609259065 -0.35249030696724759082
66.69663193635318521 0.46148924276097247343
66.553018030692669527 1.7845641418218594065
67.014908756820730673 3.0758942180163879598
68.031802113102770591 4.250966467881014843
67.764966011673095636 5.9563235579706805822
67.546862373999985607 7.7333762304869377857
