41.564017846495822539 11.917847633361816406
41.734630398964824849 14.022478349376456208
39.442859674835311523 15.686997711270693756
41.169637409083748025 18.240537132444124779
39.785577772779852523 19.965435178199385291
39.172685155969745097 21.999702519586943339
37.220918506016175797 23.186898208215140471
36.795198958203656048 25.500258103854466896
28.923333365202722689 19.928626952323568844
26.730749278287778026 18.827766336908606348
26.338806302697257422 19.934475876738257938
24.727969383186504615 18.695412783769072007
23.895146933499226805 18.641813160282239892
23.639648816792391273 20.994232726214764995
22.691086068163055955 21.248495391948331701
21.710399627685546875 33.403810943791071963
19.706495455796375182 30.983745494731362413
18.084239085988443207 28.977601092897675272
15.804683602670024811 30.093767453268238654
13.795212174779956982 29.695641028950820584
11.200788771166433122 30.121027259925444497
10.324387919137761216 27.589351911126996697
8.6507082134332229373 26.42211084958840317
6.5951426265102259805 25.527686672272164259
5.6281971951575933133 23.602249552220257556
11.650746224193733624 17.725792500197112389
14.467287053394116469 15.142689944728967788
14.538128404155191475 14.248259410291517213
16.439060695354967834 13.038305761360577506
14.994453247161999343 12.623721209503576901
13.518187655766071842 11.917847633361816406
10.96751648576937832 10.788726594315679819
0.82271500860687396539 7.4780337257982614219
1.8092287170781204964 5.451565371721502018
3.6617345571131956206 3.8820638145026400423
3.0773364702889338673 1.1600432227671930718
5.3702798923450316693 0.046057708374696915143
6.0977720210799155609 -2.1398266781274593029
9.9440033868282338148 -1.1500600475411673074
11.7901782494526568 -1.7361746325786118206
13.010458771598136352 -3.1508908118631193673
13.976243737429573599 -5.45334383431627856
19.861876980082374899 6.2286887519257563284
20.087123519066704347 4.2809408668303881029
21.200365673481833539 7.0652132986709119677
21.710399627685546875 6.2206073817847338248
22.183878141550149365 7.4129612617607989478
22.918841181220280134 6.2325701356583538271
23.321707388501156544 6.958769621723572385
24.080057403011942085 6.5955162887165332819
25.23645785532097463 5.8105449292218862567
28.929182108762024228 1.9820467832762318494
29.91095716979378949 2.8102073379410548171
31.597280944222596588 3.0156638625596450254
34.485235420353475888 2.636387842892458977
33.790866538101099081 4.9431846846923361838
31.441533923793176797 7.5852664838378265344
33.330303899778897403 8.1423131917286966086
32.989948912520240754 9.5203047645769043328
39.895604373429605971 10.006506272883527231
