69.042758538634501519 10.130394935607910156
69.213374905414269733 12.235026608974196805
66.921600385121465138 13.899545881813903492
68.648378114133407735 16.453082487605605877
67.264314656981852636 18.177982465260953404
66.651422018844243667 20.212251754412292826
64.699662958292861958 21.39944558555561116
64.273939636182191748 23.712807329175618065
63.278003380868042882 25.777654185542658638
52.331783435580028652 14.455880088736609679
52.049098268999514971 15.083992473056898831
50.657294906261732592 13.427927932160811153
50.083495143656655557 12.882932726997795569
50.127178230059598718 14.543518687447438253
49.523840451255409789 13.3148796813775121
49.18914031982421875 15.525983299442925656
48.851349763830320683 13.344234461599867814
48.807987907677635064 11.923578231823144691
47.919740963431685543 14.037197520123097405
42.557046437868287114 25.026304762738977416
39.556226069114430288 26.8150923650049684
37.803128582753316778 25.801901099998474365
36.129437636867777428 24.634656402405646247
34.073878530130997433 23.740235859492138104
33.106935508106566601 21.814796861342880874
30.042307653132024114 21.184824421664522731
31.257160192655259578 18.114226617225167359
30.441330465035061792 16.221925613688263468
31.877340834666956226 13.810131710411418737
30.352246087831428412 12.110232310199647188
37.812111033756792722 10.130394935607910156
38.084127994289715957 8.9632105826750709809
38.859801040761929869 7.9348254992158633314
39.667362459730995283 7.03658368425510794
40.917448038581703429 6.4476019405924187566
39.192864660854610293 4.3590408134665104001
37.591861843120454978 1.7044780420043235125
43.297436092425336085 4.8254808454981628074
44.726921154925264545 5.1746045539262093271
45.458692180718294651 4.9958799529974911025
45.974579666389232102 4.5626122931905799263
46.877367726167008755 4.9380693827652208938
47.850538898142872313 6.0106027697272512711
47.473432588245884745 2.0586228479552914905
48.456899940400461446 3.1635800685661399356
49.18914031982421875 -10.339465517080011381
49.837022660220291925 3.9661850767064334988
50.5715854754094849 3.6264938953263259336
50.885544586725359295 4.9093912743518561825
51.448612552793733244 5.0555521256302951016
52.198468898310103725 4.9180863204393716615
53.336856203839950297 4.4215475643540900208
53.86528197252017236 4.9370153384516060058
54.777964273057555999 5.0982002972904414406
63.710950963921575863 -0.42031442298391930024
67.524593060361624453 -0.45558599905509922223
66.131082400097739082 2.5873551135780514798
68.339993229130897134 3.9079069536544661645
67.66094651640494817 6.2040915595553265405
67.374348876692252475 8.219053541132023355
