44.045196992667307256 13.389607987732439653
43.610028646424410681 14.930100594545267612
42.417976484266318948 16.077699024556192597
42.64903565474990188 17.461631732776613291
43.085889676203350973 18.924674215024626989
42.431244414363312956 20.43019818623625028
41.691567806201391022 22.045527365530315222
40.503598018619264565 23.31027118933128861
39.518006240434658594 24.688189497047314802
38.748161383502846888 26.193274504505630773
37.559915541395469063 27.363638993999710891
36.378786749412725499 28.35359610994711943
35.082477716963026637 27.767993598573337266
33.905705320788584345 26.406870297603521891
32.732618020267118197 25.035541576808377329
31.559530719745662708 23.664212856013232766
30.386443419224203666 22.292884135218081099
29.212085538763492565 20.92239971833945944
27.983342299117015983 19.588054524459234784
26.643137423593724833 18.439146295028432831
25.730660350862571306 18.790985165710420546
25.009540772557929955 19.132015186456069245
24.384328501121025567 20.117345344828567733
23.747652205830192429 20.501391811573697055
23.078950628288911417 20.862776481689319752
22.568202533717276026 22.54468100591474311
22.063067227928772951 24.272920482331059588
21.557931922140266323 26.001159958747376066
21.052796616351756143 27.729399435163688992
20.397061239851907999 29.335079887305724355
18.996392868028181056 30.307034536231551414
17.268421579247572595 30.514973681649408377
15.468591619311231611 30.465738067709537518
14.165467275942511094 29.881850496134003237
13.008120424439701068 29.059894132720224036
11.930787615337914431 27.677007799881792494
10.366386636338729588 26.751151045783405635
9.0342115119239601029 25.659262015854501726
7.9737900259746652409 24.328384443087859523
7.2208859898424258006 23.220082649363000371
6.6568108938654830808 22.269562777684484445
6.145905549014049285 21.288918353422012331
6.9577279891917456212 20.110205688777792687
8.4883343970429852021 19.167395195042146838
10.042845564916470735 18.244746594896462
11.597356732789961598 17.322097994750791372
13.151573802011634839 16.398662525713710636
14.687514740728030205 15.426328775568443064
15.912176299490873532 14.389077524402798858
15.21381739330545102 13.421294607880509986
13.67085666834258717 12.437456318479728878
12.08370265937894672 11.546493635016055634
10.43248124374088448 10.811098389257130847
8.7417891896917403471 10.171965454023585096
7.050175001411885134 9.5350814505336440874
5.3585608131320299208 8.8981974470437048552
4.5777223530362967097 8.3417999633473485233
4.8727796350470846676 7.148119377991760004
5.3713744470624966709 5.6101559367215667606
5.9751197211801390097 4.1551546504819079075
6.6183135012116061091 2.8837315829417882185
7.3415861431780200519 1.6749305738952102729
8.2620293279715024681 0.37010744049290877911
9.2478879306225021395 -0.81740979517866918513
10.382721204806653503 -1.5501821746545656477
12.034368299311122286 -2.0657280201775964912
13.384839684710101437 -2.2032739785130406318
14.572841923634891614 -0.95446015277808404775
15.748364594891471668 0.41394438652333165329
16.923887266148042841 1.7823489258247475764
18.099409937404619342 3.1507534651261632774
19.27748008465845686 4.5171600694693445632
20.533969272997936173 5.8220784183710607707
21.795852468680955383 7.1234690437581731359
22.62856066213051065 7.8497459804413729501
22.660510760884832848 6.4636784120065131631
22.842665222583875106 5.8739481975176923712
23.535094302641965669 6.8776715111696944405
24.378926329056383793 6.6426344253425098074
25.32059561142150983 5.8987241368372913541
26.26722897298023085 4.3687370178976934199
27.393839971031386682 3.1860165244765732417
29.068440124189489637 3.1119574430523084807
30.855266763175059452 2.6848276552919689841
32.464992573280767374 1.8224774816534790034
33.985177471884021827 0.82082076844353668577
35.257768507895541177 0.11101644951716320431
35.102278543773650199 1.1072167417662137634
34.386109791114570555 2.7598024622406729378
33.481857825177364418 4.3206241226988355564
32.377328867402511037 5.7811181674058049751
31.525551501522286912 7.0684158973159370021
32.480840970028438619 7.2056068356217473081
33.40488397061236725 7.3207839195366846141
32.593765525677397932 8.4818029031064838819
33.178442662908373961 9.1636527422108002838
34.481922755826261096 9.8989707064210463727
35.946048507173685493 10.39166405868848031
37.750360384598550922 10.461361959259939169
39.556916928247744636 10.528299417750950795
