85.028628899962626519 8.9288845062255859375
85.199237637453990146 11.033515224907681329
82.907470728302115504 12.698034584134463287
84.634248475461532735 15.251572058223281658
78.459520363403441934 14.843533610563696357
76.330911185932052376 15.369743384080045701
74.38779620904865908 15.622363127164749841
74.557150332081789657 17.376604772680849464
74.671629696200653825 19.475965804210915167
76.936714319034365417 25.117486873180602913
75.762294545974356197 27.2665969878604173
72.143249004484104603 24.579806372105274193
70.112296650341519921 24.12429798352350474
68.942470530885458402 26.653406776467086559
67.200212710000968741 28.197470003569407027
65.17501068115234375 30.414848770329154348
63.171104684227728399 27.994781422572273755
61.548848540063794132 25.988635170196801027
59.269292837902895599 27.104803401412826958
57.259820441229578591 26.706676981089792378
54.665394895054859603 27.132064993390727636
53.788995279209373734 24.600386011098940742
52.115315491594010666 23.433148711594526503
53.886260262286619138 19.093318502770639356
54.255716331239732142 16.862213548876610503
51.759338942212153256 16.674423320823528627
52.864570640015777769 14.409843757754346782
50.111115020002287679 13.823437596860369325
47.86321121831299763 12.608620432352310559
46.338114548165961537 10.908720987607155806
45.236534251530230222 8.9288845062255859375
43.837515433321911473 6.6862240992078847412
45.247805338609680348 4.693225486733130225
54.068805949637379626 5.3202617130241494081
56.371068951813377623 5.0091191733985418466
55.560891189706680393 3.3781718745383182423
57.176384102693617706 3.1175402399830405287
56.821846260664891304 1.4076635796597676276
56.790310087404890282 -0.3832636999146927792
53.161298576256221793 -7.6065700821692203704
54.852135408572628705 -8.9508530507070354076
57.092394610032464186 -9.2249541017100895601
59.51566604753425338 -8.4887769784795743533
60.647436141484121208 -12.371680953903837263
63.148607647678652199 -10.351059319138261827
65.17501068115234375 -11.540976900136652006
67.204694661272199596 -10.382345927434293742
69.472231835175975334 -11.287953380366317901
71.323303959346134206 -9.9936286394441324887
73.370506493460339925 -9.4784945834378113716
75.487035426711472041 -8.9320662072756924488
77.834296857684478255 -8.4951377874768034815
79.340947671481515613 -6.8039894411622565684
80.839205139013884605 -5.1752165372287866063
79.696814000905533248 -1.6218251477561391738
83.510463401272446049 -1.6570972684639357908
82.116952782367945929 1.3858439563719961996
84.325863589025445322 2.7063958046043294914
83.646816888550674207 5.002580227391511869
83.360211620022127477 7.0175427433409698352
