78.468905999572001519 10.172224044799804688
78.639522366738262349 12.276854760814444489
76.347747861488443277 13.941374918415846196
75.9927689559259818 15.818510542660494167
74.14194678463910293 17.085134671386995819
74.10759880937028754 19.11670688268729279
74.125810492563203979 21.441275547487805397
73.700094759093957464 23.754635448509723972
72.689155249209179033 25.802825481337698932
69.69165816891396048 25.417531884992975222
68.755702791765770598 27.735928704559956515
66.527610097399261235 27.943568351508336178
64.471335761582253099 28.195274304336976456
62.910888787084935814 30.381418832762321358
60.640497321046012758 29.440809554541562676
58.615291595458984375 31.658188308903373098
56.611389256824764971 29.238120944707485904
54.989129454370434757 27.231974708771019777
52.709577413585883221 28.348142890170041852
50.700105065183244335 27.950018380241232308
53.755776440448485687 18.589145790044895534
54.393353722295849195 15.983226954216981142
53.959652955029298482 15.342835753881619354
52.899550632747171619 15.318697454280338022
52.646966926835091272 14.508466160707545356
49.902893997667483461 15.202331329661838311
50.646350856254713335 13.720225587171126946
39.867481736642382373 16.263755664159276648
41.303492110301718299 13.851960819603313269
39.77839927496217598 12.152060505176610405
38.676818980534136472 10.172224044799804688
38.728022173947493911 8.081988962702389756
39.369078389655030037 6.0813136647167969073
43.440010354415740323 5.2414771593428897134
46.962533941033832718 4.9840838080674361166
46.443085729953075713 3.1445995931687349412
52.236881413235373373 5.5380340445340179301
53.05084287078186378 5.1619683338182946741
54.305370374988413573 5.385578319846059614
54.963499090026090244 5.1459574889229342531
55.431179572315350867 4.6571864313534794277
56.291506571228914879 4.9529242679961340556
57.237238046503151168 5.9310059450271985781
56.836959518274227321 1.8057910617003862797
56.588892260877898366 -9.1077197683924993044
58.615291595458984375 -10.297637361562433256
60.644979280406204225 -9.1390064004078332971
62.912512749482623065 -10.044613841792099151
64.763588670460876529 -8.7502891066824552979
66.810791246243582009 -8.2351550342763459867
68.927312443492411376 -7.6887262396853230939
71.27458179602692212 -7.2517976199721339015
72.781240413699990199 -5.5606490801577663774
74.279489960098857182 -3.9318768963881396417
73.137098589005475446 -0.37848568391029324687
76.950748194099972466 -0.41375730641958696765
75.557237460636230253 2.6291835598061243928
77.766140686628432377 3.9497355754221130653
77.087093991948663074 6.2459202606269030866
76.800496341203043471 8.2608826843215155122
