70.195216961253365184 10.871461171907373711
69.852268277498239968 12.357204906127090993
68.682529916847173013 13.442727327978163387
68.626480605791826406 14.699227846301932132
69.344868133484581563 16.123156035936698771
68.854193998821045852 17.493824246987234261
68.100765970054723653 18.99384895995646616
67.233791254243158164 20.375541415442825155
66.003316694771413609 21.481124184408514566
65.454335690732918351 23.045193535909817228
64.410254075502493265 24.228401937850403414
63.271589912296690272 25.279955033882828275
62.156498795213430242 25.956808831360792311
60.961969676117966799 24.93817949566240344
59.880054927872350845 23.61553105394443719
58.798140179626727786 22.292882612226463834
57.716225431381118938 20.970234170508497584
56.634310683135488773 19.647585728790531334
55.552395934889879925 18.324937287072565084
54.470387275353623124 17.001509096894238837
53.385792701350098355 15.656609975896792264
52.291043690916744424 14.291313373478343962
51.405911698222496398 13.688795510670072275
50.984123683098154345 13.981348257675945135
50.499355617978686439 14.192315728330516578
50.21306495298119188 14.605618903549801857
50.012901668588455095 13.088724490777147835
49.846836034179901276 12.04787776357230733
49.200655578021716963 13.103740241060885197
48.147880432133035811 14.441509505053453211
47.064260781849782234 15.768414139177577837
45.981955499256798703 17.095773895777117701
44.896772928384947932 18.420263654751892091
43.811556645875420202 19.74471978750962009
42.726340363365856945 21.069175920267351643
41.641124080856286582 22.393632053025072537
40.555907798346723325 23.718088185782811195
39.463317745827225735 24.991917163359808285
38.215497838193925872 25.209135394719123013
36.744321712795091628 24.393159149011200526
35.406892830690424034 23.441063206611961078
34.365003736508107579 22.181870644752311961
33.572327019583418917 21.062258816273249806
32.998417167757963853 20.135603247745482491
32.504854721691742725 19.235562502061110735
32.117381423560324549 18.051352884853894665
31.816380824437555219 16.462299413099714229
32.25148993297327138 14.958392982217576517
32.553306746765123592 13.535527618543200745
31.932923046885267837 12.307969248563864539
32.894087505755493339 11.615925914957848875
34.531686687938602631 11.120370475858667447
36.171338782787337607 10.625411358138869389
37.646275322360054361 9.9698157482893741133
38.469757127273240371 8.5752109040756945291
39.468854129771493433 7.1085356673083062162
40.407938671490221338 5.9011497813863673656
39.826812527049163748 4.6576326923563948768
39.274427500910590538 3.7520849370853026628
40.460302436554052008 4.0802434066166100024
42.047308953043405211 4.6930352883036805522
43.606702260531463367 5.1019227195262226715
45.159611448717782878 4.875611774066016757
46.706645540815365791 4.3792173629674513435
48.099352466031731979 4.4764890921605298146
48.491053558601876716 3.7209285016626880704
48.338151072303602973 2.0331245140345277633
48.194254960519543829 0.3275936761241937667
48.163841966545440698 -1.3785150520479296787
48.183618311602756989 -3.084879359471237148
48.203727256653657207 -4.7912453605940221735
48.22383620170456453 -6.4976113617168067549
48.247722720774731897 -8.1519987313032657994
48.375627438732372809 -8.375117353943016596
48.632779153491867419 -6.8198242261613115645
48.899824514492280514 -5.1283965872130368169
49.166869875492686504 -3.4369689482647616252
49.433915236493085388 -1.7455413093164859895
49.700960597493505588 -0.05411367036821073534
49.968005958493911578 1.6373139685800641718
50.258672873486382571 3.3296657998170640091
50.75909036363277238 4.7211851789725560735
51.605355193145172166 5.0544757068993737548
52.941051617434709442 5.1877124957325726484
54.558259512202596397 4.8052491921787741092
56.213343101501152432 4.5480949342492857923
57.73943202843707212 3.7697562254516547853
59.204077613577140937 2.8890908272935207357
60.668668507002756485 2.0083394197400594727
62.133259400428350716 1.1275880121865977657
63.598290132689442089 0.24841185864450623932
65.129692545224585842 -0.393058464581855449
66.811167968425806407 -0.49705211912878038971
67.590223049775204345 0.050667936833860949264
67.941550556756936885 0.96189389339738373685
67.615874019881744061 2.411016422524338676
68.665959745837469086 3.4511720398971088564
69.123988148137755161 4.7657344042818934327
68.737332063753029843 6.4497468837264175789
68.710580526898027642 8.0879966766314819182
