49.152297570616916289 13.804033279418945313
47.082404904048914318 15.67317796990848322
44.494731973259803226 17.034054842060946555
47.03796552975526879 19.56787240950833251
47.373857496485108243 21.851619871516188454
46.760968695311035503 23.885889118412649168
44.809201998781311715 25.073082963984788307
42.5284524645109272 25.716166124068106313
40.875571827123806656 26.661468102737870822
38.83503738037298092 26.929698861897534812
38.538024576907922381 29.807048096625887723
37.210997877892353358 31.5753756680285953
35.154727212687994609 31.827081670578092343
33.594276470334932583 34.013229990267475955
29.959718949259674048 20.093412690120629804
29.298681259155273438 21.335752929875056338
28.796388682075043874 18.583040145142497579
28.701112857129203348 16.615378225054190153
27.900571492612915137 18.106975762011177977
27.270875445805483395 18.358555343321665276
25.885270411539913482 19.716234485588266523
25.905949780288516138 18.473732120136880042
16.238988938265528361 28.30829367697478105
14.183418500485645453 27.413873232634159649
13.216478353539990565 25.488434249764267747
10.151849527733979528 24.858461779925590918
11.366701138559729856 21.787864022126022689
10.550872360759278479 19.895563012192738483
15.162322623309403724 16.808807343967689718
15.149033354036877341 15.291220662332470681
14.279750003178181217 13.804033279418945313
12.185446352034187356 12.00535918827639037
8.4110009441731676816 9.3642193127551465182
9.3975098631202769184 7.3377515210543498014
11.250015235750105091 5.7682492202511497226
10.665617145663759402 3.0462283961797371745
12.958561046890178403 1.9322430267266028636
20.387054773826157827 5.7799691245555226971
22.777342209139256113 6.5613483123820515175
23.877023432166559758 6.3417661070280608726
24.655995309300234197 5.7626621212538857719
25.771477524829236927 5.881818301350828726
26.916457545389459227 6.4723120486293508336
26.52248368138937451 0.7430546799965664917
28.260620569268439795 3.927551142631198644
29.298681259155273438 3.2616191920874673116
30.291280472037446003 4.3600742493635440411
31.618918604821494966 2.8881915038132621731
32.910065388337123693 2.6893461611022058122
32.777889441127285863 5.9896035724106200249
33.230870805276595092 6.9932791727698253581
34.180869849548599859 7.084274757047545279
34.487168597018737159 8.0416285949123285093
35.004144815684966829 8.666808993375383352
33.157835143939188072 11.000194711033854489
36.673114651614802995 9.5464040438335722172
36.004804624034349558 10.818272302633982207
48.449532259393336631 7.5815450537533779496
47.770485558394874204 9.8777294736108274265
47.483887918960718366 11.89269102913395848
