40.377363282392906285 12.172192171753891898
39.942197023679490542 13.712684377786303003
38.75014503595385662 14.860281960126094702
38.98120421060955465 16.244215414501194772
39.418058061267039704 17.707258981604955039
38.763410318640424634 19.212781992584226032
38.023735194880465826 20.828111826093721248
36.83576656738742372 22.0928553076524814
35.849088584249287237 23.466360506189257507
35.155582758856404268 24.449022341551462034
33.776685547866563297 23.679924356743182301
32.293141047692188295 22.652686484315164961
30.809596547517813292 21.625448611887140515
29.326013334993586312 20.598270247018653833
27.791058834221786356 19.650058413644764244
26.258427273492312537 19.262879369916163341
25.189878368370756334 19.751157280095231528
23.753248607489144462 19.50340579470990221
23.015965855949744423 20.729104864564824595
22.875984147904443233 22.560360876039858624
22.780834872928533485 24.382585368101274526
22.695450044203656859 26.200290240794402052
22.610065215478787337 28.017995113487540237
22.484306322775381659 29.818285906065007396
21.759668580935073834 31.282470727907476515
20.566781685962826742 31.324225907779386091
19.409194505862760849 31.296661315149655991
18.232469349711742268 30.105960096363521217
17.021799979429239613 28.86960632393784465
15.512542232033959877 29.019416165875345115
13.798721512097266384 29.31329889754583462
12.000620074909635449 29.230871507559541556
10.629414453213792413 28.739512128687696446
9.43303224322101741 28.007417425933098798
8.4171076273819256386 26.585185745491337173
6.8804122557573785812 25.623901080699493349
5.8432552455157198423 24.750237677649813861
6.7119667393098279007 23.523772442466999166
7.9704232869882343238 22.22171791736774793
9.2288798346666389705 20.919663392268493141
10.487336382345045394 19.617608867169245457
11.745792930023460698 18.31555434206999422
12.986868460293102601 17.0201032262666061
13.208702599927695687 16.113766099091943573
13.08812047010219537 15.381959473306059394
14.202937859731452619 14.13429867667243478
15.189190863703011303 12.872086927314533966
15.346434710397147683 12.126261168964283854
13.698463990413527469 11.602732559422072711
11.931190324776828504 11.16123321718332484
10.151779629450182085 10.867949063606381799
8.3718983051224817871 10.579607073980820786
6.592016980794782377 10.291265084355263326
4.8121356564670811906 10.002923094729702314
3.0322543321393804483 9.7145811051041448536
1.2523730078116805942 9.4262391154785873937
0.58761248001191290768 9.1033733792167446097
0.76478747403214342171 7.8683176274266042327
1.1296130016690497655 6.2073127349519161555
1.6137883813056284055 4.6406705025289030075
2.200865722091258192 3.1720840033225154997
2.8421147616547450809 1.8654825063422499909
3.5406389015808485965 0.66600209773494256638
4.4284262752350969095 -0.62807056720670573213
5.38518613846597205 -1.8144787811816591727
6.3203009644755807628 -2.2068288095106471935
8.0251393649310251988 -1.6036318052764704234
9.758739700458173516 -1.2984990254416988176
11.443290408669751557 -1.7577624740565909178
12.917472973126049141 -2.8310308628812226317
14.046876227507432588 -4.1652875335564880643
14.703359733629611128 -5.8574308511026309532
15.243034596136842751 -7.597813352988006308
15.982451574871317845 -8.1669603397448682358
16.335893008688461947 -8.2448628650731130563
16.650458535227951273 -7.0986385778072440544
17.086202062318704975 -5.3429152754116628898
17.521945589409458677 -3.5871919730160777284
17.957689116500212378 -1.8314686706204961197
18.39343264359096608 -0.075745368224913442456
18.829176170681716229 1.679977934170668874
19.264919697772469931 3.435701236566251815
19.726858132500709075 5.1142127190456623254
20.476219995226223602 6.0478041424050044128
21.290166443336389079 6.4540882770920893208
22.370706778798304271 6.5485211637629880954
23.986843249021809754 5.9855492403179795247
25.656293758680522643 5.3533014932097877647
27.252380091846632126 4.515761356648121172
28.787942614786889095 3.5667417205587974571
29.550315981730438608 3.6854484663794897514
29.893973051396464768 4.5862534579862064277
31.467499767461845295 4.1830585316027857345
33.200575650013924189 3.6062289959922728677
34.184717685734966608 3.4971396014726017221
33.233991335242215825 4.5964554830520656381
32.054798108485108799 5.8879671134177247183
32.309626470037215995 6.9836177009610329591
32.622940533300408106 8.3604859595285603291
33.238496617708790382 9.7602380162648696427
