19.621215417296603789 5.3190503120422363281
21.308021359478459544 6.4891059488952578249
27.90814212795196525 9.0882008059521872667
29.634919856855020726 11.641738357266584458
28.250860216553611792 13.366638325657708819
27.6379695037653903 15.400905674651653499
25.686204729366341581 16.588101407133684972
25.260483308572720063 18.901461256223583973
24.264545038554203416 20.966312027523962058
21.937391429045643321 21.507654108602995535
20.762967894173588235 23.656762285586868444
12.593136077377604209 10.748733655086702754
11.591359196256620478 9.6760632741577978777
11.403681945162990274 11.096327416698080981
10.639103781174442886 9.7281983794173783053
10.175683021545410156 11.802070106693902218
9.7316425298074644701 9.5438364751462891888
9.6044256495853996825 8.0066006538387792801
8.6716277441603910603 9.9480583597445999544
7.6456228105565582354 11.001650399179421669
-0.33392822668953137111 23.522230412968710311
-1.2103281985875593563 20.990553167707602711
-2.8840135737402352589 19.823314062889771492
-4.9395739756038992141 18.928889832261077686
-5.9065194123578486085 17.003452705844885884
-8.9711477528335059617 16.373478341545371961
-7.7562961581626161944 13.302882456541166079
-8.5721258828917505923 11.410581456734705696
-7.1361192992443918115 8.9987867294610826008
-8.6612102520737934697 7.2988867776702335277
-9.762788639705117788 5.3190503120422363281
-11.161809359381585693 3.0763893722382751328
-10.712001119300310847 0.87923639791198926474
-9.7254883720581908335 -1.1472316326193583436
-7.8729820501045253422 -2.7167337428152311674
-8.4573801280277578485 -5.4387543505215667494
-6.1644367122557106597 -6.5527399428892252331
-5.4369445910405822531 -8.7386237543865963318
-3.5010110955854241155 -9.8704576936606329696
-1.8380247351463960825 -11.216403840688496274
-0.14718777067342259102 -12.560686825453107218
6.640598975776017987 -2.6208824595379391909
8.5295338589172171595 0.25272154174675875993
8.4644877863159990738 -2.7315072525864110276
9.5918211033850617753 -0.23602736076324326575
10.175683021545410156 -1.2871648254753980112
10.767550569802860849 -0.3122333812569104694
11.681360622348337941 -1.7645848159598038762
12.409285316776191621 -1.5552723628826186086
18.371179794795963858 -13.088328297547974444
20.487708749539180531 -12.541899908017100529
22.834974223765087231 -12.10497131787206726
21.034580042109066511 -6.7409751903111061466
21.636900522184394191 -5.0006676633290396694
20.223985893945801706 -1.9814679225984885846
24.711335993465745275 -3.0731097363838610903
17.969464965441957816 1.8490369168359221952
19.106554741595694225 2.4172358090087957549
17.89576977260817614 3.6780942969972767465
17.513213404335793655 4.5478447818923708468
