19.064340188414767852 1.4599773883819580078
19.109075360073177308 3.3421070690731857766
18.023805630778003462 5.0356024500577287739
20.661042897577445387 7.782666167797725798
19.276983261637855804 9.5075646907638002858
18.664092545195313022 11.541833952515416328
16.712327770686030703 12.729027775863903216
11.367602905828755766 10.613295168972399551
9.9969181533337749812 11.227938381712174731
8.1046954701872593319 10.960984147026108459
7.760535159501829483 12.820036321128283063
6.2152550869126557131 12.72035991026933921
7.0578525448917908136 19.483028387166186235
5.4974022397724677802 21.669174813105019695
3.2270187461476420587 20.728563634444139296
1.2018066644668579102 22.945942367741263723
-0.80210196493630947501 20.525875031475969479
-2.4243543941015723853 18.519730626328421152
-4.7039094718531133665 19.635896972438239061
-6.7133762607313185455 19.237772398825811138
-9.3078047740521157039 19.66315869198544064
-10.184204690248680691 17.131481424970878891
-11.85789003985741985 15.964240433131458019
-13.913450923195167519 15.069818106839527161
-14.880395886332927091 13.144379070112117702
-16.826323650860238956 11.868525085245190454
-14.661071782530891383 8.5225870736129181182
-14.726676436691532146 6.635454518277120961
-12.748849329110095496 4.4252803571419203621
-13.946454247802730464 3.0521241903729730005
-14.938472614924844351 1.4599779821648817268
-16.447053349323894622 -0.39499242292270686505
-16.324731146017025907 -2.2654028534856434085
-18.699365327006084669 -5.0063046102739860999
-16.846859000952516539 -6.5758064331711736372
-17.431256112879694342 -9.29782753788619587
-15.138313185591577792 -10.411813585868284093
-14.410821563607798979 -12.597696418035528865
-12.474887565504182874 -13.729531338311399935
-10.811901205681849092 -15.075477483783867427
-9.1210643447532167016 -16.419759505853733117
-6.8808019349250439944 -16.693860487175697926
-4.4575362760088976799 -15.957682396526735147
-3.3257664481553304014 -19.840588334768153089
-0.82459903138951595736 -17.819967637423321349
1.2018066644668579102 -19.009883302724542631
3.2315007206948083152 -17.851254268387041435
5.4990262175893231955 -18.756860747507253961
7.3501055166795579154 -17.462534097721139403
9.3973037982362939147 -16.947400981502507733
11.513830809694811208 -16.400972612337369583
6.9428008428612573155 -6.441825364752037153
6.8750100308769637181 -4.8407564706405041832
7.1544097567778406344 -3.8997694099102142573
5.0473749717869811349 -1.3339912157557876071
8.1781135901974746361 -2.5677970522505946249
6.4551977686531314404 -0.87898438666996447921
8.922287693926637786 -1.0485582885323094793
19.673611320472069508 -2.4663264214827615994
19.387011775471979291 -0.45136479354100500494
