92.608245404334383011 6.5090376816215531619
92.426725997244560062 7.8748604462838640572
91.423449213428312987 8.8656530378606017706
90.82671845674524036 9.8735542097128394801
91.459079303770948854 11.108868285848510382
91.616075220956815883 12.299964989467618182
91.06890764838048824 13.565619590157476537
90.445600381141801449 14.915059901918510832
89.657983391903528059 16.116681612051699801
88.524920599232601148 17.060788070394583116
87.966114340726946352 18.384981880633507245
87.221016887017455588 19.559844290568520364
86.336129651009230201 20.437797835267272006
85.791558362452562392 20.59232258525726067
84.644339138724461691 19.608626941035772973
83.496022227453380538 18.619323917471923835
82.347705316182327806 17.630020893908074697
81.199388404911275074 16.640717870344229112
80.047103608413024745 15.722921254603365426
78.84468958738990807 15.554617935061862966
77.592089016644678168 15.231837224649956042
76.280723206861722474 14.669869908116453416
75.401178820587190899 15.336424232062341844
74.920649357938415847 16.707063691838509811
74.100495400093166154 17.841955233201826303
73.723839367387796528 19.226112585883761597
73.518874045179771315 20.714180638812884183
73.313908722971760312 22.20224869174200677
73.108943400763735099 23.690316744671125804
72.903806929240971613 25.177760374518971531
72.561924827523171189 25.80759653507871576
71.762212964272521276 25.484487807954973704
70.782673702066233545 24.337479748307867311
69.629899326251205594 23.383681209876446161
68.338894215309807123 23.27100363931378979
66.957402943855285571 23.767851970050262622
65.487212487393065885 23.743935917065496
63.98583115203507532 23.732018902618602141
62.897312237249806799 23.241559045530490124
61.909024048990758615 22.64778559661484536
61.110075376088552446 21.514285120601741141
59.961603348458289986 20.568391015802959032
58.616158500844868229 19.86102393639835384
57.57091862837278029 18.8901444925881421
56.669222593992685688 17.768243095512524121
55.988728460488516703 16.797442999721553747
55.475824610449009811 15.974766427167240934
55.03698622937938012 15.191712725498895509
54.591239531762859372 14.299741635505206716
54.388343929233158747 12.940942194279475785
54.273948067613872581 11.565885086393166148
54.890090745158722996 10.265636131945251819
54.878177573931552047 9.031038899914062057
54.13192598586292803 7.8133392130188985547
54.102136817903030419 6.4144036061196931797
54.685212011077425132 5.0695530045420804655
55.478269565509208405 3.7815917550907496292
56.103433511427738267 2.3754523900648059076
56.375415198711337439 0.90047041838726649132
55.865642371369411023 -0.44799700896700755948
55.027348539785094772 -1.7320195435193261879
54.744598831401276584 -3.0032343651424007192
55.276730502842440274 -4.013546589003219367
55.885590960042520692 -5.0228545299338200891
56.635680597611454345 -6.1070232227523977286
57.488234704435598132 -7.1777809687275730965
58.414770059321256213 -8.1905196523651824236
59.467635423537416273 -9.189621916322524342
60.620761755032631868 -10.1329452920530656
61.839229215976118326 -10.986727511438200366
63.149137404595272471 -11.706752773534880419
64.591127743461086652 -12.039176979612545182
66.043243423838532635 -11.878860093093171812
67.110917220068301958 -12.217069446468647342
67.610122140975036586 -13.533681027227430604
68.33417431950590526 -13.709827612044236389
69.136202006594686509 -13.872034738381277208
70.131234854400474887 -13.980397897968424914
71.381632533901282045 -13.933774064715297669
72.699418002280637552 -14.191933627791367911
74.025349436097258149 -13.942906359431487928
75.393675546989200598 -13.818310005730449319
76.713467483301627681 -13.784895461218155788
78.042150367407870704 -13.464994636036237807
79.442539830804804524 -12.993739100192382097
80.843139642735081907 -12.458657401046750124
82.183944207356844913 -11.799774935408791521
83.417740217807491376 -11.077101134973357688
84.543141318008423468 -10.307659449087203996
85.645365715134673223 -9.4363406412399939427
86.702411440174429913 -8.4714583194276649181
87.564114735756490404 -7.5720959306800388333
87.838328180660383282 -6.6633955591601328194
87.506894740028045021 -5.3201376461718945521
88.250203978773654967 -4.7709784551719618406
89.690513262323392496 -4.7412895627311435476
90.084882314700820416 -4.0778599769558212529
90.316603873464359253 -3.2103391138075720868
89.994751481057335241 -1.9211631320691036073
90.86529279160269823 -0.99024419976051791803
