71.192164971739970269 10.014722824096679688
71.362773709511699849 12.119353540111319489
69.070999204261880777 13.783873697712721196
70.797776902998776904 16.337411375458685825
69.413721087122866038 18.06231131408231505
68.800828469896885053 20.096576750792703336
66.849061835336641479 21.283774326784680397
66.423346116027531139 23.597132304731537999
65.427398122498019006 25.661983250451072536
63.100250391623703194 26.2033270978103765
61.92582685155857547 28.352433370378992805
59.250857693144133975 27.786065193328514766
52.596785386845404275 13.887188074462185838
52.412380480220974732 15.066725350693930707
51.709036314492280439 13.539757045126130208
51.338542938232421875 15.515356506535210812
51.013469838818600977 13.107591545866803528
51.046573536020169115 11.388324394707778353
50.354535570439658443 13.043190158484406993
49.812047114636733625 13.443292007628565798
48.467859394006694629 14.986902969554767751
48.403294735163640894 14.054749602838835898
38.278851535422887764 24.518985096952086167
36.223281124383134966 23.624560860129925288
35.256341930467669954 21.69912568871762204
32.191712098539078113 21.069149309960423011
33.406562804490043561 17.99855544462412027
32.590733079415819873 16.106254443456151648
34.026745350936153045 13.694459554264355461
32.50165061773561348 11.994559284473485405
38.193431987125933347 10.014722824096679688
38.342192250963968547 8.6487518626010242428
39.10911435384429069 7.4152787084075777457
39.795330318288129945 6.2641069370044508702
40.753843281347421623 5.3021103875118029691
41.840138794716430937 4.5308130916454576465
44.953891864742665518 5.3760024580470195943
45.297767974378210454 4.5755847923438892622
46.432399893731734153 4.5659032612679464336
47.030725568573949147 4.0855121303709021063
47.46444008823966243 3.3045826590002658207
48.292357200476878631 3.1728790185551911662
49.036630733519665171 2.9301563447026142128
49.581656583502812907 1.7491963205298457495
50.843862271920322371 5.3081004100754496378
51.338542938232421875 4.6863809642432299185
51.760213414862029424 6.0028035146480958062
52.412356641706843163 4.9628372783062966178
52.691159030404143948 5.8517960123424259677
53.267242539554061409 5.6827855276994956313
54.059541322290229459 5.3018142806355097463
55.329951436908153539 4.5210128147393904285
56.354050717696914319 4.4444289716413623026
67.002741302872294682 -4.0893781170912646417
65.860349931778912946 -0.53598690461341824687
69.673999536920675268 -0.57125852517820518983
68.280488800187811194 2.4716824510758819144
70.489392029401869877 3.7922343547189880653
69.810345334722100574 6.0884190399237780866
69.52374768822618023 8.1033810272144446429
