98.576413020653916419 5.4697763420810288082
98.394902980066888176 6.8355990567721054418
97.391631343965826773 7.8263914565000733958
96.794903437858863526 8.8342927497901673206
97.427264719174516472 10.069607639700020485
97.584260293963367872 11.260704673494421613
97.037091677414025526 12.526358905581966852
96.41377401264225 13.875798608555070857
95.626151198188921398 15.077420614733414439
94.493096403807228967 16.02152812732622067
93.934296444872416032 17.345720706029268854
93.189202533171268783 18.520582715726824574
92.194716866706286851 19.49993662685431417
91.167552391317101979 20.381016421311432651
90.055487071860724768 21.209817043966378236
88.968392002767203053 21.911891267516903525
87.957960472480763769 22.479867559957064316
86.669660494045302812 22.64120172095074679
85.181132480484777147 22.640054759504995019
84.092363097726490651 21.98086560040118087
83.332426428185655709 20.707369506560105776
82.588168735995566294 19.404565041246527812
81.843284553010647642 18.102078021878543979
81.072732147174917827 16.812597216395694488
80.258962638520500832 15.578674617583704531
79.452830616276656883 15.301385063835510891
78.704654065979212874 15.904081372713068987
78.079199541117063177 15.0086965588560588
77.447819604452703857 13.631694858515180258
76.704022851312799958 13.263541336799631765
75.877198897841779512 14.378022631295685585
75.053146749284749717 15.667487203971949938
74.253119671916721245 16.943384537372644161
73.45741330893250165 18.216841912721793761
72.661706945948282055 19.490299288070950467
71.866000582964076671 20.763756663420100068
71.034215378846937483 21.984308997208771075
69.840165810808969127 22.673646618237956574
68.79942922082767609 22.164986669703473865
67.809522088384881044 21.564961428534747512
67.015616766372659185 20.400235343757302076
65.842990163304634166 19.476421119281546623
64.494911961658687005 18.776414305876027555
63.476020864084077289 17.777576364893533878
62.58387112962277854 16.656891119964200243
61.919109554188672462 15.700480440382259317
61.413376203095815242 14.883429446606324831
60.976400718395325384 14.098096807829886501
60.527140787195108373 13.191293836376555504
60.330144988765226799 11.807845463631233329
60.268219206687241751 10.438168501047094594
60.894327431243098658 9.1413595108023528724
60.800382159069926047 7.912753249352824092
59.885352420624862191 6.7122542134896470145
59.077128834019994486 5.4008715176811392666
58.678611238911088321 4.0932370789359415753
58.757302046171261622 2.8724833522214949788
58.928325806093567962 1.5474827269049713507
59.206524636059562283 0.15554314723947015864
59.578221103055156505 -1.1986864151207132778
60.015946031927555282 -2.4513607097349563446
60.529197881259179326 -3.6581128627708352496
61.063103859993006495 -4.7230790394839932134
61.636631313459801618 -5.7173664461776159129
62.338231404570564109 -6.7795647284720796932
63.166181164886125998 -7.8691723215008906323
64.061312723961378879 -8.893848815178587941
65.071380995609885645 -9.8993153385094174723
66.197773746200326173 -10.86812095801283462
67.404707056502402907 -11.758635599634089886
68.649508989629268285 -12.541478138268061571
69.901044104511896649 -13.207694707495317488
71.35796871143423914 -13.131811695642140236
72.679127535045694231 -12.956350233770091762
73.373270536600131209 -13.915239062015338334
73.968109694876332583 -14.671322734870162918
74.655178261518841509 -14.824655518910422103
75.402844584515619886 -14.962996603763649262
76.397271069816071076 -14.219931286615681287
77.53665898180821614 -14.331582116518358561
78.801313286349028431 -14.897537554579708186
80.21144522100050267 -14.749379424906639002
81.64111428103475987 -14.931354562997062985
82.938814233584224667 -14.769703009702581653
84.289196311994260213 -14.424765172848193373
85.697029150659304264 -13.942941612341753554
87.08469399816581813 -13.373569794678346057
88.409296243350624422 -12.698064336060767232
89.617317791286708939 -11.967230361450905463
90.732022636107814151 -11.182370819026250075
91.830809613237164513 -10.288397039281875323
92.867749725697535723 -9.314672378473707326
93.661860068735990126 -8.4660019182044905506
93.713883921585505732 -7.414543688418245182
93.50861651256829532 -6.1645091099513118493
94.49827310314891804 -5.7973736951042695864
95.739929131331933831 -5.6485774610634891246
96.133039329042659915 -4.9751363211662695818
96.162677826967779993 -3.9743518656585621329
96.042436418941903753 -2.7459856951833780947
