86.798480816305101371 8.9586975754844360154
86.455532129705659372 10.44444132259474145
85.285793761395169099 11.529963760004577011
85.229744455842862294 12.786463956001270503
85.948128739617033034 14.210390657719969454
85.441934394178161938 15.529823187374073967
84.059649147994861096 15.999490395300794532
82.3961562015511646 15.712026726347584571
80.71939208963414103 15.388361078972339513
79.039027579360904951 15.07664129080388804
77.33776629211243403 14.839150541713943099
75.968691236468529837 15.108851012561084204
75.450017537173934556 16.579442674494085708
74.640172591006930247 17.84918218984129723
74.517157976154408061 19.14604720435098173
75.141861367530580651 20.72347064263091454
75.780968007097911254 22.306581932790162881
76.420074646665213436 23.889693222949407669
77.009062142860287281 25.408000539515199989
76.45740051440498064 25.720139089773340402
75.216766099536499723 25.965557580096618295
73.720499604861373655 25.202350303201534132
72.334762025147085751 24.489148504353419611
71.081590960743938012 25.135941484053724082
69.625679751778307036 25.593181642168556067
68.408120836208837545 26.226859156034535658
67.691654602611052383 27.766748393925492877
66.960772348259752107 28.159316274573811256
65.997793659354456963 28.139750682758602807
64.880787047665876344 27.218819528901700977
63.764968096148322729 25.924978249149042142
62.42884148758477636 25.667231517832270526
60.855776187114997811 26.152390009800484449
59.172646198680055818 26.053417019612808758
57.628586547484701441 25.888268596603094096
56.493565853827362844 25.247729396478810315
55.513902146786897163 24.190713008854032751
54.379324454247836229 22.980066794205349368
53.580330989632670935 21.579994340379922591
53.500155496303023028 19.940802981263967553
53.95593924677116604 18.338750566152402399
53.619044340741133681 17.243894444843412828
52.341838816480994012 16.713769883976578257
52.411094802248911151 15.448805394139791147
52.13256459787206154 14.465061195200398458
50.548206411974071273 14.329492084306204802
48.944058753381881388 14.21744537001085007
48.689950151829222591 13.368083922078147552
49.217659680389253651 11.947731963042818037
48.481152283790542867 10.591664442594447948
47.500444305176884541 9.1478181032846581644
46.891873150631290912 7.6521080518781037227
46.963016433818125961 6.3995836429299028936
47.022204866509824228 5.8245044680246884639
48.665404611083658892 5.6909874654102710068
50.374978917564881442 5.5671560329884162144
52.084474815189651054 5.4428691584540596082
53.768134994609063426 5.1685141078495995259
55.387140884027587617 4.5333789032394085083
56.754745490363283977 3.8794515839530427925
56.648524881481911564 2.6884349131393721066
56.834117721933338885 1.4996661166185092373
56.58950469662734406 0.34174289985093569966
55.500279107013575697 -0.9497727586105376707
54.394631911263275015 -2.243981063300334533
53.288984715512967227 -3.5381893679901317284
52.188075461250242881 -4.8316334963522287183
52.308497982137112103 -5.534074931094281169
53.361715075604010394 -6.5751590723155288742
54.651903425086374 -7.6626989613304381521
56.036982026928740197 -8.6426555293406934766
57.448962506586681798 -9.4743998665315629637
58.977084177618415595 -9.8333966723566064161
60.558968316307435487 -9.4582705080566338296
61.569862628658285075 -10.131652209174680124
62.240995830969453095 -11.293797765499522967
63.220828212504898147 -11.501941646040766187
64.518816258666419117 -11.495166949450084104
66.004569066416209466 -11.773151183875553372
67.501515347932766531 -11.831050774682971394
69.02535522125761247 -11.412096848540867811
70.560719662345917413 -11.499949191755444389
72.04568153554551202 -11.16337487345662538
73.630508356871374076 -10.646228711689012414
75.212467586653374951 -10.024616240132179001
76.711871665681371724 -9.2601050370911721643
78.063084695369497013 -8.4254805570075603782
79.318917550243327241 -7.5060632703765168827
80.545178079398368709 -6.4491514231276436675
81.602054085108349568 -5.3838494826836171825
82.055321240328680688 -4.407973242852118112
81.7156144947842904 -2.9119949229269272983
82.720043325737378836 -2.4093224812972109383
84.0113930654740102 -2.1701899093473748792
84.461262624845332425 -1.3846685160935727765
84.211922333946588992 -0.055882708773108566436
84.743447999801418291 1.1349771314553052104
85.729074169145334849 2.2356104448610456537
85.496741451413598156 3.8351050356686369192
85.227110962169163599 5.5263887657078685223
