82.382114007384501519 9.8813228607177734375
82.552722744875865146 11.985953579399868829
80.260955853871465138 13.650473806923766773
78.314622617007131566 15.010545192060817499
75.355157849540830739 15.592120323780125801
74.672624120613349419 16.892738408605477929
73.341615422232891319 17.737509849075358659
74.522955513332277633 20.681173875418565444
76.617354898715731792 25.528583186966450569
74.290199425529692689 26.069929043043224226
71.838694809589981105 26.007077695594784217
69.266402655709541136 25.014908850589513634
67.736006915530381889 25.908384330229999648
66.824092954572691383 30.090521468824846352
64.553705223297612292 29.149912196251680285
62.52849578857421875 31.367287124821341848
60.52458977521058614 28.947223590033917873
58.902333548218777537 26.941077318286424713
56.622777945324770599 28.057241755905014458
54.613305529523834991 27.659117234414438258
52.018883962975088764 28.084503432061232786
51.142484065764875822 25.552828081795645687
54.309144118148125813 19.009837517503108018
53.978194385001003752 17.580041358547966013
53.981309883846975595 16.091217435461842911
51.438870330153534383 16.283922801696153471
52.640460998225222511 14.283757540378982043
50.519787341944962122 13.78318773903282235
45.216696303416952674 13.561059635521282019
43.691599655587836537 11.861159342099343306
42.590023173649370847 9.8813228607177734375
41.191000537137512083 7.6386629648486668032
41.640814510559515327 5.4415094149183902417
45.981846167028720629 4.5049896854775548505
53.683561298096726944 5.9433037792659479948
53.750958338276966231 4.8136131388347651594
55.771850646283390063 4.9723374614398903049
55.81529665341712132 3.8367287924146733502
56.768981951302762923 3.4847447369587847277
57.184922978099486102 2.5265273413450639595
57.208760167137398867 0.6672681259993868963
54.445879719724871393 -8.2725147945544925676
56.869151178583379647 -7.5363376779900335123
58.0009212316793068 -11.419241642075686372
60.502092755100527199 -9.3986209646460743272
62.52849578857421875 -10.5885375919701481
64.558187178348802604 -9.4299075960376406158
66.825716949080472773 -10.335514070821890442
68.676796658931081652 -9.041189343374863796
70.723991603529029248 -8.5260552740928723381
72.840520547018499542 -7.9796268916699375495
75.187781982535170755 -7.5426989434846873905
76.694440668804332972 -5.8515503752719197905
78.192690259219062909 -4.222777691702141567
77.050306444292814945 -0.66938672029735535318
80.863948524574453813 -0.7046582606177960173
79.470437875291452201 2.3382828147421523823
81.679348697880897134 3.6588348787643294457
81.00030198515494817 5.9550194846651898217
80.713696723194303217 7.9699815342370943227
