97.677402093322001519 4.8092656135559082031
97.848026088935569078 6.9138972922571042545
95.556266806207375453 8.5784171390903019017
97.283021625577319469 11.131954729155143724
95.898973472356473735 12.856853615782982914
95.286073192383881292 14.891121020108753825
93.334314260880219649 16.078316577232175888
92.908598460278852826 18.391676564817323936
91.912650354150770227 20.456527604328336167
89.585510402317140688 20.997871317106980626
88.41108301024883076 23.146977611352610893
85.736113902745856308 22.580609406828546781
83.679839658424640447 22.832315339818080702
80.232402815986034739 16.140863090930118062
78.828249245909987053 14.366012861631070052
77.82379913330078125 16.35935541553179462
76.83242066575348872 14.241597110709905749
76.03744217225981572 13.213420885038244634
71.918081296278458581 22.985184033929307645
69.908612607806944084 22.587059474289219452
67.314187297179358893 23.012445701987161328
66.437783681442354577 20.480770420023659995
64.764107713327064175 19.313529301468086885
62.708533487831985553 18.419105061306566995
61.741594320207823898 16.49366801423509088
58.676964443666477678 15.863693468887255733
59.891819002845110731 12.793097764628257096
59.075989272470458502 10.900797703554939488
60.511999636984555195 8.4890028126978105405
58.986902995063204003 6.7891029986500317506
57.885326518375933347 4.8092656135559082031
56.486303889076623364 2.5666046953896120009
56.936117860211098218 0.36945178695825653392
57.92262677937809201 -1.6570161318412468532
59.775133110973193595 -3.2265182096135962553
59.190732081113587526 -5.948538419894434881
61.483677004940680888 -7.0625241502609217292
62.211162743795320296 -9.248408237579951674
64.147110325034475409 -10.380242449462880217
65.810087013475083495 -11.726187533480445069
67.500927774459100306 -13.070472477395092881
69.741186855344082574 -13.344573461629330779
72.164454511496316513 -12.608395398150573641
73.296224567792521043 -16.491298410569566357
75.858408409592868793 -13.890172368259811719
77.82379913330078125 -14.848755258596124662
79.853483111977169528 -14.501964343418528358
82.121020297048346492 -15.407570840457637473
83.972092410767999127 -14.113247055512726291
86.019294944285377369 -13.598113953533864873
88.135823872417333291 -13.051685580502152106
90.483093375333282893 -12.614754932785633201
91.98973613750898437 -10.923607844498055996
93.487993603945625409 -9.2948349388640068014
92.345602429811464162 -5.7414435955792164634
96.159244130407870443 -5.7767156080297663578
94.76574122323987126 -2.7337745443925944855
96.974636773403560142 -1.4132226388696471631
96.295612944937829525 0.88296181241946181117
96.009000076420278447 2.8979234142673537811
