47.739993646056369414 14.684409141540527344
46.777911955775095976 16.242852441186137469
44.464176228674439528 17.344317613797109345
47.050134394222624223 19.590644305804389091
50.025468820813976834 22.73199478848970756
49.412580026816293355 24.766264021005127915
47.460813308132713928 25.953457898271697246
47.035089997699913056 28.266819626193310455
42.389857940596385788 26.278714665524752547
40.112613823515857803 25.9188880123099743
39.525680006319312554 27.805373565906648992
37.830020427180173215 27.890498192300704261
37.806338584933342872 32.707460379387050864
36.24588777923933236 34.893608717497471616
33.975500170534971289 33.952997517526910087
31.950292587280273438 36.170374359318415713
29.946388407171603774 33.750308909394803436
30.98915947009047045 19.206189155930843526
30.27835442912676811 19.83010697914054532
29.764802167899301111 19.593103787445837582
28.564742903166504107 20.548361404409288156
28.941829182635334661 18.825203261545471634
28.327153556930113609 18.708306907284672604
27.043017487035598378 19.102933302862957987
26.313236261507437774 18.77996679263383939
12.803460812316032502 25.738836612954251848
14.018312473258145445 22.668238945337424894
13.202483684856836987 20.775939815593439164
14.638494073371422388 18.364145045349339114
14.57133846112269282 16.511010167043519203
14.292122973759237681 14.684409141540527344
12.521745293372863017 12.642385986757025407
11.062612272298167682 10.244595174876728549
12.049121191245276918 8.2181273831759327209
13.901626563875105091 6.6486250823727317538
13.317228465965314399 3.9266045102705007253
15.610172375015178403 2.8126188888481848949
22.520021506446283865 6.1933619600164746544
24.307928185034029411 6.196712608226350838
25.305002103398457791 5.5379487217867335858
26.018660531816578896 4.4105149922678101859
26.943909445484333531 3.4399023236243078117
28.790499530812617479 4.9595677926680057368
29.259750119300164783 2.0264096994432865273
30.863823005501071606 4.3472849456892888043
31.950292587280273438 2.8501447257636147725
32.703878311232436715 7.5144917833928177586
33.433528260866452797 7.7063513497670017571
33.759304730669946082 9.116848790958346882
34.340816564592273608 9.3151912672940451188
35.095315852207093599 9.2370747491080376079
36.233471097429472252 8.7891214205677989924
36.75596833108641448 9.3471714028143288999
37.649377899815149817 9.5529268506280757833
42.867372592264196385 6.7526894435202473588
50.285751119321176361 4.0984277609374704099
48.892236568060297941 7.1413687080965493337
51.101143587518336631 8.4619209158749590927
50.422096886519874204 10.758105335732409458
50.135499247085718366 12.773066891255540511
