89.251838238520946334 7.7425960204929946684
89.070318833667201375 9.1084189256847274407
88.067042113454107266 10.099211099966414196
87.470314818874982166 11.107112165718588059
88.10268581620013606 12.342427039026564017
88.259676659448075497 13.533520327409892303
87.71251664004488191 14.799178534511641558
87.089200630438796225 16.148619096451863442
86.301579035697102427 17.350241443139516662
85.027385216362077358 18.009475508137356314
83.678696838854392581 17.730037106013487147
82.32369734312720766 17.067503137619699061
80.968640990479087804 16.401517857818063817
79.613624939971757044 15.735929102659662604
78.289835729504815731 15.386909538202484526
76.976242953084835108 15.720465916618575619
75.795153077920289775 16.028307081277777257
75.209371617103130347 17.041539627856561623
74.287804114401382094 17.55054830575552316
74.129496233700464813 18.65395509670516816
74.374918170308319532 20.132133915856197603
74.622041023005053262 21.611896058089566708
74.869163875701815414 23.091658200322942918
75.008635235323197321 24.521787781658524352
74.271274770273294052 25.524994434646142594
72.980434209826626102 25.625969752222164999
71.753771524615487465 24.890304661719959256
70.719228516757127068 25.109105057339867528
69.844784294327297403 26.278896562465533293
68.769718180509528338 26.714343730653720144
67.492303012013351804 26.065512839181334215
66.427385852503590513 24.998911887808070276
65.318143351659742279 24.439475063169574298
63.976819108201617325 24.899832790836811114
62.529982433654268448 25.023815518338459185
61.029163882944970965 24.931184500210395782
59.809032488171823161 24.623172783496386273
58.819285637680259526 24.049257438098841533
57.977940752273823932 23.067523842623131713
56.944778281560211042 22.022976825235716092
55.623574082891849457 21.271338396024486173
54.520073621572066713 20.468922109100223139
54.298331090008851163 19.139515506597355454
53.919492916313068065 17.926221062964106778
52.719459294509690039 17.271240950332607866
52.276421099713189733 16.276626258730033214
52.563823435165353715 14.913424029185291531
51.917909791927016272 13.895858965427798637
50.998128420013138395 13.030567240328361223
51.360361430056926224 11.84130840959502784
51.655186956159255374 10.58424819053968946
50.871652234712804841 9.3950331375779718712
50.018978615884662986 8.1227844710967982422
49.921483374147356926 7.0172142637886967265
51.117016141674142204 6.3834077255334822354
52.543358891345093298 5.8330342795551555213
53.903004305859120393 5.1645870996733318492
55.112658451441014051 4.2409866849157635826
56.22060561700752146 3.1844639697450363158
57.25254965083666292 2.1860862040621027447
57.169761152426765705 1.0875767187615659193
56.280402753993307385 -0.13201053709214830012
55.392710328821081589 -1.3626896892401956229
54.537402508792673927 -2.6006982382826682176
53.69088508203517307 -3.8401657931657808831
53.389727491625286859 -5.0209389016811183382
54.19060048194785395 -6.0127429215589938138
55.12451533557391059 -7.0241385879836517603
56.185565839914204389 -8.0213135548814769038
57.347708687648193404 -8.962195787063564012
58.574994137771028591 -9.8124069982232349219
59.765133175456128356 -10.516048306358790398
61.182895768151304594 -10.556825816877955404
62.664019655955577548 -10.116169867200543564
63.811879098347716877 -10.089265651128487278
64.248519853806570268 -11.300732721418190962
64.625462741663355359 -12.394128368685812802
65.248395841587097266 -12.534825184595810299
66.089731818165162736 -12.692071574650725552
67.179429684572014025 -12.590336705224949299
68.461948649315317539 -12.89484790145808546
69.781353989528042803 -12.953562538278603711
71.117513112123162955 -12.561396298469180266
72.503414697676333844 -12.707029433906122051
73.787667039474570174 -12.458157415393685596
75.151982142747627336 -12.096066869632064567
76.563381138018186789 -11.609394479118133603
77.94127800970915132 -11.015589077260592887
79.2533656095790775 -10.330104990086447003
80.444629451470760273 -9.5940370158145071855
81.554668486323450338 -8.7971161291891988299
82.649620142102662612 -7.8890005842249948387
83.669073521491185375 -6.9137520248607469142
84.417335739536255801 -6.1019191528706642202
84.328012921285463221 -4.9499891731368625969
84.239708338512087948 -3.7863731748560494061
85.370272433586009697 -3.5233482272426877024
86.468291698157273117 -3.2884837142790388498
86.862784312341815962 -2.6042867588801250633
86.76510306177323173 -1.520566543029797435
