46.845103662565378499 15.868925590290453798
45.564279123091559143 16.838724681344725553
45.116497070852680906 17.63396909290122494
46.302549216536078802 18.700938180905183117
47.285096026436292505 20.0648724863380572
48.231049730279806909 21.461353686859393264
49.449665925484055151 22.65703400847864657
50.685630790134851509 23.839925119584492563
51.641733520934273827 24.995738056774509772
50.928540568310097569 26.010381317508251442
50.04660920075638586 27.341097276191877796
49.326329865976006772 28.766222977265307748
48.318316451396697175 29.775916695674816026
47.594709800241673747 29.851695243883050068
46.267791776564827444 28.784527158199864516
44.940467461011515127 27.715417950191934437
43.613143145458209915 26.646308742184004359
42.324804017294333391 25.944310706448913351
41.081741349033805477 26.311964854261766789
39.567234139912415003 25.982817225402804695
38.466804129902094189 26.612360710095618543
38.425027395231651894 28.219633275908723391
38.55623658945768284 29.929036700536794768
38.687445783683706679 31.638440125164862593
38.818654977909730519 33.347843549792926865
38.754713655597683442 34.729689644213962652
37.652501799593601106 34.835304285345152664
36.24853258786899346 35.012720395020977548
35.067226308353170339 35.145908740014647265
33.987990462603789865 35.137821380728752274
32.867011774820383607 34.446028409936758408
31.760486042977337462 33.113751469649997716
30.480886288463800327 32.587927507774509195
28.934508873319735756 33.100432875043210856
27.413867842938529407 32.94153399690645756
27.161581564068818295 31.778569271542352226
27.692613035940059518 30.170596221871257114
28.238008126741473092 28.554478954385633216
28.783403217542883112 26.938361686899998659
29.328798308344300239 25.322244419414371208
29.866544834341624437 23.703649764331405692
30.320325629109092347 22.059291299851484069
30.247173777031019171 20.591268721930639174
29.083338305235432841 19.826673382429778059
27.677926940659162369 19.695059779010847478
26.500291557402547937 19.703694940814546754
26.209495382587466139 18.954595596305608751
24.796027359928626055 19.142786789436037509
23.139664174857866641 19.534805410770687217
21.483300989787093016 19.926824032105326268
19.826937804716326497 20.318842653439975976
18.170574619645559977 20.710861274774618579
16.645894700738104177 21.006192903479725231
16.51954373056479497 20.274816851709552168
17.003797314022854437 18.856046801018454318
16.208835016588004407 17.501546905886733896
15.240781057499482642 16.049227183111064221
14.686172902069326796 14.558119504930537857
14.775880351354260256 13.167623757237150173
14.986157179307863174 11.649121171524257079
15.331245351421760148 10.077680021540819766
15.783854833802973161 8.5897431607854368707
16.326822704250631091 7.1963738218977537642
16.927515154658884455 5.9333732596322050767
17.374922717173266307 5.1185795698064993076
18.147424269172297784 5.0934112945133858119
19.772520619065854675 5.635485394610626031
21.397616968959411565 6.1775594947078653618
22.969936703959803026 6.4466685658274709425
24.392239239222362812 5.7047406011413626103
25.755148740185738632 4.7894285169027366322
26.727465587646193512 3.4016921222013309922
27.864736798615659552 2.8540283816710272369
29.301097528887293464 3.6694169851876439203
30.687047386072897837 4.6860731670454791598
32.021797686294519281 5.7806368095624414138
33.048250830897423214 7.1253115381514975368
33.694425723857065691 8.7136804582059745883
34.446616427190633658 9.5916440998859311406
35.231644917943249595 10.050277400570237774
36.133863079952895703 10.000492215357253301
37.462351206439599594 9.8111061959057543902
38.944329308941547652 8.9028680449799626473
40.308924085376773405 7.8469441727932212061
41.624510296917549113 6.7371811348943309028
42.938812498222411307 5.6260050877905900535
44.325463154024184576 4.7388731539459012509
45.977176958856361466 4.6884691748623730234
47.700152504392200115 4.9413810764527204
49.426151076172516241 5.0140234845170326139
51.153797530545013217 4.8823297881757277139
52.082867476417597175 5.2982889728900648407
52.030284064160674973 6.5537448508158195892
52.259089771190232909 7.8862051629235718764
53.403393381919677552 8.9205474108515776521
53.391719601231372394 10.425779886028283983
53.011795231149982044 12.118626045632797883
52.216412236836120542 13.372217478068902707
50.661642678041076238 13.983465608134908464
49.034828685086182531 14.534191084882891687
