83.325175835997782769 9.586147308349609375
83.495792203164043599 11.690778024364249177
81.204017697914224527 13.355298181965650883
82.930795403106614572 15.908834886169305634
76.03373144551369478 15.179183187381774189
75.106767189578519606 16.303735794920356739
73.561212442549219759 16.91670885101301991
74.187750393520715875 19.23504316915273904
77.560424467902166157 25.233407534492577895
75.233268884812773081 25.774753489748523094
73.014667116615243003 26.115296656323131685
70.172011756248011238 24.635602070876363001
68.48236039272970288 25.007808585908726684
67.647167409897193124 29.230814565824111639
65.496767163670767786 28.854734724788464462
63.471561431884765625 31.072111572453177786
61.467655426740634539 28.652046131181023725
59.845399191529324412 26.645901765918260651
57.565843588635317474 27.762066203536850395
55.556374901609025585 27.363941643791036995
52.961949606285635639 27.789327879693068724
52.085549709075422697 25.257652529427481625
50.411858737485530924 24.090409718518522197
54.028311915453926417 18.088881961416845456
54.111459714845416613 16.386661909796529812
51.57768695024714134 16.453077552921822502
52.767746001907660514 14.351790758808439463
50.562580612456940798 13.780528884532063927
46.159761946727499549 13.265884083153117956
44.63466911138795723 11.565983768726415093
43.533088816959917722 9.586147308349609375
42.134070001783882731 7.3434868724816926289
43.100970002493113498 5.2562443277529933283
46.501541401919595842 4.0722558178066936563
54.923433291485125096 5.7802764598799551976
54.515683266375241089 4.4154695067482920834
56.376217003227701241 4.4310776208652526975
56.311691550401896222 3.1393730445544338892
57.146793467978788783 2.5617881939374873568
57.294591736685717365 1.0842782621262845311
53.148690059710006039 -8.2935898212292222809
55.388949157333875917 -8.5676903378405171452
57.812216821893926522 -7.8315132303581975748
58.943986874989853675 -11.714417194443850434
61.445158398411074074 -9.6937965170142383897
63.471561431884765625 -10.883714098012628568
65.501249116831985475 -9.7250831368580286096
67.76877865570050119 -10.630689649120508733
69.619858505433512619 -9.3363648899304827466
71.667061085316177582 -8.8212308158737862129
73.783582279918192626 -8.2748029761355184064
76.13085163245270337 -7.837874356422329214
77.637510250125771449 -6.1467258166079616899
79.135751989359576442 -4.5179535918539812656
77.993368419620622944 -0.96456230914883711591
81.80701803241625214 -0.99983396508955024728
80.413507293840154944 2.0431069353288116019
82.622410523532067828 3.3636590788611879788
81.943363828374444324 5.6598435241767077741
81.65676618187852398 7.6748055114673752186
