98.520801141173564019 4.7688050270080566406
98.691425137453990146 6.8734357456901520322
96.399665835911463319 8.5379556842453023791
98.126420673428881969 11.091494142607292162
96.742372520208036235 12.816393029235131351
96.129472240235443792 14.850660433560902263
94.177713308731782149 16.037855990684324325
93.751997522290551501 18.351214055194411401
92.756049452055194138 20.416065065364069397
90.428909450631977052 20.957408822873908605
89.25448205810039326 23.10651702480475933
86.579512931219596794 22.540146921559621518
84.523238735689758983 22.791856651061827677
81.298122069532709588 17.146370634702982727
79.711282538368251949 14.702577927677397795
78.66719818115234375 16.417818512150446963
77.689544488486760088 14.070608974654163603
76.992078424384686741 12.649620207608023748
75.207967307497753495 15.415235686953652205
70.752011674786132289 22.546596988908902404
68.157586345030921393 22.971985115439309766
67.281182757817035167 20.440307946850438725
65.607506784064213434 19.273066828177871201
63.551932519579509062 18.378642549524720096
62.584993368059386398 16.453207427687239317
59.520363491518040178 15.823232882339404171
60.735214247706096558 12.752637204374066116
59.919388320322021002 10.860337117007087926
61.355398707154037652 8.4485413774731732417
59.830302048165961537 6.7486415083896265088
58.728721751530230222 4.7688050270080566406
57.329702936928185864 2.5261441088417604384
57.779516911346007646 0.3289909465448914716
58.766025830471519953 -1.6974769667850981847
60.618528350726236908 -3.2669790494010424453
60.034131144612032926 -5.9889995103806494825
62.327076055031355395 -7.1029852167278129116
63.054561791646882796 -9.2888688241278032365
64.990509372886037909 -10.420703036010731779
66.653486071279701264 -11.766649080933934357
68.344326808977584164 -13.110932102570775015
70.584585905466184386 -13.385033095513772849
73.007853559347879013 -12.648855984698425203
74.139623632870780057 -16.531759954453384864
76.724397954562832069 -13.715739599019315165
78.66719818115234375 -15.133888620412530912
80.696882159828732028 -14.542424929966379921
82.964411465036249638 -15.448032433918612583
84.815491458619561627 -14.153707642060577854
86.862693994783739981 -13.638573585228964902
88.979222933154048292 -13.092145205936439822
91.326492388327210392 -12.655216498333356157
92.83313518536054687 -10.964068431045907559
94.331392651797187909 -9.3352955254118583639
93.189001500905533248 -5.7819046269736684707
97.002643166160282817 -5.8171766923711079045
95.609140277535146879 -2.7742353548862102031
97.818035820777268441 -1.4536834653067707279
97.139011995493788731 0.84250100017623363868
96.852399124271840947 2.8574628277195022186
