62.891936852843478789 12.747241973876953125
63.062549405312481099 14.851872689891592927
47.330310842027316198 13.659532866664255479
48.688111964742198268 14.582972086960856117
47.515810026385722153 14.740750429605444793
47.452218522682699131 15.295609573961112204
46.312932843011807904 15.12638849313416145
46.950773864944885361 16.270027652312680999
47.21281797549574577 17.383489019070456294
46.344402461370393098 17.297676004805268235
46.927517082080107969 19.483525257371983486
50.950633388944915225 30.518584343108788204
48.894366463216087482 30.770294190032828396
47.333915800031668653 32.956440581984026039
44.413740121711114739 25.833500228852805947
43.038318634033203125 27.151159729191462588
41.785362516542228661 24.668323447359938427
40.789570906526058991 23.326773688922795458
37.132604427251607149 30.923162718502567259
35.123132122885081685 30.525034410485915259
32.528706808434073139 30.950422545220412474
31.652306939746971182 28.418745308329441457
29.978617821565599399 27.251504361160282741
30.136182066998621565 24.364375638347176789
30.599632262447443054 21.784475729468248062
27.970198307420261585 21.446823338352253074
28.762014381906752192 19.103463419649031607
24.290510679948042139 18.83877358518153855
25.726521046736934295 16.426978704044628898
24.20142631353639473 14.727078434253758843
23.099847926456991587 12.747241973876953125
21.700827200326038735 10.504582049157638934
22.150639275517004734 8.3074279940797630672
23.400926871651751782 6.3666679001431161211
37.59126468354069317 10.322056042789535368
36.930245767887178943 9.2207420844379761604
38.65036785125314367 9.5592090109831087119
38.506359049724672161 8.6666520581683208491
39.35006721335235369 8.6510287699814440998
39.733781786468377106 8.1989336559038719088
39.976033481202613018 7.4431991544835076624
40.630186896490499748 7.3385038282341046312
39.911768391630943142 3.1247040102085108515
40.70740725983688435 1.7811569819848394047
42.265199943368919833 5.3914934498478448432
43.038318634033203125 4.784062009775456481
43.741632189811774367 6.0556542552916514666
44.70803760247667924 4.8918462307434209535
45.379372364797099237 5.542218542737569642
46.536579404952952643 4.8900323815396760097
49.960958277212107248 0.75688463964242025384
50.784122305492374494 2.0860548228935584802
51.325281271021431451 3.5436453796441700348
52.215112922508090776 4.4844184026421238798
51.023489045644112139 6.9456787485442452734
61.373775242882842917 2.1612610426708158684
59.980264486323029871 5.2042019367748011405
62.189171541906304697 6.5247532722556966789
61.510124836022725958 8.8209381464336242828
61.223523379777262221 10.83590061339866395
