80.499033465986073566 10.979387075430832255
80.241311364335473399 12.407214250245948151
79.098670355606330418 13.435118953156052868
77.819298755734294559 14.427472013393575878
76.533518291746375439 15.399290483262930707
75.165521252660056462 16.19533354286086535
74.329197087324857307 17.423973202802113036
73.835157253756932505 18.980557491445473772
73.957818050467594162 20.45370444558390588
74.675035022682507702 21.887246024311139081
75.330916025097010902 23.323337824975201471
74.744851757760756072 24.355917940718924797
73.821529816258149026 25.224369731119509197
72.650007043634147408 25.346925929100073915
71.214571159513340604 25.38138419065743534
70.035625559241822202 26.258552728284954014
68.584093437211009814 26.537970738256401404
67.298295779236099179 27.183886236908904266
66.297467016064203449 28.466784097751379079
65.296482420507430788 29.666793585686924928
64.042833881101032034 29.928319552967113992
62.651615529897590307 29.838213282439554064
61.476499138037212333 30.209304074468754209
60.438637400321205462 30.228520911495685652
59.396145291796621279 30.19356334586190016
58.356047264618489123 29.010849724381436943
57.293439446162850004 27.847676278374972725
55.998899414029430943 27.779774019177686739
54.510229530123396557 28.230739428304715943
52.92470463119037305 28.123442451828324806
51.440790589681697043 28.014990130366690835
50.642275536053318774 27.581126057845022359
50.877515052314912225 26.637392893689362694
51.533667985394991717 25.164685483799299703
52.189820918475064104 23.691978073909208291
52.845973851555143597 22.219270664019141748
53.502126784635230194 20.746563254129071652
54.128269071968844628 19.264758151449338897
54.420915668632964923 17.727124557806572369
53.924170674717224472 16.442881320665620137
53.048522321792809464 15.593244274426806939
51.692232145456351589 15.618723867794004789
51.485517846633399586 14.97551493069630979
51.478071889879643663 14.235193397401079807
50.098146807491055199 14.458846131966206272
48.534404099687982637 14.81136872899204171
46.97066139188491718 15.163891326017873595
45.406918684081830406 15.516413923043709033
43.843175976278764949 15.868936520069544471
42.457865115383874866 16.09194193926128591
42.446577515158445237 15.317593925845953251
42.926259394474712394 13.975680809438120633
42.214678375807672239 12.70197495625159867
41.279939178887630646 11.350711430296739124
40.589606269951659101 9.9347507132908710048
40.65243802402358142 8.6179640993417887529
40.811731506439940631 7.2422142254827344132
41.028045486324174362 6.0541412976168587079
41.635698678903800385 5.5209017821478232335
43.224158083434637945 5.3006830466568199967
44.809002878739953246 5.0544337055563461902
46.38240008042922824 4.7275598680178783084
47.958733100767148017 4.5560727449297537817
49.546850053265799829 4.7335796209056928419
51.137302054404209173 4.9755238296301875778
52.731327952862336872 5.2930414587530627557
54.152789544624674534 5.2989677502779919394
55.385425528774533177 4.6662414751376015687
56.584483897695349697 3.728288664941091568
57.199597465419067532 2.5698029397271060503
56.933439487269609458 1.0674275731957034719
56.553729455262462977 -0.49584128053288351046
56.174019423255316497 -2.0591101342614708258
55.794309391248155805 -3.6223789879900580857
55.414599359241002219 -5.1856478417186435692
55.097183770363244548 -6.7481603127197766767
55.25946962129781781 -8.3048482211246152929
55.865462581308420908 -9.2055061610875448253
56.654785971621336671 -9.3804698417319656301
57.629064549671781492 -9.5509157086886808941
58.884284733861932182 -9.4038857819187029463
60.281405014724839475 -9.768583941961445305
61.691689253402913096 -9.6206089522441882167
63.142635459403976483 -9.3725826774822937892
64.559880520485123157 -9.3724489373900219391
65.977108120603375596 -9.0310263221946982526
67.474234457126712527 -8.5280305215028455734
68.95972230859970864 -7.9342098383514212401
70.371783230133928555 -7.2141659650059182241
71.651726064052297716 -6.4317053580950371838
72.836655612145051464 -5.5809454114369660971
74.001068588465471976 -4.6058364166097565118
75.061766218506676296 -3.572878091179671145
75.792803378767317213 -2.7631131529954693349
75.457615878699385803 -1.3478921079037831099
75.784689453783485646 -0.41796471566544218801
77.266969692033669048 -0.34159151420483818695
77.908167664720764378 0.22945397715422366502
78.267896461963218258 1.0726597923077361152
77.884819825501892865 2.4596134957444224511
