39.323459222228244414 10.567273139953613281
39.494075589534695325 12.671903854634527065
37.202301058282465362 14.336423181567525376
38.929078793532127634 16.889960704862307495
37.545019159484837701 18.614862567495052303
36.93213035030262148 20.649128019418213853
34.980363669166230522 21.836323752354129368
34.55464416138318029 24.149683596286131149
27.623510241237543283 19.622828801842729263
25.581306603161124258 18.978986660305515954
25.156091531709755316 20.416142619911962441
23.488751790651669182 19.593888356992273714
22.620576452305556359 20.264240152209659129
23.765440095985677971 30.776468882952269013
21.495050481623337646 29.835857702545801828
19.469842910766601563 32.053236450382868838
17.465938747096934947 29.633169094838429203
15.843682418702922376 27.627024702690743396
13.564126910659581426 28.743191060604665665
11.554655457861011669 28.345066535542617459
8.9602320542474878096 28.770452766517241372
8.0838316977644115724 26.238775523962633685
6.4101463212023528371 25.071536419115560079
13.841280258233199518 15.635254473552258503
14.361683852080318502 14.278566773446492277
12.37281664576543605 14.664741613350795291
14.367053088233543434 12.839179428234354319
14.045403028214529684 12.329780433371915649
15.657195733344401845 11.37767532452303243
13.888945391213340486 11.153848684390940349
11.714163913090290592 10.567273139953613281
-1.8676490525962243794 8.324612196994159774
-1.4178414925184625872 6.1274587217861107291
-0.43132799984082481615 4.100990878313298893
1.4211778380390853727 2.5314888490978546542
0.83677976706101375726 -0.19053171158707726818
3.1297234167572440811 -1.304517236077167297
3.8572158037283372778 -3.4904016736172707169
8.8510735322506199907 -1.2260646588613184349
10.829494267923641004 -1.3251430921338389624
12.099881987033963782 -2.1978745514097344227
13.536995660139593767 -2.7581121616570989374
13.810500039062802102 -6.8503882974970444764
14.942270440537452458 -10.733292354629181631
17.443441726739216335 -8.7126706793244608207
19.469842910766601563 4.3966289577124681998
19.931758322897586311 6.1724583481585391098
20.578625610810139079 5.3508586765848109579
20.822897668904545299 6.4029997321952594191
21.32997920836053396 6.3893447790702255773
22.020480718130244213 6.1494376222270892285
23.090159022157720869 5.5843401636050247205
23.567060984621420516 6.0168594000252717535
24.416968094450211879 6.1128669298249285191
27.343155217770782173 4.8469769186573223863
36.717281099437641956 0.60945983310468143657
31.829091900142742588 5.0645798415714819996
32.832920780065578015 6.2253467471643277875
31.877537421285893515 7.9299350998361770593
32.119199044071095273 9.2377723432699134776
