91.720157220275126519 6.0792627334594726563
91.890765957766490146 8.1838934521415680479
89.598999066762090138 9.8484136796654659918
91.325776795774032735 12.401950285457168377
89.941728570369207318 14.126850323850602464
89.328828352252685363 16.16111760616355042
87.377061602386305594 17.348311527737827475
86.951338331982952923 19.661673203952123146
85.955405988384498528 21.726521883288519632
78.275894310971850132 14.900988498778037439
77.596294440037411277 16.003483815740519702
75.786864512736187294 14.884449144871334525
74.781882290691015669 15.051755968847945866
74.394008417032694069 17.970101078577297216
73.878900319286088916 25.225546221693534221
71.86653900146484375 26.492966140934623098
69.930420140119935013 24.500215455166330258
68.240376785926116554 23.139016242628763109
65.960828468513824419 24.255182478640424648
63.951352480752916563 23.857056119484667533
61.356931157408681088 24.28244435480564789
60.480531029096887607 21.75076695417842032
58.806840082371657275 20.583524154486042335
56.751281039365132131 19.689101764317797461
55.784338001951937258 17.763662748415150361
52.719712120569880653 17.133690422587982027
53.934562677286450594 14.063094388783060396
53.118732956138572376 12.170793395430052897
54.554743312029557956 9.7589994189913049638
53.029646680968035355 8.0590991938362783742
51.928070201237261472 6.0792627334594726563
55.148787117050119377 4.3221549596356840794
56.080637663218261935 2.7238659060219085895
56.671444267530233674 1.1420754285427721086
56.869485823170194294 -0.59785732954096904024
53.233479738858846986 -4.6785420542794646792
55.526420703055642036 -5.7925275281893444657
56.253910425626287406 -7.9784117991687999449
58.189842476424317397 -9.1102457277194570651
59.852834635556902754 -10.456191934559765144
61.827126386774736488 -11.309512872031881159
64.032835724948228062 -11.515515770310827293
66.207201415503845965 -11.338398562227741451
67.338964461796621208 -15.221302726669950545
69.840143365776356177 -13.200681067561308879
71.86653900146484375 -14.390598672902765287
73.896230391239427604 -13.231967723295941397
76.163760155488475334 -14.137575153132431183
78.014839873274837601 -12.843250423835325336
80.062034813772839925 -12.328116356203924653
82.178563747023972041 -11.78168798004180573
84.525833191210892892 -11.344759281381875837
86.032491743837681497 -9.6536107697998758681
87.530733459326384605 -8.0248383099948998876
86.38834968042593232 -4.4714472924022548028
90.20199946879614572 -4.5067185987470246289
88.808496173025574194 -1.4637780608322596976
91.01739190992033457 -0.14322567579673517457
90.338345204806572042 2.1529587931684575075
90.051739944584340947 4.1679205341709177901
