48.538996039781970637 14.357853928452886549
47.209272582110685335 15.487773770946155594
45.74880995013835161 16.377592112467556973
44.993406372967093887 17.295394249598043501
45.947289284231274564 18.482283704241247335
46.944942332448768241 19.823087735381495378
47.253757054281777528 21.451032626742428278
46.961327917529573028 23.088861113307771689
45.939754888834308133 24.354008686209596135
44.397834451938102518 25.148293591750256581
42.752398101436462241 25.706125003645706073
41.202520878146003724 26.411534328317706866
39.610560494925977082 26.894426089012615222
38.752736011537820104 27.980560364176689347
38.423044483677465166 29.647736705988140926
37.535133955550833207 31.033007773682303565
36.088581123244452442 31.728622819768308005
34.696450357122131436 32.536266094640893698
33.705917942366710349 33.312397250243236613
33.18771981512796998 32.455206230493139685
32.755532427009882213 30.800964459464367451
32.323452162266683274 29.146161004202159717
31.891371897523466572 27.491357548939941324
31.459291632780256975 25.83655409367773359
31.027211368037033168 24.18175063841551875
30.595131103293823571 22.526947183153303911
30.151914364460729701 20.967200058434144694
29.558912504088613815 20.746295601744012771
29.078708936896660475 20.091641999851912459
28.814967882982518432 18.372530830757646925
28.56588488554367089 17.205577416511225408
27.692975810934100878 18.052593395535691201
26.45007154224149204 19.100042278286398556
25.769737776255485784 19.004414801435302707
24.846628239966072726 19.552680164937292773
23.647973525217466317 20.770855987427495393
22.448423639710963329 21.991203041925622585
21.248873754204456787 23.211550096423760436
20.049323868697957352 24.43189715092190184
18.849773983191454363 25.652244205420032586
17.650224097684951374 26.872591259918163331
16.411017782829393497 27.89799486694406383
14.95439915130437214 27.709566870283577344
13.857183978991429285 26.514665118422566792
12.922374284231928243 25.285173025240219147
12.268097317416209791 24.290177022634534154
11.751623434617904707 23.400947455462297597
11.25270690106767546 22.426260918912404918
10.992355279888949227 20.942420110374381892
11.164298463638628434 19.592908924840088503
12.479297016007519616 18.604737914571362722
13.903605075750263609 17.650091908967755927
14.979059363779109404 16.512468887814225837
14.872076110112498526 14.961871961762145844
13.932248177496928676 13.566953581099477688
12.646874721554873133 12.41321197764905726
11.282083759808394063 11.375377563633145783
9.8879578429013985641 10.397708829263466512
9.758482323902470057 9.5401588006443667211
10.102669265537102206 8.1903781830608473058
10.584548839728970648 6.7484505403266261681
11.160158147078423241 5.3782407758823200794
11.766945293229355229 4.1791574869185783569
12.439551824538387592 3.0443978438275287601
13.223215663150581278 2.2289454327271145395
14.748559535308489288 2.8594059418661035288
16.270058250464060734 3.6474944197346776953
17.791556965619619746 4.4355828976032505295
19.313717925526596275 5.2220348298416805477
20.871999606303479169 5.9192248875673190156
22.49765058658676864 6.3774111288890136251
24.126704648740886938 6.1367627768452317483
25.744987549011405292 5.9937547792253775825
26.766582756817161481 5.8010196679021337474
26.764397457529788937 4.261019730911435488
26.646896480547308528 2.5522938490384996513
26.668831467508326227 1.3209697075668616062
27.295159842297987751 2.1589714923199676555
28.181852382225798692 3.4142581266352887148
29.408700678002318796 3.6791996990996111982
30.640416219002418075 3.7989401243113074536
31.941052028969419752 2.9800801658378550663
32.811652371719318921 3.4679357204851237739
32.830724592951860075 5.0862771845786260982
33.233904387671493907 6.5836870758069103715
34.281939440227397142 7.637256309574712354
34.572449650495762796 8.9900091938180146656
33.746940832369851648 10.295856055224854586
34.048422348530493764 10.611769654954102293
35.547829690954941384 10.019485580741378072
36.330242299888070079 10.102990073902084589
36.856651317209617957 10.556651092221208899
38.435415490315413933 10.186099011836990513
40.088230879386543393 9.756221174095040638
41.741046268457651536 9.3263433363530818809
43.39386165752877389 8.8964654986111284529
45.046677046599882033 8.4665876608691696958
46.699492435671011492 8.0367098231272180442
48.032101835032975146 7.9229272363572365023
47.987108314311221591 9.1799006287768563084
