18.794086053282931914 2.9745702743530273438
19.508861355152401273 4.7032406483580810885
20.794128447792562753 6.7437212840752076559
22.520896639928249527 9.2972578683114814879
21.136846535174885986 11.022157832477057937
20.523946282723315448 13.056426135318440984
18.572179706311374048 14.24362076472515426
11.63563019982598945 10.694598778358530566
10.41929224222552719 11.146036545789076655
8.6517077994521578432 10.668599999263392419
8.3876733985353215672 12.199501641142367347
6.8334974407403219487 11.446243354070446685
6.0906410182513042173 12.296803385819695009
7.357265673898271352 23.183767904999911025
5.0868768002214101998 22.243158664287122406
3.0616650581359863281 24.460533584782279348
1.05775636232507253 22.04047006249921381
-0.56449611125172349801 20.034323752501421723
-2.8440509668795357356 21.150490094259449592
-4.8535177338013220094 20.752363622122992126
-7.4479467464185660219 21.177751811520899139
-8.3243461833893217516 18.646074544987428112
-9.9980315085426774147 17.478831666772613573
-12.053592423501530817 16.584409309237361896
-13.020537374391967234 14.658972193211466717
-16.085166183878381929 14.028998796631148238
-14.661071774845002125 10.865241319086154093
-14.726676443127452387 8.754353367030182298
-12.748849326754331912 6.3351981996458093249
-13.946454244123234645 4.7621955506831596949
-14.938472614924844351 2.9745702743530273438
-16.447053353091696692 0.92412197015859076643
-16.324731160258455276 -1.1461340114987041972
-16.839501069516693121 -3.4917115553325039912
-14.987000489391565594 -5.0612137826596033108
-15.571398577308077193 -7.7832343725638875043
-13.2784546779042536 -8.8972195006593928213
-12.550963030095923401 -11.083104270235969224
-10.615029064205385723 -12.214937249821094412
-8.9520427035323457687 -13.560883397924889948
-7.2612063207053090252 -14.905166374539717822
-5.0209434221164563894 -15.179267362754956139
-2.5976778135678140202 -14.443091163097630414
-1.4659081881328157593 -18.325995207309755841
1.0352593113309240813 -16.305372606594819018
3.0616650581359863281 -17.495290178334894193
5.0913587605407322201 -16.336659236248870286
7.3588896567638091284 -17.242267589549715723
9.209958810930785944 -15.94794287204326011
6.1776697373655133916 -4.0240878427613262502
6.7905647234232304754 -3.4840724322076130903
7.8012927373425533517 -3.5489641311282298375
8.1525108167963757921 -2.6793813314469030473
8.7200248875512773594 -2.1202394130512960402
6.956574761766013637 0.14475267949128367562
10.672742684906442179 -1.4196860977020584471
19.221799628510471081 -4.2203835057610685766
22.052189575661472531 -3.1958256432308411732
21.533474588585690412 -0.95173347810422459503
17.587149861512969551 1.447880709541788713
