77.550223999067100067 10.891428127143012006
77.292498821510577045 12.31925570090362676
76.176166241956664749 13.356898816431650445
75.556957983731592776 14.593699518175204943
75.407590128668445573 16.036752789189250734
74.461526920361663429 17.185907927696305819
74.085476264862677453 18.606795373695934614
73.830180062855603751 20.142015393657281663
73.193399418101023457 21.592694609081455326
72.800058547933232944 23.164005953790120174
71.801022634289708435 24.26296465732296781
70.782647437798715373 25.215424569676798683
69.675373481821694099 25.911905542117771972
68.690397593296523837 26.810201280764847098
67.669394279074452925 27.443824983278560126
66.616990322961598281 28.012574120503472841
65.083949412282876779 28.009514490754629179
63.579543067322148886 28.398120461208470999
62.494836145741032851 29.517464890506524
61.258323963634502718 29.810833411852129871
59.866340235549188264 29.721486392131616583
58.666431157492255011 30.114688344208488502
57.615215471292543725 30.141101482691539104
56.583950173901584435 30.113287094709370706
55.536836890051020532 29.081769145588136638
54.48487771797044843 27.870497992896112294
53.227043852438754357 27.629663865178741844
52.088078572807653188 27.913638981578422715
52.107595814819788416 26.808087781950725059
52.493591360261405043 25.25141490821411594
52.87996628282873246 23.694275034814864966
53.266341205396031455 22.137135161415613993
53.652716127963365977 20.57999528801636302
54.039091050530664972 19.022855414617112046
54.193675969783974722 17.65167559399597863
53.751437369284843726 16.749396011621911384
53.710119722183556235 15.418027320840383965
52.713138821517354415 14.711817656513957786
51.395136100887640396 14.456851900586743298
49.86464435432002773 14.819233166978555971
48.321435921011577364 15.296696138558713685
46.797715976582260566 15.795974678378842171
45.274803247668657491 16.296156821617199029
43.751890518755061521 16.796338964855543452
42.22897778984145134 17.296521108093898533
40.716084374543342506 17.773515487266159596
39.534682022904128473 17.486253359277700525
39.173715976403109096 16.122410832836280292
39.766112954435271831 14.726908433343274041
39.832092708313510343 13.404219383227353291
38.897419609407272389 12.125431508139456582
38.144927054956546897 10.722525960064158923
38.214421574725562891 9.2389186260035476295
38.827621769651152306 7.7232645829990858033
39.267044953282365327 6.1826197973080931902
39.518212160631229324 4.7390507519557587557
40.62697980138815268 4.3876373221554274551
42.215110023508316317 4.6016656664323951631
43.809722498250010858 4.823340282164091164
45.39012428219654538 5.0319184300941799393
46.304006519984206136 4.623790628349849996
46.692350497429323752 3.5514151391689257053
48.093380160580224469 3.3382783171957139956
49.561068373904916484 3.8936838129097344208
51.00304871197887735 4.5924062144841517608
52.513459471087408303 5.2017866264078822525
54.097366896866589059 5.3328799182611010821
55.501758783369751882 5.6151088526766192999
56.32196075537251545 6.0937846415410090728
56.312078156804446394 4.8729065472424899497
56.228048279282191402 3.5319286898092623339
56.696342276209904298 3.8677314075257145376
57.076855522658654252 3.5608214470889589798
57.152611347430060107 2.013687981279438155
57.215577315481880305 0.41466828957174833858
57.278543283533714714 -1.1843514021359413668
57.341509251585534912 -2.7833710938436317939
57.404475219637369321 -4.3823907855513208887
57.467441187689196624 -5.9814104772590104275
57.530407155741031033 -7.5804301689666999664
57.603080106526469706 -9.1621439737372263323
58.134974449617033088 -9.8527249153258296133
59.459184431579828356 -9.4583583326430300531
60.929051705576092957 -9.5863561250064748265
62.303939411161280759 -9.3071466177800026287
63.777622876591358647 -8.8933999194105126662
65.277441328610507298 -8.3426225330252421486
66.729565444451196754 -7.6733421752673720562
68.08112831072020299 -6.916265243944476282
69.299079803878854023 -6.1080050445094116185
70.475501765304002788 -5.1955963577531338871
71.607937702587861395 -4.1717615274561055116
72.524070930831953774 -3.2164162343280171541
72.731632587193686845 -2.1862896784098593272
72.479373521546577308 -0.82830930111376632752
73.519603026960297143 -0.42531445440883292042
74.751267950041892618 -0.21058126292486889497
75.172800377555120122 0.52067517103715132976
75.017820383913559112 1.711193439014013995
75.249394196245148692 2.912914036310064958
