94.214046075255595269 5.3482260704040527344
94.384647183018998362 7.4528572690956984559
92.092887899957375453 9.1173775959384464329
93.819642719327319469 11.670915186003288255
92.435594566106473735 13.395814072631127445
91.822717221155770062 15.430081395830598012
89.870935335856614756 16.617276106245643774
89.445219546948791844 18.9306379832029954
88.449271472927193827 20.995487084968274871
86.122123864353710587 21.536830821965590843
80.893001205468507919 16.662990837479036088
78.403075748876588591 14.42818451605842256
77.142463182002884992 13.910476603035542453
76.582752088828002002 15.803495112067500017
75.389200522922024561 15.136467263734077804
74.36042022705078125 18.615692581364314151
72.375702067935648643 24.231582560633050605
70.734258023920418168 22.407979105373662776
68.454702402482709545 23.524143541149772574
66.445233691993138336 23.126020880553596726
63.850808454063091801 23.551409056308532541
62.97440852563377689 21.019729876512890598
61.300725054656638235 19.852488860716221097
59.245154589634012154 18.958066480771702089
58.278215416708434304 17.032627521194811493
55.213585537416477678 16.402653925735400264
56.428440096595110731 13.332058221476401627
55.612610366220458502 11.43975816040308402
57.048620730734555195 9.0279632695459550717
55.52352409143880152 7.3280630036418994422
55.568977488834917722 5.3482260704040527344
55.758307067723933415 3.3930647726003160258
56.261694653568682156 1.5012223454002322498
56.069530773533116985 -0.59484330929461481929
56.311754205800774287 -2.6875575167671605925
55.727353174863587526 -5.4095779630462903498
58.020298098690680888 -6.523563693412777198
58.747783837545320296 -8.7094477807318071427
60.683727557792089158 -9.8412819509304316767
62.346711986672211481 -11.187228077350152233
64.037548854876021664 -12.531511059174778921
66.277807951364621886 -12.805612052117776756
68.701075605246316513 -12.06943494130242911
69.832845678769217557 -15.952338911057388771
72.334017195098539332 -13.931717278282548023
74.36042022705078125 -15.121634859121027006
76.369786932262599066 -13.769634995409507638
78.657641384315724054 -14.868611338661732901
80.508713504517999127 -13.57428659866458176
82.555916040682177481 -13.059152541832968808
84.672444979052485792 -12.512724162540443729
87.019706421011733255 -12.075795733798408094
88.52635723125898437 -10.384647387649911465
90.024614697695625409 -8.7558744820158622701
88.882223523561464162 -5.2024831387310719322
92.695888447642730057 -5.237754570422787026
91.302362310546158142 -2.1948138635986884637
93.511257867392487242 -0.87426206207686618654
92.832234037335624066 1.4219223821152948695
92.545621168045414606 3.4368840893174672502
