95.074298455626689019 5.1568408012390136719
95.244907193118052646 7.2614715199211090635
92.953140293039908215 8.9259913132964481264
94.679918027897855382 11.479528840007862556
93.295869807618828418 13.204428864204178495
92.68296958591412249 15.238696153707644854
90.731195345622239756 16.425890837080604712
90.305471876320510205 18.739252770678490378
89.309547236249272828 20.804099462963947076
86.982391505601142967 21.345447458632694548
85.807964089512381634 23.494553766711973708
79.516089848341039215 14.804488243045270224
78.063544081897788374 13.906259664155914635
77.434391319841012091 15.571517556397362014
76.21501334321021659 14.617267942128163938
75.22068023681640625 17.436222519108454776
73.216781546198220099 24.222740067813639087
71.594517984052600923 22.216595733007345359
69.314962387339832617 23.33276017124009627
67.305493720886374831 22.934633712556092178
64.711068421739568635 23.360021855494679244
63.8346685068762838 20.828346493973228348
62.160981323444616464 19.661101750579991432
60.105418443097178738 18.766681243814744562
59.138479233177577044 16.841242241027323701
56.073849462437493685 16.211268830742149305
57.288703909351305299 13.140672926017691324
56.472874189476414131 11.248371933849153237
57.908884558540087539 8.8365770624324628812
56.383787916319597855 7.1366772616158193898
55.909786357243120847 5.1568408012390136719
55.876326173944548259 3.1236665390768934003
56.224047413186241329 1.1189804676567982611
55.564392382760694034 -1.2298738371697366389
57.172018021509757091 -2.8789430046891801851
56.587617087243238245 -5.6009638613247894057
58.880561938407204536 -6.71494946040980345
59.608047748164018742 -8.9008331455826024126
61.543983706565342118 -10.032667178411168507
63.206971996437836481 -11.378613346515191296
64.897808864641646664 -12.722896328339817984
67.138067961130246886 -12.996997321282815818
69.561335615011941513 -12.260820210467468172
70.693105688534842557 -16.143724180222427833
73.194284602649361204 -14.123102523104517303
75.22068023681640625 -15.204227823293390287
77.206601919688097269 -13.737989209316346262
79.517901394081349054 -15.059996607826771964
81.368981107899827521 -13.765671879454703941
83.416176050447802481 -13.25053781099800787
85.532704988818110792 -12.704109431705482791
87.879974443991272892 -12.267180724102399125
89.386632993068261044 -10.576032212686449441
90.884866893904458607 -8.9472599557138146054
89.742483556569595748 -5.3938688527427114394
93.55614070414770822 -5.4291405309674836133
92.162637401933423575 -2.3861997691069491978
94.371533145406289123 -1.0656475405483369912
93.692486438805929083 1.2305369737956848297
93.405881179935903447 3.2454986019504592498
