90.967757873605108898 7.1105713480323924358
90.710032697048092132 8.5383986515305139164
89.604712080808454289 9.5717547142875130106
89.263650257835521984 10.70125310750135128
90.018323425198957466 12.040918463651916426
89.812689749057199151 13.30236755039361185
89.120502678528723095 14.684036326116459037
88.481754272319591337 16.120900924762331385
87.346536891281147064 17.187609562240400152
86.465754176277386023 18.40845926470955618
85.919740233498487214 19.501260939909478509
84.737157202916222332 19.054359952470015571
83.37588716500019359 18.192968846486436973
82.014617127084150638 17.331577740502861928
80.6529727680864994 16.470801701460217714
79.242666668478349834 15.689984364738995382
77.793582494028342467 15.251806838858692927
76.786354429329264804 15.801303374352626108
75.569691074328801506 15.73960944899072345
74.439066586799611969 16.101639766819634048
74.341565320803709938 17.549347187925214087
74.520164118759481653 19.144062683512913736
74.698762916715253368 20.738778179100624044
74.877361714670996662 22.333493674688327246
75.055960512626782588 23.928209170276030449
75.21794591672585284 25.492926306614457133
74.819675202769033717 26.002967418490431584
73.654706834683452144 25.263703702055469336
72.428488764900066599 25.271684072399139609
71.227131702858116569 26.077393470401531772
69.954710720908394705 25.657049422056129373
68.70591487736832903 24.626698585848647127
67.496634426719481326 23.779098802869459206
66.105911559454526127 24.056996687111414701
64.589118801913343759 24.366439275041738455
62.992842683848827789 24.243718036259846116
61.625282085999174342 23.997106324072898786
60.565714036733041326 23.388188106465253924
59.662366243602853899 22.34705412129475377
58.531718371650363508 21.25797157570407947
57.109264583551954786 20.479827863626592688
55.959333973637860993 19.478399239472643956
54.99478396212605702 18.277974616963454935
54.255651603526644067 17.2111876715912544
53.695193551308783242 16.289839637511782655
53.199921815004699965 15.368837067293277698
52.886378468197769109 14.109087144551139659
52.575511771065215783 12.612679630259675534
53.04925393890624008 11.203227773301881243
53.348891641131054087 9.8631591052196814218
52.490717340786048339 8.5914892289281343807
51.634111162676376239 7.2274348554202623163
51.823963528019945102 6.1173555750151233923
53.204673308913100982 5.4008233086496870712
54.619784574820826606 4.6266871177198165555
55.703697646968450385 3.4297148309453495685
56.537617197038017025 2.0096823754324750766
57.093387965453018751 0.57664357527969445361
56.443396631235295047 -0.63191491021194023947
55.265995208955366991 -1.737979070858141073
54.084535727668828997 -2.8432536207417626883
53.685627501307578768 -3.552578380542417591
54.140070590129710126 -4.3095896795898038789
54.911911229360825359 -5.4449515483587411779
55.816218641558648983 -6.5913419267339783403
56.805143830582103703 -7.6721439752308668858
57.936536247049900794 -8.7352796057879942282
59.178897670186842106 -9.7310576799597541253
60.486047402071122292 -10.618332615178310618
61.849162378577972277 -11.152055106058909928
63.475524982887485237 -11.058260724081474535
64.996401145031668989 -11.230842932832530323
65.776305167781728755 -12.37103488450147637
66.429562173591705232 -13.097246970143356037
67.233478196858854403 -13.271018651422927803
68.234307739905673884 -13.439668362925679901
69.523698707897580107 -13.312308134486706024
70.925405985287753197 -13.639313951163941852
72.338217914267929132 -13.412597365839081576
73.797845062202938493 -13.281795988019188925
75.199480895014545467 -13.205858944679818023
76.631678529206226358 -12.846867127280262366
78.134648160660873373 -12.338524082283248262
79.609832990549435294 -11.718314606424893753
81.008584391957683124 -10.987634666027780384
82.271214832447924437 -10.199412783152581596
83.45260010622523339 -9.3345960292330794061
84.610983500154901549 -8.3457594399698500354
85.643361713395123047 -7.3223496506195058231
86.327909941592650966 -6.5419245186876207043
85.892220853296151972 -5.045046519476347413
86.401901522450629045 -4.2500419415439392168
87.934543444653584743 -4.2110381342571052699
88.429205938416657773 -3.5481993724216458475
88.653066610722248697 -2.6121711082654179847
88.392797594015362961 -1.2620966455665501016
89.409456491104634779 -0.29265976723856629294
89.921661020428757638 0.91204566421526067632
89.561591242316424655 2.4867822704349555885
89.412858228630156532 4.0599364770388222112
