19.631362512023166289 0.47171935439109802246
19.114749722089779738 2.4315407406966524917
17.424762723914859919 4.0759257752840838407
19.927528105181011142 6.7944078263858473932
18.543468485492773823 8.5193072610114217724
17.930587311996760036 10.55357460961518612
15.978811174713577259 11.74077023401623876
11.916625545613985793 10.779838214491295645
10.119701776122477455 11.190692665590294297
8.0935241255794920789 10.966950336212601513
7.6648911461970721248 12.936583639662444511
6.1106313939848329042 13.144611421418176178
6.3243420328739938796 18.494770031128677346
4.7638917562200768785 20.680916449018553749
2.4935080177088728703 19.74030717953366576
0.46829590201377868652 21.957682098576224661
-1.5356127056157835575 19.53761857616434483
-3.1578651218701301318 17.531472265549755463
-5.4374199725845198117 18.647638608510106906
-7.4468867385897619116 18.249512136950826857
-10.041315760329023732 18.674900321388939517
-10.917715652121684045 16.143223069835997308
-12.591401015656099815 14.97598302073104648
-14.646960945745972182 14.081558785622727115
-14.901861198604665404 11.638793384833718392
-16.826323702164014406 10.456773249253103586
-14.661071795707233179 7.2077505419431826539
-14.726676446266855791 5.4088662396007558542
-12.748849336477503513 3.281110038209751778
-13.946454246023243684 1.986770813748982123
-14.938472614924846127 0.47171935439109802246
-16.447053345930942925 -1.306155755480263192
-20.419389047902139822 -3.9680943899919114415
-19.432870553697096483 -5.9945625639853741262
-17.580369970928565238 -7.5640643206059845483
-18.164767108437832377 -10.286084903612438879
-15.871824164789725131 -11.400070029147707729
-15.144331532031054977 -13.585955787914897996
-13.208398556365187559 -14.717787774958672742
-11.545412196232630819 -16.063733924097544303
-9.8545753029579508109 -17.40801882877183715
-7.6143124313720100815 -17.682118848006012968
-5.1910468460691472359 -16.945942641053729716
-4.0592772068051248269 -20.828844783709662636
-1.5581097599052058378 -18.808224092325705357
0.46829590201377868652 -19.998141664540948881
2.4979899824041815748 -18.839510723447588703
4.7655157426716243663 -19.745117197869607395
6.6165950245953357722 -18.450794366188265627
8.663788026860927971 -17.935659357537048209
10.780325672381406932 -17.389231863332259564
13.12759129893817267 -16.952301243427545074
6.9410939977777159626 -6.7170538915865023455
6.8276180171046947365 -5.2542384445614640498
4.5218528263153086044 -2.4733622532756478485
7.4711602517938402457 -3.5713850469401258181
5.5173167677025443112 -1.7762507927151207632
7.5328442911763113798 -1.8236919143952619038
7.2115312950460452868 -0.96159904969266918329
18.653496993739690168 -1.4396228189502426886
