19.664709432326002769 5.0627667691799844718
20.933541500325674178 6.1824015380688628341
22.378599096331736718 7.0961239244834377615
23.8115453683637881 8.0232110622090750951
24.962358573352961599 9.2730787236813050356
25.558875067998599206 10.673273370812335514
25.024429258702156176 12.072453429538924752
24.286794142459491752 13.584162607955255098
23.343876848790905854 14.909914990332987728
22.163590204602083844 16.04731710160860203
21.613840598583362151 17.43321542256885337
20.577128723916779052 17.274868128747364437
19.212962394806702093 16.269269218753514394
17.844959458146025355 15.253743517709020594
16.476956521485345064 14.238217816664526794
15.108953584824670102 13.22269211562003477
13.738229933144394224 12.210037045402874156
12.310620664929347257 11.257402081400542215
10.980982922593238271 10.778113849136108371
9.9463622610924211642 10.759017534318063625
8.6885048089810634764 10.102349460424765226
8.0631710855358136314 10.965726387711901779
7.3606244859762544053 11.519254039036383119
6.8663562422496049464 12.79397461968829397
6.5174758215386585647 14.461814409566279949
6.1544365153669673418 16.138533752537874477
5.7881306978760864723 17.817301643805876665
5.4218248803852091555 19.496069535073871748
5.055519062894328286 21.174837426341870383
4.6596918979700072683 22.731687921012930786
3.8778829866098769585 22.697400535625366302
2.6784126244258033012 21.890940958330812549
1.1754402618360504373 22.329843136608236165
-0.46998817126563241509 22.43819438029647273
-2.1708273488534937101 22.406170935091168417
-3.3911681711196326461 21.837719018710345154
-4.5194370560821521821 21.133981376651814088
-5.4641548883909951684 19.769599526043357685
-6.9048800504975513803 18.845546043517167334
-8.2692651579402696171 17.918376638682062207
-9.3180837219023953111 16.66290946096140857
-10.128890559690162831 15.52757130017785947
-10.71114609375347726 14.594245995701628615
-11.206158767329014836 13.69810471296214871
-11.622557702764050092 12.55188581154087224
-11.912883701330008179 10.960894730843378397
-11.534591970320843046 9.4513679096275282632
-11.162069725096884554 8.0228322127270672581
-12.05326120348754948 6.6685439628166340853
-12.996920841910199584 5.2004185115931580441
-13.443330393714067128 3.7206831904694794844
-13.341767612886968664 2.3285528373089725562
-13.114939336888422616 0.79204748573505590059
-12.755272989651139426 -0.77499493666605978603
-12.292815607826138802 -2.2470170873372765641
-11.738140741436833281 -3.6343509522546444401
-11.133209651548273911 -4.879280605496038703
-10.487688962117722724 -6.0081637632117939063
-9.6816507365399964158 -7.2164958619674663964
-8.7267864447877645517 -8.4382857503485801942
-7.6753611497033453759 -9.5872520635734908012
-6.4646162750089501969 -10.713811571069953743
-5.129862194546406684 -11.761753507113159145
-3.7250105041976411258 -12.684444275760700549
-2.3091697612618240498 -13.455686939580317585
-0.66997565068111974984 -13.394674741386609185
0.73784412419705680541 -13.355399735484535739
1.39224340827276305 -14.686004927385893026
2.1790133036252177234 -15.039280331942435964
3.1018787325604746385 -15.222904326502590067
4.1761745746271996538 -14.927908613909435687
4.7585715295592496688 -13.411116830592373361
5.0574237503497556645 -11.725897346568931567
5.3543969470571468605 -10.039561708133915019
5.6513701437645416092 -8.3532260696989002469
5.948343340471936358 -6.6668904312638854748
6.2453165371793257776 -4.9805547928288698145
6.581868484593350388 -3.3010110905824143757
7.1443698672451105836 -1.9352152546567769065
8.0814303077684233045 -1.5637006178757832942
9.4157607185277409911 -1.2995227414182841663
11.057364982668584474 -1.8550814720918131773
12.67008775777697771 -2.3532108230121000503
14.068256095848603593 -3.298082529425258258
15.427586640050757083 -4.3371303065784978514
16.786917184252910573 -5.3761780837317374449
18.146247728455062287 -6.4152258608849788146
19.505578272657221106 -7.454273638038218408
20.774837790198926513 -8.3925680255589938383
20.867442168549160897 -8.0146567685174971984
20.013072525692056303 -6.5774610104765098839
19.181609438647100774 -5.1361672175784232053
19.548137638421692941 -4.4135229741105472812
21.153303901832668288 -4.4243882898086885902
21.810201751563951689 -3.667356312967151144
21.299978660232760319 -2.0661569417093366141
20.500529636858964011 -0.52959244029916252572
19.388431830346814166 0.78871761362402315054
18.156672707540586487 2.0170013222259091101
17.69534003549743062 3.3211124855638631814
