80 5
80.257827506487245728 6.4949901328958628
80.515655012974491456 7.9899802657917255999
80.773482519461737184 9.4849703986875883999
81.031310025948982911 10.9799605315834512
81.28913753243624285 12.474950664479314
81.546965038923488578 13.9699407973751768
81.804792545410734306 15.4649309302710396
82.062620051897980034 16.9599210631669024
80.097728959643916369 16.180586079437663471
78.132837867389838493 15.401251095708422767
76.481097775211793532 15.349529610865742413
75.098305225544407904 16.122897515322584638
73.929227128921723988 17.091438117313437317
74.02101117343376302 18.553150484350872773
74.689841353736028395 20.114974690688853798
75.526900393642790732 21.616746667155332773
76.370068912238181724 23.116337758490288934
76.933438207950530341 24.377289037980268915
76.169633277358968826 25.037974753903597502
74.8303588500521073 25.825320016284724289
73.145860158665797712 25.943893992494817979
71.593343938841073282 25.375469225104527737
70.046194537974642458 24.829863257800738552
68.664962135609414418 25.298813666483066953
68.132744725497531135 26.775578530989598391
67.760164560636454212 28.385821787412009343
66.69852095792528246 29.03644733245803522
65.198555191001361209 29.327773971317579793
63.991650234600534475 29.579383855674549864
62.91143229721748753 29.578302153500665383
61.790586457386368124 29.039923509346682096
60.687317561698336021 27.69659397790061206
59.443633612429074731 27.000420027059352179
57.917484247769671413 27.4925463749455119
56.25958213689985854 27.523990304852105737
54.577287582988290637 27.499602940941450413
53.406974066367780551 26.869204941820484578
52.329681240871693149 26.056557263285569093
51.337287453085380662 24.742140187930768747
50.841684324852352006 23.551754801310469389
51.600121924532309947 22.11847916975655437
52.478403410610347635 20.660965285888998721
53.353788762335128126 19.202560102922003438
53.975410597622058617 17.67444707537751114
53.556396348945725094 16.542081551190520372
52.195710408382957723 16.315374702725769396
52.205673110051819208 15.319972417283214128
52.033679313926789689 14.250568536124282204
50.462947869374907839 13.804882877639897742
48.761427521931281603 13.569992374877047681
47.07175954176562982 13.346791326209107353
45.621482670198304277 12.613848179732810806
44.517829218003477365 11.273945241870638512
43.6253659866089194 9.7739985374700051324
43.510450601113632274 8.3395301250607118959
43.645902625811082487 6.9511420132594796684
43.881416627146094811 5.5579682495973337097
44.706795385555629707 4.6971386425005769993
46.322348693677042775 4.2495759682285987324
47.987814840813882711 4.3743273605900991896
49.672135995638406314 4.7152753536460414452
51.356514373551512165 5.0568794820606939311
53.040892751464618016 5.3984836104753446406
54.455773766068212183 5.4928541932366838907
54.952165054241433495 4.6633520845076743555
56.059628436043048794 4.1109554640748076082
56.747199249300066981 2.8529535209621750269
57.157776526149184804 1.3187982293683562229
56.684266219309243695 -0.29465160721509014996
55.993916700771791284 -1.8577979993185813612
55.302933087942506063 -3.420776013211166422
54.611949475113227948 -4.9837540271037514827
53.920965862283949832 -6.5467320409963374317
53.604702556697475302 -7.8105505374238219929
54.70436819427331443 -8.3898456471001665591
56.356132127112523733 -8.2638880956017288781
57.724307524011905457 -8.2920156567760301414
57.350700660185395918 -9.4542062443938839067
58.608995067952875502 -8.6511947863720006779
59.867289475720355085 -7.8481833283501192255
61.125583883487827563 -7.045171870328236885
62.383878291255307147 -6.2421604123063545444
63.64217269902278673 -5.4391489542844713156
64.900467106790259209 -4.6361374962625898632
66.158761514557738792 -3.8331260382407066345
67.417055922325218376 -3.0301145802188242939
68.675350330092697959 -2.2271031221969428415
69.933644737860177543 -1.4240916641750587246
71.191939145627657126 -0.6210802061531772722
72.45023355339513671 0.1819312518687041802
73.708527961162616293 0.98494270989058740895
74.966822368930081666 1.7879541679124706377
76.225116776697561249 2.5909656259343538665
77.483411184465040833 3.3939770839562353189
78.741705592232520416 4.1969885419781167712
