80 5
80.54694011769043982 6.2683411348808650843
81.093880235380893851 7.5366822697617301685
81.64082035307133367 8.8050234046425952528
82.187760470761787701 10.073364539523460337
82.734700588452227521 11.341705674404327198
83.281640706142681552 12.610046809285190506
83.828580823833121372 13.878387944166057366
84.375520941523575402 15.14672907904692245
84.922461059214015222 16.415070213927787535
85.469401176904469253 17.683411348808654395
86.016341294594909073 18.951752483689517703
84.776310254944178268 17.988041155950305949
83.536279215293447464 17.024329828211097748
82.039177578661011125 16.395448627938172592
80.52776565178646706 15.819831133870700057
78.910212551841240725 15.625073759594885203
77.296482334666563929 15.448706714898348125
76.252071767195758412 15.940566887547561237
75.304429433501923086 16.438050370449836635
74.142336793491494973 16.765143677451625592
73.77778386739926475 18.163421152223900634
73.893461645171129248 19.753823373927954066
74.033603006222818976 21.349782488250383494
74.173744367274480283 22.945741602572820028
74.313885728326141589 24.541700716895256562
74.410463573171753637 26.044053579865785508
73.880254827270775309 26.199611044597475029
72.769876529441788193 25.145866703081928506
71.676039519475239103 25.028824886838329178
70.623007932661465702 26.079374946441575389
69.353619730149077327 26.23632008765192225
68.032817856795432476 25.407004432990088816
66.930630437606936312 24.297553396718694074
65.636090490890794058 24.229650655148986971
64.147419555652803069 24.680615762640048416
62.561890646252649617 24.573317864811873079
61.073993466796913765 24.462817501274340515
59.996639052652710689 23.865814321590939073
59.02154923401941744 23.011604848645770716
58.028008018480200292 21.810055031145335391
56.641863296336197209 20.976264291966085551
55.391608534162322997 20.094673197245661811
54.524677254871882326 18.869936836396846047
53.572867583061267283 17.756810056061212322
52.901440558660866031 16.674313433067325718
52.512852310975375758 15.549198823551648729
52.451759679791663871 14.082767473127454139
51.824702337874100522 12.787682888740052434
52.26420398022412428 11.435937357700952433
52.489683677725054167 10.101520071213323959
51.596500958178381779 8.8285175450940940323
50.76897312793315109 7.4640601228536525014
51.063332946135439272 6.4235647166986025169
52.477567055703985943 5.7900265093825016294
53.940837660721044244 5.1404851023454485315
55.177011915848886758 4.1453196009362578422
56.20722280658863923 2.8882632308321487535
57.151817597045607044 1.623105858647791333
56.950885831469690856 0.49834891751429943874
55.766246519165221684 -0.54304446568514397331
54.540652049108999222 -1.5810804246426974906
53.315057579052762549 -2.6191163836002511189
52.871415639444705903 -3.2641954239230539514
53.309235030024261448 -3.9920198771356680822
54.080368247701031237 -5.1262602770417906584
54.984675672808648983 -6.2726506730718654126
55.973600861832103703 -7.3534527215687610635
57.104993278299900794 -8.4165883521258848532
58.350193529036452844 -9.4144614256853103029
59.655985579335457203 -10.3005633678995423
60.854334888397886516 -10.990166446270340117
62.429646009921135885 -10.711967294992181365
63.958457852812912847 -10.443806988176305595
64.885670761774434823 -11.098170869020981044
65.258298628586601353 -12.616292884073448732
65.919242668211808223 -12.852145531411931501
66.753874225083791316 -13.017595336236428949
67.533058094196505294 -11.957736787046050253
68.312241963309233483 -10.897878237855671557
69.091425832421947462 -9.8380196886652946375
69.87060970153466144 -8.7781611394749159416
70.649793570647375418 -7.7183025902845381339
71.428977439760103607 -6.6584440410941594379
72.208161308872817585 -5.5985854919037816302
72.987345177985531564 -4.5387269427134029343
73.766529047098259753 -3.4788683935230242383
74.545712916210973731 -2.4190098443326473188
75.324896785323687709 -1.3591512951422686228
76.104080654436415898 -0.29929274595188992691
76.883264523549129876 0.76056580323848699265
77.662448392661843855 1.8204243524288656886
78.441632261774557833 2.8802829016192443845
79.220816130887286022 3.9401414508096230804
