80 5
80.237188908075481208 6.2646442356393201578
80.474377816150962417 7.5292884712786403156
80.711566724226443625 8.7939327069179604734
80.948755632301924834 10.058576942557280631
81.185944540377406042 11.323221178196600789
81.423133448452887251 12.587865413835919171
81.660322356528368459 13.852509649475239328
81.897511264603835457 15.117153885114559486
82.134700172679316665 16.381798120753877868
82.371889080754797874 17.646442356393201578
82.609077988830279082 18.911086592032518183
82.846266896905760291 20.175730827671838341
83.083455804981241499 21.440375063311158499
83.320644713056722708 22.705019298950478657
83.557833621132203916 23.969663534589798815
83.067246744988253226 22.330357077381869146
82.576659868844302537 20.691050620173943031
81.88717250035662687 19.352760170396347661
81.197685131868880148 18.014469720618762949
80.494411607955640875 16.682774911673025287
79.653350036279661595 15.423316209563525447
78.772634791682619948 14.883778924520280285
78.054645620810021001 15.722999096430527288
77.392454641859458775 15.402919731681436133
76.659827926186352443 14.117749670749368818
75.870615102037803013 13.852845003515836808
75.260204271131300402 15.057149781055436222
74.677275845284867728 16.439946453068323251
74.094347419438449265 17.822743125081213833
73.511418993592030802 19.20553979709409731
72.928490567745626549 20.588336469106984339
72.337995812503237403 21.957367374286892669
71.437497732866148681 22.762395146938274593
70.010727217585767335 22.693498056597338319
68.63727491476169007 22.574618770253774613
67.628556891032758358 22.01557363188086569
66.686403820004173326 21.27617272261715442
65.822721483841405643 20.095442083568659797
64.558076696030383346 19.26700954670696575
63.269866792925775201 18.527248462057599454
62.32040725598569253 17.444329534977143226
61.491594323996999094 16.353055548709541256
60.895189283623039955 15.459250052858800828
60.421224363949761482 14.665755424697977105
59.98856907996801624 13.859379919170832451
59.669895186188902869 12.788617699965078245
59.372075056064652188 11.382376445579414082
59.606942551936576535 10.041108527108494997
60.165590717393719444 8.7615660681292002465
59.675447612086188087 7.559906763207578706
58.75586316858437641 6.3263708743951090341
57.978127144631038448 4.9965925664589683208
57.853280267360013056 3.7237352247119011039
57.958706302820758083 2.4901953609738316509
58.166636853512244443 1.121994114729353953
58.477804599834279031 -0.26345510722936893444
58.873588605118570172 -1.5852258390595608262
59.33613701868085144 -2.8200429747531865488
59.863989758275700126 -3.9910325184826458411
60.401515989027593889 -5.0123457634419832374
61.010376525726130126 -6.0216540251034711417
61.7604663937091658 -7.1058231942190595021
62.613019750899937321 -8.1765801648263938262
63.539555123239622958 -9.1893190670834865585
64.59242087362139273 -10.188421853159868036
65.749002004874824934 -11.13436240228026719
66.975822158262545258 -11.99315669839186782
68.221079075488361809 -12.734615584493941043
69.527900338526237078 -13.237313068987065279
70.996297539643165919 -12.969169048884003459
72.139759767642772204 -13.101600711877019023
72.673751036829628447 -14.355701753739124271
73.358426514681269737 -14.685873456911970436
74.075519472119609077 -14.836354752866107276
74.933961961261346119 -14.833604736362097753
76.089638395023456496 -14.213129734993518838
77.459521366917087448 -14.585722317101280865
78.939030595937069279 -14.666517175709021359
78.967175543039616059 -15.15802489832007538
79.031727071599647161 -13.898148342175071335
79.096278600159664052 -12.638271786030065513
79.160830128719680943 -11.378395229885061468
79.225381657279712044 -10.118518673740055647
79.289933185839743146 -8.8586421175950516016
79.354484714399760037 -7.5987655614500475565
79.419036242959776928 -6.338889005305041735
79.48358777151980803 -5.0790124491600376899
79.548139300079839131 -3.8191358930150336448
79.612690828639856022 -2.5592593368700278234
79.677242357199872913 -1.2993827807250237782
79.741793885759904015 -0.039506224580019733139
79.806345414319935117 1.2203703315649860883
79.870896942879952007 2.4802468877099919098
79.935448471439968898 3.7401234438549941785
