54.134007942959613047 4.5418177257837601957
52.123847644409437407 5.2095536663642256769
50.113687345859261768 5.87728960694469027
48.103527047309093234 6.5450255475251557513
46.093366748758917595 7.2127614881056203444
44.083206450208741956 7.8804974286860858257
42.073046151658573422 8.548233369266551307
40.062885853108397782 9.2159693098470167882
38.052725554558222143 9.8837052504274822695
36.042565256008046504 10.551441191007945974
34.032404957457870864 11.219177131588411456
32.022244658907695225 11.886913072168876937
30.012084360357526691 12.554649012749342418
28.001924061807351052 13.2223849533298079
25.991763763257178965 13.890120893910273381
23.981603464706999773 14.557856834490737086
21.971443166156831239 15.225592775071202567
19.9612828676066556 15.893328715651668048
18.251661369892179465 14.570858046796439922
16.54203987217770333 13.248387377941211795
15.031309781369643019 12.43387605574949184
13.520403792832844658 11.620151614219549785
11.952753131085119165 11.057235604530349704
10.28588156870987369 10.87621522337648905
9.0809054361329533123 11.102364141760595828
8.0878714626066017246 11.341214832276605762
6.8514713304561807306 11.400801043106005395
6.5121163587695258812 12.884711994555019032
6.4469845177718045903 14.606381175711641518
6.3884422592686007647 16.312938045499702611
6.3314202437157867109 18.016008444810882594
6.274398228162971769 19.719078844122059024
6.2165817502317413101 21.421823942493677606
5.8969899186129417501 23.017382381280409476
4.8611888490290224851 23.643331555639370833
3.7728890066982252449 23.652868330833673127
2.6549530064042206057 23.34558960289155749
1.5537575687370472899 21.999534191228633517
0.35808512360311361977 21.076188343264618652
-1.1319184734792091529 21.475696622656400336
-2.7708363825568076422 21.62577249919374367
-4.47136395377178264 21.573295134033603659
-5.7257558888352164672 21.05254580903595496
-6.8537399600284221179 20.362468122216274224
-7.7908203816563208477 19.012692422194049868
-9.2150547163145937191 18.069266519330888343
-10.605782806123871254 17.165798673400679775
-11.660801365389508177 15.914991073235013275
-12.489901250036194114 14.764144578417809583
-13.080928337188474586 13.823665411065054087
-13.577760957905816497 12.930719130487691615
-14.027134878095349535 11.822902155626474396
-14.28947856159695462 10.236554273176384555
-13.876163042432544614 8.7810659165036124563
-13.120845334313397501 7.3999457354038931101
-13.634290550477675907 5.9728012866867041808
-14.515958290994745994 4.4731076166871401867
-15.408159832294627378 2.9941613278985417246
-15.749340106808567441 1.5728762981635395768
-15.517748086110881189 -0.017987794159695980056
-15.139256161792140176 -1.6577592091470787494
-14.663884727390872342 -3.1513945988430638323
-14.10325023741921413 -4.5361819177574709272
-13.497922660189768607 -5.7691407282146371927
-12.846018106627496991 -6.8989315771424308821
-12.028957821248095428 -8.1125410540337909993
-11.068680924200673843 -9.3298643138329566682
-10.009075560536395244 -10.477067813615771996
-8.7894325059634255126 -11.600920486013350796
-7.4488957492519976 -12.642642202518459271
-6.0425100945582990164 -13.5564791489342511
-4.6264129150319543982 -14.31919905193397824
-2.9735759113208568571 -14.19376343923886985
-1.605401535427587234 -14.221890993902071898
-0.97990174998820933627 -15.605767973789552272
-0.17290259445477396127 -15.872755332097305825
0.76324472416035193945 -16.05628810228114034
1.9800547791661198271 -15.991812373674875403
3.4378309667576871789 -16.331333138058752752
4.9334060268240795821 -16.320716728009234231
6.019525264833423428 -15.265527547974299338
6.1756830718008721703 -13.640620832079024538
6.1792007413775760227 -11.928434598440510683
6.1827184109542772106 -10.216248364801995052
6.1862360805309801748 -8.504062131163479421
6.1920351981656631679 -6.791934973604760728
6.2351256213299066644 -5.0807734414230703024
6.4513854310715270657 -3.4249207897380671284
7.6315392962764327933 -2.5476795566842120877
9.1041080344918885459 -2.1343889312422144044
9.4807906817459990378 -0.9796563323864146966
9.1195402519532731134 -0.0083651202010720931979
10.26069285886878113 -0.46507666152721510722
11.772428116132223508 -1.2571779264470872572
13.284163373395665886 -2.0492791913669594628
14.795898630659106487 -2.8413804562868314463
16.307633887922548865 -3.6334817212067038739
17.819369145185991243 -4.4255829861265763014
19.331104402449430069 -5.2176842510464478408
20.690088233212819091 -5.8541087578335613273
20.713336375652914967 -5.1292169977619330723
20.189536505718777448 -3.7095938074752137226
21.19898616839709149 -3.0166010142206083344
22.635728187946526191 -2.6007473534754472766
22.205768437535684967 -1.8173136373090068574
20.810500695612180522 -0.84313669820880488004
19.41552702177245493 0.14557995630657105668
18.181004407353633212 1.2946541322545794817
17.824667590959904828 2.5399001765410820219
19.294044838200107961 4.3504343198633996792
20.308200476467430207 5.735722948123598286
23.978423120475312658 6.2078176506956515013
26.132393464938477479 6.0888176560590876463
28.2863638094016423 5.9698176614225237913
30.440334153864803568 5.8508176667859608244
32.594304498327971942 5.7318176721493969694
34.74827484279113321 5.6128176775128331144
36.902245187254294478 5.4938176828762692594
39.056215531717462852 5.3748176882397054044
41.210185876180631226 5.2558176936031424376
43.364156220643792494 5.1368176989665785825
45.518126565106953763 5.0178177043300147275
47.672096909570122136 4.8988177096934508725
49.826067254033283405 4.7798177150568879057
51.980037598496451778 4.6608177204203240507
