80 5
79.117018474453473686 6.1860244141574343146
78.234036948906933162 7.3720488283148686293
77.351055423360406849 8.5580732424723038321
76.468073897813866324 9.7440976566297372585
75.585092372267340011 10.930122070787170685
74.702110846720799486 12.116146484944607664
73.819129321174273173 13.302170899102041091
72.936147795627746859 14.488195313259476293
72.053166270081206335 15.67421972741690972
71.170184744534680021 16.86024414157434137
70.287203218988139497 18.046268555731778349
69.404221693441613183 19.232292969889215328
68.521240167895072659 20.418317384046645202
67.638258642348546346 21.604341798204082181
67.164446324417426126 21.267446092184275841
66.605645021921077387 22.591638990014526911
65.860548860188799836 23.766498854946799923
64.866063118315253178 24.74585305152497483
63.838896726444971819 25.626934556247896069
62.726830159896998396 26.45573599716090385
61.639736583561827388 27.157809170534566334
60.629305493372861235 27.725785218656760378
59.483221767545927605 27.641752045888448919
58.646726094479937785 26.521558617168224714
57.997818102996994583 25.168744177438117759
57.349694177058808009 23.814957445081006426
56.701570251120621435 22.46117071272389154
56.053446325182441967 21.10738398036678376
55.405322399244248288 19.753597248009672427
54.757198473306061715 18.399810515652561094
54.109074547367875141 17.046023783295446208
53.460950621429688567 15.692237050938338427
52.839363661394372684 14.536626352074680568
52.369454468057895724 14.514743992329618649
51.846548902062707498 14.109400051364332285
51.471991185576463579 14.71544081876296417
51.232282062148861712 14.628935128165759139
51.063977892948429371 13.205982879482649039
50.972850179480246879 12.008582149641521042
50.508051532120859406 12.54091334960458326
49.563080372933917772 13.759396078616221715
48.666001305304241953 14.512983078009947135
47.992148888722496736 14.589404791594111188
47.006819811061497205 15.49809242961308442
45.959463617984859241 16.580599549693765482
44.912107424908228381 17.663106669774446544
43.864751231831604628 18.745613789855134712
42.817395038754966663 19.828120909935812222
41.770038845678335804 20.910628030016489731
40.72268265260171205 21.993135150097177899
39.675326459525074085 23.075642270177855409
38.604276147399829711 24.044930732358331227
37.343187575409395151 24.086678762532869769
36.273629294252302202 23.169508147294539668
35.363507603314744188 22.047937109902928654
34.666745916287695195 21.062400591803111638
34.146354387736664648 20.233756674916556051
33.705258903361119849 19.452269864803433563
33.262566451911183663 18.573874304585952899
33.054016653039262508 17.241570413395447048
32.891592679737122751 15.861385324772291128
33.490185285519807223 14.55755722590242307
33.559101082933331384 13.317017034998320568
32.962905719760847489 12.236084146514901505
33.740630809549003288 11.567148083663491676
35.157815256784452629 11.070635602964312483
36.580760599132027266 10.575676487870113718
37.839945165038429309 9.9391511168480892735
38.46316601132032531 8.694743277513195423
39.158763800411293232 7.3267425517853563832
40.051896995913814692 6.06822214195887355
41.187299938971982272 5.0562804271996917294
42.529229094107030562 4.7653387928155863662
43.970170573850367646 5.0870316405162725459
45.210106567298971925 4.9062098072772872825
46.45648969013276286 4.3213546531741098278
47.677022765194209342 3.4618724180516009525
48.9255458942401944 2.7107542078804933716
49.671526756674829528 2.3363473483732302149
50.195702594084330883 3.4805550667952758204
50.749400175196520024 4.7104118440912063903
51.430404073114878827 5.2560945334280040342
52.085387636931123723 5.4804528199754356521
52.872469102746642022 5.5283119548495394113
54.132024919647136585 5.2221060875148834768
55.547542757022050353 4.5770382908754214668
56.888186240862282261 3.9732945761885649638
58.076633018240023887 3.0639601778757921124
59.251120950428479262 2.1227314548538105399
60.425608882616941742 1.1815027318318294114
61.600096814805404222 0.24027400880984814413
62.774584746993859596 -0.70095471421213317864
63.827343094408192314 -1.6873990771570301916
64.880101441822517927 -2.6738434401019270936
65.93285978923685775 -3.6602878030468239956
67.211690717488053792 -2.8729889118607490062
68.490521645739249834 -2.0856900206746740167
69.769352573990445876 -1.2983911294885994714
71.048183502241641918 -0.51109223830252448195
72.32701443049283796 0.27620665288355095157
73.605845358744019791 1.0635055440696250528
74.884676286995215833 1.8508044352557000423
76.163507215246411874 2.6381033264417750317
77.442338143497607916 3.4254022176278509093
78.721169071748803958 4.2127011088139258987
