80 5
79.155322794470222902 6.2299633121930435564
78.310645588940445805 7.4599266243860871128
77.465968383410654496 8.6898899365791315574
76.621291177880877399 9.9198532487721742257
75.776613972351100301 11.149816560965220447
74.931936766821323204 12.379779873158263115
74.087259561291531895 13.609743185351305783
73.242582355761754798 14.839706497544350228
72.3979051502319777 16.069669809737394672
71.553227944702200602 17.299633121930440893
70.708550739172409294 18.529596434123480009
69.863873533642632196 19.75955974631652623
69.019196328112855099 20.989523058509568898
68.653048067280892042 20.746163436249393186
67.772398829352994198 21.967499123764074653
67.169490977545109445 23.363457772213561014
66.124297239081187172 24.431497033813613484
65.040348705695350873 25.38738777661368573
63.863704383360897054 26.281163357496204469
62.699236392377315497 27.040601908331872494
61.619474609265168397 27.647653659286792305
60.213553202190226443 27.786534520746329235
58.678449302247898345 27.738956612146168368
57.77204376816703757 26.765482650714908175
57.190275847700334566 25.275637585504682647
56.612897888202084573 23.778809814360993613
56.03551992870383458 22.281982043217311684
55.458141969205541955 20.78515427207362265
54.880764009707284856 19.288326500929940721
54.303386050209006441 17.79149872978625524
53.714028210861776813 16.299669291987161301
53.089489937493794969 14.966396211943786554
52.572987625765669861 15.13626369118354198
52.242999271598883126 15.005173047831503297
52.045592173399946034 13.452796722504597682
51.929698142551728779 12.18714253159688532
51.360438051133513682 12.79453373528443727
50.313386308093839716 13.954575381888808749
49.678094012856639949 14.132151190454329992
48.96594573067445566 13.953575360075298306
47.690290033951619364 14.842015872106417262
46.45615999509858085 15.866819012674856282
45.223190691350730219 16.892670835026482479
43.990221387602872483 17.918522657378105123
42.757252083855014746 18.94437447972973132
41.524282780107164115 19.970226302081353964
40.291313476359306378 20.996078124432980161
39.058344172611448641 22.021929946784606358
37.842209134554124716 22.963217572154473345
36.929327382759872478 22.639323292376928976
36.054997107714058302 21.497207877880288862
35.416827367199928744 20.541327959892520028
34.91657679524979585 19.698037200833564242
34.454020121146598399 18.822724636016399558
34.171783206432692737 17.569146282230548195
33.882427628879383974 16.08041025367438337
34.402178720710210769 14.675852594713751031
34.627741409629742009 13.341380719511020558
34.000035250735820114 12.164018054921305279
34.800760582613207816 11.38594060623547044
36.300093818088853936 10.775470860403800089
37.740872495755226623 10.118505718602472498
38.495136985439870614 8.9292127893116806092
39.034035172166689165 7.4318994476572459718
39.763314261743559541 5.9753097017173466554
40.761056464725903936 4.8614781991508841941
42.27726708584639681 4.7187516966436513499
43.908477574875675487 4.8603148148347008473
45.414098076843913532 4.8989903688768317025
46.550445870164423923 4.1724039457510633255
47.634812218945661755 3.1095568611888437793
48.377785337593309123 1.9451709179753176038
49.163689109250206855 2.5014209566602900736
49.935149531405393475 3.9089151497616989595
50.685223444308505236 5.252568134573759373
51.048800841596403188 5.2133629700695385267
51.069780729261822216 4.0470246201922606133
51.455050068889903514 4.7085216814729369261
52.040997790363448416 5.5963798854739543742
52.649012198579860922 5.8049122004494275728
53.338030438355140461 5.6503460170382648897
54.396670238315998347 5.4787047229522150005
55.752894938463796848 4.6434417668726064576
57.006574578981748402 3.6201359107835782147
58.158951892819040097 2.5002088336807606339
59.298651810247562821 1.3680527217061773104
60.438351727676121072 0.23589660973159490287
61.578051645104643796 -0.89625950224298778224
62.717751562533173626 -2.0284156142175704396
64.089814093138215867 -3.6114420005261633762
65.461876623743251002 -5.1944683868347567568
66.673386905097984823 -4.3449293545985270271
67.884897186452704432 -3.4953903223622972973
69.096407467807438252 -2.6458512901260675676
70.307917749162172072 -1.7963122578898378379
71.519428030516891681 -0.94677322565360810813
72.730938311871625501 -0.097234193417378378399
73.942448593226359321 0.75230483881885135133
75.153958874581078931 1.6018438710550810811
76.365469155935812751 2.4513829032913108108
77.576979437290546571 3.3009219355275405405
78.78848971864526618 4.1504609677637702703
