80 5
80.367746702114402524 6.4551374255955558112
80.735493404228805048 7.9102748511911116225
81.103240106343193361 9.3654122767866674337
81.470986808457595885 10.820549702382223245
81.838733510571998409 12.275687127977779056
82.206480212686386722 13.730824553573334867
82.574226914800789245 15.185961979168890679
82.941973616915191769 16.64109940476444649
80.981298180032979417 15.863382785359842586
79.020622743150767064 15.085666165955236906
77.345476500840248946 15.009090439224868518
75.787935840879740113 15.595973280739251265
74.374301655909235365 16.323210635326958595
74.190340260753359303 17.705468474044650407
74.542121175458660787 19.392917243027952168
74.937206000264879435 21.075415100331820639
75.375229880049303688 22.73360465984979939
75.805098903436061164 24.380695003146570343
75.558241551847530104 25.819478445172322267
74.31794997141435033 26.459217494462023978
72.932000957570650712 25.742873696539362527
71.512912147336649582 24.830526053508538809
69.957316987224672289 24.553384898168033601
68.933115704285896186 25.516147240525430817
68.281242477596947538 27.053438955630852547
67.08822088416432905 28.150290059041655155
65.776387132651422007 29.209807069982609562
64.612376089666355483 29.265178917271779113
63.530569242451896628 29.250047332727927341
62.411201987368322364 28.405345561167195001
61.299174295687514302 27.095243878115113034
59.982042043409457222 26.747611687334593711
58.417501068751647608 27.249147061894714028
56.738516938905355858 27.167276079317932869
55.165039206779894698 27.032483986132127995
54.02482806700371043 26.394884043331551027
53.02951147326560033 25.382830256515244827
51.962644881685939424 24.161195429790911504
51.788536053016628102 22.872659984199913197
52.542389159456476477 21.366778728986584923
53.328966274088266175 19.852483779206835379
53.950916619228351578 18.273199037161163005
53.808917750249968037 16.899407335682333553
52.486207652638256604 16.539647220838563868
52.1995822642173124 15.647634420799697352
52.280542604003947815 14.431412513596457714
50.826817548099320732 13.892654940532063179
49.128433185044912079 13.469302361313568284
47.479689301714110172 12.972395630334355943
46.147119628021108895 11.93416535517789967
45.123342257284441814 10.520397297891964428
44.352663760817790717 9.0159498039019929649
44.41853552940183647 7.62576019716790654
44.579170932152763385 6.2550363198731684378
44.93637880684966035 5.1920030451417362727
46.588434362439535619 5.1701036905033035396
48.295961430452251761 5.2730212463022851921
50.003488498464953693 5.3759388021012668446
51.711093532367712555 5.4777569508547134802
53.422951048673652963 5.5196102981816776989
55.016818782562324941 5.3817073988363777204
55.44343782234913931 4.4835153916163719146
56.216773854408863542 3.7445324660281666951
56.811322734828571868 2.5831309700348619174
56.940851176816266843 1.0707920653385620824
56.249279800310702626 -0.40159225204200332815
55.407479676359386644 -1.8792959865651457374
54.565679552408084874 -3.3569997210882891459
53.723879428456768892 -4.8347034556114305559
52.904623846428819434 -6.308435126429947637
53.155809242412807691 -7.3061556187462954881
54.498338733547356583 -8.1378062184770669774
55.954494349778265416 -8.7769197372572183014
57.613457558058129848 -8.4953305518887649583
58.800739805475025435 -8.8452370294146209773
58.491183963654052036 -9.8553920192292743252
59.686118187895495169 -9.0300924626054257516
60.881052412136938301 -8.204792905981577178
62.075986636378374328 -7.3794933493577286043
63.270920860619817461 -6.5541937927338800307
64.465855084861260593 -5.7288942361100314571
65.66078930910269662 -4.9035946794861828835
66.855723533344146858 -4.0782951228623343098
68.050657757585582885 -3.2529955662384857362
69.245591981827033123 -2.4276960096146371626
70.440526206068469151 -1.602396452990788589
71.635460430309905178 -0.77709689636694001535
72.830394654551355416 0.048202660256908558267
74.025328878792791443 0.87350221688075713189
75.22026310303422747 1.6988017735046057055
76.415197327275677708 2.5241013301284542791
77.610131551517113735 3.3494008867523028528
78.805065775758549762 4.1747004433761514264
