80 5
79.797428837179339212 6.5056606748078946723
79.594857674358678423 8.0113213496157893445
79.392286511538017635 9.5169820244236831286
79.189715348717356846 11.022642699231578689
78.987144185896710269 12.528303374039474249
78.784573023076049481 14.033964048847368034
78.582001860255388692 15.539624723655261818
78.379430697434727904 17.045285398463157378
76.964868688814107145 16.529586572394542543
75.550306680193472175 16.013887746325924155
74.422700275227029465 17.146203853220669089
74.127030210967291168 18.80284928860117688
74.093827025811251019 20.564633068818608308
74.358055719444308806 22.279330770964620001
74.262855844542372097 23.78483512117244203
73.224452347433697241 24.826466372117259596
72.30306427251773016 25.537022677590144326
70.737634529975508713 25.405415121607838103
69.653081748917529126 26.414818867856276086
68.327402159165004036 27.331507187509149759
66.650272395911073886 27.848754554986022924
65.190302526322028598 28.697762159859024678
64.03086826974241319 29.695572635876491319
62.657526229949219498 29.906701754766544354
61.233322407382850372 30.007236143722956001
60.043877644145680961 30.189856720526361045
58.964599462428409993 30.18527185534313162
57.843484364054063462 29.570120446230436784
56.738826762845924634 28.231126548336295201
55.477466939369371346 27.618757858372251945
53.940891437991183466 28.125086988449442771
52.277145273775978751 28.122372328596053848
50.621368303053962734 28.071786695820389212
49.704366321764780423 27.581535102349320709
49.914889846720363664 26.684812209337337663
50.66229316795737958 25.151774792753620602
51.409696489194395497 23.618737376169896436
52.157099810431411413 22.085699959586182928
52.904503131668427329 20.552662543002465867
53.651906452905443246 19.019625126418745253
54.315221239601314096 17.477726926736988133
54.005497116216247377 16.124902347928117052
52.918969194802230049 15.24248182936404028
51.475866468849268642 15.231363027290880652
50.908191131410269747 14.799760255217094596
50.805177521725639167 14.050775278601081553
49.318754164225516945 14.312465623595420183
47.662251600250939987 14.698207815422723144
46.005749036276370134 15.083950007250026104
44.349246472301800281 15.469692199077325512
42.692743908327230429 15.855434390904633801
41.349351685544576185 16.012068693618203952
41.605023769159757308 14.993726434634043088
41.830182052295974415 13.578181746447677725
40.870231644939096327 12.219985931750315444
39.961551758734522366 10.730379448089237826
39.61563801533694118 9.1663971946159001902
39.758298243067947908 7.5995335878898906401
39.997729278900543193 6.1731478139701652097
41.154132031862616259 5.6427614715923439803
42.843534718993240062 5.403206738305449619
44.544713870330632233 5.1537338038142186392
46.238229634181095662 4.8604240585863500712
46.999477096528224251 3.9825107646902146996
47.235516266586927259 3.1092864111275217986
48.637961403117884629 3.6091233440263321697
50.213141002305661686 4.3054720269097330743
51.788320601493438744 5.001820709793134867
53.276983063603402968 5.4079310888271958646
54.696577428619747252 5.03425951710987718
56.186619992522935263 4.4361111818841738597
57.466237631535882713 4.4298426817022331647
57.591561370013003796 3.362663888946580304
57.298076581342463953 1.679703915318596863
57.003346317589688397 -0.0051729400838742356852
56.708616053836934157 -1.6900497954863453742
56.4138857900841586 -3.3749266508888164928
56.119155526331397255 -5.0598035062912876114
55.636123836181432978 -7.1833016673138132546
55.153092146031468701 -9.3067998283363380096
56.460824138345600431 -8.5538103636870577162
57.768556130659732162 -7.8008208990377756464
59.076288122973870998 -7.047831434388495353
60.384020115288002728 -6.2948419697392141714
61.691752107602134458 -5.5418525050899329898
62.999484099916266189 -4.7888630404406526964
64.307216092230405025 -4.0358735757913715148
65.614948084544536755 -3.2828841111420903331
66.922680076858668485 -2.5298946464928091515
68.230412069172800216 -1.7769051818435288581
69.538144061486931946 -1.0239157171942476765
70.845876053801063676 -0.27092625254496738307
72.153608046115209618 0.48206321210431468671
73.461340038429341348 1.2350526767535949801
74.769072030743473078 1.9880421414028752736
76.076804023057604809 2.7410316060521573434
77.384536015371736539 3.4940210707014394131
78.69226800768586827 4.2470105353507197066
