52.030655450997883804 4.0040564916813323748
50.008104894594438861 4.6367039666270963849
47.985554338191001023 5.269351441572860395
45.963003781787556079 5.9019989165186244051
43.940453225384118241 6.5346463914643884152
41.917902668980673297 7.1672938664101515371
39.895352112577228354 7.7999413413559164354
37.872801556173790516 8.4325888163016813337
35.850250999770352678 9.0652362912474444556
33.827700443366907734 9.6978837661932075775
31.805149886963462791 10.330531241138970699
29.7825993305600214 10.963178716084737374
27.760048774156576457 11.595826191030500496
25.737498217753138618 12.228473665976263618
23.714947661349693675 12.861121140922028516
21.692397104946255837 13.493768615867791638
19.669846548542814446 14.126416090813556536
17.647295992139369503 14.759063565759319658
15.835439916949964001 13.30186835134978196
14.023583841760558499 11.844673136940244262
12.47589170787826518 11.135137670880832061
10.894578906736860802 10.901932060665945556
9.2569596206914184222 11.035688448402574124
8.1873409821187550506 11.646039794406387813
7.248099005665173955 12.303104988101573269
6.6559835252428749541 13.027944893856789221
6.9171858211205332623 14.673157330608107785
7.2211168807705625738 16.365463869697634891
7.5250479404205892209 18.057770408787153116
7.7411957064410747975 19.732649023169656743
7.1886513283627593296 21.251312502891220646
5.9621208368310476544 21.840869639878107478
4.504097614039372921 21.809446541259109864
3.1963654318784087138 22.192587229863040221
2.0704978816695445154 22.224762676884488144
0.97367014127108331145 22.195113171126472196
-0.1366844696244512436 21.046147032192180859
-1.2690158553198405134 19.826491397309006004
-2.661447588578961021 19.829812414322578462
-4.258371317077544127 20.230236999684954924
-5.9509073062284212341 20.1105433443046131
-7.402698987994511981 19.843315207804742784
-8.5274674389087952164 19.191093096499209025
-9.473616905027787638 18.013297884326348708
-10.76322429581941087 16.934811069862895749
-12.281550291689137921 16.134328740322061435
-13.379426477093740999 14.935088236958735664
-14.328394152110671911 13.685320576977886731
-15.008963159542020094 12.644512183204927425
-15.479967783854910124 11.830387125074476984
-15.368344255323359349 10.79374695974468068
-14.755141106048634825 9.2260067701826908859
-14.44875719248519097 7.5847357423993191361
-13.497017993374402778 6.2180407942765612006
-13.263786628248974253 4.8796528692095755275
-14.191701217475634067 3.4567603890840712388
-15.145502732436364468 1.9945880171535941283
-16.09800876336678499 0.5722426434280996066
-16.410999099346557983 -1.0516743279915261589
-16.909219506149497647 -2.6511790694228536402
-16.965284669226715408 -3.935600696143805699
-16.492082964648968613 -5.2407544959345688795
-15.897872543166965187 -6.5747430184118584862
-15.284804249509697627 -7.7289852775425611497
-14.564842299287839467 -8.8899705288203136888
-13.666921259170024427 -10.128001925918940884
-12.667662278076567972 -11.304001148586579006
-11.533284351399238687 -12.443549318511561097
-10.250146304086760196 -13.536043626513762916
-8.8691082492026733775 -14.523482807150990936
-7.457627995647635899 -15.364167074830227477
-5.9357314495487223382 -15.79375762387226878
-4.3222824097641083796 -15.485200330319109696
-3.3319260469927298729 -16.196525574073721288
-2.6834477664332121449 -17.204019650668303854
-1.8420818960912406226 -17.390423961198777647
-0.79337152914561892558 -17.570310833740009571
0.57335023314544741879 -17.467313564898940825
2.0627496996519498751 -17.775235648399153376
3.5680515745371068626 -17.466734040282688056
5.1317412931925252551 -17.510832716120930286
6.5963066766991582668 -17.254532449172707231
8.1543161120653504526 -16.824845506806386908
9.6224085445682820961 -16.225986210792399334
9.8371821744561884771 -15.035303317723951011
9.2756738179839750558 -13.428394216645752834
8.6999321898277184317 -11.813851991266066221
8.1241905616714600313 -10.199309765886381385
7.5484489335152034073 -8.5847675405066912191
6.9727073053589450069 -6.9702253151270019416
6.6444771003694240719 -5.4502509679829316269
7.2232838584665604031 -4.1159902867061584075
7.3685611761668781128 -2.6323272018842267528
6.4981598514591221161 -1.3193365765000120149
6.5988356866722872596 -0.86093818619788187174
8.0780417366696717352 -1.4211231046581724868
8.5993983968010763164 -1.3039406983419423725
8.3538180056905737558 -0.57912123849118746222
9.7102989615065524731 -0.84882599158573612819
11.353516906072705694 -1.2986521634701979622
12.996734850638864245 -1.7484783353546600182
14.639952795205017466 -2.1983045072391216301
16.283170739771172464 -2.6481306791235836862
17.926388684337325685 -3.0979568510080461863
19.569606628903475354 -3.5477830228925073541
20.834319403293520168 -3.618740734378902868
20.671901545166527114 -2.3271121166687760429
19.713886473985350989 -0.93905631036558612212
18.623340030895718655 0.28676691956491101587
19.015893798858517272 3.0267078453585307685
22.039986650979844995 3.1697545116697316558
24.182177279552561799 3.2293475102419888501
26.324367908125278603 3.2889405088142460443
28.466558536697995407 3.3485335073865032385
30.608749165270715764 3.4081265059587604327
32.750939793843429015 3.4677195045310176269
34.893130422416149372 3.5273125031032748211
37.035321050988862623 3.5869055016755320153
39.17751167956158298 3.6464985002477892095
41.319702308134296231 3.7060914988200464038
43.461892936707016588 3.765684497392303598
45.604083565279736945 3.8252774959645607922
47.746274193852450196 3.8848704945368179864
49.888464822425163447 3.9444634931090751806
