68.366040537247073416 5.9091248959233242388
66.260902319995452103 6.9749160274149062388
64.155764102743816579 8.0407071589064873507
62.050625885492195266 9.1064982903980684625
59.945487668240566848 10.172289421889651351
57.840349450988938429 11.238080553381232463
55.735211233737317116 12.303871684872813574
53.630073016485688697 13.369662816364396463
51.524934799234060279 14.435453947855975798
49.419796581982438965 15.501245079347558686
47.314658364730810547 16.567036210839141575
45.209520147479182128 17.63282734233072091
43.104381930227560815 18.698618473822303798
40.999243712975932397 19.764409605313886686
38.894105495724303978 20.830200736805466022
36.788967278472682665 21.89599186829704891
34.683829061221054246 22.961782999788628246
32.578690843969425828 24.027574131280211134
29.480516820949087986 20.893608095298496607
27.835597231652407402 19.934234594423674736
26.088468681090649426 19.353151833099019541
24.863132451915586074 20.031909127884187427
23.486770558725442726 20.413124972955777992
22.501500200862668777 21.575965752646062867
22.441782549227465182 23.461368174557858168
22.550468374212638167 25.37665099774465105
22.6591541991978076 27.291933820931436827
22.706703309647075173 29.121900222171102968
21.749147255773976894 29.541720550149953795
20.165491053287642131 29.630560309903472671
18.844031225131033125 29.801795429219545497
17.631121460652927624 29.784779058275880459
16.383761595887875728 28.704934436663776864
15.110622419053811427 27.378929241991624366
13.520296596154297575 27.515907607433792492
11.703942465687907415 27.780149898867104952
9.8049546885562541831 27.735237226813524103
8.4534022971073543573 27.087500271210497971
7.4237582627506855104 26.074099755130763612
7.8565274092783967674 24.390782839749657995
8.8942712244897208507 22.801465395245987366
9.9406224028733767284 21.213485341588150135
10.986973581257029053 19.625505287930298692
12.033324759640684931 18.037525234272454355
13.079675938024337256 16.449545180614606465
14.03710247756464824 14.880972213784213309
13.994817516462358498 13.534611724794869403
12.814394040095841376 13.31079224679236539
12.913030537386735119 12.738645927569368865
13.790181020468510908 11.502744372509482673
14.179060382927593409 10.653044401501357896
12.609975534025078758 10.43483378137028339
10.701730615716082085 10.341571060778695923
8.7982453945021159569 10.257230191947703801
6.8947601732881524939 10.17288932311671168
4.9912749520741854781 10.088548454285719558
3.0877897308602197946 10.004207585454727436
1.1843045096462547772 9.9198667166237353143
-0.68244043721578373507 9.7707066990404864981
-1.4560677127024383992 8.7864508096159212869
-1.3138143422988015629 7.2162389940029312285
-1.0063362552515044968 5.4685551138467980437
-0.54504460770732521269 3.7546551485927137648
0.029901071864966155545 2.1762205389915418863
0.6999996136030901539 0.72047783804319287526
1.4062559474478817378 -0.54870924818383137733
2.2945915177448377165 -1.8917337070252031594
3.3083294190207901408 -3.1826830241923840248
4.1688704914292218362 -3.5867700072507311404
5.875983139494329599 -2.70085439802189331
7.589890973884866554 -1.8209297144309974925
9.3950303098521192879 -1.3207954142936180197
11.212702040417985572 -1.6403509366154382931
13.055836908027709242 -2.2322091395478982356
14.308299894573968558 -3.2445267453242019329
14.337854657172481865 -5.0696859287294655516
14.234714384398536424 -6.9775310620979835718
14.131574111624589207 -8.8853761954665007039
14.293344854420368506 -9.7442613174319525626
15.083342754607080849 -9.8984169356780959959
16.440133049064098003 -9.8469972774255811743
17.971667718919988488 -10.1880835384041184
18.563070983893727117 -9.2572650414495711857
18.63527035029565937 -7.3660258372928737458
18.702785452271783129 -5.4663812680179377779
18.770300554247903335 -3.5667366987430009218
18.837815656224027094 -1.6670921294680649538
18.905330758200154406 0.23255243980687134719
18.972845860176278165 2.1321970090818078702
19.127185289983934524 3.9062699579195254707
19.854682344901739555 5.0674438171377236273
21.276097348925354424 5.4994036833491080074
22.257615303401099283 6.1492542789917239432
21.497510805768616393 7.4467020184820169604
22.009940804073938381 7.5295843296605200479
23.697473617339884555 6.7234099070467223669
25.445639558988954576 5.9686613582414169699
27.238428798695441202 5.2998614620505950512
29.033933702460757331 4.6362921892553972114
30.829438606226062802 3.9727229164601993716
32.62494350999138959 3.3091536436650015318
34.383122661694208944 2.6715124687102349554
34.834900491210134987 2.9413547181705625988
33.682549365744002046 4.3293396589083625869
32.493725168450176 5.8473066824371535688
31.723918707505855963 7.515308248427315263
33.609032281984106305 8.8801326238091178311
35.4941458564623602 10.244956999190918623
38.511277467786491968 10.323246820412077085
40.807797703898842201 9.9836989800667890194
43.104317940011199539 9.6441511397214991774
45.400838176123549772 9.3046032993762111118
47.697358412235900005 8.9650554590309230463
49.993878648348257343 8.6255076186856332043
52.290398884460607576 8.2859597783403451388
54.586919120572957809 7.946411937995056185
56.883439356685315147 7.6068640976497672312
59.17995959279766538 7.2673162573044791657
61.476479828910015613 6.9277684169591902119
63.773000065022372951 6.5882205766139012582
66.069520301134730289 6.2486727362686131926
