80 5
80.42972762119420338 6.4048575246937060612
80.859455242388406759 7.8097150493874121224
81.289182863582610139 9.2145725740811172955
81.718910484776813519 10.619430098774824245
82.148638105971002688 12.024287623468527642
82.578365727165206067 13.429145148162234591
83.008093348359409447 14.834002672855939764
83.437820969553612827 16.23886019754964849
83.867548590747816206 17.643717722243351886
82.554099778963021095 16.972628888208877385
81.240650967178211772 16.301540054174406436
79.92720215539341666 15.630451220139931934
78.263352436801113754 15.256759841608065642
76.568245601609689288 15.057205206772890094
75.247286221372036152 15.487299946345398638
74.97911612067207443 17.022696823007887446
74.58759239330163382 18.654075046464527077
74.317879031634078046 20.169917588425722244
74.825360249869376617 21.770397781520010483
75.398171437467325973 23.37950416488579819
75.970982625065275329 24.988610548251593002
76.052981406013103083 25.867133944296281101
75.394862877809174506 26.194408116122168906
73.88307347104013445 25.374891363622353424
72.348303696205633173 24.600405592441724423
70.976109904404466988 24.46802950016289202
69.929694377374659098 25.628483287452148431
68.507976076138135113 26.386702453221410281
67.377244063321583667 27.495701440215071898
66.558934572043554567 28.537678893199760921
65.670903900317952662 28.54022484626943168
64.57070123003350659 28.233281642225627195
63.469505979220109282 26.887226381036470002
62.273831448304328262 25.963880955534829553
60.783827102196404724 26.363387481941551016
59.144906574074035177 26.513464023896020194
57.444378447995447345 26.460987886917372691
56.189989873417864885 25.940238404097996749
55.062006825900731144 25.250161566970426463
54.128458750033288993 23.898566990079768146
53.240962945158628372 22.678973688362503935
53.411940746974188698 21.060627216194607314
53.776299847886271266 19.370175109864774754
54.059744888392302187 17.754558383311248804
53.195046500021888392 16.954525067122588666
52.188625861856465349 16.342881305006034864
52.498435353632956435 14.995817577230406314
51.642052068068110771 14.473772171163192368
49.938686083640469349 14.531284627590961733
48.276409624614089466 14.565932899760008823
47.797927057739386214 13.900362808826832506
48.382835561564554894 12.497480592968040369
47.781382616977239763 11.135719893440841233
46.776977711101423552 9.7093708293053442304
46.060434302669477802 8.2069292077828706056
46.125484567555915305 6.8974514702968896529
46.19389718804383449 6.2129685649599677433
47.628956404841183314 5.9961244298902540706
49.334146408483803725 5.8172266494966233807
51.03867218044956644 5.6344892117347358251
52.729309975105039143 5.3714709378315905752
54.407049645423114725 5.0203431114317096373
56.025726257990584145 4.6144302636884546587
56.439427892065594961 3.659001309696846338
56.597271664061082674 2.5443331350967177684
57.059800087801896495 1.4278399704271396153
56.472800940184839646 -0.13966256182697145416
55.587178721619778798 -1.6114793880242035407
54.663335057324438537 -3.0619727390129742872
53.739491393029091171 -4.5124660900017445897
52.883861613825445147 -5.952114158684657319
53.380519104106895156 -6.9250948614240250834
54.712712999714781859 -7.9270313250773973834
56.121922810066308784 -8.8135257887044531344
57.560761922639073873 -9.5010056942068086272
59.227769787415070368 -9.2381880789170178758
60.486546786770212236 -9.5022760822688869808
60.158120515512578663 -10.56614407848476489
61.325289896953016466 -9.6504885444562500396
62.492459278393454269 -8.7348330104277334129
63.659628659833884967 -7.8191774763992185626
64.826798041274329876 -6.9035219423707019359
65.993967422714760573 -5.9878664083421870856
67.161136804155205482 -5.0722108743136722353
68.32830618559563618 -4.1565553402851556086
69.495475567036066877 -3.2408998062566398701
70.662644948476511786 -2.3252442722281241316
71.829814329916942484 -1.4095887381996092813
72.996983711357387392 -0.49393320417109265463
74.16415309279781809 0.42172232985742041933
75.331322474238248788 1.337377863885937046
76.498491855678693696 2.2530333979144536727
77.665661237119124394 3.168688931942968523
78.832830618559569302 4.0843444659714851497
