80 5
79.125038071336788903 6.2270553433813207178
78.250076142673577806 7.4541106867626414356
77.375114214010366709 8.6811660301439630416
76.500152285347155612 9.9082213735252828712
75.625190356683944515 11.135276716906604477
74.750228428020733418 12.362332060287926083
73.875266499357522321 13.589387403669245913
73.000304570694311224 14.816442747050567519
72.125342642031100127 16.043498090431889125
71.25038071336788903 17.270553433813208954
70.375418784704677932 18.497608777194528784
69.500456856041466835 19.724664120575852166
68.625494927378255738 20.951719463957171996
67.750532998715044641 22.178774807338491826
66.875571070051833544 23.405830150719815208
66.000609141388622447 24.632885494101135038
65.12564721272541135 25.859940837482454867
64.250685284062200253 27.086996180863774697
63.375723355398982051 28.314051524245094527
62.500761426735770954 29.541106867626417909
62.494836145741032851 29.517464890506524
61.258323963634502718 29.810833411852129871
59.866340235549188264 29.721486392131616583
58.666431157492255011 30.114688344208488502
57.615215471292543725 30.141101482691539104
56.583950173901584435 30.113287094709370706
55.536836890051020532 29.081769145588136638
54.48487771797044843 27.870497992896112294
53.227043852438754357 27.629663865178741844
52.088078572807653188 27.913638981578422715
52.107595814819788416 26.808087781950725059
52.493591360261405043 25.25141490821411594
52.87996628282873246 23.694275034814864966
53.266341205396031455 22.137135161415613993
53.652716127963365977 20.57999528801636302
54.039091050530664972 19.022855414617112046
54.193675969783974722 17.65167559399597863
53.751437369284843726 16.749396011621911384
53.710119722183556235 15.418027320840383965
52.713138821517354415 14.711817656513957786
51.395136100887640396 14.456851900586743298
49.86464435432002773 14.819233166978555971
48.321435921011577364 15.296696138558713685
46.797715976582260566 15.795974678378842171
45.274803247668657491 16.296156821617199029
43.751890518755061521 16.796338964855543452
42.22897778984145134 17.296521108093898533
40.716084374543342506 17.773515487266159596
39.534682022904128473 17.486253359277700525
39.173715976403109096 16.122410832836280292
39.766112954435271831 14.726908433343274041
39.832092708313510343 13.404219383227353291
38.897419609407272389 12.125431508139456582
38.144927054956546897 10.722525960064158923
38.214421574725562891 9.2389186260035476295
38.827621769651152306 7.7232645829990858033
39.267044953282365327 6.1826197973080931902
39.518212160631229324 4.7390507519557587557
40.62697980138815268 4.3876373221554274551
42.215110023508316317 4.6016656664323951631
43.809722498250010858 4.823340282164091164
45.39012428219654538 5.0319184300941799393
46.304006519984206136 4.623790628349849996
46.692350497429323752 3.5514151391689257053
48.093380160580224469 3.3382783171957139956
49.561068373904916484 3.8936838129097344208
51.00304871197887735 4.5924062144841517608
52.513459471087408303 5.2017866264078822525
54.097366896866589059 5.3328799182611010821
55.501758783369751882 5.6151088526766192999
56.32196075537251545 6.0937846415410090728
56.312078156804446394 4.8729065472424899497
56.228048279282191402 3.5319286898092623339
56.696342276209904298 3.8677314075257145376
57.076855522658654252 3.5608214470889589798
57.152611347430060107 2.013687981279438155
57.215577315481880305 0.41466828957174833858
57.278543283533714714 -1.1843514021359413668
57.341509251585534912 -2.7833710938436317939
57.404475219637369321 -4.3823907855513208887
57.467441187689196624 -5.9814104772590104275
57.446861691674030226 -7.9195839840295398915
57.426282195658856722 -9.8577574908000684673
58.680377629233362313 -9.0323265190889543419
59.93447306280787501 -8.2068955473778384402
61.188568496382380602 -7.3814645756667243148
62.442663929956886193 -6.5560336039556084131
63.69675936353139889 -5.7306026322444942878
64.950854797105904481 -4.9051716605333792742
66.204950230680410073 -4.0797406888222642607
67.459045664254915664 -3.2543097171111492472
68.713141097829435466 -2.4288787454000351218
69.967236531403941058 -1.6034477736889201083
71.221331964978446649 -0.77801680197780420656
72.475427398552952241 0.047414169733309918797
73.729522832127457832 0.87284514144442404415
74.983618265701977634 1.6982761131555399459
76.237713699276469015 2.5237070848666558476
77.491809132850988817 3.3491380565777699729
78.745904566425494409 4.1745690282888840983
