80 5
78.091949509735016477 5.7068547943273291168
76.183899019470018743 6.4137095886546582335
74.27584852920503522 7.1205643829819873503
72.367798038940037486 7.827419177309316467
70.459747548675053963 8.5342739716366455838
68.55169705841007044 9.2411287659639747005
66.643646568145072706 9.9479835602913038173
64.735596077880089183 10.654838354618632934
62.827545587615098555 11.361693148945962051
60.919495097350107926 12.068547943273291168
57.625655555444893707 12.388119013660116252
55.955389921782689555 12.706929812059945206
54.0860339613426504 13.126325148402894882
52.216678000902618351 13.545720484745846335
50.347322040462579196 13.965115821088796011
48.477966080022540041 14.384511157431745687
46.844034249135908965 14.813230079789498461
45.993983809834929843 15.165062315940978976
46.724955534624022846 15.959082549885559743
46.306627968762455794 16.927229568652201408
46.079416058285062263 17.994242673967377755
46.914404629886057307 19.3758655092691221
47.963463197079626354 20.718838915769826059
49.027956368032192813 22.050254807992420325
50.092449538984759272 23.381670700215011038
51.156942709937332836 24.713086592437587541
52.2214358808899064 26.044502484660181807
53.285929051842465753 27.375918376882768968
54.332673221983220913 28.701398151519725843
53.994397499881195301 29.214443044538533911
52.851920364823456566 30.119423438400222182
51.595658254755917937 30.970654074498071395
50.439496956971211716 31.639071683821303083
49.121421834887406987 31.641759984719843857
47.95498003588552649 30.482531161076529713
46.923786027300955936 29.113656926011113768
45.888464262755348955 27.751223617324036752
44.629629433203575672 26.736269876758871789
43.208284816346235857 25.943565128575869494
42.105954811016545136 25.412104839707001958
41.241435551790360137 26.41295014671813135
40.340786347175381366 26.093044253727292414
39.521046302274548623 26.118267323854887252
38.843169562063089018 27.611549462273302424
38.17403016171854091 29.19581075161408279
37.415046178591687465 30.69590688219354746
36.107041093469220527 31.672004939404846624
34.496204530567922575 32.000340608358037287
32.799616089356547377 31.889652220544721928
31.412008144389389486 31.544741596245643223
30.289812409453311659 30.882252926659646164
29.354372783005523218 29.636802857559032987
28.359122664538613634 28.481801557840153549
28.655134992300705932 27.059041891669572522
29.400057190869876678 25.523808585557105744
30.099427098593597663 23.973276702012420003
30.388108177484273398 22.37829481582905089
29.506379652337628272 21.588574636976552767
28.418303900403699913 21.134165348562845566
28.724834986751638155 19.838028346917532474
27.894531992314032465 19.082698654782092262
26.22511353375299592 18.688876940321538456
24.634478651172436514 18.063213215295640168
23.232088740171349173 17.112767117870149036
22.116458405766540096 15.772959788018674487
21.218232115413492522 14.276351938885877502
21.047041435979892299 12.832912727315312296
21.18077206238702459 11.414537770066996103
21.448540018201164514 9.848603491947773847
21.832420315653617848 8.3336220298154728425
22.293570571732420404 7.2666144715837264201
23.890565618710422058 6.8176652019899606216
24.681573405780973474 5.7146471280864901132
25.362756979714625061 5.0087146964916833269
26.818322949408010203 5.6484789564423465436
28.349088758593492088 6.4168602381225525733
29.879854567778973973 7.1852415198027594911
31.410620376964448752 7.953622801482966409
32.94138618614993419 8.7220040831631742151
34.471222624971808557 9.4787408514670854487
36.000202932546258694 9.7776760276063932054
37.628929424336071463 9.6276723269301704988
39.070432452809590984 9.8422585694863418126
39.814557187933360183 10.126569824944329667
39.717719353477562549 8.6659118583618592879
39.712220044196776314 7.5221455953878031409
40.302500161085639263 7.9085465009060458286
40.612278294975155291 6.7658324102902085428
40.79153339069941353 5.0496156465595918306
41.010255127081265414 3.6085568848366258443
41.525034351863517657 4.1425796231445000117
42.501802911378433691 4.8543449729376453305
43.7842130069452935 5.2450536275283710097
45.318239547916199683 5.1402900247481806417
46.804929185337016406 4.274883807659909607
48.082856926500234351 3.1441597234866427435
49.341355350319737738 1.9917448494477028031
50.407089553099211798 1.4265021329010938445
50.949007699351696488 2.6588241835610637587
51.559323687465528963 4.168193005269856144
51.281425103852846803 5.7257001061151626686
51.422433808801592647 6.5431364072044466695
52.85254920568426229 6.0520797502165564197
54.430119435685675455 5.4113825279351246422
56.143819170881329228 4.3144185862680277666
57.857518906076983001 3.2174546446009308909
59.870471732797255981 3.3795042223644826684
61.883424559517528962 3.541553800128034446
63.896377386237809048 3.7036033778915862236
65.909330212958082029 3.8656529556551380011
67.922283039678347905 4.0277025334186893346
69.935235866398627991 4.1897521111822415563
71.948188693118908077 4.3518016889457928897
73.961141519839173952 4.5138512667093451114
75.974094346559454038 4.6759008444728964449
77.987047173279719914 4.8379504222364477783
