80 5
80.370575253899460222 6.2553671994815704949
80.741150507798906233 7.5107343989631409897
81.111725761698366455 8.7661015984447114846
81.482301015597812466 10.021468797926281979
81.852876269497272688 11.276835997407850698
82.223451523396718699 12.532203196889422969
82.594026777296178921 13.787570396370993464
82.964602031195624932 15.042937595852562183
83.335177285095085153 16.298304795334132677
83.705752538994531164 17.553671994815701396
84.076327792893991386 18.809039194297273667
84.446903046793437397 20.064406393778845938
84.817478300692897619 21.319773593260414657
83.76772154586839747 20.084432368010006087
82.717964791043911532 18.84909114275960107
81.588624838483212898 17.845336233272760751
80.459284885922528474 16.841581323785927538
79.330206772064912002 15.840055068386286408
78.260147075790001736 15.353907394134349573
77.213925602464215103 15.604934498799449827
75.93713827954721296 15.134491050346321472
74.880345950548232281 15.490059171913246772
74.541896933206288622 16.86315947236576207
74.373336311920013486 18.373356954638289551
74.258077113460700502 19.884732435788532001
74.150762926430161315 21.396283507271089519
74.043448739399607916 22.907834578753636379
73.902307313967114055 24.400158341793186878
73.219930074103046991 25.584845169744756532
71.991376581704756177 26.078873119128484603
70.862539349269809463 25.458194051534690061
69.752231056750829907 24.388235258316903753
68.548619143683126254 23.538101055323746635
67.23593062736127024 23.642666531088124771
65.838184601230167914 24.081255045486820165
64.354126851815422583 23.983001865109265793
62.897116922676204354 23.955209353779718384
61.867401720157332079 23.400268871370926149
60.87186114157461958 22.786059516722254159
60.081962757527186625 21.567141778992159118
58.867261580091685857 20.684133565420506073
57.518573727392976025 19.993107621509377481
56.549674344259138081 18.939809264336094685
55.679863847739952121 17.826243088758666033
55.044664241392936788 16.897050379575276224
54.55243998160609209 16.090355337692351156
54.118098873362413315 15.298420667846063026
53.700225793453356005 14.339738283894673643
53.478388373151219071 12.931174187020234356
53.531043612067122694 11.572754114773024625
54.15392538677057388 10.282657352761157554
53.895967800441468398 9.0657527433385300952
52.967329725832293263 7.8541117816929055806
52.318454109086800941 6.5705540877943606759
52.850131392292070132 5.5992695388290352199
54.160049974272858719 4.8541385277905062523
55.307513037185358939 3.9157693801554915858
56.082056977456282709 2.6009697075594129245
56.599164035110263171 1.132103600628188822
56.690903562218835532 -0.34054976856375612781
55.991379693541631468 -1.5793047174609118333
54.984149335008780213 -2.7137679275535231405
54.380644696688378303 -3.6286464318647411176
54.741243419257003211 -4.2514802805745350867
55.385402878459231601 -5.2508807826200882829
56.193904639232755471 -6.3452506231183942731
57.074473050017019204 -7.3815984904005382816
58.058176613883901496 -8.3889482192893130019
59.164201398973851553 -9.3690581925293265897
60.348443370218944892 -10.271072829747605937
61.590320219547727731 -11.078806142325294815
63.031323687361002328 -11.416186528525006594
64.553835064500361796 -11.45548463676692208
65.924123139169765295 -11.59856813491046168
66.602262381394723434 -12.698895816370265877
67.215875773433779727 -13.372506634375412204
67.959994293760288997 -13.535499779676023024
68.874315048062811684 -13.69563539049269707
69.528767104059113535 -12.59589213222842119
70.183219160055415387 -11.496148873964145309
70.837671216051731449 -10.396405615699867653
71.4921232720480333 -9.2966623574355917725
72.146575328044335151 -8.1969190991713158922
72.801027384040637003 -7.0971758409070391238
73.455479440036953065 -5.9974325826427632435
74.109931496033254916 -4.8976893243784864751
74.764383552029556768 -3.7979460661142105948
75.418835608025858619 -2.6982028078499347146
76.073287664022174681 -1.5984595495856570579
76.727739720018476532 -0.49871629132138117768
77.382191776014778384 0.60102696694289470258
78.036643832011080235 1.7007702252071705828
78.691095888007396297 2.8005134834714446868
79.345547944003698149 3.9002567417357241197
