80 5
78.560310142373538156 6.3003588674252251067
77.120620284747076312 7.6007177348504502135
75.680930427120614468 8.901076602275674432
74.241240569494152624 10.201435469700900427
72.801550711867690779 11.501794337126124645
71.361860854241228935 12.802153204551348864
69.922170996614767091 14.102512071976574859
68.482481138988305247 15.402870939401799077
67.042791281361843403 16.703229806827025072
65.603101423735381559 18.003588674252249291
64.163411566108919715 19.303947541677473509
62.20127324083105691 18.399500680476506886
60.239134915553201211 17.495053819275543816
58.461383864758616369 16.807282945470387148
56.683632813964024422 16.119512071665223374
54.905881763169432475 15.431741197860063153
53.128120911458609044 14.743979187221738059
51.335305852410712646 14.069831000843677771
49.814285682952402112 13.787069335637152534
49.179874228916382606 14.552609990692680242
48.469631382564188016 14.993038081582543697
47.500309434581971857 14.633312306023789517
47.007001472218369997 15.560507432135651129
46.548994483364694474 16.586597784849995918
46.428044290621137691 18.367953353766239388
46.369973791530910034 20.274686340475561508
46.311903292440682378 22.181419327184883628
46.253832793350461827 24.088152313894205747
46.195762294260234171 25.994885300603527867
46.13769179517001362 27.901618287312842881
46.079621296079793069 29.808351274022172106
46.006390931774987507 30.93160150629346461
45.73754815380849692 30.929878326401698985
45.319852250573362085 29.375013186806906873
44.902891641274123913 27.510223467080059834
44.436107262723524514 25.657627512854631391
43.711768799381374606 23.959522134408846483
42.539050002220513136 23.872977759480637161
41.015899483834935779 25.025181649327841171
39.424735495777774474 26.127541120414115028
37.88517116046661215 27.279438890750281388
36.379284681507662924 28.417422724269194134
35.455465405884822871 27.925998371499090922
34.396311737234384509 26.649455235499342365
32.909664099407635263 25.491779810656399974
31.337678328368745895 24.53350443043984086
30.684158497406883725 22.943292104632337924
29.5620874282495123 21.817413618512627949
28.588762122818518918 20.772504328691965725
28.047564397471933972 19.280346410848100192
27.605405507216353556 17.49170628883842582
27.969077504254570954 15.81806127830122044
28.189784226897980801 14.236139307463545833
27.106632831613989509 12.702691801562046692
26.514659145281544994 11.237287283252589631
27.862216605497817312 10.758143049513034128
29.762779024323393173 10.575046986081256151
31.66334144314897614 10.391950922649476396
33.563903861974552001 10.208854859217700195
35.460362101721784711 10.012451568329838736
37.2485994244891927 9.4653798082026892047
38.963164634899129624 8.6844001298085657936
39.826944283180367279 7.9557331672043174464
39.764279652448948355 6.9760283600433927731
40.114350527639864197 5.820162534492112627
39.835087137138550872 3.9375191367298931766
39.302351883687599354 2.1680397869781429243
39.703763918891532114 1.9833611582244230487
41.038485272574746432 3.2647087591897054892
42.43359875932971903 4.5686219704653323603
43.811053666576491139 5.8885798063344649833
44.619613980213443938 6.4302399193037729219
44.58256214252283911 4.8585424178645775228
44.880787052405466397 4.7160167366403156208
45.651950456500479447 5.4488977385023593669
46.586204881407233813 5.0254330404370053387
47.504570696468690016 3.6748998805583052985
48.242075891213588079 1.9046195518819606374
48.942275647001686423 0.13089260687668211047
49.642475402789784766 -1.642834338128596583
50.34267515857788311 -3.416561283133874305
51.042874914365988559 -5.1902882281391535813
51.729262840415600522 -6.9194116444198394689
51.932236725619056017 -7.0874115553397354361
51.540808652435060822 -5.335866747933358134
51.113206739459855044 -3.4675031748197082671
50.685604826484656371 -1.5991396017060597323
50.258002913509450593 0.26922397140758891343
49.974106054386176368 2.0941117084836626816
50.929799662720526499 3.2767825811394022395
52.219389939098149966 4.3908657937037762764
52.103779877056304315 5.8948028476767548867
52.078401495915571218 6.6018085192333462174
53.628977614600238155 5.8605770177031137891
55.324194885047766945 4.9873757052569889225
57.01941215549528863 4.1141743928108649442
58.71462942594281742 3.2409730803647427422
60.409846696390331999 2.3677717679186187638
63.193019195981136704 0.71370303794896727823
65.06046150753878976 1.189958255954637556
66.927903819096442817 1.6662134739603078337
68.795346130654095873 2.1424686919659778894
70.662788442211748929 2.6187239099716483892
72.530230753769387775 3.094979127977318889
74.397673065327040831 3.5712343459829889447
76.265115376884693887 4.0474895639886590004
78.132557688442346944 4.5237447819943295002
