80 5
80.304824514171002647 6.1890539800614075006
80.609649028342005295 7.3781079601228150011
80.914473542512993731 8.5671619401842225017
81.219298056683996379 9.7562159202456300022
81.524122570854999026 10.945269900307039279
81.828947085026001673 12.134323880368445003
82.133771599197004321 13.323377860429852504
82.438596113367992757 14.512431840491261781
82.743420627538995404 15.701485820552669281
83.048245141709998052 16.890539800614078558
83.353069655881000699 18.079593780675484282
83.657894170052003346 19.268647760736890007
83.962718684222991783 20.457701740798299284
84.26754319839399443 21.646755720859705008
84.572367712564997078 22.835809700921114285
83.886585328850912902 21.539367164205497573
83.200802945136828725 20.242924627489884415
82.515020561422744549 18.946482090774267704
81.632982116398736139 17.728248606148099498
80.750943671374699306 16.510015121521920634
79.848340007982969269 15.31368791721452105
78.759636491310004658 14.40081160708948893
77.823821230403979143 14.647507812475247135
76.992729711862907038 15.122894547944081722
76.090746045469416003 15.264680852141866652
75.530934649932433445 16.561299365602614841
75.053286787891664744 18.01772711977483965
74.619510629630980247 19.472177783720020727
74.190103767355651598 20.926431544156841369
73.760696905080322949 22.380685304593665563
73.284974659388780083 23.608625546546125662
72.498163170548124867 23.320028520360651214
71.44060473092015684 22.559231077647758923
70.132863940422609517 22.911914855444965866
68.704959279683336604 23.164000940720686827
67.207349306239734688 23.037527551613102617
65.893432778353741242 22.848716192180518192
64.89463591141181098 22.284969963228057566
63.998336158863445178 21.442692168889024629
63.065581901020131284 20.316758526196032619
61.774789581212353085 19.521094789348698129
60.537690730878601642 18.736598500422019242
59.595048983026117639 17.64041592700215233
58.79748961678048147 16.57081512475858176
58.223371336647204544 15.696835590242885772
57.760013910538688719 14.910052141222962518
57.3269954130921775 14.090823307894213556
57.05463341461678084 12.94836442062136328
56.742249681227647784 11.545754559556238306
57.094768788691425243 10.215340614313731749
57.569830444829143801 8.9438697994604190455
56.955885232669956508 7.7458002977762179242
56.245073274650437156 6.4310640752457768343
55.949721596884451458 4.9482831699351228494
55.9117728413088102 3.43091673573237399
56.067403053752606468 1.9219508018217839052
56.005669683494893718 0.43526738925268493308
56.151875710681686371 -0.8748002643470274009
56.589721822459083 -2.1155307900981625835
57.117216958522199377 -3.344018998302040302
57.652543874360205223 -4.4014323037807461247
58.232268817187879506 -5.3974889945099864264
58.943691483450066926 -6.4646753271663417451
59.777286574920374562 -7.5514868701625044167
60.677951298037577033 -8.5730184483383400362
61.696747196343572739 -9.57758267295254484
62.829518237803313241 -10.542175228888920557
64.040849393570937309 -11.426626336739623468
65.285852938606808493 -12.201131619373636994
66.537718333006282023 -12.859989457632330812
68.0090003262357925 -12.719622254301786057
69.300640737152505721 -12.592138820865043769
69.956491822087912169 -13.621612314740326966
70.570015129802442289 -14.294928117355581776
71.314135234620735559 -14.457921653244596882
72.22857808898631049 -14.618075753248653825
73.40590712014136443 -14.442019736374668071
73.376651740493230136 -14.757966727450490652
73.766260461640683843 -13.595733390541639096
74.15586918278813755 -12.433500053632785765
74.545477903935605468 -11.271266716723934209
74.935086625083059175 -10.109033379815080878
75.324695346230512882 -8.9468000429062293222
75.714304067377966589 -7.7845667059973768787
76.103912788525434507 -6.6223333690885226588
76.493521509672888214 -5.4601000321796711034
76.883130230820341922 -4.2978666952708195481
77.272738951967795629 -3.1356333583619662164
77.662347673115263547 -1.9734000214531146611
78.051956394262717254 -0.81116668454426310575
78.441565115410170961 0.35106665236458844959
78.831173836557624668 1.513299989273445334
79.220782557705092586 2.6755333261822968893
79.610391278852546293 3.8377666630911484447
