80 5
79.163380842250745673 6.3373081732981741965
78.326761684501491345 7.6746163465963475048
77.490142526752222807 9.0119245198945208131
76.653523369002968479 10.34923269319269501
75.816904211253714152 11.686540866490869206
74.980285053504459825 13.023849039789041626
74.143665895755205497 14.361157213087215823
73.30704673800595117 15.698465386385390019
72.470427580256682631 17.035773559683562439
71.633808422507428304 18.373081732981738412
70.797189264758173977 19.710389906279910832
70.773642801309662786 19.697200760110398221
69.638422336273166025 20.763910274620595686
68.757770546867789108 21.985245898108708218
68.15486037258592944 23.381207017914896085
67.109665983445367488 24.449246706566722054
66.02571869693836959 25.40513618405763907
64.849076784374517501 26.298909995895257907
63.684610136308592132 27.058347911070754321
62.604847472658498475 27.665400375315424952
61.198924238941593501 27.804282197727093973
59.628001827078506381 28.022571606212462569
58.457848255825702211 29.009378638471162049
57.624568503164361744 29.473995801906237801
57.179269824899087382 28.3454367504062823
56.777643701263130538 26.78840353808901753
56.376017577627180799 25.231370325771749208
55.97439145399123106 23.674337113454477333
55.57276533035526711 22.117303901137212563
55.171139206719324477 20.56027068881994424
54.769513083083353422 19.003237476502679471
54.36776204545672897 17.446813392428776268
53.858568168009156807 16.426640980339229259
53.283781243246018278 16.023751303537757451
53.019654132607072938 14.545619301971152382
52.908298318762412293 12.986349758764633933
52.561451188817052582 12.712652489783572207
51.573259065031407999 13.800617425203871136
50.760170589150504838 14.28484815133860053
50.292820633520200602 13.698101098190988978
48.933036113819326829 14.178548332856911074
47.519458681190364757 15.006879430126755182
46.166381429787492152 15.876013001120202972
44.816538101136536909 16.747284682343249074
43.466694772485588771 17.618556363566302281
42.116851443834626423 18.489828044789351935
40.76700811518367118 19.36109972601240159
39.417164786532715937 20.232371407235447691
38.063316621193045819 21.082981233977978519
36.863859224489090138 21.262247687714989297
36.300671885592187493 20.395366868330551569
35.815352803752105615 19.55967104836548387
35.349112589482338365 18.656536220610718146
35.097799252491341804 17.304538396278037027
34.898078722111783634 15.828372307766050753
35.51571342428531608 14.437033548123528348
35.498902207770449024 13.120572119819918555
34.983943690946858851 11.977189629375367019
35.996822368513520018 11.156690508487193014
37.423062810770119313 10.409402045738165299
38.3840527773993756 9.3145944273733292107
38.881121692030738757 7.763733536597671403
39.502892455404705174 6.2328112900836600829
40.049144973111395984 4.780440491670008285
41.147979344458441631 4.2394204596937914431
42.739429502813528927 4.4427215353111551011
44.363061692983194462 4.6614911570678456698
45.885674481475760444 4.6622382914671920418
46.89916665204666657 3.8149965457203083297
47.843755497120163511 2.6715458558317166649
48.328656860783091531 1.5868314925852706754
49.138087909752172777 2.3033105916178828743
50.095844673190086382 3.609112166748730921
51.044954106177939934 4.9281095267958079376
51.920878849624259033 6.2395294964183776187
52.29625318827509517 6.2045224242820564697
52.179474294515145516 4.7951576967928790651
52.385326337499030558 4.8151026278691215765
52.921898909552680834 5.8471929981522796638
53.472384162053614887 5.8796785137806031329
54.121273606000869449 5.7295095373700242192
55.062050156425101477 5.3616399866502346683
56.286207207067292302 4.5020827132741079168
57.373487635563833464 3.3076451537138749082
58.379639288190546154 2.0525977599802223139
59.384111084811486592 0.79629347009677131641
60.388582881432476768 -0.46001081978667968109
61.393054678053417206 -1.7163151096701310117
62.397526474674343433 -2.9726193995535825643
63.40199827129526966 -4.2289236894370336728
64.406470067916202993 -5.4852279793204852254
65.089943441856107142 -6.2538118075299422571
66.332448155034768433 -5.3159941569024473651
67.574952868213415513 -4.3781765062749515849
68.817457581392076804 -3.4403588556474566929
70.059962294570738095 -2.5025412050199613567
71.302467007749399386 -1.5647235543924660206
72.544971720928060677 -0.62690590376497112857
73.787476434106707757 0.31091174686252376347
75.029981147285369047 1.2487293974900195437
76.272485860464030338 2.1865470481175144357
77.514990573642677418 3.1243646987450102159
78.757495286821338709 4.0621823493725042198
