80 5
78.50592705629418333 6.0364225434260738723
77.011854112588380872 7.0728450868521477446
75.517781168882564202 8.1092676302782216169
74.023708225176761744 9.1456901737042954892
72.529635281470945074 10.182112717130367585
71.035562337765142615 11.218535260556441457
69.541489394059325946 12.254957803982513553
68.047416450353523487 13.291380347408589202
66.553343506647706818 14.327802890834663074
65.059270562941890148 15.36422543426073517
63.565197619236087689 16.400647977686809043
61.330211829822900427 15.901489605509418368
59.095226040409706059 15.402331233332025917
57.405731064667101293 15.145381440360328185
55.716236088924496528 14.888431647388630452
54.026741113181891762 14.631481854416930943
52.337246137439286997 14.37453206144523854
50.642859002693668913 14.140081156804484408
48.980057641049505435 14.170427038660696084
47.674842000002428222 14.497246220714126608
47.55514208719539937 15.502757661206453932
47.137058542082613144 16.305150845784194047
46.752628416641819342 17.020942088628583377
46.400804322720816231 17.562446080765141687
46.808446619476228534 19.127919205550362847
47.273867911913711737 20.773219531559551143
47.739289204351202045 22.41851985756873944
48.204710496788692353 24.063820183577924183
48.670131789226161345 25.70912050958711248
49.135553081663680075 27.354420835596297223
49.585822290376484034 28.997519348087692492
49.464641484329661125 30.557578036479835504
48.496051105610803234 31.53993863153850441
47.594463188747361926 31.037007919505498421
46.68667552896568651 29.575191854721346374
45.66436243652925242 28.263879421229606947
44.285719697974677445 27.455366972406444859
43.358165055748138172 26.116552710479520982
42.586487474446656165 24.555436838341940131
41.675132957830534508 23.539715183217449379
40.622447301897139482 24.361232177145577538
39.535295439145478724 25.682962566550219918
38.443882091955238423 27.00906126028757015
37.351638188898505177 28.33601132890204255
36.184581768477258379 29.533077446601044613
34.788394204355455486 29.769651334247228647
33.654210597106249736 29.129549250456317822
32.67454668932128925 28.072532465277301839
31.520275375241606497 26.869554731910948675
30.50367106460838329 25.5557484467520446
30.206223967709146194 23.972872381120300389
30.369292417163666897 22.392738531527836443
29.392394310626706044 21.616800426310089023
28.214269776737022966 20.986762288814794886
28.237029744590973479 19.547453634837808067
27.321868716994401893 18.669409548574869007
25.895109179475110039 18.147590373037129297
25.97268031554826706 17.009382325946091896
26.341726212097515969 15.585145750424885591
25.450532592078378258 14.230857914216928251
24.506871929257172837 12.762733167062689787
24.060461403710942108 11.282998484890793378
24.162024139995168071 9.890868344151584779
24.370379987185685877 8.4542501063759285529
24.494586197767269198 7.829505127254931196
26.043168868064295651 8.0526163109198591883
27.734238992940142055 8.3170849622909077681
29.425309117815988458 8.5815536136619634533
31.116379242691831308 8.8460222650330155858
32.807449367567670606 9.1104909164040677183
34.498519492443520562 9.3749595677751216272
36.190019569145626122 9.6339180697744879467
37.86215946853388914 9.7640192896429738312
38.518221696429463918 9.2798170074955894648
38.76812657397044859 8.6581234486898104308
39.578617669025184966 7.9841076008060625213
40.220195924338909776 6.665797100913918527
40.190862298182594259 4.9936636593762315783
39.814434922216747736 3.3195710363293322587
39.651691895593081938 2.1995895511634659947
40.343770011487912086 3.1032022926727584888
41.266136398483865833 4.5471865726337190594
41.945701856520585693 5.0081269557923651092
42.213223013250114946 3.8985894081973477832
42.773400589754771772 4.5667976897469273467
43.553900703144478257 5.4801047063339591858
44.466434460714829413 5.5946548736394623447
45.462200979036531123 5.235799232954772009
46.71093519547314088 4.7076426276384948366
48.002680781089622997 3.6394295606372195628
49.283095183392156002 2.4902599816440682545
50.582571917638190939 2.3849371606861020645
51.591376012976070342 3.6899969529754192976
51.953657308095834821 5.1055849536112134501
51.438384883945211357 6.4118834701702249745
52.236144286336894993 6.3733855626506956682
53.768767016710206974 5.6338568260658092868
55.309999745068068933 4.8861144886717209346
56.851232473425923786 4.1383721512776290297
58.39246520178379285 3.3906298138835380129
61.173346973350575695 1.7138009971913881202
62.884860884864160369 2.0125463610830802708
64.596374796377745042 2.3112917249747719772
66.307888707891322611 2.6100370888664641278
68.01940261940491439 2.9087824527581558343
69.730916530918491958 3.2075278166498479848
71.442430442432083737 3.5062731805415401354
73.153944353945661305 3.8050185444332318419
74.865458265459253084 4.1037639083249235483
76.576972176972830653 4.4025092722166156989
78.288486088486422432 4.7012546361083078494
