80 5
80.3111858652972046 6.22184499561721438
80.622371730594423411 7.44368999123442876
80.933557595891628011 8.66553498685164314
81.244743461188846823 9.88737998246885752
81.555929326486051423 11.109224978086073676
81.867115191783256023 12.331069973703288056
82.178301057080474834 13.552914969320502436
82.489486922377679434 14.774759964937716816
82.800672787674898245 15.996604960554931196
83.111858652972102846 17.218449956172147353
83.423044518269307446 18.440294951789361733
83.734230383566526257 19.662139947406576113
84.045416248863730857 20.883984943023790493
84.356602114160949668 22.105829938641004873
84.667787979458154268 23.327674934258219253
83.998917546110334342 21.736678328913107805
83.330047112762500205 20.145681723567996357
82.554709940083455422 18.844098438260456163
81.779372767404396427 17.542515152952919522
81.004035594725337432 16.240931867645375775
80.180806357874317314 15.258866947489201138
79.158809216158630306 15.253113105612658984
78.151605044181238213 14.741467954598157064
77.409326896737397306 15.369459905925491938
76.745861656564983377 15.929347004467190985
75.886691712389946929 15.057692353761380488
74.794299443179809828 15.174201501165214268
74.064549791417221059 16.408575102290022585
73.437107991503083326 17.776672438136323251
72.809666191588931383 19.144769773982623917
72.18222439167477944 20.512867109828924583
71.552724908177324892 21.877065757180790939
70.694822546931391116 22.808509981649908838
69.304049439667494426 22.786144717062590814
67.874052977774169904 22.729739176941151868
66.8521456961780558 22.173797536421858467
65.857960457812694699 21.543622346049385641
65.062094171280890009 20.309634104106994101
63.829132841995601666 19.445628543054326087
62.493205978965846725 18.745777395391584719
61.537348506553229299 17.676465426589125229
60.680263884478677028 16.568811737842615628
60.058775276727473624 15.652226246921923547
59.572901427349492565 14.850251078313092989
59.139398831304824 14.054078494494927298
58.758622794737263462 13.057581153689058695
58.505033154323996314 11.649422265432427537
58.617965849666099132 10.296749178678220815
59.227455945237210244 9.0100439534030343225
58.889346434439211464 7.7986352997904031525
57.960343078425353269 6.5802755982232250531
57.190795395705208648 5.248685266990192666
56.941124856332478998 3.9029569141700410917
57.05047249977101842 2.58155169051732436
57.26102215607356527 1.1956477200770216918
57.571247101449991135 -0.18398824031796667811
57.966673165216036523 -1.5042530044736128758
58.429055350362041565 -2.7385775746093958816
58.956908365606793154 -3.9095677054857507216
59.494435087907547199 -4.9308817659747763429
60.103295516004209276 -5.9401897033462915942
60.853385182458588076 -7.024358479416410006
61.70593922604034276 -8.0951161845728858424
62.632472308026493124 -9.1078525868646416086
63.685334720958451271 -10.106952595911540271
64.841918632358286345 -11.05289581861601178
66.068740268439398733 -11.911691269568073892
67.313996905934558868 -12.653150030644511048
68.620818734370743641 -13.155846468482424783
70.089215943362376038 -12.887702873020826289
71.232678174547814365 -13.020135042893720367
71.766669443199219813 -14.274236464697237281
72.455970321499222564 -14.605467088112686014
73.234572751964606141 -14.76739239537026549
74.200328476438173197 -14.923941244245057192
75.519972036593699727 -14.529730327933002343
77.016415683263630854 -14.631505688551891708
77.01885424264816038 -15.109008342745116948
77.205175852482653909 -13.852195321323547361
77.391497462317147438 -12.595382299901977774
77.577819072151626756 -11.33856927848040641
77.764140681986120285 -10.0817562570588386
77.950462291820613814 -8.8249432356372672359
78.136783901655093132 -7.5681302142156976487
78.323105511489586661 -6.3113171927941280615
78.50942712132408019 -5.0545041713725584742
78.695748731158573719 -3.797691149950988887
78.882070340993067248 -2.5408781285294192998
79.068391950827546566 -1.2840651071078497125
79.254713560662040095 -0.027252085686278348931
79.441035170496533624 1.2295609357352894619
79.627356780331012942 2.4863739571568608255
79.813678390165506471 3.7431869785784286364
