57.728129100046778888 4.9433163710013117154
55.678946138829367385 5.7751332614440000768
53.629763177611962988 6.60695015188668755
51.580580216394551485 7.4387670423293759114
49.531397255177139982 8.2705839327720642729
47.482214293959735585 9.1024008232147526343
45.433031332742324082 9.9342177136574392193
43.383848371524912579 10.766034604100127581
41.334665410307508182 11.597851494542815942
39.285482449090096679 12.429668384985504304
37.236299487872685177 13.261485275428192665
35.187116526655273674 14.093302165870881026
33.137933565437869277 14.925119056313569388
31.088750604220461327 15.756935946756257749
29.039567643003049824 16.588752837198946111
26.990384681785645427 17.420569727641634472
24.941201720568230371 18.252386618084322834
22.892018759350818868 19.084203508527011195
20.842835798133414471 19.916020398969699556
18.175282974990285112 16.844626392572831008
16.961330032535837375 15.638394034690627166
15.747377090081389639 14.432161676808432205
14.533424147626941902 13.225929318926223033
13.31947120517249239 12.019696961044028072
12.121972938047425927 11.140574803524811998
10.948692784485380969 10.740962959781803931
9.7352678121067004469 9.8576600056196017619
9.0837448991763878325 10.443467805775386026
8.4583729176727544541 10.710710035746338065
7.9245792234948870814 11.742740076181370057
7.3891209232121735084 11.975784041979212091
6.8184197103230790304 12.170734570971674771
6.3564986596352568426 13.745416610466863361
5.9002573610444004615 15.390854472264246411
5.4440160624535431921 17.036292334061641895
4.987774763862686811 18.681730195859024946
4.5313342563682716957 20.327006621715941748
3.8483932255263786359 21.788730383246484479
2.4545219709769461325 22.635487315820419951
0.81560404835815125679 22.78556351316114359
-0.88492363815717800524 22.733087014307184148
-2.1393152122476521981 22.212336866087984077
-3.2672991168664449191 21.522259299215633632
-4.2043798402220389221 20.172483717425023997
-5.6286142445438036575 19.229057555746930319
-7.0193413894349454552 18.32559059784391664
-8.0743599998122412842 17.074783100309716133
-8.903460376550480504 15.92393603574072003
-9.4944878039629756472 14.983456353024157792
-9.9913204973662885777 14.090509927079395425
-10.440695294191170817 12.982693348682449397
-10.712756689043114733 11.390206592538353547
-10.394482929479947231 9.8749150279474058323
-9.957528651771266226 8.4409334089459342465
-10.804195777769260545 7.0870480860222571096
-11.759731678718233994 5.6265964625913280628
-12.260307391578393776 4.1408348524140290436
-12.164728283398897446 2.7502017485111078798
-11.9461860117267058 1.2223249081790097392
-11.593766981337974897 -0.34708282170590987192
-11.136201433614530742 -1.8270480843930609893
-10.587317703614935738 -3.2175213627839163166
-9.9828455015310915144 -4.4745582896066160572
-9.3432075872834801089 -5.6033389173737706557
-8.5482064997171072207 -6.8061411671657356948
-7.5990844749650943157 -8.0319548181403543907
-6.5554683450191539862 -9.1830162561262298482
-5.3538173723733049059 -10.312005013691427635
-4.0249746787506097689 -11.366048958075360531
-2.6219823864938582858 -12.297435841461584971
-1.2065345474409614468 -13.077200939828198756
0.41862458107707284372 -13.080790821471412144
1.8630389231723232246 -12.981156626571355162
2.5499501967500926014 -14.251831779876667383
3.2683052756561421504 -14.68030922321152687
3.6087384009886278591 -14.755071074085922334
3.9062652574347929146 -13.756889999943894054
4.3346333740755289554 -12.100840101682239336
4.7630014907162632198 -10.444790203420582841
5.1913696073569965961 -8.7887403051589298997
5.6197377239977308605 -7.1326904068972742934
6.0481058406384615722 -5.4766405086356195753
6.476473957279197613 -3.8205906103739644131
6.9639633333627681822 -2.2926083266739358812
7.8149639949499958291 -1.4565242308170511798
8.7057658367431489665 -1.0970088741358978712
9.855463879346691769 -1.0582459914870891993
11.358303152160877048 -1.54783968025016061
12.799292225685988456 -2.523570817152416268
14.119114654862691793 -3.6303884692550498769
15.367653687058711043 -4.7976205269915341844
16.614302629183271165 -5.9664544818470997001
17.860951571307822405 -7.1352884367026625512
19.107600513432380751 -8.3041223915582271786
20.354249455556949755 -9.4729563464137918061
21.12776450801542083 -10.031634222072241869
21.580406162288532812 -9.6102639265303366756
21.175564357326003062 -7.9349885437144509481
20.564698713185638468 -6.3332457544246247849
19.76975753892505594 -4.8115320994784482878
19.49061170511378549 -3.6545818944911032666
20.843467348193996713 -3.6204845810045185317
22.353138290062368299 -3.6058335634740785736
22.653601903753170177 -2.3991590731989678176
21.732853968758988117 0.18799884893563323374
20.812106033764802504 2.775156771070234285
19.891358098770620444 5.3623146932048353364
21.247368401084383294 6.3929695539827102735
22.759929718502021956 7.2020803930352670363
24.288383421214714275 7.9882717031671193197
27.371147846099681544 8.578798140729734456
29.539503649953044118 8.3191208714634186094
31.707859453806410244 8.0594436021971027628
33.876215257659772817 7.7997663329307869162
36.044571061513138943 7.5400890636644710696
38.212926865366497964 7.280411794398155223
40.38128266921986409 7.0207345251318393764
42.549638473073230216 6.7610572558655235298
44.717994276926589237 6.5013799865992076832
46.886350080779962468 6.2417027173328918366
49.054705884633321489 5.98202544806657599
51.223061688486687615 5.7223481788002601434
53.391417492340053741 5.4626709095339434086
55.559773296193412762 5.202993640267627562
