66.565935896533844129 5.6735515961792453155
64.568213515371539302 6.6073214739874028822
62.570491134209241579 7.5410913517955595609
60.572768753046936752 8.4748612296037180158
58.575046371884631924 9.4086311074118746944
56.577323990722327096 10.342400985220031373
54.579601609560029374 11.276170863028188052
52.581879228397724546 12.209940740836346507
50.584156847235419718 13.143710618644503185
48.586434466073114891 14.07748049645266164
46.588712084910810063 15.011250374260818319
44.590989703748512341 15.945020252068974997
42.593267322586214618 16.878790129877131676
40.595544941423909791 17.812560007685291907
38.597822560261604963 18.746329885493448586
36.600100179099300135 19.680099763301605265
34.602377797936995307 20.613869641109761943
32.60465541677469048 21.547639518917918622
30.606933035612392757 22.4814093967260753
28.503114403967689583 20.328547919175466774
26.916838688633951904 19.714065590151307106
25.314274212014570509 19.519845277091832259
24.367945228804945401 20.451171011847563364
23.288527646431973039 21.374378464617535656
22.540315158653619676 22.455143189814236848
22.500307828387747122 24.162966604962100803
22.384345545913593156 25.86389598497718012
21.638884117480216673 27.363584503374337231
20.369036713295514573 27.824413109088936835
18.900105638334910196 27.76237252327970495
17.621679400084250489 28.152618852693571228
16.5113355967931561 28.176942007346603702
15.402895675672914066 28.139688224224581603
14.300026773486333553 26.839499794138600208
13.151588136627099246 25.694308265556955462
11.745624233938926295 25.841493276723195294
10.989522884825177584 25.649427195466486751
11.34372067389056582 24.134369970595415111
11.802554075357983621 22.494360053240207264
12.261387476825401421 20.854350135884992312
12.720220878292822775 19.214340218529780913
13.179054279760240576 17.574330301174573066
13.637887681227660153 15.934320383819363443
14.084305784786145921 14.310022673893518785
13.957198915753107116 13.413894976009526516
13.756446394856855164 12.59404375624382233
13.292390981560579633 11.561062394964249478
12.068579537340280439 11.322301561638289158
10.844211401034074882 11.544976538238001851
11.190613089522136292 10.792941730769070929
10.472476160891083907 10.313095644354838498
8.770419266734769792 10.465627186331321496
7.0786552028643505707 10.714392207856178629
5.3869816340917058284 10.963427126739956563
3.6953080653190615301 11.212462045623734497
2.0036344965464167878 11.461496964507507101
0.31981165793713495216 11.686627690603046403
-1.1475973216026817969 11.253381816552995076
-2.2678475766758325882 9.9503493410025036781
-3.1660736357540026908 8.453741845019138168
-3.3372626159905820487 7.0103029172426101212
-3.2035320358550762876 5.5919282645468584292
-2.9357643081528017603 4.0259949088132849226
-2.5412229742350049833 2.4750492290028835995
-2.0543093036651995931 1.0395989050266107867
-1.474217270745967312 -0.32481701225270143141
-0.86669270835007949927 -1.5135631336946726577
-0.18434204806155918277 -2.6542830458184347719
0.67547059798895858762 -3.8848728875674130023
1.5472709806859459292 -4.9586052043836001957
2.3035811684050635506 -5.0724711384781580037
3.7613703857531390895 -4.160762665731711607
5.2198303358063622426 -3.2472117566283698054
6.6790155502042987123 -2.3356019422945166752
8.2001020764232901428 -1.5896645665365245481
9.8359048450198844904 -1.3345769157470055433
11.519036817994273036 -1.4583652696257309866
13.110787529407705421 -1.1780112612573008235
13.671632507242975407 -2.0255982616888266179
13.643891539625546017 -3.7143319837672335026
13.620753725434271431 -5.4182783179027644849
13.797967749313825081 -7.1167665108616713354
14.136425267089627766 -8.8108619826857417223
14.540816886401065844 -10.462378030055141664
15.583188394543883604 -11.652377611870392116
17.06769463288518196 -11.817894532365194493
18.585850880414685804 -11.406910226975234934
20.094444702255653823 -11.520133759593914391
20.863457708029688575 -11.079341818774826933
20.850078697260464367 -9.4144744336254113648
20.800515456003381587 -7.6980783502508174365
20.750890023278540042 -5.9816930851906366939
20.630552891718174635 -4.2776082436154956312
20.290244538714286904 -2.6117877801112361347
19.899187948023683958 -0.95479506116616175149
19.508131357333081013 0.70219765777891240965
19.22276433605065904 2.3325036457210903684
19.860919738617884178 3.4552958187962565795
20.205197178060732455 4.6997650503062349259
19.266673782157674566 5.9944104558990938258
19.047551498886825527 6.5279863816418002287
20.39542205351537163 5.9155163621198747492
20.803308429795858814 5.8694198115687727935
20.059210375359590728 6.6318312058478525728
21.070832492786095713 6.7669794314632225607
22.482144414016126177 7.0242656935749616665
24.156727794618479521 6.9927051486022850924
26.602494343631065021 6.6078508308754484446
29.048260892643654074 6.222996513148612685
31.494027441656243127 5.8381421954217760373
33.939793990668825074 5.4532878776949402777
36.385560539681414127 5.06843355996810363
38.541301636599442304 5.1116562768403284167
40.697042733517477586 5.1548789937125523153
42.852783830435505763 5.198101710584777102
45.00852492735353394 5.2413244274570010006
47.164266024271569222 5.2845471443292257874
49.320007121189597399 5.327769861201449686
51.475748218107625576 5.3709925780736744727
53.631489315025660858 5.4142152949458992595
55.78723041194369614 5.457438011818123158
57.942971508861717211 5.5006607286903479448
60.098712605779752494 5.5438834455625718434
62.25445370269778067 5.5871061624347966301
64.410194799615808847 5.6303288793070205287
