80 5
78.446733983642275234 5.9066436540565696589
76.893467967284536257 6.8132873081131393178
75.340201950926811492 7.7199309621697089767
73.786935934569086726 8.6265746162262786356
72.23366991821136196 9.5332182702828482945
70.680403901853622983 10.439861924339417953
69.127137885495898217 11.346505578395987612
67.573871869138173452 12.253149232452557271
66.020605852780448686 13.15979288650912693
64.467339836422709709 14.066436540565696589
62.914073820064984943 14.973080194622266248
61.084410130507734493 14.76818054008292691
59.254746440950491149 14.563280885543585796
57.551255641104333449 14.434174025703679689
55.847764841258161539 14.305067165863775358
54.144274041412003839 14.175960306023872803
52.440783241565831929 14.046853446183968472
50.737292441719667124 13.91774658634406947
49.033801641873495214 13.788639726504166916
47.884921896553642284 13.855327006987833371
48.121195493540547261 14.511310131989555217
47.174438588704674657 15.103043868312671094
46.754565920664155954 15.897551385630700693
46.85910131259489475 17.166355696985853285
46.645431696432986257 18.319326215696055016
47.108325827189588608 19.949429181714844361
47.684000490208568124 21.558493632467804701
48.2685558510350603 23.161878285950930234
48.853111211861580898 24.765262939434055767
49.437666572688087285 26.368647592917184852
50.022221933514586567 27.972032246400306832
50.571097070555573794 29.554161713610955786
50.140141667718296503 30.555441507145260971
48.714582535850723843 31.207340078611451872
47.629444567224361151 32.213149675948784534
46.875175333533356081 31.812498944640733356
46.2196382385672635 30.238476499868177427
45.566441047363987593 28.645187210351984675
44.91114062145938135 27.061995344947316511
44.076650907265076285 26.338621012608737004
43.000211959217438107 26.627651405600619938
42.148521631387886544 25.408121541373251517
41.232086150978226158 24.035419412606749745
40.359081343932160735 24.27642932387407626
39.614117395330715965 25.768470162716312188
38.874017036429933114 27.305834609178880612
38.133916677529157369 28.843199055641452588
37.34340036260108775 30.282863406790397676
36.01777861757369692 30.698536053382031952
34.325198879239088967 30.674449807539357238
33.104860256445121536 30.105997823900455757
31.976591333479944979 29.40226026263455239
31.038005983381541597 28.034010481583266028
30.126937669536982156 26.776019907886549731
30.105099045480169906 25.088803826840571531
30.317236014655598808 23.373383734307228821
30.197977030932548814 21.989359303195826101
28.847770475279787661 21.507472402142415291
28.315291749325911752 20.537747868318476208
28.275359117694097932 19.284325365761208815
26.831137783333680602 18.989165536583527683
25.181623869531435389 18.845970911137424508
24.808894543610705341 18.033787912146053145
25.370036093678649536 16.617917845694087475
24.69830208521411663 15.259398849924801667
23.705310339636355366 13.824248520498466419
23.042781831732302322 12.324739917278066059
23.120978035238419324 10.93077742107086614
23.314554687037126968 9.4346695953201002993
23.634761184046787719 7.8993601389848739913
23.961067400322018983 6.7423701712599157787
25.235052167065983753 6.8779085444307508368
26.876111641910281236 7.3353343840565283784
28.517171116754578719 7.7927602236823041437
30.158230591598876202 8.2501860633080816854
31.799290066443191449 8.707611902933859227
33.440349541287481827 9.1650377425596349923
35.081409016131772205 9.6224635821854089812
36.666139889147203235 10.035796456290359657
37.293264215233939751 9.6845474606958585895
38.097756013033425404 9.3247568578900068559
39.036178868833971478 8.6575609959536041771
40.107618997589170817 7.5465749452906534245
40.411257045447378289 6.1255802889913661957
40.1384795407258963 4.4296415598671794456
40.220482693173806865 2.8131592297868204255
40.935469009918456607 2.4978712690940287899
41.626247796017651126 3.9098342131017282952
42.448988981199143211 5.0005017933958901821
43.493190071961215892 5.470539889566838454
44.535481840537464393 5.352895139966114435
45.828553751653451798 5.1438351395303190117
47.109010829447022672 4.177843078578144187
48.216463380023505181 2.8624504704202693439
49.312317790088286529 1.5800489206773202788
50.328868096782741759 1.4950079670204052817
51.135546837283527566 2.9471655865230870219
51.848731637792319304 4.4350014378841171592
51.531992004777166017 5.9199018244777450448
51.687711209983348226 6.575990692973523899
53.111704681929147398 5.9804014920960995028
54.655168413096319568 5.2669356938518143707
56.198632144263513055 4.5534698956075354559
58.10755602003770548 3.3649505536707713382
60.016479895811897904 2.1764312117340072206
61.833163541647181205 2.4331192833945518572
63.649847187482464506 2.6898073550550969379
65.466530833317747806 2.9464954267156415746
67.283214479153031107 3.2031834983761866553
69.099898124988300196 3.459871570036731292
70.916581770823597708 3.7165596416972759286
72.733265416658866798 3.9732477133578205652
74.549949062494150098 4.2299357850183660901
76.366632708329433399 4.4866238566789107267
78.183316354164716699 4.7433119283394553634
