80 5
80.336629561496707197 6.2237238267951013881
80.673259122993400183 7.4474476535902018881
81.00988868449010738 8.6711714803853023881
81.346518245986800366 9.8948953071804037762
81.683147807483507563 11.118619133975503388
82.019777368980200549 12.342342960770604776
82.356406930476907746 13.566066787565706164
82.693036491973614943 14.789790614360807552
83.029666053470307929 16.013514441155905388
83.366295614967015126 17.237238267951006776
83.702925176463708112 18.460962094746108164
84.039554737960415309 19.684685921541209552
84.376184299457108295 20.90840974833631094
84.712813860953815492 22.132133575131412329
83.746973701214244556 20.70636412069904253
82.78113354147465941 19.280594666266676285
81.719797731860097656 18.21698687131583938
80.658461922245535902 17.153379076365009581
79.572815341496607289 16.109614598272024466
78.391337070742977744 15.145334340345261381
77.104460572206377833 14.4271020996577235
76.157645674376126976 14.867527007793059468
75.558308697845149027 15.922864629299530392
74.700181780745367632 16.476680870360180364
74.410475598789176388 17.785250898952007503
74.261356771859396986 19.291270245185636156
74.112237944929589162 20.797289591419271915
73.963119117999838181 22.303308937652907673
73.814000291070016146 23.809328283886546984
73.664881464140236744 25.315347630120175637
73.425598637637463639 25.573616517918424051
72.760957002439482721 25.560232644299382798
71.873982097622359788 24.665065919911562276
70.853000472224394457 23.535357421821178292
69.657721357673906937 22.945518102253725345
68.315707831108525738 23.365306153624985086
66.88149044826309364 23.574215191181636442
65.382467785714240449 23.455518343057274677
64.099281692747240413 23.228879140211969201
63.104255424895221438 22.66216111604576966
62.228251027773985982 21.771252757890351859
61.261285218741981851 20.672768155399978696
59.959219506217174001 19.892493283457930886
58.74877325028282371 19.083841365885078289
57.809988355401046078 17.981511736596008433
57.028855359250471224 16.92438295203444909
56.464949043730413791 16.059319934067374902
56.006333135511368937 15.275067029882693603
55.572640234766595313 14.448280656542856093
55.317626678267103557 13.271225387536590645
55.010576841055971897 11.871162368204716486
55.417596969364133486 10.545837870134695535
55.839182194023742056 9.2788342096725351382
55.197222482333458515 8.0819084116945862917
54.881351205627758816 6.7524943307056641828
55.197110394451257775 5.2766972986640752197
55.597128575278425444 3.7909167141019053382
56.060959821811984227 2.2952997114380573329
56.305110200075269233 0.7567008558860450762
56.085693082741023829 -0.7410993694793194253
55.580585650974072109 -2.1845501438769852065
55.643474513829801253 -3.4424462073422148478
56.186143930371073907 -4.4448942729270779495
56.820834109172508875 -5.4690332107283268215
57.597903259084333172 -6.5610995694129954359
58.462307201677248258 -7.6168507735588502072
59.411932395791765771 -8.6263450754461388215
60.488827822662678102 -9.6189092155430611086
61.657740939856417128 -10.54638594274078045
62.89226666555624945 -11.383953869597366548
64.18468989014621684 -12.126591527390381486
65.60673786823437581 -12.405185874294202719
67.032187748036761832 -12.132768659370196218
67.994858205370547921 -12.596676965109010027
68.506799785340589892 -13.793992885708515672
69.228229675269915333 -13.965634591004238985
70.054690784813843152 -14.127991286744759236
71.08864679981603274 -14.137208789798981101
71.071359786466189234 -14.278758605980531371
71.596573916674060456 -13.144713982099323957
72.121788046881931677 -12.010669358218116543
72.647002177089802899 -10.876624734336907352
73.17221630729767412 -9.742580110455701714
73.697430437505545342 -8.6085354865744925235
74.222644567713416563 -7.4744908626932842211
74.747858697921287785 -6.3404462388120768068
75.273072828129159006 -5.2064016149308702808
75.798286958337030228 -4.0723569910496628665
76.323501088544901449 -2.938312367168453676
76.848715218752772671 -1.8042677432872462617
77.373929348960643892 -0.67022311940603707114
77.899143479168515114 0.46382150447517034308
78.424357609376386335 1.5978661283563777573
78.949571739584257557 2.7319107522375816188
79.474785869792128778 3.8659553761187908094
