71.361948894592913462 6.0251695159121592127
69.507011817435113699 7.0653863387633677462
67.652074740277313936 8.1056031616145762797
65.797137663119514173 9.1458199844657848132
63.94220058596171441 10.186036807316993347
62.087263508803914647 11.22625363016820188
60.232326431646114884 12.26647045301941219
58.377389354488315121 13.306687275870618947
56.522452277330515358 14.346904098721827481
54.667515200172715595 15.387120921573037791
52.812578123014915832 16.427337744424246324
50.957641045857116069 17.467554567275453081
49.102703968699316306 18.507771390126663391
47.247766891541516543 19.547988212977870148
45.39282981438371678 20.588205035829076905
43.537892737225917017 21.628421858680290768
41.682955660068110149 22.668638681531497525
39.828018582910310386 23.708855504382704282
37.973081505752510623 24.749072327233918145
36.11814442859471086 25.789289150085121349
33.105261961484480082 22.88855600157437209
31.711285762723900206 21.901912985157437674
30.317309563963316776 20.915269968740510365
28.895256154119650205 19.965132848882053196
27.408209093993740169 19.24861976389039242
26.275471294849758408 19.461273808921948358
25.026884906908996697 19.032364445470832948
23.942943390482223975 19.279442289336930827
23.437859757183474585 20.723714221434136107
22.700326556431345892 22.000646661540777416
22.496569749390669557 23.659467071652692027
22.358787356926889345 25.367238678109938377
22.22100496446310558 27.075010284567177621
22.083222571999325368 28.782781891024416865
21.945440179535541603 30.490553497481673872
21.800356012647185366 31.917645328558752027
21.340102362603328601 31.914419337918388919
20.288181881491095027 31.685535550390113713
19.187246635783921533 30.340666098736193135
18.005363192367187963 29.352278384362200825
16.529395001015544153 29.703618239686306879
14.897088856037024485 29.896915866999993483
13.19710831996370537 29.825919950390318292
11.908914899264956944 29.351461633864921907
10.78376050768156702 28.669222428918107681
9.8495272435726146654 27.341722739233972561
8.4433105848949647765 26.378076210538253576
7.0269216394417153282 25.49707714643651002
6.0321753265661959276 24.257282380042159531
6.3757875367159133617 22.908322388794520208
7.5640165259192126967 21.713388356927108447
8.7828657341765268285 20.524105382112903584
10.001714942433844513 19.334822407298698721
11.22270913586417862 18.147293895508170181
12.466480671848565009 16.97839581799355102
13.709119332274976699 15.811055928563167328
14.680738675427722484 14.473721426128335565
15.759081527329776407 13.392693918625461436
15.353695889565710075 12.715808208492049403
13.791418715831099462 12.053162414527685442
12.195472668803665428 11.333104105619904445
10.582952150336003783 10.678707442753632151
8.9576973251994527203 10.132834610930160579
7.3307008618809348377 9.6018744339037755964
5.7037043985624231723 9.0709142568774012716
4.0767079352439052897 8.5399540798510216177
2.4497114719253905157 8.0089939028246455166
2.2018022492612949748 7.5116442419443902878
2.5405146850596906916 6.2156102403303314929
3.0274283942982478379 4.7801599200737951989
3.6075204021815672206 3.4157441438236801901
4.2150449944990242557 2.226998018439564575
4.8973957004053758624 1.0862780822181932194
5.7572083970221186178 -0.14431177355548285846
6.6689902725070506762 -1.2638064589723025932
7.5779213898244792702 -1.7576559715972934761
9.252663677587975144 -1.3660073379939008387
10.904383337181242197 -1.4909027497211171376
12.310354679312908388 -2.3938378926621339815
13.273379765801589514 -3.834250272146423999
13.991342922300328055 -4.8959518391348195721
14.745903469161101285 -3.9256934191923220645
15.515563200892623641 -2.3980430040683633486
16.285222932624144221 -0.87039258894440374448
17.054882664355663024 0.65725782617955463838
17.824542396087181828 2.1849082413035141315
18.594202127818704184 3.7125586564274737356
19.358067849740400845 5.2068561588588666567
19.905059514442410062 5.4555647937933526848
20.278049776137184068 4.9446307983026693833
20.902603889541534699 6.2001536501593950135
21.6674009755747079 6.7090911745757431106
22.482785204265468337 6.8369973402596144751
23.522486575744068205 6.6265829513554708186
24.934651139189050184 5.9672467553622210445
26.211297551546998363 4.798876553795564881
27.396353173371409184 3.5712346929140532659
28.594493502080897684 2.5024045114851971583
29.982996661800889626 2.6569156916371805544
31.682186173851398792 2.9371044960269436785
33.367522883569520786 2.7991828047736033724
34.197848250173102258 3.3097736641609230013
33.723314148201303908 4.7949540856068058048
32.716767673698548435 6.1509296418843266707
31.926376733510984707 7.3370907944601979622
32.760449921481239244 8.1218211422702122348
33.320855386082413929 9.1952973295972935119
34.591645441497071545 9.6327642282347447633
36.862078142978184303 9.229998209822962707
39.132510844459289956 8.8272321914111788743
41.402943545940402714 8.424466172999396818
43.542872499415580023 8.2530878403503091789
45.682801452890764438 8.0817095077012197635
47.822730406365941747 7.9103311750521312362
49.962659359841119056 7.7389528424030435971
52.10258831331630347 7.5675745097539550699
54.242517266791480779 7.3961961771048665426
56.382446220266658088 7.2248178444557780153
58.522375173741835397 7.0534395118066894881
60.662304127217012706 6.8820611791576009608
62.80223308069219712 6.7106828465085133217
64.942162034167381535 6.5393045138594239063
67.082090987642558844 6.3679261812103362672
69.222019941117736153 6.19654784856124774
