80 5
80.54136404959261597 6.3175363823061196911
81.08272809918523194 7.6350727646122393821
81.6240921487778337 8.9526091469183590732
82.16545619837044967 10.270145529224478764
82.70682024796306564 11.587681911530598455
83.24818429755568161 12.905218293836718146
83.78954834714829758 14.222754676142837837
84.330912396740899339 15.540291058448957529
84.87227644633351531 16.85782744075507722
85.41364049592613128 18.175363823061196911
84.191309427303764323 17.391570847604437944
82.968978358681397367 16.607777872147678977
81.746647290059030411 15.823984896690921786
80.236933615544486997 15.248162039505139376
78.724327901727775725 14.823786213407551315
77.315147443335774824 15.333713975586979572
76.052385700951234071 16.1462239298331518
75.050654291128950035 16.877915867113415516
74.588879656722312461 18.293649536491560781
73.956140027892175226 19.602364507024454099
74.006128861854577394 21.157014959903925444
74.167079507988589171 22.755382049396647659
74.307191028958456513 24.338396513162638968
73.760869846205153522 25.413108080924551757
72.28557857128619446 25.466291301345325593
70.893040278763109541 24.909605984361135711
69.859006978175727909 25.460027521419014818
69.042156291355283315 26.819959463027409186
67.98440302641304811 27.245703250117298211
66.676949751182917225 26.404644483761341434
65.560709633501517146 25.236139575593853124
64.339732464407973112 24.819964414773654227
62.882728535603490627 25.325015778400221222
61.315689147685276339 25.310933452419345002
59.720314512974070453 25.311396514388626144
58.611268844292240487 24.719525918826139588
57.547827623264808494 24.063270495991055498
56.684187114979259547 22.767071364696970903
55.355950743320178731 21.862512246266756932
54.028921794485327723 21.103174723203089513
53.783214480999042451 19.87106805013566202
54.106747027061572908 18.379782531504798015
53.41078603537953029 17.449428760173933739
52.302467736982876545 16.758381993556788814
52.461458088791808052 15.411718728684043356
52.179979328383808479 14.28831232471306123
50.792008907674428997 13.736577125692738477
50.27044885756613013 12.870350669592520276
50.870266056263361065 11.541450542822731862
50.51792049494485326 10.24821546299403785
49.538440663287865107 8.9392604266326305407
49.031713177634905776 7.6231790775057275411
49.972924051947941848 6.7791225384686297772
51.440854650264917325 6.1149746245477931694
52.913618170256128792 5.4455378182373568308
54.381335344844423219 4.747844548686381394
55.748097479970041945 3.8385442596001451143
57.020975316841287395 2.9084335132849998828
57.218919273363745504 1.8362152328206895469
56.359566226928279775 0.52086400278741618042
55.366580388796265311 -0.74658255960552855068
54.334654053804015916 -1.982523613541948837
53.302201140084768838 -3.2180386295005929398
52.5278573244482061 -4.5013829331612420503
53.279413680708969991 -5.5031259786844906046
54.26076462463572625 -6.5856179869975424168
55.383423473261096603 -7.6507942836300415479
56.622816634494029131 -8.6541819577632423943
57.936822591367544533 -9.5547684351601631647
59.264348099966866812 -10.319617312562812117
60.737455781041774117 -10.459659879283082162
62.198116634325444352 -9.8195546024566198184
63.204427314606867583 -9.9670491355713703996
63.586926699405438512 -11.407384405564293672
64.111455098014388909 -12.115334467676799335
65.046075386366482007 -11.108550087225223635
65.980695674718575106 -10.101765706773646158
66.915315963070668204 -9.0949813263220704584
67.849936251422761302 -8.0881969458704929821
68.784556539774868611 -7.081412565418917282
69.719176828126961709 -6.074628184967341582
70.653797116479054807 -5.0678438045157641056
71.588417404831147905 -4.0610594240641884056
72.523037693183241004 -3.0542750436126109292
73.457657981535334102 -2.0474906631610352292
74.3922782698874272 -1.0407062827094577528
75.326898558239520298 -0.033921902257883829179
76.261518846591627607 0.9728624781936936472
77.196139134943720705 1.9796468586452711236
78.130759423295813804 2.9864312390968468236
79.065379711647906902 3.9932156195484225236
