80 5
80.472844839605102152 6.4075550603728999022
80.945689679210204304 7.8151101207458006925
81.418534518815320666 9.2226651811187014829
81.891379358420422818 10.630220241491601385
82.36422419802552497 12.037775301864501287
82.837069037630641333 13.445330362237402966
83.309913877235743485 14.852885422610302868
83.782758716840845636 16.26044048298320277
82.158696313049944138 15.62055088429002403
80.53463390925905685 14.980661285596845289
78.91486870535263165 14.911647379179481021
77.293587044564461053 15.132101180570975529
75.672888672377823127 15.453568214191866659
74.590492502271743547 16.117971223816169868
74.562469811331013148 17.62059507745257747
74.717501222741816491 19.215091989658660054
75.182336236735949342 20.74511251111789889
75.785296302427283877 22.249713663121021057
76.38817826894268137 23.754060346034375328
76.669411155711088668 25.241787223991543954
75.672680080271192082 25.952366441094362415
74.861441874942642016 26.426685817475124907
73.711502072463247259 25.74408230559917854
72.393113237303595042 24.844054049921190597
70.904114085302779813 24.360745964194126856
69.766999922071789797 24.966464471714271411
68.99106036230612915 26.370345145396782982
67.921052218047918814 27.560705079915848614
66.767384704398153872 28.682808244666986752
65.662037901382277028 28.922953739044476862
64.647002297766604784 28.921913470018800751
63.591098964057813703 28.500637873975737335
62.554492304062783603 27.232254540804138543
61.432684210319877138 26.346196510954118963
60.040674122000581292 26.699824735589604785
58.510742928623407977 26.922854989431684203
56.911600618101168436 26.818222548942316052
55.607674125208596649 26.49208669789047832
54.55216219695439861 25.874535573144594736
53.67170217564613921 24.75378428128420083
52.638026860882632718 23.652821393864151389
52.572118781655426289 22.344048463829444984
53.174032474073314347 20.838684999797642661
53.750029739726187472 19.316155659690036117
54.066212467917260653 17.761065493763354084
53.443490577410663889 16.856843163516792572
52.231370819638733849 16.499872741373703633
52.376010258552710752 15.372702567683820263
52.189606598494783896 14.360173511350676989
50.756404616432455157 13.939558012742470083
49.259306324250239584 13.354072723491835717
47.883827424236272918 12.49301535564427823
46.737499613254207986 11.321724857095183836
45.81547630654699077 9.961885237563983253
45.17862275730501409 8.5487924134209389848
45.24572713245872535 7.248510370573023387
45.39716483032054839 5.9562066729016329703
45.589115331418881283 4.8800941499229519849
47.102220239791662948 4.8250456024874939231
48.706038532705782984 4.9390521890858618548
50.309856825619917231 5.0530587756842288982
51.913675118534030162 5.167065362282597718
53.517361463929304932 5.2616414963283073547
55.110266626930766165 5.1693427467145349752
55.998270081740194826 4.577601592961956456
56.037270855438556794 3.518867771113144638
56.872663975660174174 2.7781063040735411995
56.87191898964707093 1.3421917817100224024
56.674454131461132533 -0.29017231447639135755
56.087045990097244896 -1.7827297807734616697
55.36138680489013808 -3.2274405879274143949
54.635584502660385908 -4.672101864378321423
53.909782200430669263 -6.1167631408292262307
53.599804128667464909 -7.381069303252573377
54.700915774842052031 -8.1091123212657478803
56.031887952702575717 -8.8588446004508831777
57.522717433724388059 -9.0422650307310039608
58.997293885247508172 -8.7727795353011934765
59.833147708820220601 -9.6196782824371425136
59.640104784989901532 -10.289981660138813879
60.771210074712683991 -9.4405382345755466389
61.902315364435466449 -8.5910948090122793985
63.033420654158248908 -7.7416513834490121582
64.164525943881031367 -6.8922079578857440296
65.295631233603813826 -6.0427645323224767893
66.426736523326596284 -5.1933211067592095489
67.557841813049378743 -4.3438776811959414204
68.688947102772175413 -3.49443425563267418
69.82005239249494366 -2.6449908300694069396
70.95115768221774033 -1.7955474045061396993
72.082262971940508578 -0.9461039789428724589
73.213368261663305248 -0.096660553379605218538
74.344473551386087706 0.75278287218366202183
75.475578841108870165 1.6022262977469310385
76.606684130831652624 2.4516697233101982789
77.737789420554435083 3.3011131488734655193
78.868894710277217541 4.150556574436734536
