80 5
80.464570072016130098 6.3425024222804600171
80.929140144032260196 7.6850048445609200343
81.393710216048390294 9.0275072668413809396
81.858280288064520391 10.370009689121840069
82.322850360080650489 11.712512111402300974
82.787420432096780587 13.055014533682761879
83.251990504112910685 14.397516955963221008
83.716560576129040783 15.740019378243681913
84.181130648145170881 17.082521800524141042
84.645700720161300978 18.425024222804601948
83.422484384352003417 17.655162430391953876
82.199268048542691645 16.885300637979309357
80.976051712733394083 16.115438845566661286
79.49725401831389604 15.50418192260478456
78.021636338956852796 14.901542731568326872
76.783816700378849873 14.938145747687894271
75.997265057257180842 16.187037257468816165
74.933713136567789093 17.071887065150406215
74.502121783967439228 18.273200944375268762
74.629548043803922042 19.866216291118742987
74.891155868305276044 21.448147944926194697
75.17655725752484841 23.026959005774468636
75.430826365691729052 24.567790177281885633
74.933473259872201311 25.191678306131542797
73.509493610378726203 24.814547931690583482
72.073377528105936562 25.189332271297889321
70.61300833909189123 25.260133429004572037
69.405301931977618324 25.417558979791955664
68.713825494859733567 26.746584307075675468
68.074612880852953367 27.76868537280754623
67.280826606170577975 27.767042654025214432
66.217206285878688732 27.404061303955931095
65.164380439700352099 26.153912147974832436
64.054810647934971257 25.206960023978734142
62.67696038542643322 25.506196277077840762
61.153603164751125121 25.772851611938932592
59.555714780513284268 25.657350316901894161
58.219726497542033883 25.371898890964661888
57.162572450829124193 24.75889058117104824
56.271860427115001357 23.676667743819162837
55.109833034355467873 22.614270501181540141
53.692080592884046553 21.846487115417765779
52.952425428881632286 20.901896939977476109
53.455560518899353895 19.480177945231424985
53.988793714490313391 18.061643006082409357
53.293169974622522034 17.255634863675172852
52.249183336384291465 16.599444095352701822
52.480146600679162816 15.249192824196750706
52.026532693682526087 14.337132318599769221
50.511477501065883189 14.074052642631009746
49.401232567654844274 13.625628061327875074
49.803625640974097166 12.443161675796146071
49.950937858474645736 11.114493092001831442
49.029252715872068791 9.8391220893269650816
48.154392289545469907 8.4486503162008617096
47.7319568924005182 7.0548569622430656878
47.804324725347527192 5.927478827140628681
47.857130936953652167 5.4261797389212294007
49.443584715760337644 5.3059120039817679881
51.049866786485090131 5.1887849681639686139
52.656148857209799985 5.0716579323461683515
54.225252020511632622 4.8459941080377229028
55.648263426292523093 4.1568764909385134132
56.960384171242999685 3.3826612816880357038
56.944930592230065258 2.2492750887193873055
56.607402982884245546 0.84804295368115734099
56.523854087818556025 -0.51513234832252996487
55.616069812424910879 -1.7946171134798374336
54.622200403878679253 -3.066464615812729555
53.628330995332468945 -4.338312118145619678
52.778342168042044591 -5.5237827736232514297
53.364866785054985598 -6.1549619558574555356
54.450815897360698159 -7.1932009908031435685
55.68426188549620548 -8.2019659965752254038
56.995507984607726826 -9.1102325487524780101
58.324704730442263667 -9.8844657017736565763
59.755611903079497438 -10.183558467390565028
61.248673401117962101 -9.6095828929747497682
62.312922624875511701 -9.7747018763945945352
62.784727732452509485 -11.199632035894513393
62.684714153201639419 -11.584160175869705256
63.703260379483893416 -10.608621341995016607
64.721806605766147413 -9.6330825081203279581
65.740352832048415621 -8.6575436742456393091
66.758899058330669618 -7.6820048403709506601
67.777445284612923615 -6.7064660064962628994
68.795991510895177612 -5.7309271726215742504
69.814537737177431609 -4.7553883387468847133
70.833083963459685606 -3.7798495048721969525
71.851630189741953814 -2.8043106709975091917
72.870176416024207811 -1.8287718371228205427
73.888722642306461807 -0.85323300324813011741
74.907268868588715804 0.12230583062655675519
75.925815094870969801 1.0978446645012454042
76.944361321153223798 2.0733834983759358295
77.962907547435492006 3.0489223322506227021
78.981453773717746003 4.024461166125311351
