64.693611026262743735 5.4303198279870841247
62.594895373349345391 6.3886845448088980248
60.496179720435939942 7.3470492616307119249
58.397464067522541598 8.305413978452525825
56.298748414609136148 9.2637786952743397251
54.200032761695737804 10.222143412096155402
52.10131710878233946 11.180508128917967525
50.002601455868934011 12.138872845739783202
47.903885802955535667 13.097237562561597102
45.805170150042130217 14.055602279383411002
43.706454497128731873 15.013966996205226678
41.607738844215333529 15.972331713027038802
39.509023191301935185 16.930696429848850926
37.410307538388529736 17.889061146670670155
35.311591885475124286 18.847425863492482279
33.212876232561725942 19.805790580314294402
31.114160579648327598 20.764155297136110079
29.015444926734922149 21.722520013957922203
26.916729273821523805 22.680884730779737879
24.741813191454944842 19.856870853704563729
23.833362270055651777 21.032384581405764834
23.317469741509096792 22.815304520065225802
22.461506141880889231 24.320417776937272691
20.91153103959863202 24.969196458581254916
19.63114374309986232 26.132339247346653366
18.250075805025876008 26.52025877460486214
16.701947369951611222 26.484769560621575835
15.414070685752374601 26.823172907877058435
14.727335676017883515 26.835446719163886797
14.622501564388837636 25.761538120938102026
14.558366989306117389 23.954565930869311075
14.494232414223391814 22.147593740800530782
14.430097839140668015 20.340621550731739831
14.365963264057945992 18.533649360662952432
14.301828688975222192 16.726677170594161481
14.237694113892498393 14.919704980525381188
14.175005051396162514 13.111572416376164441
14.138788417333152836 11.282625133623731983
13.916726890748126522 10.159214704415205688
12.833763342615377212 10.950535580155472459
12.07825936392926458 11.07469546069164501
11.426507822469588405 10.348874950376682591
9.774247104201272407 10.543845139584872683
8.1682310844198582345 11.231506503188782631
6.5764369929150729988 12.07256416024534218
4.9846429014102859867 12.913621817301899952
3.3928488099055011951 13.754679474358457725
1.8010547184007161814 14.595737131415015497
0.2092606268959305571 15.436794788471575046
-1.3825334646088547341 16.277852445528129266
-2.5769020472697974355 16.887659176320752863
-2.7140199737597860974 16.648018357830590475
-3.1661972477370596835 15.797676366222193067
-3.504351735814287494 14.391530859457061453
-3.7231569567472382332 12.728503805467543231
-3.0606725108377976774 11.166908626298992502
-3.3527989452384034941 9.7039667732871297545
-4.4329461883291116919 8.2197395088777085448
-5.2855660720642845263 6.6280852649623991368
-5.214705789846131978 5.1406836097505204108
-5.0177370763937787501 3.5668353214617489755
-4.6683369896320918713 1.9008933397894365314
-4.194948655946511451 0.31809737284319528072
-3.6199854249063179168 -1.157575772918081114
-2.9799369275604483676 -2.4891011208353859274
-2.2953361617742231715 -3.6861591581075341395
-1.4304428980093533141 -4.9703801840135959367
-0.4086782571759268734 -6.2536275415041924219
0.70013206426047247533 -7.4344283627878446907
1.736102801171274912 -7.6718269013702382608
3.0754316041969875783 -6.499917656671194699
4.4098972526370099345 -5.2862995691701568646
5.7443629010770314025 -4.0726814816691190302
7.0788285495170519823 -2.8590633941680811958
8.4451349979349927821 -1.7280016478425992421
10.107078095368672521 -1.2187527544239893373
11.726980287979319684 -0.48369188364038229189
12.49635649773660262 -0.64179452301706485517
12.507307484045719903 -2.3456711778423016135
12.918019871287057754 -3.2026003132463145562
13.723298589420171112 -3.3854364516583541622
13.943377571782905378 -5.0496254550955201879
14.105478899636896273 -6.8569483754099991302
14.267580227490887168 -8.6642712957244789607
14.429681555344878063 -10.471594216038957015
14.596416900832306141 -12.270099470391160779
15.214670824737218879 -13.158264568230361391
16.71658441773146464 -12.750607888568190162
18.346507075048602786 -12.831785981081903714
19.900416879749332821 -12.480200840038772725
20.739380132940230084 -11.310906636236968126
20.648241591651895988 -9.5380859669367286102
20.497594149779754247 -7.7388094191475005346
20.522715234724625333 -5.9883269247591526252
21.548658996626738116 -4.7236017419358686809
22.438501959697269683 -3.8798884578381969135
21.771933475836668492 -2.3951403156710413533
20.904368130886695099 -0.81327932841243000261
20.091354256036435544 0.78912409471965450081
19.456250452003569507 2.4330077267777285854
18.353161316045245144 3.8284779392205599002
17.94170933920955946 4.5846015670248956297
19.268945779995402035 4.085606009802177141
21.111884738309640852 5.5326517616306771785
22.954823696623876117 6.9796975134591772161
24.731942315742696081 7.2851594416263436571
26.509060934861501835 7.5906213697935100981
28.286179553980307588 7.8960832979606738746
30.063298173099131105 8.2015452261278394275
32.348960187800834376 8.4049615552252969763
34.634622202502541199 8.6083778843227545252
36.946852112022554593 8.3639118799892422373
39.259082021542575092 8.1194458756557281731
41.571311931062588485 7.8749798713222149971
43.883541840582601878 7.630513866988701821
46.195771750102622377 7.3860478626551895331
48.508001659622635771 7.1415818583216754689
50.820231569142649164 6.897115853988163181
53.132461478662662557 6.6526498496546491168
55.444691388182683056 6.4081838453211368289
57.756921297702703555 6.1637178409876236529
60.069151207222709843 5.9192518366541104768
62.381381116742730342 5.6747858323205973008
