80 5
80.095284095310248063 6.5905544606046237988
80.190568190620510336 8.1811089212092475975
80.285852285930758399 9.7716633818138696199
80.381136381241006461 11.362217842418495195
80.476420476551254524 12.952772303023117217
80.571704571861516797 14.543326763627741016
80.66698866717176486 16.133881224232364815
78.989296850780306158 15.60600238590244615
77.311605034388861668 15.078123547572529262
75.798733694463535926 15.72346920890967148
74.672933623592925301 16.710612863848027132
73.883678687951430675 18.068245546137390534
73.832658013304950373 19.365206442486211813
74.680852914809122467 20.713743099406027426
75.57911870373344243 22.065749507903888116
76.32560064785815257 23.431759822786681013
75.620700583627524338 24.382890388807744841
74.702340777123239945 25.232169127857549284
73.433017942285999879 25.336889965101239142
71.935189980697515466 25.536254227510220005
70.491111343973201997 25.981570954429365372
68.97174181588631825 25.83569657517956486
67.817756465421041412 26.557831764995590618
66.992024490574451079 27.921425809925779049
66.30741090603517307 29.354345558507198177
65.274205003912200596 29.788660834094017105
63.900693410201128586 29.706012598069403197
62.687320052139085647 30.100919885660882613
61.628473496003749688 30.131057091601157083
60.601953289136304193 30.106720513672630801
59.552066562178765707 29.151020778076830453
58.504108614790972354 27.922237164521277464
57.264781686293964924 27.593485355369892886
55.799353340626261399 28.09565019830166932
54.227023034805093005 28.051644930450134297
52.657052842667944503 28.025756441296287846
51.557216812304005771 27.43316815289143662
50.546140420738296939 26.730114323669056375
50.581288352341509551 25.234493008563799066
51.305148589334379494 23.813601548588898993
52.08884954796458544 22.399203203988665933
52.872550506594777175 20.984804859388432874
53.656251465224976016 19.57040651478820692
54.227933543908363845 18.15872593391788925
53.912530031192630986 16.71112803642661504
53.000159887650937662 15.936843078305951593
51.775063553000713057 15.848071302943926852
51.979674474052295352 14.873755354540206142
51.560095261504770292 14.07094689753649952
50.017134546303580578 13.839768294727711861
48.39425343741318386 13.808415869957586963
46.767795319082885896 13.809370651617397741
45.154099528695745391 13.77980127408087796
43.775164811238106211 13.189183045387130377
42.720141228321722338 11.947481089852214353
41.871457369330840947 10.5405363007877515
41.612313045683620771 9.1673792947366443684
41.719153219789987475 7.8538217397829601651
41.927553347304581166 6.4671720589423982162
42.118457327389627665 5.5600105471533689538
43.433056021171331906 5.2056040799247869089
45.02142299834097372 4.9028991248782860524
46.60365814838550591 4.4731515254779115054
48.184163271466694312 4.198048350546238261
49.76783183090122975 4.4289075643600384069
51.352155344657084868 4.7545015108433315021
52.952092231280367685 5.0613872907070396323
54.490157125360020984 5.180935421032861754
55.541535819409503461 4.5032104090766811311
56.627691262548147222 3.4707578367071905134
57.204857066149720879 1.9356086434947172847
57.3373752146218294 0.36088660607218808751
57.079374140945986937 -1.2170392660825253284
56.780281343446176834 -2.7961027812421517247
56.481188545946352519 -4.3751662964017796753
56.183641391577161528 -5.9541765592391922013
56.087027844189812242 -7.5262640201886572555
55.639219734671826245 -8.9633837656947719097
56.921366064425939157 -8.2284688306582047801
58.20351239418005207 -7.4935538956216376505
59.485658723934172087 -6.7586389605850705209
60.767805053688285 -6.0237240255485042795
62.049951383442397912 -5.2888090905119371499
63.332097713196510824 -4.5538941554753700203
64.614244042950630842 -3.8189792204388028907
65.896390372704743754 -3.0840642854022366492
67.178536702458856666 -2.3491493503656695196
68.460683032212969579 -1.61423441532910239
69.742829361967082491 -0.87931948029253526045
71.024975691721195403 -0.14440454525596813085
72.307122021475308316 0.59051038978059899875
73.589268351229435439 1.3254253248171661284
74.871414680983548351 2.0603402598537314816
76.153561010737661263 2.7952551948902986112
77.435707340491774175 3.5301701299268657408
78.717853670245887088 4.2650850649634328704
