80 5
80.346110222397328471 6.1865958847928066433
80.692220444794656942 7.3731917695856123984
81.038330667191985413 8.5597876543784181536
81.384440889589328094 9.7463835391712247969
81.730551111986656565 10.93297942396403144
82.076661334383985036 12.119575308756836307
82.422771556781313507 13.30617119354964295
82.768881779178641978 14.492767078342449594
83.114992001575970448 15.679362963135256237
83.461102223973298919 16.86595884792806288
83.80721244637062739 18.0525547327208713
84.153322668767970072 19.239150617513672614
84.499432891165298543 20.425746502306481034
84.845543113562627013 21.612342387099285901
85.191653335959955484 22.79893827189209432
84.5232019368705636 21.497188707736974322
83.854750537781157504 20.195439143581850772
83.18629913869176562 18.893689579426730774
82.26039676519391719 17.701312857149044788
81.326517954965055424 16.515807426362055566
80.312548468650859945 15.399296008770249955
79.272395595775080324 14.599685532226166274
78.39825500480154119 14.997757460102453919
77.440009504493644954 14.84239402627911808
76.666205564984750254 15.334005238998845044
76.028330067633731915 16.332483731128270676
75.191657958398309347 16.025339205529615327
74.520613349173089546 16.654614806344969935
73.978316564335798944 18.045518433066529695
73.438053334767317892 19.448454755205489164
72.895854503361348975 20.849675904333587084
72.138803867996770691 22.060512849254614309
70.875552303396091247 22.799082237711328247
69.441335145069800205 23.007991909739100578
67.942312038040483912 22.889295144248254843
66.659123043663925046 22.662658129714699839
65.664096113933368315 22.095940007298938923
64.788094863820916203 21.205028286810932769
63.821128189471998837 20.106544930884538758
62.519061854083382457 19.326271302341083924
61.308613865947904742 18.517621795514529026
60.369828323268691861 17.415291912557187004
59.588694914390160307 16.35816301923349414
59.024788422958074818 15.493100099572565398
58.566172276880955394 14.708847130499695055
58.132479086228698861 13.882060561954004285
57.877470763886108784 12.705002218197895658
57.570418743506252213 11.304939195198011603
57.97743812101169425 9.9796146753866725732
58.399023830200043506 8.7126109894849790294
57.714807643327688425 7.5208953071870503493
56.826948134329562379 6.2619058624922576684
56.209110113916629814 4.8814443265284657159
56.119905388338146679 3.4064557397134764827
56.294638114330524559 1.9253515883598035785
56.577102425420108034 0.47060645708741422055
56.94521045205747356 -0.89066265339743466711
57.373136907874112467 -2.131193359002688581
57.882112441943569081 -3.3423382484027825967
58.415812926568364105 -4.4176498622290392149
58.983600453162736699 -5.4108717199448115309
59.675395186654249358 -6.4678934563502235022
60.497283857479558833 -7.5597081143014772664
61.387236078942208906 -8.5879108164297424111
62.388528710069806493 -9.5941252195697330762
63.508375977194532425 -10.566956533234881377
64.710760389706678097 -11.463425701191106043
65.955170666188323025 -12.254550057548307507
67.206148204432608395 -12.928065756970831046
68.648785866880629669 -12.915929641728727262
69.996009040756661079 -12.700472354151779442
70.731094679910498257 -13.583893351380801562
71.309687725707391337 -14.421204190172403514
72.041887821816828819 -14.585573032398961857
72.931749831648616578 -14.746997210646984655
74.081749060100989368 -14.53725965951812249
75.471994168009857162 -14.656657588613025922
75.462286719230036169 -14.98367719907621165
75.745893799278164238 -13.734697374133947534
76.029500879326278096 -12.485717549191685194
76.313107959374406164 -11.236737724249422854
76.596715039422520022 -9.9877578993071587377
76.88032211947064809 -8.7387780743648946213
77.163929199518776159 -7.4897982494226322814
77.447536279566890016 -6.2408184244803699414
77.731143359615018085 -4.9918385995381058251
78.014750439663146153 -3.7428587745958417088
78.298357519711260011 -2.4938789496535793688
78.581964599759388079 -1.2448991247113170289
78.865571679807516148 0.0040807002309470874479
79.149178759855630005 1.2530605251732112038
79.432785839903758074 2.5020403501154717674
79.716392919951871932 3.7510201750577358837
