80 5
80.285699110957366997 6.2642307621572150822
80.571398221914733995 7.5284615243144301644
80.857097332872100992 8.7926922864716452466
81.1427964438294822 10.056923048628860329
81.428495554786849198 11.321153810786075411
81.714194665744216195 12.585384572943288717
81.999893776701583192 13.849615335100503799
82.28559288765895019 15.113846097257718881
82.571291998616317187 16.378076859414932187
82.856991109573684184 17.642307621572150822
83.142690220531051182 18.906538383729362351
83.42838933148843239 20.170769145886577434
83.714088442445799387 21.434999908043792516
83.999787553403166385 22.699230670201007598
84.285486664360533382 23.96346143235822268
83.808956546273094546 22.335415469459164228
83.332426428185655709 20.707369506560105776
82.588168735995566294 19.404565041246527812
81.843284553010647642 18.102078021878543979
81.072732147174917827 16.812597216395694488
80.258962638520500832 15.578674617583704531
79.452830616276656883 15.301385063835510891
78.704654065979212874 15.904081372713068987
78.079199541117063177 15.0086965588560588
77.447819604452703857 13.631694858515180258
76.704022851312799958 13.263541336799631765
75.877198897841779512 14.378022631295685585
75.053146749284749717 15.667487203971949938
74.253119671916721245 16.943384537372644161
73.45741330893250165 18.216841912721793761
72.661706945948282055 19.490299288070950467
71.866000582964076671 20.763756663420100068
71.034215378846937483 21.984308997208771075
69.840165810808969127 22.673646618237956574
68.79942922082767609 22.164986669703473865
67.809522088384881044 21.564961428534747512
67.015616766372659185 20.400235343757302076
65.842990163304634166 19.476421119281546623
64.494911961658687005 18.776414305876027555
63.476020864084077289 17.777576364893533878
62.58387112962277854 16.656891119964200243
61.919109554188672462 15.700480440382259317
61.413376203095815242 14.883429446606324831
60.976400718395325384 14.098096807829886501
60.527140787195108373 13.191293836376555504
60.330144988765226799 11.807845463631233329
60.268219206687241751 10.438168501047094594
60.894327431243098658 9.1413595108023528724
60.800382159069926047 7.912753249352824092
59.885352420624862191 6.7122542134896470145
59.077128834019994486 5.4008715176811392666
58.678611238911088321 4.0932370789359415753
58.757302046171261622 2.8724833522214949788
58.928325806093567962 1.5474827269049713507
59.206524636059562283 0.15554314723947015864
59.578221103055156505 -1.1986864151207132778
60.015946031927555282 -2.4513607097349563446
60.529197881259179326 -3.6581128627708352496
61.063103859993006495 -4.7230790394839932134
61.636631313459801618 -5.7173664461776159129
62.338231404570564109 -6.7795647284720796932
63.166181164886125998 -7.8691723215008906323
64.061312723961378879 -8.893848815178587941
65.071380995609885645 -9.8993153385094174723
66.197773746200326173 -10.86812095801283462
67.404707056502402907 -11.758635599634089886
68.649508989629268285 -12.541478138268061571
69.901044104511896649 -13.207694707495317488
71.35796871143423914 -13.131811695642140236
72.679127535045694231 -12.956350233770091762
73.373270536600131209 -13.915239062015338334
73.968109694876332583 -14.671322734870162918
74.655178261518841509 -14.824655518910422103
75.402844584515619886 -14.962996603763649262
76.397271069816071076 -14.219931286615681287
77.53665898180821614 -14.331582116518358561
78.801313286349028431 -14.897537554579708186
80.21144522100050267 -14.749379424906639002
81.64111428103475987 -14.931354562997062985
81.652553446349287469 -15.007131207227750735
81.549268855952462332 -13.75668550677601587
81.445984265555622983 -12.506239806324281005
81.342699675158797845 -11.255794105872547917
81.239415084761958497 -10.005348405420813052
81.136130494365133359 -8.7549027049690781865
81.032845903968308221 -7.5044570045173442097
80.929561313571468872 -6.2540113040656102328
80.826276723174643735 -5.0035656036138753677
80.722992132777818597 -3.7531199031621405027
80.619707542380979248 -2.5026742027104056376
80.516422951984154111 -1.2522285022586725489
80.413138361587328973 -0.0017828018069376838639
80.309853771190489624 1.2486628986447954048
80.206569180793664486 2.4991085990965302699
80.103284590396825138 3.7495542995482651349
