80 5
80.512361302590605305 6.3802270893640642413
81.024722605181210611 7.7604541787281284826
81.537083907771830127 9.1406812680921909475
82.049445210362435432 10.520908357456256965
82.561806512953040738 11.90113544682031943
83.074167815543646043 13.281362536184383671
83.586529118134265559 14.661589625548449689
84.098890420724870864 16.04181671491251393
84.61125172331547617 17.422043804276576395
83.313965178755026386 16.744149562508496842
82.016678634194590813 16.066255320740417289
80.71939208963414103 15.388361078972339513
79.039027579360904951 15.07664129080388804
77.33776629211243403 14.839150541713943099
75.968691236468529837 15.108851012561084204
75.450017537173934556 16.579442674494085708
74.640172591006930247 17.84918218984129723
74.517157976154408061 19.14604720435098173
75.141861367530580651 20.72347064263091454
75.780968007097911254 22.306581932790162881
76.420074646665213436 23.889693222949407669
77.009062142860287281 25.408000539515199989
76.45740051440498064 25.720139089773340402
75.216766099536499723 25.965557580096618295
73.720499604861373655 25.202350303201534132
72.334762025147085751 24.489148504353419611
71.081590960743938012 25.135941484053724082
69.625679751778307036 25.593181642168556067
68.408120836208837545 26.226859156034535658
67.691654602611052383 27.766748393925492877
66.960772348259752107 28.159316274573811256
65.997793659354456963 28.139750682758602807
64.880787047665876344 27.218819528901700977
63.764968096148322729 25.924978249149042142
62.42884148758477636 25.667231517832270526
60.855776187114997811 26.152390009800484449
59.172646198680055818 26.053417019612808758
57.628586547484701441 25.888268596603094096
56.493565853827362844 25.247729396478810315
55.513902146786897163 24.190713008854032751
54.379324454247836229 22.980066794205349368
53.580330989632670935 21.579994340379922591
53.500155496303023028 19.940802981263967553
53.95593924677116604 18.338750566152402399
53.619044340741133681 17.243894444843412828
52.341838816480994012 16.713769883976578257
52.411094802248911151 15.448805394139791147
52.13256459787206154 14.465061195200398458
50.548206411974071273 14.329492084306204802
48.944058753381881388 14.21744537001085007
48.689950151829222591 13.368083922078147552
49.217659680389253651 11.947731963042818037
48.481152283790542867 10.591664442594447948
47.500444305176884541 9.1478181032846581644
46.891873150631290912 7.6521080518781037227
46.963016433818125961 6.3995836429299028936
47.022204866509824228 5.8245044680246884639
48.665404611083658892 5.6909874654102710068
50.374978917564881442 5.5671560329884162144
52.084474815189651054 5.4428691584540596082
53.768134994609063426 5.1685141078495995259
55.387140884027587617 4.5333789032394085083
56.754745490363283977 3.8794515839530427925
56.648524881481911564 2.6884349131393721066
56.834117721933338885 1.4996661166185092373
56.58950469662734406 0.34174289985093569966
55.500279107013575697 -0.9497727586105376707
54.394631911263275015 -2.243981063300334533
53.288984715512967227 -3.5381893679901317284
52.188075461250242881 -4.8316334963522287183
52.308497982137112103 -5.534074931094281169
53.361715075604010394 -6.5751590723155288742
54.651903425086374 -7.6626989613304381521
56.036982026928740197 -8.6426555293406934766
57.448962506586681798 -9.4743998665315629637
58.977084177618415595 -9.8333966723566064161
60.558968316307435487 -9.4582705080566338296
61.569862628658285075 -10.131652209174680124
61.304147428789939056 -11.045989155178865815
62.403903462390530876 -10.10210744016834461
63.503659495991122697 -9.1582257251578234047
64.603415529591714517 -8.2143440101473004233
65.703171563192313442 -7.2704622951367792183
66.802927596792898157 -6.3265805801262589014
67.902683630393482872 -5.3826988651157368082
69.002439663994081798 -4.438817150105214715
70.102195697594680723 -3.4949354350946935099
71.201951731195265438 -2.5510537200841731931
72.301707764795850153 -1.607172005073651988
73.401463798396449079 -0.66329029006312900663
74.501219831997048004 0.28059142494739219842
75.600975865597632719 1.2244731399579134035
76.700731899198217434 2.1683548549684363849
77.80048793279881636 3.1122365699789575899
78.900243966399415285 4.056118284989478795
