80 5
79.263513296310932787 6.3351211779905955979
78.527026592621851364 7.6702423559811920839
77.790539888932784152 9.0053635339717885699
77.054053185243702728 10.340484711962384168
76.317566481554635516 11.675605889952979766
75.581079777865568303 13.010727067943575364
74.84459307417648688 14.345848245934172738
74.108106370487419667 15.680969423924768336
73.371619666798338244 17.016090601915362157
72.635132963109271031 18.351211779905959531
72.535081746772490874 18.305109681422372603
71.896329514873272615 19.741975216818335781
70.761110577341113981 20.808684229582212311
69.880458802173350819 22.030019769163750709
69.277546873333307076 23.425978846548620282
68.23235520040701374 24.494016269061681612
67.148405926354527651 25.449907985168522373
65.97175956026029553 26.343685248318230663
64.807293554400359881 27.103122606884948453
63.727531544058663826 27.710174643491750857
62.321608720131948189 27.849056902167060201
60.750686524240833819 28.067345295175581299
59.57824850213098955 29.056064579167962592
58.410667340868371866 29.589417401647793326
57.041733648050801264 29.571884632873928211
55.784955567347559224 29.938107087065539247
54.78758920546522404 29.978822806107611854
54.432726676682570144 29.981296651161652989
54.373489528589587394 28.612652098917433108
54.318892058620136254 27.010044410992193775
54.264294588650678008 25.40743672306695089
54.209697118681219763 23.804829035141711557
54.155099648711761517 22.20222134721647933
54.100502178742310377 20.59961365929124355
54.045904708772852132 18.997005971366011323
53.991307238803386781 17.394398283440779096
53.937992205643610077 15.79086700879980576
53.894953465165286843 14.185053341602847254
53.624318920130463084 13.384375989924194528
52.605585520286972212 14.193923704717452239
51.737788409694019265 14.626134898445171117
51.430526506980868362 13.837431396061353084
50.118105126653823334 13.962058680253225162
48.555631174732845068 14.354729783841779778
47.095735987434260039 15.004084380872592774
45.663422622498103465 15.737976632383789521
44.23110925756194689 16.47186888389499515
42.798795892625797421 17.205761135406191897
41.366482527689640847 17.93965338691739575
39.934169162753484272 18.673545638428592497
38.501855797817320592 19.407437889939796349
37.199181292717661051 20.065638202855367922
37.118727142504496896 19.926563075446555473
36.792496996968978351 19.334389998540718381
36.313463721837251796 18.36663372566768615
36.097070659193512654 16.880258309569747155
36.157553362536496877 15.431450242105224646
36.783741612432201862 14.059296905239666131
36.37549611603851929 12.776688105030794773
36.219261082316108968 11.647446895355249907
37.363206228721246305 10.666183221311159812
38.313571137983899462 9.4608045955155510853
38.814462416936464706 7.9164504828473498677
39.3810000015019952 6.412947196744509526
40.194129078907977259 5.3849128703249569128
41.683709942632873435 5.369584616726815085
43.28116573373215914 5.5125962237124781495
44.564286712902749343 5.2661516001969479461
45.5111871824505414 4.5459828094532728215
46.728120837902679341 4.109144290823830481
47.514100963192504423 2.9550844630948640557
48.314168689123746958 1.9618790137454349409
49.265291137871038529 2.4948330994769492008
50.37726074945916821 3.6671536134187538991
51.512780818365087043 4.8260593650782785957
52.655585826684024653 6.0022621258762800522
53.423059123891093236 6.864407868219268849
53.44290586791318276 5.8659555181624751796
53.352725894732969891 4.7075761588537039515
53.750926825566459399 5.4620123224071228663
54.307996303368234692 5.8491255396457368931
54.941071950147900793 5.6609654317285196257
55.772008520491731076 4.9373132743620207208
56.624799007437587761 3.9027206642512601853
57.33604655100457137 2.4665241202969228063
58.04378969270388211 1.0202078413024786574
58.751532834403192851 -0.42610843769196582453
59.459275976102503591 -1.8724247166864103065
60.167019117801814332 -3.3187409956808542333
60.874762259501125072 -4.7650572746752990483
61.582505401200421602 -6.2113735536697438633
62.312572153117159246 -7.6117364864603089813
63.341853543129516879 -7.9436042383235410114
64.67086491994592734 -7.2220819276343206639
65.909471377621557053 -6.4246250891769314251
67.087766966874227137 -5.5367425725487731114
68.26160633352202467 -4.5788568841352486061
69.435445700169822203 -3.6209711957217232126
70.609285066817619736 -2.6630855073081987072
71.783124433465417269 -1.7051998188946737578
72.956963800113214802 -0.74731413048114880837
74.130803166761012335 0.21057155793237569696
75.304642533408809868 1.1684572463459002023
76.478481900056607401 2.1263429347594255958
77.652321266704404934 3.0842286231729509893
78.826160633352202467 4.0421143115864754947
