58.987582048821124658 5.0246805016948075107
56.962548807136478501 5.8880840550176909431
54.937515565451832344 6.7514876083405743756
52.912482323767193293 7.6148911616634578081
50.887449082082547136 8.4782947149863403524
48.862415840397900979 9.3416982683092246731
46.837382598713254822 10.205101821632108994
44.812349357028608665 11.068505374954991538
42.787316115343969614 11.931908928277874082
40.762282873659316351 12.795312481600760179
38.7372496319746773 13.658716034923642724
36.712216390290024037 14.522119588246525268
34.687183148605384986 15.385523141569411365
32.662149906920738829 16.248926694892293909
30.637116665236092672 17.112330248215176454
28.61208342355145362 17.975733801538058998
26.587050181866807463 18.839137354860941542
24.562016940182154201 19.702540908183824087
22.536983698497515149 20.565944461506710184
20.511950456812872545 21.429348014829592728
18.521704653962125064 18.60641377123699769
17.359467979835354612 17.215665545727929953
16.197231305708580607 15.824917320218863992
15.034994631581813707 14.434169094709805137
13.87266141134994335 13.043505335204736539
12.693558132662154492 11.667513320593419834
11.463573599653576807 10.342931327022439447
10.456038579143440259 9.9568653350888087772
9.9073343511920182181 10.382488625266507398
9.287275484802774983 10.745505880023076273
8.8733170733802424479 11.322024749163027479
8.4408588578212189191 9.8700159732876997509
7.9425032021149712946 9.6214381681889591391
7.3472103077840067442 11.199545129497707308
6.7450489923800578396 12.902102601350430078
6.1428876769761080467 14.604660073203156401
5.5407263615721582539 16.307217545055877395
4.9385650461682075729 18.009775016908601941
4.3364037307642577801 19.712332488761322935
3.7342424153603079873 21.414889960614047482
2.9721738921425164826 22.844271736824804719
1.4250208538130089142 22.989924629855316596
-0.23365731660344835063 22.83074971731183922
-1.4372544366683044359 22.151568227770084718
-2.4670755024503234765 20.994048450265228922
-3.795296612779814005 19.821046761895583899
-5.3966815222131847563 18.965855941136435803
-6.5458339899736071033 17.681500539784288151
-7.4985690655100079027 16.406203726638636908
-8.1566797252817266894 15.382588683513199967
-8.6888098331156697895 14.439901268881195406
-9.1906994426957560052 13.296746681241984334
-9.455037029292803652 11.611970653728498348
-9.0659734817805048834 10.012865942396340202
-8.7643010675404724452 8.5072270643835778969
-9.7600722988477883746 7.0658277371656934562
-10.730503671240224861 5.4933465322630388172
-10.980619650722282188 3.9566686356072153785
-10.838539721649851799 2.4521490718581158141
-10.546893582330426398 0.79354702596677650916
-10.115881020498974863 -0.83743409681065550387
-9.5833277212965022329 -2.3408776167261411416
-8.9549563746576943402 -3.7519789483017191856
-8.3021497088322888658 -4.9696495625488577019
-7.517621848350973579 -6.211594743220409498
-6.5420049451271893304 -7.5194026220298226804
-5.458453589475393386 -8.7481152282007634824
-4.2063828830105478573 -9.9471726349763045505
-2.8060319421117903005 -11.069295445803312816
-1.321664407646080619 -12.054815298412002278
0.17670140262718447843 -12.871194322619118111
1.9199051977285808146 -12.749109313856829218
3.3738514123792291421 -11.90899793577231236
4.1832397785789536826 -10.352782436319218462
4.8990250012344933594 -8.6938767927938194191
5.6148102238900339245 -7.0349711492684212644
6.3305954465455736013 -5.376065505743024886
7.047200135963276324 -3.7138306830904923572
7.7696610594050463661 -2.0308076081288537473
8.5720101667430235182 -1.0201651847906445525
9.506262942405099281 -0.79534678818680160095
10.581909615959778748 -1.0811649062726109705
11.877092234165479212 -1.6088590521731902516
12.942818200398891193 -3.0345212923184670117
13.93349207889933794 -4.5529141842100608883
14.924165957399784688 -6.0713070761016556531
15.914839835900231435 -7.5896999679932486416
16.905513714400676406 -9.10809285988484163
17.89618759290112493 -10.626485751776435507
18.917106701518417111 -12.078394810766972967
19.837327016991647355 -11.717894168818329348
20.913151792589822264 -10.972169914895374632
21.354484818634816179 -9.9883474741902578131
21.195149939618957546 -8.1846215358144629448
21.140420939952715429 -6.3897756404843031319
20.604057660431692511 -4.7089009292706469623
19.953257361587176888 -3.204002180310076664
20.806910576949636749 -2.83885685520148634
22.532522092578151529 -3.1449695022564507774
22.926569418032592296 -2.8257486943730185658
21.656401359658982386 -1.7197639556073467393
20.273056366372806281 -0.56027440546792084408
19.133420598804050883 0.64945801191104979289
18.769921491432612015 2.0551094552810065252
17.87656923716501467 3.4658582527373540394
20.125969857742589397 5.6185643462410261861
21.664628744703264829 6.5990389618284872597
23.327362565896653024 7.35585828939039299
25.000481353783225558 8.0939578591602856505
28.643248774890313513 8.7788278084561692793
30.977428257500374542 8.490047246397603331
33.311607740110439124 8.2012666843390373828
35.645787222720500154 7.9124861222804705463
37.979966705330561183 7.6237055602219037098
40.314146187940622212 7.3349249981633377615
42.648325670550690347 7.0461444361047718132
44.982505153160751377 6.7573638740462049768
47.316684635770812406 6.4685833119876390285
49.650864118380873435 6.179802749929072192
51.985043600990934465 5.8910221878705062437
54.3192230836010026 5.6022416258119402954
56.653402566211056524 5.313461063753373459
