80 5
79.94463095619472881 6.6282236313043645382
79.88926191238944341 8.2564472626087290763
79.83389286858417222 9.8846708939130927263
79.778523824778886819 11.512894525217458153
79.72315478097361563 13.141118156521821803
79.667785737168330229 14.769341787826187229
79.612416693363059039 16.397565419130550879
78.072967492554710134 15.898427951196740793
76.533518291746375439 15.399290483262930707
75.165521252660056462 16.19533354286086535
74.329197087324857307 17.423973202802113036
73.835157253756932505 18.980557491445473772
73.957818050467594162 20.45370444558390588
74.675035022682507702 21.887246024311139081
75.330916025097010902 23.323337824975201471
74.744851757760756072 24.355917940718924797
73.821529816258149026 25.224369731119509197
72.650007043634147408 25.346925929100073915
71.214571159513340604 25.38138419065743534
70.035625559241822202 26.258552728284954014
68.584093437211009814 26.537970738256401404
67.298295779236099179 27.183886236908904266
66.297467016064203449 28.466784097751379079
65.296482420507430788 29.666793585686924928
64.042833881101032034 29.928319552967113992
62.651615529897590307 29.838213282439554064
61.476499138037212333 30.209304074468754209
60.438637400321205462 30.228520911495685652
59.396145291796621279 30.19356334586190016
58.356047264618489123 29.010849724381436943
57.293439446162850004 27.847676278374972725
55.998899414029430943 27.779774019177686739
54.510229530123396557 28.230739428304715943
52.92470463119037305 28.123442451828324806
51.440790589681697043 28.014990130366690835
50.642275536053318774 27.581126057845022359
50.877515052314912225 26.637392893689362694
51.533667985394991717 25.164685483799299703
52.189820918475064104 23.691978073909208291
52.845973851555143597 22.219270664019141748
53.502126784635230194 20.746563254129071652
54.128269071968844628 19.264758151449338897
54.420915668632964923 17.727124557806572369
53.924170674717224472 16.442881320665620137
53.048522321792809464 15.593244274426806939
51.692232145456351589 15.618723867794004789
51.485517846633399586 14.97551493069630979
51.478071889879643663 14.235193397401079807
50.098146807491055199 14.458846131966206272
48.534404099687982637 14.81136872899204171
46.97066139188491718 15.163891326017873595
45.406918684081830406 15.516413923043709033
43.843175976278764949 15.868936520069544471
42.457865115383874866 16.09194193926128591
42.446577515158445237 15.317593925845953251
42.926259394474712394 13.975680809438120633
42.214678375807672239 12.70197495625159867
41.279939178887630646 11.350711430296739124
40.589606269951659101 9.9347507132908710048
40.65243802402358142 8.6179640993417887529
40.811731506439940631 7.2422142254827344132
41.028045486324174362 6.0541412976168587079
41.635698678903800385 5.5209017821478232335
43.224158083434637945 5.3006830466568199967
44.809002878739953246 5.0544337055563461902
46.38240008042922824 4.7275598680178783084
47.958733100767148017 4.5560727449297537817
49.546850053265799829 4.7335796209056928419
51.137302054404209173 4.9755238296301875778
52.731327952862336872 5.2930414587530627557
54.152789544624674534 5.2989677502779919394
55.385425528774533177 4.6662414751376015687
56.584483897695349697 3.728288664941091568
57.199597465419067532 2.5698029397271060503
56.933439487269609458 1.0674275731957034719
56.553729455262462977 -0.49584128053288351046
56.174019423255316497 -2.0591101342614708258
55.794309391248155805 -3.6223789879900580857
55.414599359241002219 -5.1856478417186435692
55.097183770363244548 -6.7481603127197766767
55.25946962129781781 -8.3048482211246152929
55.061801520034400426 -8.9924580821229653793
56.374338282137856027 -8.2560129199059666405
57.686875044241304522 -7.5195677576889687899
58.999411806344760123 -6.7831225954719709392
60.311948568448208619 -6.0466774332549722004
61.624485330551664219 -5.3102322710379743498
62.93702209265511982 -4.5737871088209764991
64.24955885475856121 -3.8373419466039777603
65.562095616862023917 -3.1008967843869799097
66.874632378965472412 -2.3644516221699820591
68.187169141068920908 -1.6280064599529833202
69.499705903172383614 -0.89156129773598458144
70.81224266527583211 -0.15511613551898761898
72.124779427379280605 0.58132902669801111983
73.437316189482743312 1.3177741889150098586
74.749852951586191807 2.0542193511320068211
76.062389713689640303 2.7906645133490055599
77.374926475793103009 3.5271096755660042987
78.687463237896551504 4.2635548377830012612
