80 5
78.77580791235926938 6.3403318092800624584
77.55161582471852455 7.6806636185601249167
76.32742373707779393 9.0209954278401873751
75.103231649437063311 10.361327237120249833
73.879039561796332691 11.701659046400312292
72.654847474155587861 13.04199085568037475
71.430655386514857241 14.382322664960437208
70.206463298874126622 15.722654474240499667
68.982271211233381791 17.062986283520562125
67.758079123592651172 18.403318092800624584
66.533887035951920552 19.743649902080687042
65.309694948311189933 21.0839817113607495
64.085502860670445102 22.424313520640811959
62.861310773029714483 23.764645329920874417
61.490769879392082942 22.51729798275748351
60.097597262061249523 21.371974559642044511
58.704424644730401894 20.226651136526598407
57.311252027399554265 19.081327713411141644
55.918079410068727952 17.936004290295699093
54.52490679273790164 16.790680867180249436
53.130815450831292424 15.646252961867316955
51.694290238534691184 14.584344233302013905
50.652764430585555999 14.392971745513843729
49.694101333711998336 13.771729950136430531
49.002959922907457724 13.886852718171533994
48.599079467600525106 14.230546159744484669
48.182928345183945851 15.134204702552157329
47.846109711784698959 14.915630790084472679
47.408592880521410962 13.807391625896478615
46.835255533778244796 14.956993287778679758
46.234846296735298665 16.657794187537991348
45.634437059692338323 18.358595087297306492
45.034027822649392192 20.059395987056621635
44.433618585606424745 21.760196886815936779
43.831194211520944748 23.458574467276147146
42.879510912462777128 24.737630913917154629
41.286016252937550064 25.363509481585911232
39.876192917795201254 26.473151173345041087
38.513831492017260416 27.656134555983999945
37.669587110396875573 27.385963510585160208
36.668926177744339157 26.295410175202224679
35.373359663006461062 25.093817736559312692
33.771262598782627151 24.234739638208179002
32.597816957630811885 22.976127809757883824
31.627441035680050163 21.688913338808760045
30.95774223129310343 20.655175215469725458
30.422375305178618987 19.713545368493896603
29.882137313522296296 18.609849736892780214
29.642313973295269847 16.923805983556796662
29.971318453360563439 15.318721170219596672
30.345127516880666008 13.807109853447451897
29.383060643598089001 12.368291557759009791
28.566082371028990394 10.881739315521024025
29.389111070689700966 10.171492532217763838
31.162657806144995476 9.9625621411149065665
32.951499328338876182 9.7616995090597988849
34.740340850532753336 9.5608368770046894269
36.526460595614260285 9.3532620655017630895
38.149055675637413287 8.733841863975543518
39.603630726877291579 7.619015103787940113
40.349414331091359998 6.6716244476490622617
39.784718811422173701 5.3416255261222227446
39.694503037303746851 3.9561293549095077893
38.766044953682438745 2.4624515249277512119
38.284971428482407418 1.514076053984909187
39.431399227640767435 2.2438768064586835926
40.908844245312700139 3.3150015365765153064
42.388583244319519849 4.3806793548436688823
44.002957938276153982 5.0575908459629594915
45.679306680484849323 5.4616232102856301367
46.683852160822034705 6.1237029633523603067
46.703890828799416113 4.8054520341588373711
46.708161832910214173 3.6127617679259151906
47.34948445030279629 4.3024424878300173702
47.926780058699165465 3.3590066105320639522
48.2977063762133767 1.5733002044238399986
48.602830859095547567 -0.21513777410767934151
48.90728401183762486 -2.0035811555997735667
49.211737164579709258 -3.7920245370918674865
49.516190317321793657 -5.5804679185839622946
49.820586750639307638 -7.3683271114114541334
50.049716507549888433 -8.380967946312967598
50.051287933077986736 -7.0498438588339009669
50.006576308155402444 -5.2420218210401419157
49.961864683232811046 -3.4341997832463824203
49.917153058310226754 -1.6263777454526229249
49.872441433387642462 0.18144429234113734761
49.879508095457062211 1.9931439473741197066
50.272680928086579399 3.6962038199954907469
51.685620689592354893 4.328034098896071491
53.164574730533985303 4.7960700461209073708
53.226872548579962086 6.057184958109487205
53.383944697676206204 6.5563833857176812003
54.890892136445209815 5.797308146262823314
56.491377936088809975 4.9521592347974214832
58.09186373573241724 4.1070103233320214287
59.692349535376052927 3.261861411866620486
61.292835335019653087 2.4167125004012195433
63.269940959074375542 1.2375481973135329383
65.247046583129105102 0.05838389422584633337
67.091165760237970517 0.6760859074476155417
68.935284937346835932 1.29378792066938475
70.779404114455687136 1.9114899338911539584
72.623523291564552551 2.5291919471129231667
74.467642468673417966 3.146893960334692153
76.31176164578226917 3.7645959735564615833
78.155880822891134585 4.3822979867782310137
