53.044348437606565483 4.2903826422821831343
50.901296827548300428 4.2603301977937100276
48.758245217490035373 4.2302777533052360326
46.615193607431763212 4.2002253088167629258
44.472141997373498157 4.170172864328289819
42.329090387315233102 4.140120419839815824
40.186038777256968046 4.1100679753513427173
38.042987167198702991 4.0800155308628696105
35.899935557140437936 4.0499630863743956155
33.756883947082165776 4.0199106418859225087
31.613832337023897168 3.9898581973974489578
29.470780726965632113 3.959805752908975407
27.327729116907367057 3.9297533084205018561
25.184677506849102002 3.8997008639320287493
23.041625896790833394 3.8696484194435551984
19.094459132458482031 3.6928201096029118489
19.816425132419844601 5.1604859127194053769
20.667626198312277097 6.5313514856365095795
21.571305915313217838 7.8928159660490671001
22.066994630108226261 9.2033300113084877125
21.56978086052365029 10.525869314834539026
20.862047171988635341 11.942584443291165641
20.053440838034735094 13.247886480012763144
18.702193814454059151 13.93886936361227491
17.265928352477487806 13.573981934895135382
15.824585421274962371 12.837839328566953867
14.383224484862413561 12.100380214516743393
12.941715174266432697 11.36402256110575415
11.4589468840817581 10.926460795697799711
9.8874745353713286988 10.948266591478157395
8.7022309222145146634 11.201412208070889776
7.8894560485130238447 11.832853787533249346
6.6758512487324672691 11.911168391711083103
6.220659031518173343 13.15469084533425459
6.3753410555297538309 14.743873392424429625
6.5612676104871070493 16.341959927349968495
6.7471941654444602676 17.940046462275503814
6.9331207204018125978 19.538132997201046237
7.119047275359164928 21.136219532126578002
7.1734919973896786871 22.547328874551098465
6.2577987105108388022 22.717536861878748766
4.8911516944841260113 22.671137174143222381
3.7472263112011603425 22.962816965053431062
2.7242898713815644207 22.971724521479352177
1.6717889202943301274 22.781500260777654887
0.63579133021873179832 21.517294906188311643
-0.45070367099254005083 20.465003526262165678
-1.7973903089389486887 20.633729796971827852
-3.3073036501374128981 20.983737242235772413
-4.9015649172353903396 20.857893522044502532
-6.3001765658836816897 20.648164176182184804
-7.3629348149106004229 20.042895250368601978
-8.2811698328161522653 19.045264019354878116
-9.3789795604318015876 17.928724677802922116
-10.794515441177914283 17.138570151035029454
-11.971934088408840324 16.165131168454784927
-12.939864943613560655 14.972530001036110647
-13.667442251645198326 13.935271375004649741
-14.204498201418449099 13.06811307628400165
-14.657311730838443964 12.250229903284296284
-14.87503541451442679 11.17974662259263674
-14.676665575410622111 9.6171433215110209147
-14.211845509096603379 8.1812758638236591224
-13.296196010716089475 6.9178982753282634022
-13.332211375384012797 5.6283963093314222093
-14.206764974870393914 4.2644941300299317177
-15.05301631273750651 2.8680139863682567736
-15.958407450843044018 1.5275898395715625799
-16.372006056844572441 0.036443868809499693762
-16.415189184812732037 -1.5698932582248827927
-16.04819918845453941 -2.9256914551705897054
-15.605048916926754998 -4.2055264780032546312
-15.058773826138082796 -5.4900439898227695323
-14.488309887922579122 -6.6170082919058490489
-13.862123384935614467 -7.6830741527310468797
-13.082591785072985147 -8.8306392104676589838
-12.178283773092722697 -9.9770303843119361176
-11.189358060486446433 -11.057832943645269808
-10.057965992688094659 -12.12096817547553762
-8.8127678141589207428 -13.11883968007745338
-7.4957477677115562642 -14.011925374385995724
-6.165193942224339807 -14.769867529856767874
-4.6890193812370908333 -15.013481268370410859
-3.1953686347509386856 -14.724078281101842691
-2.3132318312580357755 -15.48565972585177164
-1.7082375809536971545 -16.448303581325625089
-0.92463133426245569524 -16.624139914635204462
0.03645689623496028986 -16.795308723181769039
1.2738370669442722338 -16.646332531006251543
2.6677034985528966793 -17.021549206425508061
4.0772459717438689353 -16.914362650442072322
5.5239838832865792995 -16.611959664548820115
6.9489955826190410448 -16.644009220437677499
8.3329756149333462645 -16.318259611741876114
8.970984648939596795 -15.290241592577867635
8.6552717852786074104 -13.766749878881938685
8.2608276781481642104 -12.215679305967212187
7.866383571017719234 -10.664608733052489242
7.4719394638872769221 -9.1135381601377662975
7.0774953567568372748 -7.5624675872230415763
6.6830512496263958511 -6.0113970143083177433
6.4114674841589076593 -4.5004447844128092626
7.1478239627757345076 -3.546353623258984733
8.1845220014230921635 -2.6551586444194672509
8.0819071124564203501 -1.3514794489470172145
7.4011814337476407033 -0.27853791764405427811
8.2159092173954402227 -0.3871928928168476558
9.6978293511501849622 -1.0076130972522681084
11.204021145790772351 -1.5855729586243150209
12.737964306114161417 -2.0962590670646292779
14.274873419571068922 -2.5997552303111928218
15.811782533027972875 -3.1032513935577568098
17.34869164648488038 -3.6067475568043207979
19.28784037651485761 -4.5000162880755274486
21.22698910654483484 -5.3932850193467345434
23.348146395282284971 -4.7477071752381405645
25.469303684019731548 -4.1021293311295456974
27.590460972757181679 -3.4565514870209512743
29.711618261494628257 -2.8109736429123568513
31.832775550232078388 -2.1653957988037624283
33.953932838969528518 -1.5198179546951680052
36.075090127706971543 -0.87424011058657313811
38.196247416444421674 -0.22866226647797915916
40.317404705181871805 0.41691557763061570796
42.438561993919321935 1.0624934217392096869
44.559719282656772066 1.708071265847804554
46.680876571394222196 2.353649109956398533
48.802033860131672327 2.9992269540649925119
50.923191148869115352 3.6448047981735882672
