80 5
77.930276145561350631 5.7463219417355890783
75.860552291122687052 6.4926438834711790449
73.790828436684037683 7.2389658252067690114
71.721104582245374104 7.9852877669423580898
69.651380727806724735 8.7316097086779471681
67.581656873368061156 9.4779316504135380228
65.511933018929411787 10.224253592149125325
63.442209164490748208 10.97057553388471618
61.372485310052098839 11.716897475620305258
59.302761455613442365 12.463219417355894336
57.233037601174785891 13.209541359091483415
53.986441210219595632 13.513342818949546142
52.224793831990410808 13.92382817882076651
50.462168749279705082 14.333401327494691202
46.808219546069906869 15.768888569771782215
45.36196345669493013 16.488890567496746087
45.543852498239964177 17.289864488266356801
46.485174334479367531 18.492090871475337366
47.27546349865792763 19.745564851238352588
48.720096301440200648 20.802977779442024087
50.18479361317040599 21.854416584320873085
51.649490924900618438 22.905855389199722083
53.114188236630823781 23.957294194078571081
54.240697415386506464 24.999885214317227877
53.463929302449024306 26.030130379614870861
52.624803329406368846 27.505173072846655913
51.743273455582524889 28.928234249265528888
50.546923186805678085 30.074551719595433497
49.386308766375670132 31.022984321619652803
47.918551897420144314 30.227669880999215479
46.567095349031433216 29.02935754279062408
45.215804191373528909 27.830104858437039184
43.840184249692427443 26.650697827253353012
42.401026949491324558 25.533495582155566694
40.893686401554681709 24.957866105715993399
39.974749033473656823 25.992579010263106909
38.896444845089121145 26.860566749894157823
38.330574992369157883 28.230526941290033704
38.112516029380479665 30.025591538501387845
37.894733667462823234 31.820997563233024863
37.676951305545181015 33.61640358796464767
37.448571681035872416 35.072495324494482816
36.874517119880536598 35.06794573789829883
35.736090562366584322 34.644416969109130378
34.568308196152848666 33.222925761303756076
33.248568916031899789 32.499728513779714945
31.623794017717891336 33.008858726178523568
29.857779253357932703 32.98777683677214867
28.16999930915429573 32.857084920788821591
26.960854302358391976 32.181019766124606463
26.185579319670583942 31.009309546339338226
26.716682533367233532 29.402616477447029553
27.62345796872683934 27.84412967437154407
28.531217483252557798 26.285769148351242563
29.438976997778279809 24.727408622330941057
30.324873847357064705 23.17346817226391309
30.389708081742735857 21.736469933944540855
29.476747040987561377 20.665143187407242209
28.025644927870946077 20.611409089944761064
28.03009697846405146 19.702731958584145389
27.473697992229158871 19.234537788472124475
25.752846137426764983 19.59272829327149168
23.994325537302430007 19.977637287780201092
22.235804937178098584 20.36254628228891761
20.477284337053774266 20.747455276797634127
19.074228782877352018 20.875826843341922512
19.399127599008362921 19.744341363723023619
19.45699990314720651 18.257669055737224539
18.396232558611153252 16.802464811162824532
17.447748076067775003 15.216812529607105731
17.366996049830792259 13.703080781950003342
17.531614785676051582 12.171423454207817016
17.84840526246789949 10.506090930964472108
18.298707316229290143 8.8931612157604860158
18.865153272616026925 7.4304143373978757126
20.4533970074303042 6.6186441658661792076
22.190956914323518134 6.1778908533964695948
23.993460608499010078 6.0830462223932393329
25.234409110280186184 5.2393472986202835884
26.191692367623449655 3.7531408678767927967
27.768851783719846082 3.2649127348438704566
29.318710684818331202 3.956712375902784018
30.554510287588730222 5.2627198980223255376
31.772930617494075989 6.6012953649321053362
32.994966905830032999 7.9389280476916974649
34.279523324667273698 9.2627144857282317503
35.49204737930299558 10.660675775007153021
36.114646769643208302 10.9971975383481535
36.032614692095286557 9.4676161646804875005
36.305013763355958645 9.4811528637629365335
36.972084491645460957 10.341837849582677933
37.723228396748005764 10.196034785279048052
38.689814589028429737 9.5037086905204013476
39.748128570620558264 8.4189671251856079692
40.658656897369446881 6.8631789740931816723
41.584137468888108913 5.3308764808803896784
42.953641805150411415 4.61394269120609124
44.733332868084765721 4.4052064388125513617
46.56311241159757941 4.2284266807716903713
48.323004683403695481 3.8086611341197302849
49.96166407835119827 3.2603713468974628853
50.42375782402965001 3.8526596661242566988
49.877769872590675959 5.436053303582975893
50.5762799821696305 5.9821227494046755879
53.814151207820358991 3.761676258680479279
55.996305273835332628 3.8648699037904394871
58.178459339850299159 3.9680635489003992511
60.36061340586526569 4.0712571940103590151
62.542767471880239327 4.1744508391203192232
64.724921537895212964 4.2776444842302794314
66.907075603910186601 4.3808381293402396395
69.089229669925146027 4.4840317744501998476
71.271383735940119664 4.5872254195601600557
73.4535378019550933 4.6904190646701202638
75.635691867970052726 4.7936127097800795838
77.817845933985026363 4.8968063548900397919
