80 5
78.044793467310995538 5.7429845981974789737
76.089586934622005288 6.4859691963949588356
74.134380401933000826 7.2289537945924386975
72.179173869243996364 7.9719383927899176712
70.223967336554991903 8.7149229909873966449
68.268760803866001652 9.4579075891848773949
66.31355427117699719 10.200892187382356369
64.358347738487992729 10.943876785579835342
62.403141205798988267 11.686861383777316092
60.447934673109998016 12.42984598197479329
58.492728140420993554 13.17283058017227404
56.240209780379714744 13.368872211730952415
53.987691420338443038 13.564913843289629014
52.30860148394886977 13.910581961673999629
49.634287725881137021 14.719177556220438774
46.959973967813397167 15.527773150766877919
45.517904140325221363 16.10687236284095647
45.590605988396482928 16.784691056115804031
46.384743810108446382 17.855782779659609361
46.706664816721115585 19.269862796289142892
47.806053799502741697 20.547966506647213691
49.074103177137061493 21.688279569147240977
50.343892116337862319 22.826947539587319369
51.613681055538663145 23.965615510027394208
52.883181440519422267 25.104387506207508807
53.824595677299306828 26.361436768809028308
53.709319920058135267 27.97374163831512206
52.629813118158772056 29.128970018590514712
51.488941964901378867 30.172909856331379785
50.257018818096597101 31.135533954399040368
49.056539983537732041 31.936056448414916531
48.465231672502234517 32.286382274385630353
47.466874267253217567 30.991364328259432881
46.441740136172775522 29.623310154842236841
45.416606005092333476 28.255255981425047906
44.391471874011912746 26.887201808007855419
43.307903907968132273 25.573165234366939558
41.988999805574081847 24.890051540357049475
41.061015010890137944 25.694037214641184619
39.964743565277494497 25.890942745631676303
39.189848206728186142 26.91481330845395803
38.626916942973501534 28.5310728825052351
38.03124772676341081 30.130943280231029746
37.422957419330742823 31.723928871858294798
36.7948041441957443 33.1984138748540758
35.907343071102722831 33.126669898231078548
34.704168388058711514 32.31889740638915498
33.201195094264434715 32.757801384304940484
31.555764653474263071 32.866151776346313795
29.854925501255245024 32.834126694377161471
28.634587365447988105 32.265674856268347526
27.540072589458084451 31.553709029065551306
27.559132696791522221 29.953439629735473915
28.28855874905134371 28.41840891851349582
29.072346492789961303 26.888399076002865939
29.85613423652857179 25.358389233492239612
30.497689125520235365 23.82219854851296148
30.384087293282345144 22.229782763767264697
29.73028864400214033 21.1227431126820413
28.358824530226339533 20.990885801440139602
28.382937720995457198 20.060899320200391571
28.116632628082445677 19.08510607845872542
26.49477322050540451 18.758027293790309642
24.780766379795682752 18.679331114511750656
23.068857007876019338 18.63431761091894856
21.436218530840172036 18.400789765453176017
20.164229961344723563 17.338868489857368616
19.183052877348337972 15.895280321099832577
18.574482703053138977 14.399569594827001495
18.658404080977497586 13.007936602588612729
18.860466267791956341 11.499386847251997779
19.198139996745087643 9.9262850468719960872
19.645700599359123828 8.4304371800023965022
20.316872266850616313 7.1157293992359305079
21.835825154532269465 6.3499395532100288975
23.470043764329599156 5.8566900602510374441
25.06913116532171415 5.5040680315044179238
25.86668725848593553 4.3631246648962243029
26.83814520137333659 3.3004205671453865634
28.272299254616232389 3.4817284251370281822
29.525709268533375962 4.5965046971421879007
30.762932306489300771 5.7808246040659039267
32.000155344445232686 6.9651445109896181762
33.237378382401168153 8.1494644179133359785
34.529728149681318428 9.2316316533654934062
36.003194334103731933 10.068584864700895309
37.148879330990681069 11.176937628959338511
37.441304548784302142 10.722343850049096403
37.308333652955575133 9.2240247732338058739
37.646102429151952151 9.5135028848131408807
38.301257502125956478 10.01584618123642656
39.083210638985576679 9.5488646549536113639
39.867517989634222886 8.3860734228138955615
40.670656547953669246 6.8703488859998040894
41.529413589175668164 5.4289358069874671386
42.799043705164699247 4.9334284520574644972
44.493244722687904869 4.819999360410996303
46.140189686629369703 4.2267206495272207079
47.662141948085206877 3.3973006129015370647
49.141867900383196854 2.5040955130906272785
50.429143511730615046 2.215185136389171916
50.978722414830244247 3.5250806109527355048
50.592607602928694632 5.1402137032441093112
50.522377654438081152 6.2643685895325083024
51.893446157821628617 6.0925312978111483275
53.571189055105904231 4.982750156325735702
55.248931952390179845 3.8729690148403239647
57.31152095635766841 3.966888263603630449
59.374109960325149871 4.0608075123669369333
61.436698964292631331 4.1547267611302434176
63.499287968260119897 4.2486460098935490137
65.561876972227608462 4.342565258656855498
67.624465976195097028 4.4364845074201619823
69.687054980162571383 4.5304037561834684666
71.749643984130059948 4.624323004946774951
73.812232988097548514 4.7182422537100805471
75.874821992065022869 4.8121615024733870314
77.937410996032511434 4.9060807512366935157
