69.259689387249807169 5.9878421875062111113
67.279517974245194978 7.0276721677392401944
65.299346561240596998 8.0675021479722701656
63.319175148235984807 9.1073321282053001369
61.339003735231379721 10.147162108438330108
59.358832322226774636 11.186992088671358303
57.378660909222169551 12.226822068904388274
55.398489496217564465 13.266652049137418246
53.418318083212952274 14.30648202937044644
51.438146670208347189 15.346312009603476412
49.457975257203742103 16.386141989836506383
47.477803844199129912 17.425971970069536354
45.497632431194531932 18.465801950302566325
43.517461018189919741 19.505631930535596297
41.537289605185314656 20.545461910768626268
39.55711819218070957 21.585291891001652687
37.57694677917609738 22.625121871234682658
35.5967753661714994 23.664951851467712629
33.616603953166887209 24.7047818317007426
31.930210460156583707 23.019491284014090837
30.243816967146280206 21.334200736327439074
28.635849062243114105 20.289103108412163579
26.936401955173451483 19.435047254341696998
25.48527723937471734 19.592484461631293868
24.212638882575415522 19.978717906814118521
22.895136126511985708 20.479381287776501352
22.838645717768446985 22.266569434255881532
23.04581151995818189 24.168782252199786598
23.252977322147920347 26.07099507014368811
23.460143124337658804 27.97320788808758607
23.619087319771693956 29.811747801759530319
22.777060681887121518 30.291935636797120424
21.191663130102789125 30.347976684906658562
19.860333237862626277 30.563460709199016918
18.64920657344579169 30.550429947672174791
17.400382317627592244 29.547074191433257084
16.134995609396646898 28.185666477660799245
14.563512738801295043 28.243976496452738445
12.754782744189775201 28.550227487262215931
10.856701958157806587 28.488326088722864426
9.4707943630667941193 27.88833050204159747
8.2801920194969014233 26.9512865599869329
7.1606055055559130196 25.532128331741013483
7.1252152395875674173 24.201826474969305281
8.2679298054600671719 22.71246593272474712
9.4445260121566203537 21.218387958010556105
10.621122218853169983 19.72430998329636509
11.797718425549723165 18.230232008582177627
12.972943195633133584 16.735141813291054547
13.933496721817750341 15.180812796114794949
13.379446013035517282 14.481391428865585169
13.116773082083566848 14.016491921591672565
14.151718759432347028 12.748218053279771311
15.006693092295739334 11.652656002319675466
14.103279016837685589 11.150774978449140562
12.208089259434894203 10.713521218014761871
10.326225707372936213 10.338666344014336929
8.4426323228154398493 10.027070139094771406
6.5590232253844620303 9.7160441689033127943
4.6754141279534850995 9.4050181987118577354
2.7918050305225077246 9.0939922285203991237
0.90819593309153112681 8.7829662583289440647
-0.42157044931696674439 8.4860056083063977184
-0.29428627151811426188 7.5047255622069855008
0.053580394271477871371 5.7705294642350102308
0.54683554401632861186 4.0927235650476561091
1.1537758427537418982 2.5347338677150528241
1.8302171139909759745 1.1415847433574271008
2.5686441232073988772 -0.12615846750558112888
3.5169906661505869749 -1.4953345906098665097
4.4821718389091120827 -2.6754499879308522026
5.6143138933935885504 -2.6936905017586965094
7.3715410529792375627 -1.8975017323524487889
9.1851822950712431748 -1.3311039357797997962
11.048687370302269883 -1.5962301526054207823
12.725019315525457841 -2.4808797682420697939
13.589633924931748155 -3.8705741017637276258
13.742152304114719996 -5.7518232213865223557
14.05003182776726689 -7.6252999051533612018
14.724415797082096802 -8.861595110891776983
15.678315365679518223 -9.07004640408920082
16.84654961460917022 -9.1260274427533900621
17.617916624506364087 -7.5153055487880182639
17.91933897450323343 -5.6339715221415476165
18.211017932810204201 -3.7470268774165349512
18.502696891117178524 -1.8600822326915216198
18.794375849424145741 0.026862412033492308328
19.086054807731120064 1.9138070567585057091
19.388129891610905275 3.8000905648753868782
19.852519225094535926 5.4563995141209726825
20.69302763009038415 5.9361794753682293191
22.087713447758414276 6.0658144540220666485
23.822185467367255285 5.924398593231975596
25.642930391589811023 5.5768872145153496334
27.428374894652566951 4.8035291967365667531
29.18121911613685171 4.016091215607787035
30.927379819584597698 3.2267497977107257867
32.673540523032343685 2.4374083798136645385
34.419701226480093226 1.6480669619166037343
35.998516037908167675 0.96867784778790611
35.738365002966254735 1.497555808036825864
34.347249972506809002 2.7695180190279802268
32.943949403579814827 4.0523263243177982673
32.288210573934762238 5.3923172944373156668
32.375252852775048495 6.953116145978858853
32.169180522465275374 8.6375491614971853238
33.505275607832174956 9.4881805267651184721
35.375919398580506936 9.8387795527296724174
39.448899724615117179 9.6522382613761017467
41.742037390971631794 9.370361640309187834
44.035175057328146409 9.0884850192422721449
46.328312723684661023 8.8066083981753582322
48.621450390041175638 8.5247317771084425431
50.914588056397690252 8.2428551560415286303
53.207725722754204867 7.9609785349746138294
55.500863389110719481 7.6791019139076990285
57.794001055467234096 7.3972252928407842276
60.08713872182374871 7.1153486717738694267
62.380276388180263325 6.833472050706955514
64.67341405453677794 6.5515954296400407131
66.966551720893292554 6.2697188085731259122
