-6.3957222608877231096 -8.7749994853980162191
-6.6534446651567931141 -7.3471719119060194814
-7.7587653411766881462 -6.3138157903136669091
-8.0998285789303405835 -5.1843173341462085446
-7.3451574964632078135 -3.8446518843809278643
-7.5507914630589709759 -2.583204288762305012
-8.2429722847286353016 -1.201534585966417934
-8.8896102560501493173 0.064199407054996993072
-10.102567274977960921 0.026436946705428506638
-11.588396977870480953 -0.59207539523071806009
-13.076325701408883617 -1.2150550439482996623
-14.564254424947286282 -1.8380346926658810425
-16.052040934538617023 -2.4576807552598181061
-17.521950970461844577 -2.6476168749397426261
-18.969290191960268999 -2.044279419638399542
-20.447763616333393344 -2.1359020365185164003
-21.597700652988685022 -1.9510173044206713389
-22.690416477746875756 -2.3738114675127794939
-23.916663551856323977 -3.0842680845518848365
-24.560711924862221878 -2.2108900232493642335
-24.773236019447519851 -0.59504972228422214897
-24.937803029834888946 1.0251916483084819731
-25.114041767332281552 2.6376388479481658322
-25.315030452341233058 4.234978680892100833
-25.519888974504056023 5.8299563654351542752
-25.724747496666871882 7.4249340499782094938
-25.929606018829698399 9.0199117345212638241
-26.137317926361070874 10.473965097306141558
-26.552578215201460665 10.473183655375539303
-27.498610126134050091 10.439176383849940066
-28.538708197007341738 9.2564644417323993508
-29.601314205970119531 8.0932905022638816916
-30.895853292408094859 8.0253876292894954503
-32.384522362244062776 8.476352578117715808
-33.970045257520730786 8.3690555409023943412
-35.457943935002681712 8.258555836924532656
-36.535300989761942958 7.6615511785252969901
-37.510391078874860682 6.8073417177688408941
-38.503930603105949615 5.6057927354089081007
-39.890073545006416111 4.7720027456387761333
-41.150460076412088029 3.8792021945747254819
-42.139805650679463156 2.6948432859580044862
-42.91952763144213634 1.6117588059480070228
-43.483648395682969579 0.72034684973392870688
-43.954969359906939985 -0.1146664606806648834
-44.432003660208238216 -1.0698040541647308999
-44.656456010156986736 -2.5328835730718481933
-44.655128219533523293 -3.9875251055268998712
-44.014655088874562239 -5.3634878146398694554
-44.367001484736952932 -6.6567227698184421314
-45.346480378734199235 -7.965677641050380231
-46.179036005903284945 -9.3819656462519489537
-46.270854250532877927 -10.732398764425052917
-46.145420227127765145 -12.064906507431803817
-45.900678824673576628 -13.537799392626908457
-45.541856508027386496 -15.005492292422403011
-45.097517480596181372 -16.375732127367314206
-44.569862445959032016 -17.678797648009073384
-44.000675349454873242 -18.849740625675138972
-43.399677566956775365 -19.910451080859804307
-42.66178964318842759 -21.037528708554745549
-41.779500335838186231 -22.198569601112861704
-40.81797366768065416 -23.289060229444672245
-39.722363887156284079 -24.358937548862677147
-38.50130643047416612 -25.377963515298123554
-37.19704172523118757 -26.300705960301939967
-35.868655352759397203 -27.091779057277083353
-34.45398707211094802 -27.560436084573158411
-32.906478394906557128 -27.257542152013733983
-31.832415077007929938 -27.665505495602761954
-31.271686860124461305 -28.899393080658537514
-30.499747128182637113 -29.080963877623602798
-29.591932379132881437 -29.253750820391104526
-28.428719946236068239 -29.156941369651349305
-27.085194626938442042 -29.49744233367766455
-26.23990629352450199 -29.171062769824569472
-25.970632729386124993 -27.669265923354608105
-25.741402983220151413 -26.085669050698470528
-25.512173237054177832 -24.502072178042329398
-25.282930213817188303 -22.918468799718283435
-25.040861539976916106 -21.328580946193518741
-24.757708116940097653 -19.718733676850177972
-24.282641566897581242 -18.212538881038248917
-23.047851471402800883 -17.636984314040489608
-21.459387581407071366 -18.041341469039885226
-19.932480266612802922 -18.515734842882643818
-18.385932640978257524 -18.433740174029114911
-17.061733676719089914 -18.027392473266523609
-16.777790538631343509 -16.918572695439795694
-15.907747710130365704 -16.763655218259025048
-14.433045907407883846 -17.376942823535841853
-12.945578031703480093 -18.006433707949042855
-11.458110155999078117 -18.635924592362247409
-9.9706422802946743644 -19.265415476775448411
-8.9988845274534270402 -19.546204200165576026
-8.6866902449441454337 -18.986476270449628601
-8.9963879020531614117 -17.696225002284403871
-8.4902896826949749709 -16.57727187620650966
-7.4876380617469235901 -15.57169278085449271
-7.6326055663637202287 -14.09987619418383531
