-30.961058542854342335 -5.2720980133875157136
-31.304007197408644458 -3.7863540170439886623
-32.473742738199817381 -2.700831931287179799
-32.529791747792593526 -1.4443316200781968206
-31.811408369299524423 -0.020404050314026811463
-32.302082833049013288 1.3502651139016563775
-33.055510697508452722 2.8502900435131541812
-33.922485442590321725 4.2319821211676433848
-35.152959993767666447 5.3375653134065821348
-35.701940848197118328 6.9016341148603679301
-36.746022023215161312 8.0848418790149878532
-37.884685661525239198 9.1363946136457148128
-39.110088356962947387 10.102964027883135856
-40.362083646293406503 10.943288885066337457
-41.515137994575873392 11.603781400353962994
-42.975947969044185015 11.744646996786713089
-44.685568744768282556 11.705758653324771501
-46.118211912306044553 12.461608575016752454
-47.499374510673384009 12.677988616691708401
-48.925876166583279314 12.256158091788041276
-50.132419287655977769 13.131029435289118368
-51.257308122702454511 13.370727289072991795
-52.35968868467346482 12.16027486334422214
-53.527108417346461522 10.908351928864121305
-54.795011181379180698 10.602079964279003121
-56.152941845557968747 11.541623615204933628
-57.691680132099861567 11.900186546161569012
-59.387388156026354125 11.836734793361756601
-60.675584105539918767 11.362276499821270193
-61.800739214503437324 10.680036858852062664
-62.734974440357575531 9.3525365732393055396
-64.14119355658549182 8.3888902691024167524
-65.557577536220591696 7.5078920115725846784
-66.618192225429879727 6.2624999648782200268
-67.465611199348771265 5.096551411774074225
-68.065865265250948823 4.1484077876771863203
-68.564909545951692849 3.2579306587200260736
-69.051071931237274271 2.1889231770943382571
-69.298034864891093321 0.59534364441669873624
-69.041801805586601404 -0.92582677757947284825
-68.547730936915101552 -2.3649987767649740533
-69.34269057454673657 -3.7194993084125975713
-70.31074161673811318 -5.1718188290175648447
-70.86534839039930489 -6.6629262865534846227
-70.775640908822310848 -8.053422149445118805
-70.565364270300534599 -9.5719234881294283923
-70.220276480484287163 -11.143363448537700222
-69.767667103463480771 -12.631300501538538228
-69.224699259689174369 -14.024670143213269213
-68.620817998048096342 -15.293809752752489217
-67.98654330705815596 -16.42335561290916246
-67.20256200402471336 -17.620420772279537402
-66.259544662091158784 -18.849760305441414232
-65.223354694057732672 -20.003275182449510083
-64.030977433916064001 -21.134424007889172969
-62.708180559145340283 -22.194443199869429151
-61.395733311102347329 -23.080018625095171103
-60.579793199132211612 -22.903365260276558502
-59.697909692980800855 -21.458381278003233916
-58.819149559617457612 -19.997146845362504308
-57.940389426254100158 -18.535912412721778253
-57.061629292890742704 -17.074677980081048645
-56.182869159527413672 -15.613443547440317261
-55.304109026164070428 -14.152209114799589429
-54.425348892800727185 -12.690974682158861597
-53.546588759437376837 -11.229740249518133766
-52.659675182236149737 -9.7896139841807805482
-51.623310855026431909 -9.222240660084517927
-51.16677238664697569 -10.475491216462753385
-51.132853832304924424 -12.180148671253300918
-51.102092855279657613 -13.887406301900302452
-51.071331878254397907 -15.59466393254730221
-51.040570901229131096 -17.301921563194301967
-51.009809924203857179 -19.009179193841301725
-50.979048947178597473 -20.716436824488301482
-50.948287970153330662 -22.423694455135308345
-50.917526993128078061 -24.13095208578230455
-50.827891958088883939 -25.735496214703609041
-49.968761687050530895 -26.003684159519849572
-48.457710073439947962 -25.657619602168427519
-46.943638393308596335 -25.681321730210317611
-45.437818842796012575 -25.318333571966029183
-43.843117560108737507 -24.78566127740247893
-42.275043506326014153 -24.12836492026163171
-40.797310211822001236 -23.347283780415214238
-39.472219671024632248 -22.502927126594453711
-38.22025756293353993 -21.559406603868882968
-37.006942130442084249 -20.483205728322069206
-36.013519205060852357 -19.456521539451060221
-35.796538571286589558 -18.350723685083714543
-35.989877901089954548 -16.963050848086645317
-34.746139237897047281 -16.637198262109134106
-33.669765553657214241 -16.269910418608784397
-33.214275918518765707 -15.459128861627419838
-33.579294160058680063 -14.03870392876409845
-32.788210870755236215 -12.925035019936395031
-32.003709632588268619 -11.741675245935102367
-32.334384603412750891 -10.095166509493321172
-32.517331242081418452 -8.419892176131348549
-31.816301361887198595 -6.9902862685522215713
