4.8536182188102756641 -6.41957855224609375
5.1337926911646540873 -4.3834559817546754346
3.1695099109893334344 -2.7193664823694621013
5.2206141676852588773 -0.096890172366576265972
3.8365550041714620022 1.6280091088369204044
3.2236631000952726822 3.6622768128985185854
1.2718977404814175713 4.8494720531143222786
0.84617198133277327088 7.1628324335306441384
-0.14976582491076761983 9.2276818318761986149
-2.4769154505122745746 9.7690257215255122958
-3.6513392984233252747 11.918133941514771124
-6.3263116284553859714 11.351764727590655468
-8.3825766824589873494 11.603471736704637607
-9.9430264704093413997 13.78961815219557252
-12.213410464327042249 12.849008885889205089
-14.238622665405273438 15.066384758183158254
-14.913337314817248114 -0.0001062723699538636879
-14.593747562124963935 -4.7488509592349714694
-15.237546730524229588 -3.3452106532564549468
-15.764181918868604981 -2.9931141003469989847
-17.011202249844068035 -1.6173263024054280734
-16.606831678882855385 -3.1600180967793347619
-16.928926567063651731 -3.4316925529880490942
-17.220237883126728207 -3.7349208684772134959
-19.535322185359071057 -2.5713020045300787331
-22.853858391347202428 -1.4455718083137281127
-22.703210834101035687 -2.6509005856703447002
-32.986430618861149355 -0.32804708801637083582
-31.550424042844053218 -2.7398419449759563449
-33.075516894772462706 -4.4397416295106300055
-34.177093372981488528 -6.41957855224609375
-35.576116000764656633 -8.6622394848374995036
-35.126305849785090629 -10.85939247950972586
-34.139793090585129676 -12.885861317162127904
-32.2872867831448076 -14.455362130796652664
-32.871685814978441442 -17.177383214809896828
-30.57874287543124936 -18.291369284857477595
-29.851251241243826229 -20.477253084874366351
-24.509561265641202965 -17.826611560613503826
-22.547023902634720116 -17.855113855005999568
-20.958779535077450618 -18.059229582355158072
-19.119820852043723391 -17.382930235084941728
-17.317872134644058946 -15.896530881690232206
-16.96317848573720255 -19.237612496582947585
-15.339056541865366157 -16.889505749016514358
-14.238622665405273438 -26.889439958608331693
-12.208928497010155922 -25.730809017662352289
-9.941402489071649029 -26.636415490268372963
-8.0903236934524684898 -25.342090753432458428
-6.0431306915738840502 -24.826957652496737694
-3.9265984207273394446 -24.280530233303515786
-1.5793326978214512479 -23.843599736232505393
-0.072680047958703752897 -22.152451363092353631
1.4255670310701091807 -20.523679720337703714
0.28318585203344781576 -16.970288912552561555
4.0968341732565320967 -17.00555997519614948
2.7033227157852444122 -13.962618576460821274
4.9122292872167356848 -12.642067735557317221
3.9088560640220606501 -10.276944141740036898
3.2947666694869610637 -8.2624117304992275024
