-8.9144175514759798062 -7.4073127289393569939
-9.2573665549171320066 -5.9215686146069685947
-10.427101678134533813 -4.836046556276513364
-10.483150737703491373 -3.5795463091475769879
-9.8150330774007041867 -2.304721619826837653
-10.780909813539325981 -2.0316124985048267249
-12.485475261774833911 -2.2044772549330771128
-14.19493593010376209 -2.380297437986578668
-15.90313686211558597 -2.5269172011984291082
-17.603840420414400114 -2.4985274267907309209
-19.310859142569945845 -2.5498698958118897195
-21.005801089868185727 -2.7794565598431781872
-22.452212660233630714 -2.2509937328277804802
-23.871920687039285269 -2.100944136516624372
-24.53789701064023987 -1.5363314601811093318
-24.932025271922572784 -0.13276980656290654492
-25.278423553105525912 1.4395465112007510555
-25.280073413054640952 3.1784980428381723883
-25.188165503569084791 4.8961306660312589045
-25.087547434521223266 6.6116936068333380661
-24.986929365473368847 8.3272565476354216685
-25.031262312855492524 9.9440185794167277322
-26.109680694070956264 10.871628060047440201
-27.474047750767105924 11.747601746690005342
-28.629869827063171073 11.792471411500287104
-29.714254979440337223 11.773777743740332369
-30.832112633406421054 10.852808549538957905
-31.947930749226102876 9.5589663737467720495
-33.284056763117106925 9.3012196940973197457
-34.85712140313591334 9.7863789780883472247
-36.540249387418697324 9.6874056487537405502
-38.084310641739975267 9.5222584868730457686
-39.219332482712331966 8.8817186806304135871
-40.198996420723645429 7.824701516684235969
-41.395232201761423596 6.6647684881180300209
-42.908412114637592083 5.8447208580819554058
-44.082063749891631232 4.7277856046245627653
-45.061714091983041897 3.4745876111546589726
-45.75586503502906055 2.4437594637891919547
-46.287978502682520343 1.5469256952825336526
-46.781308226522234861 0.60590336563763003142
-47.070053683284264423 -0.79153536832917670285
-47.261771520806220792 -2.358726203574323943
-46.611161948362514806 -3.8332016605474006354
-46.806780553733176475 -5.2197225868226704293
-47.837523460033239076 -6.6046101037695024161
-48.725301819404847947 -8.1071204289620624195
-48.783273522902838693 -9.5352948568686581865
-48.635472408473745531 -10.971094719969746833
-48.351732486234574537 -12.542775794017767765
-47.944102909432700699 -14.084818524040899845
-47.446952950630304713 -15.508232349023202801
-46.858992018941847846 -16.858945114741175075
-46.249317378659114297 -18.028921302127713489
-45.548939550634528928 -19.178888774331490197
-44.669325876911919693 -20.414555000190581779
-43.680078170382401481 -21.600572454664614952
-42.565298220244017102 -22.741745492782975191
-41.296797845950024453 -23.843548530121594808
-39.924638722593137174 -24.845442251483284224
-38.514100459005760513 -25.704238658029392894
-37.024277378861576437 -26.242063356250568518
-35.384693361901085495 -25.936111592687325356
-34.295510140850055336 -26.465425003899845535
-33.669653549427749795 -27.611530569496018472
-32.839135851855800752 -27.800083755118901507
-31.818983669944433501 -27.981556767620357817
-30.487441301562988372 -27.855267768677496321
-29.186644538437345631 -28.203326929385781341
-28.816978450147686885 -27.168515214083335252
-28.802790686416642529 -25.463582647511969981
-28.789684453403967979 -23.756766038329502067
-28.776578220391304086 -22.04994942914704481
-28.76347198737862243 -20.343132819964587554
-28.750365754365951432 -18.636316210782130298
-28.737259521353280434 -16.929499601599665937
-28.72415328834060233 -15.222682992417208681
-28.711047055327934885 -13.515866383234754977
-28.697940822315256781 -11.809049774052295945
-28.557043543133790564 -10.215390248384697003
-27.666949632661619773 -10.143410625797590896
-26.62316244690597955 -11.437680134606374338
-25.604773645495814804 -12.802537471542084546
-24.586384844085642953 -14.167394808477794754
-23.567996042675478208 -15.53225214541350141
-22.549607241265306357 -16.897109482349211618
-21.495981402811491279 -18.168818173469556854
-20.062453224794133178 -18.475478532233893247
-18.418490054148630719 -18.186579380908934667
-17.668661090000124858 -17.158515143046685125
-16.80669854692452958 -16.640644030400146391
-15.230590915256895457 -17.149423243608413969
-13.619471254684780703 -17.708080870281687424
-12.008775740773957708 -18.266351275497786588
-11.430245049133468171 -18.072497402721666049
-11.250483823551757467 -17.133235977541577455
-11.433889311122246824 -15.726871608955274695
-10.311122600296474872 -14.704346001113661302
-10.020158560729070629 -13.32261538784950794
-10.409175523410445052 -11.628386529303716301
