-30.518749417040844207 -8.0931692496415639226
-30.776471702726542645 -6.6653419416320964785
-31.88179280168195362 -5.6319858600080392463
-32.222856126489844542 -4.5024874596125634696
-31.468184551442664798 -3.1628221306222976672
-31.673817165910239879 -1.9013743994741245658
-32.365997584307969248 -0.51970478699504774056
-33.004753806324487186 0.91716012106160005324
-34.13997427329582024 1.9838695032441349131
-35.02062606259459443 3.2052051857046688355
-35.623535803929314625 4.6011658034593097
-36.668727633108360919 5.6692031304443712969
-37.75267497460463062 6.625093037717336486
-38.929319223633811475 7.5188688342898934991
-40.093786797577926961 8.2783073677826841674
-41.173550590220116874 8.8853603947985924094
-42.579475135840624489 9.0242413731554034229
-44.150395720483516016 9.2425301433817352859
-45.322834480752639763 10.231248872378747805
-46.490416225309900256 10.764603103711134935
-47.859348491978295215 10.747068633192608189
-49.116125486979647974 11.113292288584386114
-50.201246314342270693 11.155205843659359743
-51.217858299390051968 11.141007333826365766
-52.273097552037803837 10.413568131302129771
-53.313299355491530207 9.1534047683630674896
-54.498303206208554172 8.5667227779398107401
-55.936862414570768465 9.0542332967115175535
-57.492298304287309918 9.110398656180224819
-59.093542437635541376 9.0767037507435421873
-60.265020127398898353 8.5714272018313266699
-61.322367005502101733 7.9304186511663168346
-62.184047388739557505 6.6821410536786070011
-63.474367989778002652 5.7374892490178979187
-64.886744978020658436 4.9772397332267601655
-65.902782094600922846 3.8294627803473968441
-66.784729962168285056 2.6688558361245178219
-67.410521980234221928 1.7240822039785062003
-67.905393022881412435 0.88392849710275278596
-68.368782348408899452 0.00028863827058422941718
-68.63849960531409522 -1.2872660961977904215
-68.905348607069569766 -2.7722579083642422404
-68.345815732492368966 -4.1721661295423615456
-68.198505378839669788 -5.5008347971993867276
-69.120189078303866381 -6.7762053979087628619
-69.995050820558617488 -8.1666770851811278931
-70.417483851493017255 -9.5604709949944126635
-70.327819534076780883 -10.865931215540953758
-70.12982479031441585 -12.297507442687040324
-69.811897952956769586 -13.778581213732412181
-69.395004623517593245 -15.194977009527345757
-68.901217058661870851 -16.513338195065454528
-68.336934127311749876 -17.751561500266554106
-67.758822230851421864 -18.829657316512644627
-67.081542109608477631 -19.922176077972089558
-66.244264586164405273 -21.087655459446448702
-65.313559056659443058 -22.203488939374715017
-64.273554782853935308 -23.278349502355560219
-63.093844012054425718 -24.323651958652021676
-61.816399295857863194 -25.286038067539099217
-60.48988714158827662 -26.129473674016537643
-59.155947827091985403 -26.839697308196118541
-57.593664164659898574 -26.705782943693698428
-56.237029662772258121 -26.042017992287284756
-55.504984508816441746 -24.716086450245200012
-54.938002704900227968 -23.21784747427258111
-54.371020900984007085 -21.719608498299969312
-53.804039097067786201 -20.221369522327343304
-53.237057293151572424 -18.723130546354720849
-52.670075489235344435 -17.224891570382109052
-52.101003371827914634 -15.730248594540906737
-51.401630784898436843 -14.829438859097894721
-50.981014442907458317 -15.813376793425911515
-50.903099183937982275 -17.409408135731059275
-50.831401080323892927 -19.010993465874175712
-50.759702976709760947 -20.612578796017299254
-50.688004873095664493 -22.214164126160419244
-50.616306769481553829 -23.81574945630353568
-50.544608665867436059 -25.41733478644665567
-50.449148777919830877 -26.977457619466477468
-49.780041710165548352 -27.537863615142359919
-48.403198689972143143 -27.216850195435320359
-46.979551972481566224 -27.746659487770639174
-45.452209004232877021 -27.961315699231843013
-43.848987866257161272 -27.649460983832401695
-42.331723081571837497 -27.130428373693323607
-40.902320317951577522 -26.428044693271871779
-39.59536936688169817 -25.654294473395193421
-38.401916515265959617 -24.822125043911341891
-37.230870336286947975 -23.869260051522012134
-36.136347692516523011 -22.832112731525935345
-35.337702273760669414 -21.966450130795735163
-35.487400276967846935 -20.693888520508654238
-35.415887198806913716 -19.575133264983907821
-34.051887638852150531 -19.411363808538609987
-33.1873858024196835 -18.976622546543460146
-32.75648401172082913 -18.204829201943852013
-33.14201284929366409 -16.848631099855690962
-32.461140899618385447 -15.782057053662125412
-31.57044484333447798 -14.729784583056977354
