-27.826898977844997773 -12.806591033935546875
-27.656284518027362651 -10.701960317920907073
-29.948053342522971576 -9.0374409197317113751
-28.221279409768865065 -6.4839029822556977223
-29.605339050078740115 -4.7590039692642722713
-30.218229761867508643 -2.7247359078281441214
-32.169996418016111761 -1.537540807020226552
-32.595723640952449784 0.77581973358202205304
-33.591660105041043494 2.8406693924188459732
-35.918807835915359306 3.3820132397781499378
-37.093231424484628178 5.531121447699284488
-39.768204252356753159 4.9647522459012023432
-41.824471123183371901 5.2164592256016248939
-43.384922045759537923 7.4026056897267196177
-45.655309560620125353 6.4619954291547614389
-47.680515289306640625 8.6793722764937051295
-49.684421290341013844 6.2593068356535042085
-51.306677480028639593 4.2531615268343827552
-53.586233132556088776 5.369327861251694145
-55.595698081243952515 4.9712023138344179074
-58.190127114905770611 5.3965895374079124736
-59.066526983592872568 2.8649123005169432332
-60.74021421984262048 1.6976713304621995348
-62.795773249393349147 0.80324823757702645821
-63.7627200999928192 -1.1221894644087342385
-66.827346074571295276 -1.7521632617056415171
-65.612495413188895554 -4.8227598217733795849
-66.428328955572411019 -6.7150598691058656087
-64.992318547867995449 -9.1268550185371957184
-66.517407609803456126 -10.826754573558741157
-67.618991718928754153 -12.806591033935546875
-69.018006715801249129 -15.0492519809520644
-68.568200386618258335 -17.246404934932407116
-67.581691474780086537 -19.272872727462956988
-65.729181306246317718 -20.842373677113595676
-66.313578438879801524 -23.564395696499349953
-64.020637422144972106 -24.678379837914295791
-63.293143865145196969 -26.864265566563819476
-61.357211824768242536 -27.996098532056979735
-59.694223514755627491 -29.342046623048201326
-58.003386668147939531 -30.686327682828292041
-54.170323598388719688 -27.382930248777782367
-51.933697605892696458 -25.896530940769608264
-51.173036597009300408 -29.237612460321173558
-49.160688036992119976 -26.889505742337441063
-47.680515289306640625 -27.969857591664975871
-46.197057852843471437 -26.92079235826042094
-43.383298078456121516 -33.023429901510141349
-41.532218215757886526 -31.729103232215638997
-39.485023315475253014 -31.213970134186190819
-37.368490530862359833 -30.667540786323257862
-35.021225141025148275 -30.230614167207274789
-33.514574333208443591 -28.539463891623491065
-32.016328645001905784 -26.910692281922830915
-33.158708359677028454 -23.357299539317502024
-29.345058692556140301 -23.392572462935170563
-30.738571347188891281 -20.349630123704947948
-28.529664289068580985 -19.029079259601115126
-29.208707184567185067 -16.732894883014083121
-29.495310535063179458 -14.717933267221726013
