-30.468265713535068073 -7.9357575036979710603
-30.725987997958636555 -6.5079299355231654545
-31.831309145211761802 -5.4745738336881091257
-32.172373797846809396 -4.3450754269638327543
-31.417704903369227054 -3.0054100541409405345
-31.623334033737151572 -1.743961280212138476
-32.315514360059225396 -0.3622926664735930391
-32.954270102982661683 1.0745722706422975445
-34.089490631050324509 2.1412815978445438603
-34.970143696135252753 3.362617244075712275
-35.573053613961299391 4.7585790457780561269
-36.61824474204116342 5.826615476256208126
-37.702191523641872095 6.7825048201008790727
-38.878835696057350901 7.6762805333427444054
-40.043303142161590813 8.4357189721969270124
-41.123066887983995343 9.0427719708350338124
-42.528992010742030061 9.1816529391068915089
-44.099914533897511149 9.3999417329329553183
-45.27235264529868175 10.388660877794192672
-46.43993230436867492 10.922014635360028478
-47.808862199183643327 10.904481171003613582
-49.065639515193360864 11.270703714535542872
-50.150762202754918917 11.312617414303222318
-51.167375996012530948 11.2984188539653303
-52.222616729807484148 10.570980672490676966
-53.262817341086972078 9.310817297325518993
-54.447818861569096782 8.7241350751875934577
-55.886376108845951194 9.2116450526826181289
-57.441813010377963167 9.2678102142259763951
-59.043058634659253414 9.2341153247089842182
-60.214536410277560208 8.7288387847770785299
-61.271883193630699793 8.0878302967804387436
-62.13356369149444447 6.8395530735083731599
-63.423884290921229478 5.894901297190302536
-64.836261035662559493 5.1346515582700007485
-65.852298156733198198 3.9868746416668283672
-66.73424602229812308 2.8262677470676607072
-67.360038025887746471 1.8814941821792174892
-67.854909071839529133 1.0413405169194902555
-68.318298423255896523 0.15770066295256413014
-68.588015903798449813 -1.1298540049442917788
-68.854864906735983254 -2.6148458599559933901
-68.295332036199710046 -4.014754110535638354
-68.1480216837843642 -5.3434227884372766937
-69.069705378498667869 -6.6187934213515218218
-69.944567118059296718 -8.009265323619802146
-70.36700016044524375 -9.4030590693946276559
-70.27733590373392758 -10.708518919366385447
-70.079341146155655906 -12.140095528280244963
-69.76141425349865699 -13.621169622096463314
-69.344520919904311995 -15.037565434209966497
-68.850733380115997306 -16.355926559379675211
-68.286450739861535908 -17.594149289413294923
-67.708339177750133331 -18.672244612396099228
-67.031058764392497551 -19.764763963985952699
-66.193780910825125829 -20.930243847611862407
-65.263075353046161808 -22.046077364057332204
-64.223071079240654058 -23.120937927038177406
-63.043360308441144468 -24.166240383334638864
-61.765915592244581944 -25.128626492221716404
-60.43940343797499537 -25.972062098699154831
-59.105464062512083956 -26.682285762438887389
-57.543179009737876584 -26.548368438674675218
-56.186489243817156591 -25.882520408565355297
-55.454219863413236169 -24.54787276062856094
-54.886969093963074329 -23.039160933460248515
-54.319718324512955121 -21.53044910629193609
-53.752467555062793281 -20.021737279123623665
-53.185216785612666968 -18.513025451955314793
-52.617966016162512233 -17.004313624786998815
-52.049668034199498834 -15.497082261532522551
-51.351885967781718989 -14.530292456171238769
-50.915662834367509504 -15.479440873103991194
-50.840451682630444452 -17.079925596859236947
-50.772529754813113811 -18.685814748491011983
-50.704607826995783171 -20.291703900122794124
-50.636685899178459636 -21.897593051754579818
-50.568763971361121889 -23.503482203386358407
-50.500842043543798354 -25.109371355018144101
-50.427195178732233671 -26.705370786926565074
-49.930189223197487536 -27.570025445292586141
-48.605585931787665288 -27.217798155080284772
-47.172744423589406892 -27.623183889620531062
-45.678091933786454604 -27.931909114689847939
-44.092108550518972265 -27.577905607327167559
-42.556573467635111285 -27.092489124377710397
-41.112744635915660751 -26.409519455694606904
-39.778703363747865751 -25.645302749668875464
-38.572141825942964033 -24.828495396185694233
-37.397209894668861807 -23.899580795087928209
-36.277584044372787275 -22.867957573247263525
-35.407909004258819152 -21.946568165674975148
-35.348609540342756929 -20.821400090488733525
-35.490351005341452151 -19.54507519032613061
-34.302049823348376378 -19.251485674545172344
-33.214760425499179064 -18.950547543104860893
-32.790386711910471718 -18.205028699649428603
-33.050327310448864182 -16.942066350109051598
-32.635338306073251147 -15.795671199387124162
-31.589601769079624916 -14.808780249987098188
