-28.938731323698302589 -0.33921310331775661462
-29.120248616693768184 1.0266099268094335262
-30.12352491875988747 2.0174023340956721562
-30.720253077431838307 3.0253033666998709883
-30.087884627085482947 4.2606176250862626276
-29.930894208760939534 5.451711271870812503
-30.478057543112004879 6.7173691335823502158
-31.101374001714514606 8.0668090647559544948
-31.888995595421967266 9.2684310831191449864
-33.022054888185252253 10.212538814873283854
-33.590647625902256834 11.524630408888610233
-34.315420789915592081 12.635007133932898427
-35.670326572970239454 13.09608116601619443
-37.132650268156531581 12.979917447758392512
-38.592579745275052971 12.716182261646254759
-39.935253563846075053 13.086630017296609907
-41.223424571186846777 13.029780430358092858
-42.529531828941387062 12.321438922292051288
-43.898250237036442911 11.791587353964001039
-45.077219797776407972 12.104103731020886769
-46.051563710499209492 12.724800187892059355
-47.195925183532985159 12.30419311567111329
-48.139809660777515887 12.894190213232290532
-48.945048366399518613 13.467953415589706267
-49.722311603486552656 12.475402207056061954
-50.505291508772067743 11.151279030572226247
-51.383417304181840279 10.444309081442549214
-52.468523694661179491 11.149949977078234653
-53.771447766756523379 11.906313946102564216
-55.071880490798271524 12.646200545118519543
-56.132042852649568943 13.707665524330677087
-57.161466239767612763 14.810430131339725079
-58.190889626885649477 15.913194738348762414
-58.901245000281988951 16.249448481152235502
-59.707304011946746414 15.754891915860454787
-60.499537820654950337 14.591246593600896375
-61.672169475234326796 13.667432663359136313
-63.020243140159585948 12.967426311986407939
-64.039131718766370227 11.968590468647899883
-64.931282888296593114 10.847903876376998156
-65.596045045560472886 9.891492623304928955
-66.10177856129669749 9.0744415558815472167
-66.538754189251989146 8.2891088411931583835
-66.988014297264186325 7.3823057167108334653
-67.185007048679850072 5.9988554567535041784
-67.246934407486904206 4.6291783768872667437
-66.62082973231953531 3.3323700460697556203
-66.714774661146321932 2.1037641686060224444
-67.629800056173195344 0.90326505243033861081
-68.438020730408325676 -0.4081179312069528331
-68.836544550396851605 -1.7157526517592098791
-68.757853741645789114 -2.936506338228137114
-68.586830080085348982 -4.2615063415059912799
-68.308631336782582366 -5.6534457349399520609
-67.93693448793312939 -7.0076767029291016087
-67.499209269087572238 -8.2603516227162003815
-66.985957309730608245 -9.4671038009373784661
-66.452051262879976434 -10.532069924967199626
-65.878523754964987802 -11.526357265768758964
-65.176923455521702522 -12.588555690539728005
-64.348972602878717453 -13.678164448651495277
-63.453841366920947564 -14.702840278039706945
-62.443776785320942224 -15.708303139247446367
-61.317383106523436709 -16.677109756394095541
-60.11044774346257924 -17.56762591985994959
-58.865646468688595405 -18.350467975561677747
-57.614109946601175238 -19.016685200596242566
-56.157184628352133871 -18.940800877969380167
-54.836027635275904402 -18.765338961406381912
-54.141885238744698938 -19.724227638975843746
-53.546227112567976292 -20.48051032654199588
-52.808602721017578574 -20.644094694197022477
-51.906458471634429941 -20.804940433546125433
-50.762532826148955678 -20.645963187664257532
-49.462820801585174024 -21.030730964177898556
-48.143187688519823553 -21.027763243685861028
-46.800444959552798707 -20.603375135544222729
-45.428982121942894423 -20.745782973972794139
-44.139044029022450388 -20.477934818047707211
-42.756269592803278101 -20.089891624971436102
-41.348184831619825275 -19.580772748393943772
-39.979567162810056402 -18.966468416451824908
-38.688605995423841932 -18.267708372631545899
-37.520975432738211452 -17.523493591014883464
-36.41498205801630661 -16.70610683365083915
-35.328216419617440636 -15.778454465154387876
-34.342765053098915473 -14.80969400756821841
-33.660020385560493139 -14.052738664329250895
-33.94643843433404129 -12.750149435080270877
-33.815558435120571801 -11.748483170932619402
-32.519685033321657386 -11.607601230252489799
-31.644077105841049047 -11.239522613271613949
-31.244744891391619035 -10.53370356131504515
-31.513208306959960225 -9.3374920435269643804
-31.211917160934614657 -8.2362742101575268094
-30.150369178495626699 -7.346085057975229482
-30.057795294510139428 -6.0612521623350454902
-30.414063936255292475 -4.5623283816831703419
-30.455000054345024552 -3.1102401641871653126
-29.727303538419644013 -1.8815160296230228898
