-16.549589819582461558 -5.9007888198682953984
-16.74261326004262429 -4.5546857729799192782
-17.798927921396476393 -3.6400486607153097474
-19.12790062463823304 -2.9760719402179471871
-20.594057147097085902 -2.6958349325425694509
-22.095438705845523941 -2.5136658275787384653
-23.575654769388727061 -2.2205747270121536374
-24.781359952446003092 -1.5533381998470268126
-25.033014286682067961 -0.32037997431060732945
-25.362069683260326514 1.0129034696533845139
-25.281351958062558083 2.3859538109144340368
-24.847412795583910139 3.8297765726221006943
-24.55229299656210884 5.3125687051730832167
-24.421062214369761989 6.806506069115285662
-24.72124777926471495 8.2890689922293017133
-25.190579032171072527 9.7435942844474467961
-26.081600148097201952 10.495526354196986318
-27.035807481549007036 11.03940535650815491
-28.255205556140474243 11.286176749647676587
-29.76245751831162778 11.353148901028221829
-30.998066282343241795 12.051343371328052001
-32.016263099296757844 12.898684693132167922
-33.212819065237724203 13.133159413871478449
-34.582251883562818762 12.961831774783865612
-35.86035414449629144 13.389367177252140095
-36.962466410710796083 13.314260545639378108
-37.934918996242345202 12.216912294551486085
-38.941279383018908788 11.093730202638584004
-40.029892084514237638 10.366617194125312906
-41.26119527117248964 10.839636463987167403
-42.596000514712038409 11.384616743594419219
-44.071431537331996253 11.293734737560400916
-45.501430305861823911 11.237330547287758264
-46.523338418837099084 10.681388511856681589
-47.517521700343955615 10.051212605686778545
-48.313385560394628726 8.8172243374770307156
-49.546345113687763728 7.9532187077566804945
-50.882276426947242953 7.2533703112992711226
-51.838134652791971746 6.1840577696899039495
-52.695219699967751126 5.076403734987920302
-53.316709411426394638 4.1598166705039467672
-53.802583841461952829 3.3578404519562994324
-54.236086084431256893 2.5616683937798150339
-54.616861770187355773 1.5651719677577355938
-54.870449020954808361 0.15701258293353095863
-54.757516030800054807 -1.1956606550573418701
-54.148027529931901825 -2.4823654488836077725
-54.486136263875522445 -3.6937737388527946969
-55.415138650737119974 -4.9121333214882048068
-56.201723464510429551 -6.2369357971286483178
-56.437461362824599576 -7.5245917204219630037
-56.343129745999931401 -8.7492620578630244665
-56.150013303049718161 -10.102366384036436386
-55.85190122906907817 -11.491089618164391339
-55.465188567774987405 -12.827105007647611856
-55.01307095172880679 -14.067453785846440795
-54.489825509633483591 -15.255054981717901086
-53.954446977874781055 -16.291940489467769737
-53.361003838904714769 -17.293469040935637082
-52.63001636965166341 -18.36988519299908873
-51.786299161428367199 -19.44950915786780854
-50.873452547067529395 -20.46590711919209582
-49.83740088895113729 -21.468155882479145191
-48.692394826836448374 -22.423762578615168195
-47.472851339960755013 -23.295687619363047105
-46.22774987193680829 -24.053525620987649347
-44.95495346239811596 -24.652158647831409866
-43.476702754933711503 -24.428227549856305956
-42.253578189045782665 -24.418281969640045048
-41.665401387001338662 -25.57249977913569694
-41.01447199053556858 -26.075906250026367417
-40.254369840312072881 -26.238210616261046226
-39.315762255081665444 -26.396566038549998723
-38.120053089341915609 -26.235288718827593613
-36.808630431240871417 -26.598618025675953902
-35.487590009217029774 -26.511055563609712493
-34.135683467097486243 -26.166775139360154867
-32.784319426972331257 -26.261241832863962742
-31.481226704339309919 -25.972380300623878924
-30.089275152459482143 -25.542531356256596098
-28.681743323368827703 -25.027689977554182121
-27.323484959113553572 -24.393435540968049224
-26.043550621320385119 -23.675730880786190369
-24.920624029745049199 -22.937873101104340634
-24.145787329212929251 -22.307519175970075054
-24.167127221324999908 -20.802617485044699208
-23.908748852333921775 -19.308713953381438699
-23.474458881860854831 -17.813045322109619661
-22.897154102930471709 -16.63600981567501691
-21.618657415737398964 -16.563220252763979801
-20.120806537149768189 -16.83059834418822831
-19.210861200083556355 -16.726388129324668341
-18.854166461623638185 -16.092623640124745776
-19.124019503384399599 -14.898986142084963191
-18.822727799488102818 -13.797768062450758819
-17.761178982699231454 -12.907578919368798864
-17.668605602090494244 -11.622746020344573381
-18.024874556831495198 -10.123822176023418606
-18.06580988523603537 -8.6717338537982495694
-17.338113935577975866 -7.4430097362073137646
