-14.346053918017949158 -5.1770300550684131835
-14.677316324651446422 -3.9361130799255210633
-16.062773846122844645 -3.5239442647841103806
-17.645408810583290915 -3.2667851255280822009
-19.228718290917424127 -3.0096088692339839632
-20.821732623882549973 -2.7521863350709590001
-22.424127422711283231 -2.4912081748735137587
-24.019333128827913271 -2.1604626911517592625
-24.964390820119064074 -1.3614729769182960517
-25.419531255521448543 -0.19507247090303486692
-26.623922480388422684 -0.36281047992685960812
-27.948864746654059843 -1.2670422471479918514
-29.274853852660918108 -2.186394237501749771
-30.600842958667776372 -3.1057462278555068025
-31.933641986272068181 -4.0041083102752130785
-33.07035819793421183 -4.0151564084266677668
-33.003142654809821011 -2.6368260798106786247
-32.523444438054738725 -1.1010385517648857423
-32.043746221299670651 0.43474897628090813928
-31.564048004544595472 1.9705365043267020209
-31.084349787789520292 3.5063240323724964576
-30.604651571034445112 5.042111560418289784
-30.124953354279369933 6.5778990884640853309
-29.645255137524294753 8.1136866165098791015
-29.165556920769223126 9.6494741445556737602
-28.710726704140583365 11.181972343424945393
-28.856281061993303894 12.635056737889634348
-29.853141384534218616 13.583191687908950485
-31.143135314727768304 13.798291127269802558
-32.503213453211849071 13.810705366791777848
-33.632381533368800319 14.064325098327621788
-34.509162452688940448 14.07249515198014933
-35.225096229066096498 13.527415394613901967
-35.945462664740865932 12.098794248926001416
-36.914729013738252661 10.824558849862933485
-38.111408121719286157 10.449969414046115901
-39.441306350475720421 11.233530015991544104
-40.925311014990434444 11.726496665941168018
-42.521001067606448487 11.920221556471583213
-43.82441602147923021 11.637288408457958866
-44.879928956626514491 11.019737016170829236
-45.760389650992919996 9.8989845934767721758
-46.952042102532850265 8.8623051019042620169
-48.383672506543682346 8.1034456163626966685
-49.480024334701518285 7.0456713834416682118
-50.417337326377250406 5.8573859298400137163
-51.09701964328927204 4.8637345834988519044
-51.615534532406975643 4.0080755200546640538
-52.077835604835250649 3.1526744676698239545
-52.417767698192932357 2.0064032518661334414
-52.72430762870205001 0.50945951172227188497
-52.35815631184799912 -0.91049148034970639465
-51.927285667722372864 -2.2610114294152072745
-52.694593386380375932 -3.5330749518556858746
-53.616614520463897975 -4.8929150037105557658
-54.253471816089927415 -6.3060083182161745796
-54.185345988179442145 -7.6183611301353559853
-54.018030475668808776 -9.008932599329726898
-53.72865222932936291 -10.492975042438331457
-53.332757747221037903 -11.935796975813762089
-52.86038447970827292 -13.268749930876756693
-52.306205595310032663 -14.541553476555765911
-51.734342069695571809 -15.649364483404539783
-51.092762337976466824 -16.722208673881421959
-50.292944190390691972 -17.877953030404050594
-49.379451847189471891 -19.014613129780144618
-48.374616946447432042 -20.092611662801040495
-47.22630093937575424 -21.150876267092854732
-45.969888813060656219 -22.137338122076862135
-44.648389898327188519 -23.014531103677612123
-43.316487397130465808 -23.756429595996749526
-41.811182886145914495 -23.878369724762269044
-40.358411443348742864 -23.63600508017526991
-39.567263505301816906 -24.565308293468763878
-38.931315411585252662 -25.372035594657269542
-38.135207089569092886 -25.546317833792947738
-37.147704312507840996 -25.715921591309594874
-35.875111490253338786 -25.57622360226175573
-34.475404466925482438 -25.924724562589162247
-33.064014256639566725 -25.736698248897198482
-31.608757284716787694 -25.546178492553938355
-30.199344248614565345 -25.50995941841344461
-28.774684381938477884 -25.159826239497480316
-27.277197068894036391 -24.649594162461973212
-25.895519079167790721 -23.95364644152045841
-24.917171438316792376 -22.67846398375731809
-24.379804200935154768 -21.156080348594464624
-23.84007340009836895 -19.633229046443979371
-22.800523800238345018 -18.538343663224981839
-21.316865887189486273 -18.196473457779276828
-20.315429016941909168 -17.300245730213649864
-19.359914646488913803 -16.42055004316817346
-17.801053815884717579 -16.411584279004095777
-16.98133130720111339 -16.003037440609112707
-16.554702472323317153 -15.233208606953425601
-16.971896305128499449 -13.850645361348028928
-16.209852509108149121 -12.808178735479035737
-15.386000758345479866 -11.728621247099079383
-15.659203292758343551 -10.200270999897925961
-15.919402402677834019 -8.6059945809028484121
