-6.6376934941214011943 -8.0429563727753965452
-7.0728597888143847072 -6.5024638394729734614
-8.2649084216200119357 -5.3548667408280428148
-8.0338498071571589065 -3.970933899459782257
-7.5969982904081696518 -2.5078907116123296817
-8.388596851288937728 -1.2397128195815705354
-9.9963811587081163879 -1.1930170695518436119
-11.7611155308259967 -1.59685580063550292
-13.526261036053760733 -2.0018747137260075597
-15.295481456160224809 -2.3951011721660027121
-17.080619489937891586 -2.7339899910266294292
-18.768646398069279257 -2.5740306197120981224
-20.348192848945608091 -2.0158285204017851733
-21.837550060617608949 -2.084143671221679206
-23.003016868164660735 -2.1954016511947340717
-24.307375854963520823 -3.0513322268005147464
-24.828550838249775268 -2.1115745243771733008
-24.884888898640500798 -0.28734954951048607974
-24.944057961592001504 1.5404133772105232936
-25.003877712935477007 3.3677289046809155693
-25.11117019569059039 5.1888112736628038135
-25.416731144929581632 6.9838610395456433011
-25.778142366417547748 8.7715776777949479026
-26.139553587905531629 10.559294316044253392
-26.587943627156747084 11.109307796983749483
-27.538892890657063361 11.084936364523308328
-28.717788541888662479 9.970292980861175991
-29.920296757594972092 8.6963593443140059236
-31.411341004312184566 8.7685580125106437066
-33.117683819117026189 9.1040077731608342049
-34.914466366291883048 9.0090100711787926002
-36.319337546107000492 8.5616401318712362922
-37.512685343206975119 7.8379094010994059261
-38.523484921197855613 6.4351505512846562951
-40.044285039759529354 5.4542115145035685586
-41.458570671516937978 4.4423507075596706528
-42.550471497834834622 3.110260652465861142
-43.354564219708919381 1.9557988278095663759
-43.93874663746592546 0.99224904660529134048
-44.46039655046931216 0.012109465023199206257
-44.78739974357542053 -1.4286285206425326511
-44.968698883367608232 -3.0867165587541305349
-44.297183135930680464 -4.6436251584460856989
-44.67519215000309174 -6.10117865400589654
-45.751319739387838581 -7.5938416285073691014
-46.549002822388906964 -9.1844524266009610614
-46.472089020122382408 -10.667346123223408583
-46.266688286322477097 -12.251904639162425781
-45.909345926425260132 -13.916657691203143443
-45.430521976544980589 -15.491394855157370358
-44.849433218304220361 -16.963652058675180001
-44.208750416084249935 -18.282651212237738036
-43.517453836741310624 -19.480507339348278606
-42.641040405141318104 -20.769874459234351605
-41.61390881058817115 -22.0479233961650678
-40.463562533720605074 -23.258855145905641848
-39.137188553792640278 -24.433885382423007115
-37.694424232135716579 -25.498719082906315947
-36.664775710216666482 -26.145072124023268856
-35.731559349922328295 -24.819720785756420156
-34.817579524722660267 -23.259180644601670451
-33.903599699522978028 -21.698640503446913641
-32.98961987432331 -20.138100362292167489
-32.075640049123627762 -18.577560221137414231
-31.161660223923959734 -17.017020079982660974
-30.247680398724281048 -15.456479938827909493
-29.333700573524620125 -13.895939797673158012
-28.419720748324934334 -12.33539965651840653
-27.494636207662310312 -10.824317715159585518
-26.76165135388917804 -10.731123905351189762
-26.658277426460859516 -12.402247717433695584
-26.646902210806036493 -14.203126268358003514
-26.635526995151209917 -16.004004819282314998
-26.624151779496393999 -17.804883370206635362
-26.612776563841567423 -19.605761921130945069
-26.6014013481867444 -21.406640472055261881
-26.590026132531924929 -23.207519022979575141
-26.578650916877094801 -25.0083975739038884
-26.56727570122227533 -26.809276124828194554
-26.541327913576488129 -28.482566310517327679
-26.301097078700060194 -28.279727580134540688
-25.887518876094830489 -26.559167250567757179
-25.468376600547603772 -24.789891363365729404
-25.094290469607411609 -23.013845750883334063
-24.880153652022194422 -21.213767613655665656
-24.697164584782409946 -19.410501240840879689
-24.039343573593495051 -17.895329547840038487
-22.415592124954368813 -17.730171161336908625
-20.663077309546380889 -18.270652217896632408
-18.942903431377100532 -18.547741108344439454
-17.152997976785130163 -18.321604623780970655
-15.368449992803142834 -18.48029471848335703
-13.625189120964213529 -18.973194553276726992
-11.870126413862458037 -19.377286820581872462
-10.072348990244856637 -19.459468429872167405
-9.2297564924540544951 -18.889105877374198883
-8.9531604004692812993 -17.863419902325361477
-9.1286848505120428143 -16.379959138901320159
-7.9547413063873761985 -15.288300626968164053
-7.8004404725382521235 -13.762315777280035078
