-31.121000692932888398 -6.3180518150329589844
-30.950386233782115397 -4.2134201389992176345
-33.242155039463384014 -2.5489008325319995052
-31.51538112949664594 0.0046369363804243945992
-32.899438857402159897 1.7295362023786449157
-33.512331479490597985 3.7638040307212694557
-35.464098116677106987 4.950999223737703403
-35.889821521153436379 7.2643596453174854588
-36.885761832642145919 9.3292090994255403302
-39.212909551119068396 9.8705529356020420551
-40.387333151698555866 12.019661150440001052
-43.062305962600191833 11.453291939484060435
-45.156834279069556715 11.587240179271482532
-46.837352630594402569 13.146244652222527804
-49.062120417615886936 11.878149347072945119
-50.97461700439453125 13.985964264103568411
-52.865810173777759928 11.675460740438509788
-54.600779207524894332 10.741701219936651057
-56.880334853871104883 11.857867554968123613
-58.889799801113746014 11.459742007445122169
-61.484228819471368865 11.885129239222706587
-62.36062870581153561 9.3534519910758771033
-64.034315940651907795 8.1862110210503775676
-66.089878802139764957 7.2917881462342730714
-67.056821817487488602 5.366350585646223692
-70.121451672257364862 4.7363765548448455434
-68.906600937840778442 1.6657803623330504905
-69.722426864092142296 -0.22651998976868004121
-68.286424080995786312 -2.6383148616861928915
-69.811513142632108497 -4.3382144299388354369
-70.913089619319379153 -6.3180518150329589844
-72.312112252224963527 -8.5607122220506610688
-71.862305934136458063 -10.757865155765278686
-70.875789364800937165 -12.784333063638117167
-69.023286834820638092 -14.35383589144205807
-69.607684025287952068 -17.07585685636002637
-67.314739134993743619 -18.189841098930749297
-66.587249469125481482 -20.375726742096347266
-64.651313555487746498 -21.507557868568149217
-62.988325244773101019 -22.853505962787163952
-61.297488376569290836 -24.19778894461179064
-52.302723212397168595 -9.3010274094328195815
-51.983650296117879464 -9.4235350466160365812
-51.653513320033397349 -9.5120080785314993221
-51.315936154416064596 -9.5654878324444592153
-50.97461700439453125 -26.787911790883722318
-48.944929318003843832 -25.629282736926040087
-46.677399783820099799 -26.534889250029195296
-44.826319930119211676 -25.240564489914135038
-42.779125026592922154 -24.725429483004475628
-40.662592252392826708 -24.179002047977455447
-38.315326803826593505 -23.742073479804897573
-36.808676006659283075 -22.050923204719257598
-35.310426466094682496 -20.422153451788236822
-36.452810051522419599 -16.868760765261509249
-32.639160419743170394 -16.904033741826069104
-34.032671139217285372 -13.861092300026639279
-31.823766003200756103 -12.540539560919985007
-32.502808905063872658 -10.244355212720748227
-32.789412254400772895 -8.2293936119151940289
