-34.823968939306666925 -6.5295886993408203125
-34.827646868569544836 -6.3961598489056488148
-34.832295655326845463 -6.2607382661447301686
-34.864158823081758953 -6.1289697017817177382
-25.195730207027491332 -1.6759691009921287019
-24.858221523723500468 -0.04079734963381209667
-25.669820933822073528 1.0462995519820186274
-24.778100484234169443 3.6621186081505197052
-24.293755159978758229 6.5793974597249409442
-24.99399551851945489 8.7525757928196412649
-25.509853610601929574 11.808124749970264844
-28.184826404533083632 11.241755529856469309
-30.241091453518809118 11.493462538505703208
-31.801542246399087333 13.679608966543852944
-34.071924325909037634 12.738998741893976074
-36.097137451171875 13.985964264103568411
-38.01056273418588205 11.675460734345968206
-39.609927207851853836 9.9968004407760062691
-42.002855306875581221 11.646331145474103863
-44.012320252672992638 11.248205597845380765
-46.60674925572642735 11.673592837827051483
-47.483149159719658883 9.1419155784243599783
-49.156836393150648234 7.9746746084281046052
-51.212395405219567124 7.0802512941344968311
-52.179342264264832352 5.1548137013383623639
-55.243968203779317605 4.5248398447087758711
-54.029117581627545519 1.4542434517315285802
-54.844947310995337375 -0.43805684466156780132
-53.408940737630608453 -2.8498516230964647811
-54.934029776919871324 -4.5497513352514706853
-56.035610066096722903 -6.5295886993408203125
-57.434628877666483504 -8.7722496463573378378
-56.98482254848349271 -10.96940260033768233
-55.99830980509456424 -12.995870444737974481
-54.145803472421881963 -14.565372286512033639
-54.730200600745043005 -17.28739336190462339
-52.437259584010213587 -18.401377503319569229
-51.709766027010431344 -20.587263231969092914
-49.773833986633476911 -21.719096197462253173
-48.110845696526972404 -23.06504236664220997
-46.420008803347023729 -24.409327270977907887
-44.179745933694853477 -24.68342728911221684
-41.756482013908197359 -23.947247346053927686
-40.62471200806678695 -27.830153202134280122
-38.123540484645566551 -25.809532524704668077
-36.097137451171875 -26.999450105703058256
-34.067442356569912931 -25.840819167644028198
-31.799918259010880206 -26.746425643845714859
-29.948838482125342608 -25.452098994122856368
-27.901645477340487389 -24.936967799591464257
-25.785112718497906314 -24.390540373955666098
-24.09641264203949973 -23.047169058103712302
-24.216669306991228439 -19.724184832482123397
-23.111966813569907231 -18.221488901226358337
-22.656194379015932583 -16.295005401989129723
-17.761680854421374676 -17.115570128340444001
-19.155193483279276734 -14.072628684893270901
-16.94628645093381536 -12.752076925006388564
-17.625327443682490269 -10.455892570054560409
-34.642134704985075189 -6.6825156658455702186
