6.1504541181633047842 -3.2944629192352294922
7.5407650984793495041 -1.7643191621280520653
10.714890509865316659 0.47468809048695081998
12.441658695545502411 3.0282256482655354191
11.057609550180846014 4.7531248789719473535
10.444708345641135594 6.7873927018479083273
8.4929427224988209844 7.9745882857865062476
8.0672216451706173501 10.287948307810900417
7.071283757907991685 12.352798201735678774
4.7441340964297289418 12.89414206997624035
3.5697104690016363548 15.043250300282828391
0.89473793144713642533 14.476881070199699053
-1.1615271129177662246 14.728588077710650595
-2.7219771943223518562 16.914736414759246941
-4.9923611384807102809 15.974125232361728877
-7.0175728797912597656 18.191500152775443411
-9.0214820890218252458 15.77143663291210629
-10.643733883378013516 13.765292212407871375
-12.923289359365263351 14.881456669491395672
-14.780451513565926902 14.14125102112803134
-15.509611746974481861 11.414182012916617381
-14.630308738324727003 7.183571594137390548
-14.677084845826071202 5.2122877739229309668
-15.252361986326695487 4.1201749644242742221
-14.901861194427130641 2.4338077719922956987
-16.826323651411911442 2.3686229551163799911
-14.661071786432941622 0.10864285026632947151
-14.726676449953355785 -0.78962242445126529233
-12.748849366093342184 -2.0762422386874170854
-14.165243352089781581 -2.5432120430667941591
-26.956045017878945913 -3.2944629192352294922
-28.355065739737586483 -5.5371235998586136873
-27.905257502153279603 -7.7342765729332736413
-26.918739004202077325 -9.7607449973167632606
-25.066238426241227444 -11.330246740249570792
-25.650637510447442224 -14.052266778950821546
-23.357692614711940138 -15.166252934207170355
-22.630200985964258109 -17.352136728642896912
-20.102378576629917006 -17.826611556588559893
-17.596500483698822137 -17.855113885863016066
-15.559105975586481563 -18.088835504169722412
-14.947877192092349219 -21.106221630131884126
-12.676916150625942237 -20.712122713004141872
-11.545145863073507542 -24.595028644538675877
-9.0439791535996061356 -22.574407946942315562
-7.0175728797912597656 -23.764323610341730131
-4.9878791708908760683 -22.605694574921621154
-2.7203532036472157785 -23.511301054314113657
-0.86927414622881293838 -22.216974405156687311
1.1779188561204509966 -21.701841304008009814
3.2944513745505439317 -21.155413879457480419
5.6417167938075856171 -20.718485335685876692
7.148369518363505648 -19.027336958620821861
8.6466167137722589331 -17.398563353970978085
7.5042308882911648027 -13.845172374036160079
11.317879380704528813 -13.880443710436919602
9.924377218836060166 -10.837503296269947128
7.8587624905965327571 -8.1280773325514559247
5.1470004521311096823 -5.8801222113213675868
4.3081553045124252321 -4.4848448083648841944
