88.163791253478251519 2.5155100822448730469
88.334407620258019733 4.6201417556111596951
86.042633099965215138 6.2846610284508663824
87.769410825749417882 8.8381981210137219307
86.385354989597018971 10.563098114841000807
85.77246238376568499 12.597365434713504229
83.820695682523407299 13.784561196109912373
83.394972361646040326 16.097921033506288779
80.611549002402597353 16.177567076687633829
77.330436854882492526 14.930837549458642499
76.390644035620255181 16.511289683221896496
74.387008039277830562 16.164298155482640595
74.166220841790675422 20.538560875057065402
72.605770223090488003 22.724705347725461024
70.335382458543151074 21.784096081058869743
68.31017303466796875 24.001474823185599661
66.306267035688478018 21.581407475212742497
64.684010881171062124 19.575261220415764996
62.404458846567742114 20.691429402428955342
60.394986499610325836 20.293304892394417038
57.800561219591131135 20.718691136500538619
56.924161361774075374 18.187012001728330546
55.250474075525005446 17.019774805070568391
53.393779042238961097 15.946289592665499057
52.227972028278529137 14.199912471921603441
49.163342260289056185 13.569938111748010456
50.378192904212298231 10.49934223331722194
49.562366987327976631 8.6070412148550126119
58.08702713817433505 4.6885064008814989478
58.181025300752715168 3.5801271233386531279
57.590480937321245847 2.5155100822448730469
56.100111567167658677 1.2321810354098969853
55.871859296516014126 -0.12833572897943801294
54.575310012511110358 -1.9472153349193375149
50.261507013417961787 -5.52027350492634028
49.677109869447910739 -8.2422940763805669917
51.970054736258767036 -9.356280179403944075
52.697540546015581242 -11.542163864576743038
54.633476504416904618 -12.673997897405309132
56.296464794289398981 -14.019944065509331921
60.326344439665817276 -11.312892731816493352
62.429564221658608858 -10.692553954638514213
64.290499301515879438 -9.855777420151969892
64.648970223033941807 -14.709124427497176413
66.283770002715726832 -16.76443326644172771
68.31017303466796875 -17.954350847280206693
70.339864422999085036 -16.795719897825097888
72.607394198415533992 -17.70132637176867263
74.128182140736058159 -15.390459215595537756
75.936081173579538017 -14.612543030159276469
78.427220989066697143 -15.007729764927535854
80.969467241842835392 -14.90851144309653975
82.476125790919823544 -13.217362931680590066
83.974367505312812909 -11.588590470175041958
82.83198371362905732 -8.0351999436168544122
86.645633514098406636 -8.0704707521681395832
85.252122655752259561 -5.0275300579566586379
87.461025943496778723 -3.7069781395978411709
86.781979233953094877 -1.4107935195030831821
86.495381598176152238 0.60416800588781049974
