-12.459191135810062434 -7.3309411701948841156
-12.640708015069343162 -5.9651180012322413404
-13.64901696376949225 -4.9732625460771417991
-14.570330780956856742 -3.8967831512143655814
-15.097094517080103415 -2.7076885628173164022
-16.315319855109333247 -2.4209071866572151599
-17.824038512912036225 -2.4856379968114521439
-19.333790522975750292 -2.5471334601964277233
-20.840649238739668903 -2.5333557682470000394
-22.342493736213004496 -2.481389521457680658
-23.833553195613536246 -2.6618605293327650685
-24.99813385287644607 -2.6775856938996467349
-24.934466288552478375 -1.5894073070740002418
-24.541047582015366402 -0.081821630710335574443
-24.610798654194905311 1.3840727726750268189
-24.840436167482327079 2.8296004771607430328
-24.63946947915899699 4.336147402486923319
-24.565476193358541934 5.8275317604533638516
-24.961928248571599198 7.2577148088554537253
-25.627951961309442197 8.6135930386107180112
-26.465669427718818696 9.9013178556460790247
-27.355095411291372898 11.159619552575524182
-28.467308776826381944 11.583931907705789399
-29.754695228714588495 11.559136044756408879
-30.944062358467093077 11.91730315039086463
-31.979241812016187652 11.964300427403749438
-32.928441865070212202 11.960244929893157462
-33.919970581244371033 11.579190775488545029
-34.891548296239449201 10.391101967058618882
-35.916458692321526769 9.4337350668530390863
-37.181519622051162344 9.6080993359514117458
-38.590383878622084524 9.9812299860541759955
-40.081300504165284337 9.8569561508473899636
-41.483429576706640773 9.7702366295865239465
-42.498333470996243477 9.2129347931738649891
-43.465788310242480463 8.5274390172631999718
-44.295249037686076576 7.3197806366895168395
-45.544812760139116392 6.4739415085516638371
-46.857329564173113567 5.754724889301206403
-47.809981420314237255 4.6786360514481497574
-48.653364266609337108 3.5784469883219198749
-49.261937470685815299 2.6736430745288473076
-49.74171231656914216 1.8760925090913840307
-50.174647338353835835 1.075124011946808622
-50.52237276324412818 0.041229675193944534395
-50.80148864916264273 -1.366167391789772978
-50.627513536140021699 -2.7131016306594495369
-50.039403050911033688 -3.9963084682475491505
-50.455212967531110735 -5.2025993552171518886
-51.381011687002612121 -6.4282974308097644567
-52.162639408819174491 -7.7559698178477880504
-52.343179473521452394 -9.0363118708078697949
-52.243378415024452011 -10.264817267353942398
-52.042844690077004088 -11.625914630153307172
-51.738183773168863411 -13.013086352663552958
-51.346849303372096074 -14.342147584735567278
-50.889596905920384984 -15.57948537013099255
-50.363837953664173597 -16.759156508383838968
-49.827532662654277829 -17.787897608461022969
-49.226584090088223888 -18.793054146439871488
-48.48596338572030362 -19.873562218757236053
-47.637690980875206037 -20.948926252733542697
-46.718186073703051875 -21.963319553337598222
-45.673662553119299901 -22.964106537457709578
-44.522787646688186669 -23.914961812040658629
-43.299477051763581414 -24.78040230632263885
-42.05434237672908182 -25.529993469259398609
-40.764336613623108008 -26.081471641004402073
-39.290608073994647498 -25.833884419231967655
-38.106033337116350879 -25.892318008571692189
-37.546756122836185909 -27.099807335670750064
-36.87663357164654343 -27.517188598891305418
-36.107172702572185585 -27.679347676086408114
-35.156291256010128166 -27.836653413491198705
-33.944318707847450867 -27.685816999043701969
-32.630491209563352584 -28.030195642352509822
-31.308669986804254393 -27.900925791872690951
-29.952841221501092406 -27.606609272037577085
-28.609046474716038233 -27.675414070776596986
-27.302142185810417629 -27.379596678901240381
-26.11894533625288517 -26.63718483496318612
-25.323139900405610803 -25.336718894158213544
-24.89669362351797588 -23.892426007428433365
-24.759800170326531799 -22.361375892291732725
-24.517887574752101898 -20.862206706189226679
-23.96892410423305364 -19.478525307297875457
-22.896471767130311292 -18.52341200064494231
-21.577840918033480477 -18.131169421916581541
-20.991876752804696338 -17.149278297766279877
-20.270228121778014696 -16.569163066604808421
-18.885691801104666609 -16.920425745572273968
-17.447362789713295683 -17.346848556463161373
-16.023129212704745328 -17.75744530891893902
-15.176405718694912395 -17.519625838633437809
-15.230355396214060093 -16.214358276715103102
-14.599656698024466195 -15.113589608950480425
-13.587179111617848193 -14.195054770182618853
-13.628072078753371343 -12.855794769156895896
-13.969723042295296267 -11.353363644847613401
-13.923053191767996495 -9.9247669068547530458
