9.7345166944572500967 -0.81173092126846313477
18.005021862573041602 1.2929006947640839797
15.713249254179643799 2.9574198258368493697
17.440026971053249838 5.5109571912577806074
16.055969237250508286 7.2358566826408630135
15.443076618301745384 9.270124504691784395
13.491311860878722584 10.457320213039057677
10.558910883277400572 10.51365627904303679
9.1255017923461370088 11.565732927876672065
7.1646958852077808899 11.828838268712592807
6.9194419807737510553 14.670464693675043577
5.8931021343188412231 16.959612892583589172
3.8368370684310137975 17.211318952540359817
2.2763867978097458433 19.397465368548324705
0.0060030977171545707449 18.45685419245016945
-2.0192089080810546875 20.674232925602591848
-4.0231176469254572581 18.254165590363964355
-5.6453698325645342848 16.248021187351668004
-7.9249249151935918789 17.364187533548161468
-9.9343917053980046461 16.966062960548132565
-12.528820742887186057 17.391449227526816657
-13.405220610389411817 14.859772943797413092
-14.677084855823983034 13.24626670397716488
-15.252361988153269934 11.103454190606109719
-14.901861190844641669 8.5480627284002199673
-16.82632377161666426 7.7371600537012366061
-14.661071781369811262 4.8167898807861764254
-14.72667643258979453 3.3171743108692259838
-12.748849338262035147 1.4689243847107400498
-13.946454247862828169 0.44187341875550467662
-14.938472614924846127 -0.81173092126846313477
-16.543278128589342657 -2.3382725470864920148
-22.906894006213512682 -5.2515447587989481093
-21.920379347038821294 -7.2780126305014993804
-20.067874931216827861 -8.8475149214366854977
-20.652272075256973949 -11.569535016901605573
-18.359329120626039611 -12.683521113970925853
-17.631837497375421719 -14.869404902510739319
-15.695903508487251798 -16.001238861569703431
-14.032917149081688635 -17.347185008966068409
-12.342080281089131688 -18.691467990761534423
-10.101817387056321706 -18.965568022503280332
-7.6785517664945279748 -18.229391826595605863
-6.5467819053599844992 -22.112295868736442372
-4.0456147109696871667 -20.091673266144585597
-2.0192089080810546875 -21.281592744863214506
0.01048506766743839691 -20.12295989645630101
2.2780107733301129258 -21.02856828036740211
4.1290900645074986031 -19.734243539480772256
6.176283069885977639 -19.219108529561680143
8.2928153567299407456 -18.672681100585940328
10.640081294665487022 -18.235752524852909318
12.146729082364769781 -16.544604290397657564
13.644985564161700609 -14.915831412309069393
5.2300850058950461019 -6.0786493971382613566
7.0819562090074175131 -6.0662898338279909183
4.7104662551699503226 -3.807975900372519984
6.3659984946940237904 -3.5362499392908279816
5.5436998883250181436 -2.4192767049704206883
5.6757333321696785688 -1.6205017800167156317
