4.9534696328459402181 -5.4538608172437177402
4.6684865629106004903 -4.0274366926601494754
3.6970520821368619835 -2.9507487506811611588
3.9535566342982169097 -1.7980466542802200358
4.9254567121545216324 -0.55890321414540122813
5.0079187544724153014 0.83411508557853619727
4.4424824389365138444 2.3602893539691338631
3.7737534314802556601 3.7719333404834629597
2.5801320955869386786 4.7943748447985194971
1.8429601631808454343 6.111561117894368067
1.1333120761763240125 7.4282873866675629415
0.076848267072247011811 8.4783711965883217232
-1.0198785306290414354 9.4191165979078910198
-2.2080332512250748778 10.29625642482649539
-3.3539115221225692665 11.022790101666625873
-4.4352978367646063163 11.614019825414416687
-5.9375130810729377373 11.643891489819536034
-7.4620537987201096541 11.986937965335775047
-8.564831520663226172 13.082122926255038919
-9.7836103657970063807 13.432891511160150344
-11.17276244273821284 13.353183404829671588
-12.38613707612475956 13.748089762725541618
-13.325219177493526246 13.777632640694633892
-13.761076976420206108 13.734903658978375063
-14.047031781331787315 12.157397440899519125
-14.332823279978239128 10.579323649779253103
-14.618614778624687389 9.0012498586589888561
-14.843027602926229136 7.4174357369453902677
-14.835690800197546935 5.8119476464106289981
-14.75569247857525923 4.1996640174528785394
-14.675618937989311164 2.5873733537762619861
-14.595545397403363097 0.97508269009964698704
-14.525746750677027919 -0.63726669918156586547
-14.772900807159366821 -2.1258404187261055185
-15.859855341936571094 -2.6510738795853194816
-17.34517517169198797 -2.5600003716323618264
-18.848870845266144869 -2.3580190586039750933
-20.370156370511409705 -1.9274198948827150346
-21.486504323219254076 -1.8722524580346855405
-22.152516800036146094 -2.4088102883075985794
-23.601360229398061108 -2.1582185882582800573
-25.161735304971191596 -1.791571568495126332
-26.722110380544322084 -1.4249245487319712744
-28.282485456117452571 -1.0582775289688175491
-29.842860531690579506 -0.6916305092056631576
-31.344495111754859806 -0.36802992594961869699
-31.766773086843986817 -0.83540761351171366478
-31.171380520156560578 -2.1437697879826687064
-31.603727403636096227 -3.4319040882905844647
-32.578555641519635344 -4.748827055396065866
-33.40784529341710396 -6.1667084143626667014
-33.442874405758402645 -7.5095584951438079102
-33.310888596420966223 -8.850335897973895527
-33.058536695253600612 -10.326899159546814033
-32.693181739814846765 -11.791467148429976675
-32.244376077748661658 -13.154449133549523054
-31.711521048073791462 -14.454067906163063029
-31.142089282511463466 -15.613501437276033457
-30.535500668907012312 -16.67445025064709796
-29.787190655939358663 -17.806998703567817444
-28.910983565731235956 -18.950437644682693872
-28.254274806219193295 -19.706918531063962519
-27.058763466420629129 -19.311198663729946645
-25.60934556313337751 -18.622694514742175187
-24.133193202079677775 -18.016222309820712155
-22.517861856943088839 -17.858918615865704282
-20.878374389045571746 -17.94564951291859245
-19.296004733608413062 -17.665118549429585926
-17.868726824592958025 -16.883023251535995257
-16.804616100060762562 -16.392385851541927622
-16.439451410377355245 -17.567071633089614835
-16.052234939739893349 -19.057417769765677917
-15.102960621345653536 -20.201052360887583603
-14.583643171504570901 -21.647460070041212532
-14.242124444317628473 -23.214569795736824886
-13.900605717130680716 -24.781679521432440794
-13.458953086134719968 -26.126797840465059153
-12.375735495027441857 -26.068377507714714625
-10.929180585243397417 -25.823392094082699089
-9.5119396223099172971 -25.82325743890630676
-8.0947135296006358374 -25.481835236562549341
-6.5975884127835584536 -24.978838504234602169
-5.1121001544241941872 -24.385019379327886213
-3.7000369479122117156 -23.66497444462949673
-2.4200925079239876681 -22.882512762779334992
-1.2351636542435766586 -22.031753167398438364
-0.070752684345304572844 -21.056645858290920614
0.98994440556220375527 -20.02368824581222384
1.7209818050568763681 -19.213923216637393665
1.3857930382170824402 -17.798700305990841741
1.7128683356426064321 -16.86877291299392212
3.1951511057128580973 -16.792399457751443492
3.8363486023306592188 -16.221352475073700816
4.1960800792007324489 -15.378148628963066002
3.7853792560117831556 -13.957351441688640392
4.4944828172170359082 -12.76758706743954086
4.6820529172202300927 -11.492341242399978896
4.0156432284040777247 -10.040437101464652514
3.5565046228271879336 -8.5357333272361231025
4.024557456965080604 -7.1838738414340603811
