4.0623827718803440234 -9.1596670150756835938
4.2329967539306174729 -7.0550348596992566996
1.9412286660917779102 -5.3905155666680677484
3.6679968409591943157 -2.8369779624176389987
2.2839427018565459093 -1.1120787632751305551
1.6710509123258141528 0.92218906929322486121
-0.28071452074980740576 2.1093842867474155156
-0.70644033043479304013 4.4227449322385830044
-1.7023780932828866952 6.4875943436906702289
-4.0295275169331272735 7.0289382124806216723
-5.2039516273628940723 9.1780464463614386261
-7.87892392345398207 8.6116772141216060277
-9.9351889724397075554 8.8633842227708399264
-11.495638781503711101 11.049530644402118185
-15.113493995049982033 -2.7113978001578997734
-15.791234970092773438 -1.0140357358964298129
-16.404532927320992997 -3.3245392345046074212
-16.674719438952333661 -5.003199473785606699
-17.680465906250219632 -3.3452107826591026551
-18.536759216710319009 -2.9931141057231807068
-20.145808001311483082 -1.6173265008710115964
-20.26007332330704358 -3.0088365111460531054
-21.464711089143293066 -2.8586336262726934621
-23.439905852815812182 -2.272772229726945703
-31.873437880521628074 2.5247356175743789208
-34.938067669442176566 1.8947616991612417081
-33.72321320069651307 -1.1758346424226244764
-34.53904292619165517 -3.068134933131538844
-33.103036364269982528 -5.4799297712979502251
-34.62812920471115774 -7.179829188627671499
-35.729705677668988528 -9.1596670150756835938
-37.128728305452156633 -11.402327947667089347
-36.678918167605971234 -13.599479926877270586
-35.692405408240077236 -15.625948786407718671
-33.8398990878323076 -17.195450593626240732
-34.424300094443289311 -19.917470607175204123
-32.131355184596984031 -21.031456787848988199
-31.403863522009885401 -23.217342527945724839
-23.594985663755277727 -17.826611583216973145
-22.108844862018703026 -17.855113872808274778
-20.929398635880005486 -18.059229640585321874
-19.452466280274276045 -17.382930229755206852
-17.980177527201146148 -15.896531024444492175
-17.933368778357749562 -19.237612444633541031
-16.603675305430130038 -16.889505760581293714
-15.791234970092773438 -17.969861406362241496
-13.761540804584605269 -28.470896527121055897
-11.494014787276533696 -29.376502998045722848
-9.6429359995931029914 -28.08217826305988396
-7.5957429989081948207 -27.567047070179079071
-5.4792107125296798387 -27.020617735019541783
-3.1319447172383849676 -26.583687211347822199
-1.6252922633567497002 -24.892538845519304402
-0.12704529918400631061 -23.263769165236205083
-1.2694264703921422921 -19.710376487141608948
2.5442220137229654142 -19.74564743941397893
1.1507104110977444122 -16.702707039290409341
3.3596119743899350851 -15.382155248864815889
2.6805747887352708858 -13.085969980303525873
2.3939707369316813867 -11.071009256861266579
