-26.099903556808161653 23.304385850742921349
-26.281420018158240026 24.670208812579652147
-27.284696935080191338 25.661002130728480353
-27.881425510645055255 26.668903798109422354
-27.249056344648693084 27.904217642244063313
-27.092065470237390201 29.095311304459865909
-27.639229828810723433 30.360970076766182757
-28.262545863672553281 31.710410448480335077
-29.050166648979644179 32.912031985641888809
-30.183226008197589607 33.856138665666740906
-30.750748763878831937 35.152543676696524244
-31.443874022185102746 35.799335677824203117
-32.716999194305685705 35.234527163343997813
-34.061497334474438503 34.521053028327195022
-35.406879903938254017 33.809607780636518726
-36.788498805092018529 33.181288945107112909
-38.210232926382438734 32.778402398484629998
-39.440409865879125562 33.065154683192432117
-40.605420822250962942 32.858870001133759331
-41.874613051907680017 32.062339489677832205
-43.074352052851899941 31.960272116643576368
-43.881325234330660123 32.678685420290278785
-44.863107162993152599 32.520138762430079282
-45.672317495219353134 33.243782616268156005
-46.323728850549372282 33.13700248900016021
-46.914855378606304726 31.765829493144355666
-47.517608950371510446 30.576690975584615018
-48.376589639157714373 30.942070549327944207
-49.588129508069400231 31.814142771675555821
-50.953848691594593845 32.530527257495080562
-52.103843698820973884 32.954013445778322478
-52.938738650465623437 32.438811864287444564
-53.999691366708312046 32.951060032654091003
-55.169388978393378409 33.909856738990335145
-56.339220542068822795 34.869203353292014924
-57.509052105744260075 35.828549967593680492
-58.694383594077272903 36.682917432904744715
-60.002881901813012178 36.676985766747385753
-61.074040879418930672 35.758201387702527541
-61.984164288905368778 34.636628312293922249
-62.680925531375720539 33.651092395472204544
-63.201315890605542336 32.822450456408034825
-63.64241127472658377 32.040964062535358892
-64.085104174945769273 31.162567878554064293
-64.293656456469065574 29.83026325840707571
-64.456082652100946007 28.45007749889404991
-63.857491207861144744 27.146250091227305035
-63.788574529064796081 25.905710012903998773
-64.669551439184402852 24.712785438702741914
-65.497382723926364179 23.414002425951164099
-66.002681550215456241 22.095635794754457493
-65.933982772721037691 20.871310317384470068
-65.777297903477233376 19.567054671313744763
-65.512601749470931622 18.174584672074232117
-65.151943937551891395 16.810952207191768082
-64.723007602915757275 15.547159752549427836
-64.21828678122220424 14.331379885029834398
-63.684723377798292177 13.245351263124060637
-63.122209493748947295 12.252450265645402183
-62.440178240556207356 11.200756654922546574
-61.624773584749561905 10.107349923385102741
-60.739665362491891187 9.075248147521383757
-59.747166472465011111 8.0684114531103645618
-58.63403397402363737 7.0917491332031570295
-57.436327790865504994 6.1894230045336442458
-56.192557730829278739 5.3901123962550272495
-54.942284280657737838 4.7093169315892495774
-53.513935849916791199 4.6586081269632320101
-52.143857200468325175 4.9063757887775780731
-51.365665431436823951 4.1024180713307636381
-50.803151358422837802 3.1864800321200341671
-50.075261904464532847 3.0211123289155175087
-49.197919198155055653 2.8592606075026374413
-48.089969874318072129 2.9862274645783535298
-46.801887246420022848 2.6276573726402747688
-45.48205836121221779 2.6103608169325553945
-44.143687960419796923 3.0183080809472824235
-42.76185316335497788 2.8687951464948788782
-41.476633428365190071 3.1237716284768843877
-40.105803178943716603 3.494496478219005553
-38.695165709135373788 3.9887443192185898511
-37.320262587604958071 4.5894308581038210093
-36.014920385749739751 5.2795638446760762008
-34.831779019990932511 6.0182748911158299165
-33.723435651676822999 6.8217242108776954268
-32.630895292099218352 7.7365764605592968195
-31.621659241460260859 8.7109444058331071403
-30.895877737572753574 9.5041913043796384386
-31.053227193258965855 10.706817961183768162
-31.073841765311112084 11.820420018525862105
-29.881574375564493806 12.037854176936793493
-28.857255016221955657 12.316858572707968023
-28.461482307292762073 13.007576342880756926
-28.619249442866628641 14.130531954166723807
-28.494361068575713603 15.284958912225139471
-27.418352473128731361 16.163994319840345071
-27.176142870167261378 17.388537922322431228
-27.536127032010103477 18.880403070540229038
-27.651511156355546461 20.351042893491158026
-27.017397386911760293 21.607812152985275134
