4.8536182188102756641 -6.5854997634887695313
5.1337926909095870087 -4.486237275104253186
2.8931083958150480839 -2.8163487446928501257
4.6198818408143118575 -0.26281117387462327173
3.2358224392972942951 1.462088016686784897
2.6229307737184335281 3.496355839847987923
0.67116528964963073633 4.6835508489117465558
0.24543956029750724213 6.9969107387258979713
-0.75049822388924347649 9.0617615858926754413
-3.0776477770920696031 9.6031054640096265018
-4.2520716039279875531 11.752212718146061832
-6.9270439658437723551 11.185843521192431638
-8.9833094858037139119 11.437550525461961826
-10.543759280160937664 13.623697895989032247
-12.814143267671768811 12.683087674646529308
-14.83935546875 14.900463546940482473
-15.182096974035680148 -3.3245392342888906434
-15.175682920934463027 -5.0031997340814005071
-15.892190730811371679 -3.3452106493041156021
-16.438786457785194983 -2.9931141551203279683
-17.707731962307565965 -1.6173264894875050146
-17.437954396303979365 -3.0088363891974951869
-17.328440980416516481 -3.8210886610561423105
-17.603765795646324932 -4.0964133905017083848
-20.364423761427765669 -2.5713020232057868242
-23.741973194527744795 -1.4455715900429320087
-23.676609040805750794 -2.6509005813726727041
-33.587165327818318872 -0.49396808529935309906
-32.151158749629253464 -2.9057628994136153189
-33.676247794497996324 -4.605662399399419904
-34.777828083674847903 -6.5854997634887695313
-36.176846895244608504 -8.8281607105052870565
-35.727040579195005421 -11.025312649023589984
-34.74052782267268924 -13.051781508885923699
-32.888021490000006963 -14.621283350659982858
-33.472418587029395098 -17.343305433929302239
-31.179475683254214147 -18.457289536262074137
-30.45198207024053616 -20.643175324201703091
-24.960899098809541385 -17.82661154365233358
-23.027208469322896889 -17.855113846553066992
-21.463715679872553466 -18.059229624771127476
-19.646680141258148211 -17.382930232517239233
-17.864693745106428935 -15.896530876418704992
-17.528642328889446844 -19.237612534125325681
-15.922352250942079621 -16.889505760900330955
-14.83935546875 -27.055362123525323881
-12.809661303241831831 -25.896729275534141834
-10.542135285933760258 -26.802335746458808785
-8.6910564953440605507 -25.50801291787729852
-6.6438630177558444245 -24.9928798172687614
-4.5273307231908752613 -24.446450476990047918
-2.1800649654826766977 -24.009519951046499386
-0.67341239282545117817 -22.318371583523124002
0.82483458749530846887 -20.689601903562461871
-0.31754665283340166582 -17.136209251533912834
3.496101829536122807 -17.171482169926647998
2.1025901479901705216 -14.128539794147208397
4.3114969629311268307 -12.807987986287198368
3.6324545279217872462 -10.511802731421010293
3.2947666727378575047 -8.491472826277954411
