-29.219959831343675916 -9.3500586287385036854
-29.335547514602350105 -8.050897123616946871
-30.20760522096725964 -7.0946877993295993647
-30.996803915544543173 -6.1963834081128004172
-30.614443134004073244 -5.0827100174307435765
-30.07278053461199363 -3.9207995751840725163
-30.466484623321115066 -2.8026824372373795313
-31.106868052990911622 -1.5894380129990355321
-31.643078400085986601 -0.31724202529289557972
-32.597841060671996161 0.64499210308379240075
-33.541710821702260148 1.5989045371420773645
-33.937538582772525331 2.9231255588307099025
-34.766338517554018495 3.9198216847316711409
-35.699014064847389704 4.8214385046465224605
-36.661534828285574861 5.6395013454886893101
-37.700544866472633032 6.4138325097752257875
-38.721288404697247643 7.0790871508648258725
-39.666688354259136418 7.6202527793516843246
-40.771930897589236054 7.9004847284966421839
-42.185622844369852658 7.9060383207815201345
-43.421504596644993512 8.4138384830164376638
-44.340248544506870587 9.4176237736151193758
-45.424045036388754681 9.6530540958494626125
-46.646009665176713099 9.5652214375238262534
-47.739417022984703465 9.9505344281009193708
-48.70476835051266562 9.9942236134704387496
-49.5901393882657473 9.9932758200012905547
-50.515909536475781749 9.8057340491895530477
-51.422230649608664521 8.7011104743990124177
-52.346734418594941474 7.6574825464235667383
-53.447936708289489616 7.449605953907414424
-54.725337727124099274 7.9299809867700483679
-56.087810277030136774 7.9647054002868884481
-57.489528023794456146 7.8890733899268026263
-58.625747142249579724 7.5985399044601500407
-59.550400588580885142 7.0671376817817268545
-60.368002394985346371 6.2379759922664144156
-61.239891386601733814 5.187737723372078058
-62.436009378271144499 4.4315722127093595262
-63.647344880873070849 3.7511868875401574996
-64.536512565652486728 2.7469006835951272905
-65.338766693399961127 1.7096723702532798939
-65.929716853291182588 0.84470861995444934678
-66.395223269371157926 0.087051472641658023122
-66.802452056720568407 -0.64480239587305554494
-67.217126574706725251 -1.4741522188782631986
-67.39551209834904455 -2.7275075666709631683
-67.60307982579199404 -4.0211590764073781301
-67.083459124059899636 -5.2445746550031833166
-66.79574733495779526 -6.4188361915976859251
-67.500405733064738456 -7.5271515454543109769
-68.32980838219903319 -8.70217245655665117
-69.049020953745227303 -9.9468049585028346371
-69.09433854357087057 -11.127133954017880413
-68.996285756010763635 -12.27591428595315648
-68.808920772068574934 -13.548811361416408516
-68.530677483893299495 -14.844932152051091734
-68.173723134397320678 -16.099380583739019812
-67.761331827239544623 -17.262622282283267339
-67.281614421321904729 -18.390346393950842696
-66.783863926988004778 -19.392908235415905693
-66.259694654449319273 -20.31822744405218728
-65.632203125680277367 -21.29500432289403733
-64.883793069560837807 -22.317730603776954723
-64.070051710794160726 -23.293320911313845301
-63.176211595312004476 -24.234853360265567801
-62.170828302097426388 -25.161607229742518399
-61.080944095811332772 -26.035068538795311355
-59.932224475367149807 -26.830675621183203816
-58.770076997208811065 -27.522546816484837251
-57.594649659727004121 -28.012223354396251551
-56.369306868164464674 -27.514158271619056251
-55.247118930142470106 -26.693460724860280209
-54.321328114061778081 -26.495185439635957181
-53.784254731407322936 -27.566126030503905753
-53.274305441724898458 -28.672200061960175788
-52.450401809685267551 -28.444917377313895912
-51.435939136693086482 -27.49731520858779632
-50.313982759840691017 -27.318044175499796467
-49.081171677910198525 -27.671852846216740573
-47.838631349365684287 -27.294762438900317392
-46.61173711985825463 -27.390301802356507466
-45.379221422032138378 -28.036191684135996383
-44.074492925151119493 -28.549927976752595526
-42.730492168930439334 -28.765690346453773429
-41.395315828572087469 -28.446819814134006066
-40.123949074033518514 -27.860851722846486922
-38.925652707895736171 -27.204591983454264437
-37.836553824767328535 -26.510345523211924501
-36.80383009276961559 -25.754526578185288344
-35.783293215614598637 -24.900025711745747969
-34.829223045556496174 -23.987073348990232802
-34.109208676775431002 -23.210975799052278035
-34.063923521970849606 -22.23270625215955576
-34.316591686138046668 -21.02087072092872333
-33.533200100930081078 -20.574553998955281031
-32.148359243326986245 -20.572906917590486842
-31.779854441225790396 -19.956716042548389822
-31.403428649494259162 -19.249920631069539212
-31.853677005507087472 -18.001676052549871798
