87.652675225646220269 3.1561338901519775391
87.82329159236540761 5.2607648488388480956
85.531517098455267956 6.9252844741037673515
87.25829477306784554 9.4788231974927334988
85.874238976235204746 11.203722128666068869
85.26134633947582131 13.23798950954498288
83.309579749729707032 14.42518415795223774
82.883863975598657703 16.738543158722716697
79.082404577893314013 15.68755217049587003
76.511207727745102147 15.147373118539331216
75.784267121663262401 16.98691201392561112
73.972678381721237884 17.022280848303040557
73.655105194444573158 21.17918575142969928
72.094653946114178211 23.365330400682662315
69.824266670503192245 22.424721055855759033
67.79906463623046875 24.642096008488334036
65.79515863211378246 22.222032474672801072
64.172899104029397677 20.215886313089004744
61.893346771186074307 21.332054447187662305
59.883874398698658581 20.933926127662125793
57.28944884487184197 21.359314135861016126
56.413049209329770406 18.827637045822527284
54.739358180828659783 17.660396110249251933
53.458876780502642134 16.068087075930371554
52.384679797720011152 14.355337551579101074
48.652229957481907263 14.210562002756553568
49.867080701140871213 11.139966302245532859
49.051250964930403597 9.2476662315805597814
50.48726136093068817 6.8358705420579308765
57.775664142793381473 4.2096348322365759742
57.421192302067339597 3.1561338901519775391
56.124674396931823139 1.9291066127193863267
56.15766019787076857 0.6816778223698136685
56.024032882903192387 -0.66980545967990012812
49.7503948068819426 -4.8796499502588321917
49.165997591866720029 -7.6016703952675470646
51.458942508989920839 -8.7156561136243730914
52.1864282407446467 -10.901539715923439289
54.122360381389441386 -12.033373765365238839
55.785352523869555341 -13.379319977563604027
59.20165699485527 -11.735004098717274346
61.682432935129568818 -10.582026943279903008
63.687999265844226215 -9.496404613383223392
64.165196442093389351 -13.939828415557617092
65.77266160199604883 -16.123810173550495506
67.79906463623046875 -17.313727754628839506
69.828748617072051275 -16.155096781850623699
72.096277921735023142 -17.060703332011630806
73.911141177758551635 -15.654914993777410359
75.73706837494960098 -14.67291158688740893
78.111081583516892124 -14.704816205595388823
80.458350838905829505 -14.26788766930052077
81.965009523400098601 -12.576739101170772983
83.463259113266957456 -10.947966416750704255
82.320867944362404955 -7.3945755414064464617
86.134517368449706964 -7.4298473867440559815
84.74100672616955876 -4.3869062677965251495
86.949909910696263182 -3.0663543469821519238
86.270863225868097857 -0.77016973790279807943
85.984265578287534026 1.2447917999644075859
