-26.845366096188403304 23.734219181282188771
-26.960953608883652777 25.033380092826536867
-27.833010582601435345 25.989588974198824189
-28.622208185293235516 26.887893192357726235
-28.239845790557193794 28.001567123787292957
-27.698184525609256923 29.163477381789839171
-28.091888642375856477 30.281594791108339848
-28.732273521055134324 31.494839204833574797
-29.268483319385747876 32.767035812204163392
-30.228975248033556511 33.719271453416503448
-31.487935549459841411 34.123279411954413831
-32.803553565991201424 33.817456913455920642
-34.129413728623099189 33.363914679102677496
-35.454495862332372269 32.95313052287022515
-36.77240724345109868 32.983161713666454773
-38.104993881389745525 33.049545790843147586
-39.428678613020167631 32.771998369960606112
-40.524025600053754204 33.079487007537906607
-41.592386810524217822 32.862051188130919854
-42.771902755774725335 32.089788416229716006
-43.880689607613817316 31.895906445634601312
-44.586304217372862979 32.613702744050947047
-45.410749959555666067 32.414032033847306025
-46.158782234162423208 32.708965680402350529
-46.724817672830106119 33.460464165512874501
-47.258849537024673282 32.6831547709341379
-47.76574025314124583 31.329141283913802596
-48.327218115680523169 30.489870339504985708
-49.152073975991065424 31.111496835210605383
-50.277495911370529313 31.882556058115941511
-51.502070483083166152 32.556770535024831759
-52.542999954819954667 32.954586118669958239
-53.303899339695441029 32.458319122998894102
-54.258328755702187607 32.872084528969814698
-55.330124282820825954 33.780594309758704696
-56.402507063388817699 34.691577230036251933
-57.474889843956802338 35.602560150313777854
-58.547272624524794082 36.513543070591317985
-59.648453367314083096 37.243679127787920891
-60.88067949615383867 37.104997512118892189
-61.847666698715954681 36.201793672234174437
-62.699622501640718042 35.151737857620787508
-63.364516643980167032 34.218743099176030853
-63.864579840437656344 33.43382816396591295
-64.284219845520766512 32.705937680362900721
-64.689279577028685253 31.927959895830063886
-64.918157073900459864 30.827552892466933088
-65.230489654058857241 29.517226448962080809
-64.948642984728252259 28.271162794073770641
-64.407799576607061454 27.076283293662221752
-64.805562156770861293 25.951569069520569855
-65.680597714154529854 24.816028697144361104
-66.41762394551059856 23.580988531444202039
-66.738586732793578449 22.365651811194467768
-66.665348358957857045 21.22908166961394727
-66.512566534317954847 20.000990465836217425
-66.265318659842364468 18.700124686056330603
-65.93369388617588811 17.422404728179159861
-65.541285790490491081 16.231501435729285276
-65.084010769099364779 15.088107048639770369
-64.586791663105501016 14.033038097196641303
-64.080424388701672456 13.09761168907787976
-63.496620895820363728 12.146789664448444768
-62.787665800516293757 11.131374738443447825
-61.991615070380447605 10.131588938405489131
-61.133999629957969546 9.1853723129492905741
-60.166689933891269959 8.2494827493016522624
-59.103396176255124317 7.353046915525146332
-57.97264237499237538 6.5274289480236724614
-56.810167038065230827 5.7964623542088453689
-55.641982943102902937 5.1676249046227269446
-54.304996113680239489 5.1257192763414423098
-53.000682937248711823 5.3986788293304508457
-52.191971501746309059 4.8002074057176900013
-51.715828261819311251 3.7088589832564196058
-51.044395277537873312 3.5491056779631762197
-50.284664833797911854 3.3975024760929315448
-49.3595830006365901 3.2775866393132870868
-48.199009745231350621 3.3954542118530044448
-46.969647746932182031 3.0841294026964334307
-45.73613016488882721 3.1934461159683782405
-44.47490282871622469 3.5266620528303360693
-43.204846453390416627 3.3999114548150863868
-41.998738507237575845 3.6558523578161405965
-40.707046104958749311 4.0181774013187627759
-39.391090840654769067 4.4865668404258940427
-38.107832463906994747 5.047201926558919638
-36.882521827047135332 5.6874170340510445953
-35.763242833503490203 6.3718880573132423706
-34.723795901686870025 7.1037196704060825425
-33.696067592101229593 7.9318038302299527231
-32.714065294271847506 8.8368261630414526309
-31.907226861267449891 9.6796209588985817618
-31.565829305141260619 10.467420964244853465
-31.938877679260425424 11.76820357659086369
-31.495905371512019855 12.466048328840541259
-30.172281965133851855 12.513201375968112217
-29.509006600152595468 12.948935577483156933
-29.134396769493903889 13.615134983857945628
-29.409337328049709015 14.743672811776207254
