-3.4124120927741969922 -9.7495756149291992188
-3.2417981104255382263 -7.6449439392288898176
-5.5335662057078209841 -5.9804246097438884533
-3.8067977825733940733 -3.4268870474284343075
-5.1908521638509874663 -1.7019878376007433474
-5.8037438322667895818 0.33228002092804054257
-7.7555090648343796289 1.5194752200431871358
-8.1812348329482791343 3.8328356121169306903
-16.032236582187678664 -1.7156356078308494517
-17.992896883297426314 -2.4917355416336208762
-18.493198387178487963 -1.4827947012415076955
-20.260731240075980253 -2.9995641312566201364
-21.234793527362352705 -3.4980792788087766709
-21.587718676943413953 -1.8537553827618609148
-22.569425755986209481 -3.1218506326307107202
-23.266024761304525015 -1.0140357358966358703
-23.94132609392810096 -3.3245392777529039208
-24.318954518720502733 -4.7959389192042936045
-29.171745382925678314 8.4263442049772230291
-31.181212159411270335 8.0282186822570018592
-33.7756411624647086 8.4536059222386725764
-34.652041052196388193 5.9219277195232908895
-36.325728294167532795 4.7546872211541373332
-38.381287313970851471 3.8602641378918711723
-39.348234170315464553 1.9348265482778774782
-42.412860120042616074 1.3048527040063238047
-41.198009486722469319 -1.7657436985843961708
-42.013835407263869115 -3.6580440116795021055
-40.577832638789409714 -6.0698387508540445623
-42.102921683658152574 -7.7697382508398495915
-43.204501972835004153 -9.7495756149291992188
-44.603520784404764754 -11.992236561945716744
-44.153714442088393355 -14.189390531388101024
-43.167197880282074607 -16.215857412196118759
-41.314695379160163213 -17.785359202100412546
-41.899092538777104267 -20.507379269616272666
-39.606151486270256612 -21.621365378746027375
-38.878657957670156975 -23.807249167315703176
-36.942725882950682603 -24.939084076108130716
-35.279737593312198385 -26.285030243136223049
-33.588900750084526692 -27.629311302449774956
-31.348637838162598968 -27.903413252037182701
-28.92537218235945673 -27.167235160385146742
-27.793603897578378792 -31.05014107505862242
-24.016464007126540281 -16.889505727937709878
-23.266025311950841115 -17.9698614063621811
-22.512302828239963759 -16.920792389866697647
-21.479633981803036846 -18.153884820526492661
-20.77980543212367337 -17.401382594150351935
-19.754556451378444848 -17.63647073498962925
-18.479292096807071744 -18.040442627290889988
-16.731425933633065739 -18.743681070620020535
-15.504182921177589449 -18.3699767330290058
-7.6018397579549841225 -23.853675804147716377
-8.7442210019440569368 -20.300285079731846594
-4.9305727369613698841 -20.335556048341850044
-6.3240844478189437439 -17.292615626256502281
-4.1151826520012910748 -15.972063849196187491
-4.7942200531343921455 -13.675880380311236095
-5.0808241272761982543 -11.660917852465081168
