-18.444358911057481265 14.272263848445026824
-18.665810138370186877 15.572017537541428922
-19.828254367827518934 16.31385120131398736
-21.237186408756123512 16.904695763820310361
-22.675160546227019154 17.438781053222161432
-24.066206725678213729 18.008078524846904855
-24.929584092464203593 19.086928322204144592
-25.02147017849803845 20.544962850317109115
-25.229518877734584237 21.980879693064121483
-25.435869078612846295 23.375169245703656173
-25.068605233083172124 24.825018102723586111
-24.721443889320212861 26.296325410076494933
-24.49479366804325764 27.788831096216860317
-25.096470673557739417 28.546656440879409899
-26.070814076699988959 29.355660331810767616
-27.189235436839179982 30.165571792619331859
-28.257628989032312461 30.836416178297650248
-29.26912391775404032 31.38941140076289571
-30.654082221477128911 31.434027200965161342
-32.120611526310170802 31.671006318744503005
-33.214846272890497403 32.606556470017785898
-34.229412746454094929 33.141763294469157586
-35.322476141147745921 32.767983852529297906
-36.473385567357119896 32.284360990809254588
-37.528587781200862139 33.071741218860466915
-38.54530498240208658 33.499567724860675355
-39.534888509832150305 32.552679874805164673
-40.536883135922998633 31.392060828891974467
-41.585250569255663322 30.454977408184920051
-42.750719776519211734 30.641677069847791159
-44.01391491941147649 31.367617799038558957
-45.453231887191158478 31.479766882296289054
-46.965832060421938365 31.482201124977997608
-48.088716746393359358 31.042228721362175037
-49.076197699835674371 30.454163423580716596
-49.882347287841504624 29.354627368275266974
-51.004657079108504547 28.38554496533781446
-52.346054418236626304 27.669171270922252148
-53.418332547029059754 26.726354409799231604
-54.328455615499279929 25.604781790654758566
-55.025216939319591347 24.619245816484998102
-55.545607450865219334 23.790603669529659214
-55.986703147743185127 23.009116714878494747
-56.429396409048962369 22.130719723035831237
-56.637942737996247899 20.798413280507460854
-56.800367636894982581 19.41822845598680658
-56.201777675825859149 18.114401273581400176
-56.132862247612507645 16.873861703378185695
-57.013838967780237965 15.6809381012459923
-57.841668431135609296 14.382155402256506349
-58.346973226215936847 13.06378836107002428
-58.278274363781662259 11.839462213511700028
-58.121589423952329412 10.535206586957949426
-57.856893089406391084 9.1427361435142771029
-57.496234604740067198 7.7791018367779729559
-57.06729805600221539 6.5153094799375264046
-56.562577475564083329 5.2995306997525801762
-56.029013840270621927 4.2135019500812411763
-55.466499701932562516 3.2206008206012590733
-54.784468381084280963 2.1689074263423293587
-53.969064029897339196 1.0755013713740844139
-53.083956366364290602 0.043400403543271792728
-52.091457689292639088 -0.96343599141523128537
-50.978325209342742141 -1.9400982345503852144
-49.780618409234378419 -2.8424247395630892754
-48.536847021130149926 -3.6417360217664729305
-47.286574282282678894 -4.3225309099175603933
-45.858226454538531414 -4.3732398562223044891
-44.488146241739578102 -4.1254722971627799666
-43.709954603408775142 -4.9294302459904830727
-43.147441532963277666 -5.8453673414297036004
-42.419553025411943281 -6.0107347887459887659
-41.542210561175672012 -6.1725864449457894523
-40.434261563096050907 -6.0456215326247484398
-39.146178888616951497 -6.4041910772001306995
-37.826348997022961385 -6.4214861554770266139
-36.487976558504506386 -6.0135408461256369961
-35.106141483522499414 -6.1630512996222712729
-33.82092272519653875 -5.9080748155013154133
-32.450094223240007807 -5.5373503233487326725
-31.039455879731246313 -5.0431020850825305502
-29.66455163478606849 -4.4424148687219471299
-28.359209545996030499 -3.7522816977432924546
-27.176159860565892501 -3.0136321925980702474
-26.068614470352862611 -2.2108133613590279509
-25.039272690641656283 -1.3526903880643388334
-24.224368206952682669 -0.58363956838275754535
-24.267265547382795177 0.91951547679936385116
-24.5115233747223904 2.4106732080690229658
-24.341521880518445897 3.4505427445922198793
-23.089083644080911739 3.4502040631895085632
-21.603055975793363785 3.2253888492093367724
-21.024985532962524815 3.5853094776955583001
-20.636769772687394209 4.2914654025266880666
-21.075781178719314113 5.6093792490206038082
-20.425172924996939372 6.6053924678859408104
-19.513349771825474477 7.5610820581572113497
-19.666150723926385524 8.9469539497615180323
-19.98416735955952106 10.449928286894287766
-19.838583251703319377 11.850800587254282092
