-8.9738420701911891797 -8.2065525054931640625
-8.8032285645745496083 -6.1019208307931496194
-11.094996428293779189 -4.4374014685497673582
-9.3682234548220826298 -1.8838639799531629038
-16.206066128137784688 -2.5871447121671664604
-18.801643839883773524 -2.4181441581909028926
-21.642881667320892802 -2.9866531798611877235
-22.267793167102684748 -2.3002007716200258969
-22.983011643561059856 -1.7156356844651483584
-24.675401537437274158 -2.4917355414816411141
-24.412716026734202046 -0.55999182463519936448
-25.222420332767885753 -0.1095006232806809976
-25.324295832280885321 2.5750749225931475195
-24.862636456649529038 10.446481356861514911
-26.802248117412943884 11.062034935741632324
-28.82746124267578125 13.279410804936087942
-30.831369076965117415 10.859346325557762469
-32.453620085714582899 8.853199956009913052
-34.733175424548882404 9.9693663398770731021
-36.74264403461309314 9.5712408422768007199
-39.337073068274911236 9.9966280658502952861
-40.21347294409278561 7.4649513006156720252
-41.887156415069924265 6.2977102848190043005
-43.942719200749479569 5.4032870066736577996
-44.909662247689922765 3.4778494092393561488
-47.974292006168958835 2.8478757812832036223
-46.759441371179967462 -0.22272063315977597142
-47.575267292029494115 -2.1150209022434669492
-46.139264523555034714 -4.526815641418009406
-47.664353568423777574 -6.2267151414038144353
-48.765933857600629153 -8.2065525054931640625
-50.16495267638294564 -10.449212430212478253
-49.71514633998739896 -12.64636640649002608
-48.728629778015132956 -14.672833309176080974
-46.876127268236118084 -16.242337036657541915
-47.460524392248949255 -18.96435716805696714
-45.167579538845870957 -20.078343247061020804
-44.440089818514337594 -22.264227038121436664
-42.504153917145011121 -23.396060045298902708
-40.841169468124768116 -24.742008094605818513
-39.150332621517080156 -26.086289154385909228
-36.910069725198759727 -26.36039109526456059
-34.48680232883805985 -25.624212949691969499
-33.355031626239174614 -29.507118991865279867
-30.853866131681563445 -27.486498243651784179
-28.82746124267578125 -28.676413911855402006
-28.680979814887081147 -9.6002282798161679978
-28.536103616981854714 -9.577282131120275821
-28.393498043015235055 -9.5421528341181609534
-28.255050835308043844 -9.4922069693635187093
-28.12079303721503365 -9.4305369920538577588
-21.171787098180956832 -18.743681173497517278
-19.676273623448345518 -18.36997688778619775
-17.704745916979263143 -18.22148883888040416
-17.694656278484828249 -16.29500569693163925
-10.49200367828007785 -18.792533910294501709
-11.885515364611105582 -15.749593438378374444
-9.6766083319355438164 -14.429039767778796488
-10.355650283811431933 -12.13285638702450342
-10.64225459136973484 -10.117893882970253827
