-25.253378094712235935 -13.605713371171065162
-25.511100380535246757 -12.177885411248265513
-26.616421478469540318 -11.144529683422078392
-26.957484802650661493 -10.015031595279069165
-26.202813274748447014 -8.6753662838384091316
-26.408447797574858384 -7.4139189045862430305
-27.100627612558067625 -6.0322487289368282859
-27.739382877615192058 -4.5953837971227997627
-28.87460299356510518 -3.5286744058428500814
-29.75525541614375058 -2.3073387596167167501
-30.358166479069701893 -0.91137872891376758844
-31.403357898768277323 0.15665819594157959216
-32.487305307843797664 1.1125481996544213104
-33.663950061098873334 2.0063243799874754814
-34.828417698833014526 2.7657629269212158363
-35.908181469954939757 3.3728159168788174327
-37.314105715807620811 3.5116974167593988376
-38.88502607212407014 3.729986071415853921
-40.057463168129942233 4.7187049350066780917
-41.225043560811144516 5.2520578188761959382
-42.59397543142146958 5.2345249568506764248
-43.850753773599109309 5.6007475052895401291
-44.935876154700494567 5.6426612031743950126
-45.952487398172991107 5.6284627604237336129
-47.007725018820011087 4.9010244320506046733
-48.047926466194752493 3.6408610242192001039
-49.232930376465169786 3.0541789026549990282
-50.53189914545148298 3.4468108153423355766
-50.873094263278751725 2.6631660717384271209
-50.627724456190037472 1.0933953668721028141
-50.370002198817225292 -0.4929303371784479193
-50.11227994144446285 -2.0792560412289984306
-49.995521177512031841 -3.3355657508545242251
-50.632413662437443236 -2.8274685188576866857
-51.596542828563670469 -1.5532627283741837765
-52.563189199929894357 -0.27316379513309202443
-53.529835571296118246 1.0069351381080000607
-54.49648194266234924 2.2870340713490917572
-55.211591942436804459 2.9374806738482419632
-55.992687731552337027 2.4594583968621179793
-56.852254483361974735 1.241433083277755145
-58.120949638372358947 0.27538605871935689651
-59.553875191212362949 -0.46873488055246170791
-60.575508785978712467 -1.6078775057339029786
-61.472658471474403541 -2.7776282413789132875
-62.110828067659383578 -3.73350774678891284
-62.611078777665163386 -4.5767985407128755071
-63.073636299640881475 -5.4521125875815048545
-63.355873163249064817 -6.7056919145564517493
-63.645228927726762436 -8.1944267632665201972
-63.125477836301698176 -9.5989844718492598474
-62.899915148146696708 -10.933456313562208706
-63.79309788638519052 -12.206458013810758345
-64.678675762017221018 -13.590032749486002928
-65.154929503582863504 -14.989694508131753636
-65.070749593149415091 -16.295086894009809697
-64.880553239864298121 -17.716948130792935956
-64.569671707569924024 -19.199327908369120621
-64.157740048116920661 -20.622979738151354212
-63.669534073110945371 -21.944249313042973881
-63.10715945548136574 -23.192193908178026618
-62.531166044108061897 -24.276472646472086581
-61.863332438882906672 -25.363510701242105938
-61.03492422741337009 -26.527491863272338435
-60.108561362002710382 -27.648471462189533554
-59.10163517544954459 -28.700690287203997286
-58.057016586830592075 -29.167230623614429419
-56.58472578917050555 -28.559456075815617737
-55.093638561853708779 -28.029545022226756146
-53.530059275817286846 -27.961885981023339554
-51.975738124091435566 -27.695643760847119097
-50.527016475323819122 -27.028906503075162959
-49.297874419256281442 -26.34514633530372052
-48.696750858689753727 -27.172660621785119872
-48.353204330391676535 -28.563829314679050952
-47.590889258687006702 -28.285485781212720724
-46.546809732740740628 -27.345706638452028869
-45.437884100931555054 -27.936013509624689988
-44.701966850445280954 -29.341656975945873853
-44.150124704505415707 -30.862183657540633419
-43.597723643395845272 -32.381692280272055484
-42.788406413063199807 -33.655939137290431518
-41.4476185646127675 -34.007522657341525019
-40.050819738274441306 -33.691110384234249864
-38.562009031101830203 -33.209227988327995718
-37.066353666288634372 -32.642973005651327867
-35.636950902668374397 -31.940589325229879591
-34.329999947566278706 -31.166839102754344992
-33.136546827086405642 -30.334669470438086591
-31.965500148735177532 -29.381804005076816111
-30.870977890762635099 -28.344656968576884992
-30.072332678133932404 -27.478994555341849093
-30.222029694672869482 -26.206433209586482036
-30.150516018878107616 -25.087677741606533743
-28.786516313717690707 -24.923907495256106159
-27.922015213775960518 -24.489165181864382959
-27.491113812040026687 -23.717372352989858797
-27.876643000120360227 -22.361175379503801963
-27.195770593208244748 -21.294601675478570968
-26.305073663238413673 -20.242329045846396696
