-21.058792443902195402 -4.1307819027153040992
-21.300767655559759817 -2.9139546528721496088
-22.53999742044429766 -2.4823419623803144596
-24.036680904461075414 -2.2534422181143303199
-25.527375880594952662 -2.0225278890112283747
-26.353346481726980244 -1.5679946429880837755
-25.625671591128860172 -0.59060189283324804332
-24.865323315420923223 0.5603703336546986824
-25.010818745523554441 1.9173138657558839171
-25.023185755054171864 3.3798242156783739887
-25.102264014186516761 4.8469718511373436343
-25.573066285353231564 6.3045318362869817719
-25.813646864442990392 7.8232336238822162144
-26.51315827540861747 8.9914684544208469674
-27.507049687816810035 9.961064629562205397
-28.539233067828696733 10.838313782365803561
-29.654314458229521279 11.661465536724765713
-30.735488963532475282 12.353176646004957462
-31.745125040190721677 12.915497223469376564
-33.029053714974516254 12.85836934899442241
-34.402720158022837893 12.197912547860591204
-35.675142582090664689 11.873329293257990358
-36.755647486185395678 12.599310380994982239
-37.926310638747445125 12.633565911019589478
-39.151507612458118501 12.252490356192813792
-40.186935271228975353 13.03834781284457911
-41.148726521781490817 13.482037452501925756
-42.084151409868340465 12.501147882035674286
-43.04555662630564683 11.278370588051396695
-44.085929252528735844 10.413976606010985293
-45.263692768132521849 10.856915789723680987
-46.567985760010778051 11.60060761585318545
-48.043325856974824717 11.971241470797171047
-49.467511371296360778 12.464961481899869966
-50.627906009326849812 12.681196327837621851
-51.498238443904611472 12.172076509762590035
-52.332441751817491138 11.194765807858335194
-53.365602294646798498 10.150217855733648875
-54.686984779767911391 9.3986119829289656025
-55.84246392482857857 8.5383601152885795216
-56.772023513659476635 7.4255153760289402953
-57.519405780673892536 6.3957635439550521994
-58.06452642754783966 5.546765088366436558
-58.514876101812554055 4.7656848748316598119
-58.950988170544007971 3.9212213725573832335
-59.18125670805655858 2.6780811250590090822
-59.452263633179946112 1.2846466850331259568
-58.950193449196731876 -0.031293743576578068877
-58.655198457502976339 -1.2885092485320626121
-59.438731641878284506 -2.477724301805841467
-60.301858163121700329 -3.7534601031461649612
-60.966185037461855245 -5.0825858003151598297
-60.91227367064328746 -6.319960461423939968
-60.776085959085079935 -7.593460789434270275
-60.53212312802502737 -8.9827502384301745053
-60.189257967494590673 -10.356912873224800364
-59.772734955496602538 -11.640915694433362049
-59.282966057053172904 -12.865648898066512018
-58.749955065161998391 -13.985025719500216113
-58.200378321151404748 -14.981850875995217365
-57.547152079521723067 -16.017015130747967788
-56.753649026782525766 -17.111438370242758822
-55.88144489240231394 -18.157129619968223722
-54.915101399299899754 -19.16542197395070346
-53.823134519834667344 -20.152343999438535604
-52.64003267007142739 -21.071767168012442539
-51.400150360400751026 -21.894701355738881432
-50.152253152563552874 -22.59753964882437316
-48.767404106804221442 -22.829727053639413015
-47.345358696408837318 -22.528171507378033311
-46.429653166510838957 -23.078646014510489692
-45.907531924177369831 -24.211502575697974038
-45.186062747610300505 -24.381222136021996505
-44.346934954318030009 -24.543596831197376673
-43.294119196768733104 -24.510378481141767537
-42.023790383732354314 -24.687110137479052696
-40.704865242799961322 -24.829405373301216997
-39.373057017591399642 -24.482657735665895871
-37.992192432327968277 -24.535657495185130728
-36.696146432919526603 -24.369640675902683569
-35.345766608661278951 -24.024703252482503046
-33.937936466501064103 -23.542879497194281413
-32.550272439623476828 -22.973509323359511569
-31.225669464690966493 -22.298003687346717783
-30.017648945995375698 -21.567170552077968182
-28.902943841868918184 -20.782311094031474141
-27.804154189188853508 -19.888335268585166205
-26.767215125379610896 -18.914611640096332223
-25.973105660349759205 -18.065942282019229026
-25.921080771206675308 -17.014482252046462918
-26.126344508653620125 -15.764447637176337125
-25.136685154310800527 -15.397311956105346198
-23.895032495026399033 -15.248511981217657052
-23.501922554240604057 -14.575070938882646487
-23.472281187159158122 -13.574289996167626882
-23.592524309085831646 -12.345923967516922559
-22.573402381608342893 -11.456403454892576832
-22.091829993688214984 -10.327564933718623053
-22.430183939275284644 -8.8550901998585391794
-22.633789063485370008 -7.3657046687044216426
