-30.755991385071560273 -4.00054931640625
-30.585376925670715309 -1.8959180003796713976
-32.877143831968155041 -0.23139829761033059441
-31.150371820223178077 2.322139222044753204
-32.534429549540831772 4.0470387010053539001
-33.14732217162926986 6.0813065293479784401
-35.099088808815778862 7.2685017223644123874
-35.524812213292108254 9.5818621439441944432
-36.520752537294036699 11.646712086156354005
-38.847900243373558737 12.188055911150055266
-40.495727812524457079 13.517205461027941737
-43.485508540308288161 12.000435903717256991
-45.570545851680002158 11.508085219054413173
-46.964946732904749638 13.146244675214703079
-48.940690948455589648 11.878149344361162321
-50.609607696533203125 13.985964264103568411
-52.257224661783112651 11.675460756659107986
-53.584837364257445813 9.9968005639904298221
-56.515325539782651276 14.17536957878099102
-58.524790498034320763 13.777244980779951078
-61.119219522132333111 14.202631254937209349
-61.995619405080987008 11.670954961358930291
-63.669306638511976359 10.503713991362674918
-65.724865650580895249 9.6092906770690671436
-66.691808702922642738 7.6838530732704803938
-69.75643844914064573 7.0538792276433461836
-68.541587826988873644 3.9832828346660988927
-69.35741374588691599 2.0909822868434471133
-67.921410977412449483 -0.32081245233109578763
-69.446500020312001311 -2.0207122912091044498
-70.548084126155316653 -4.00054931640625
-71.947099123027811629 -6.2432102634227675253
-71.497292793844820835 -8.4403632174031120172
-70.510776218905121482 -10.46683111367316954
-68.658273717783202983 -12.036332903577463327
-69.242670846106364024 -14.758353978970053078
-66.949725997181531056 -15.872339098136025726
-66.222236272371759469 -18.058223849034522601
-64.286304231994805036 -19.19005681452768286
-62.623315941888300529 -20.536002983707639657
-60.932479075374502031 -21.880285965298995166
-50.987272692603163193 -4.8487989123733861163
-50.896538575688936135 -4.8836311917147225969
-50.802659893912867517 -4.9087885361070755508
-50.706665467147843174 -4.9239925579101315734
-50.609607696533203125 -24.470410722768487943
-48.579920017359867757 -23.311777854872111959
-46.312386536026949102 -24.21738624794591388
-44.461310622984449026 -22.923061514686342122
-42.414115722701815514 -22.407928416656893944
-40.297582938088922333 -21.861499068793960987
-37.950317478536447879 -21.424570491678256445
-36.443666740435006091 -19.73342217409419419
-34.945417145450043961 -18.104650462127068522
-36.087800720418591993 -14.551258711481398933
-32.274151099782699248 -14.586530745405871912
-33.667661844243376379 -11.543589353508401985
-31.458756696295143485 -10.223037542071818251
-32.137797689043821947 -7.9268531871199900962
-32.424402942289745511 -5.9118915496924291375
