-7.0765272241170835699 -8.0384791870893064214
-7.4194760536396335837 -6.5527350744895969115
-8.5892113869812618532 -5.4672130207849685135
-8.6452604207813763537 -4.2107127731636850854
-7.926879101638718339 -2.7867857988617164011
-8.4327387559842748033 -1.4693402704404996406
-9.8091832067473987422 -1.0341463857431367757
-11.46171239785164353 -1.3863049220092611424
-13.127267734380863473 -1.7761108672363159489
-14.792982696806312504 -2.1651208912904635895
-16.464717835889537412 -2.524113316823531239
-18.135082522581843278 -2.7955065544963040303
-19.658061944792155629 -2.3794866296068861722
-21.151214809056337884 -2.0399033088470690522
-22.476382241695365138 -2.0388755297672687128
-23.57758376392408195 -2.2646718633938967002
-24.782096226013432982 -2.8912577163034320904
-25.072199298928175892 -1.7593513878807438555
-24.950949478679191884 -0.043703836223485774404
-24.88579581990341083 1.6676454323679248404
-24.916370155751913273 3.3690272936405305515
-24.957891708076463289 5.0692693068879881579
-24.999413260401009751 6.7695113201354466526
-25.05382433140177767 8.4660831000225069687
-25.463157505951318882 10.061592382735678797
-26.326554207577490985 11.151288246339642996
-27.253476446338748218 11.160539803419592175
-28.347121044511695231 11.008279096706099054
-29.447878072022447782 9.6649748658019376535
-30.617263040072117519 8.61779802941083517
-32.07817875913151795 8.9127845087684498537
-33.703744047173636034 9.1499036435931824229
-35.402907078502650506 9.062750533339157144
-36.72460586254944559 8.6330877945397688222
-37.847849451958083478 7.9580477874656594395
-38.780749520072795633 6.6553442579749813035
-40.167333304868549249 5.6706207735936526859
-41.608623504853255781 4.8108447953190580648
-42.674347921544637074 3.5714615463075194413
-43.539974269853225053 2.3910004179445376593
-44.149940003777544462 1.4346577103770457029
-44.651606777580937546 0.54590926250584104196
-45.164276708353185086 -0.49026075663011425831
-45.39392779625911345 -2.0782037304074467698
-45.200572785679263177 -3.6053374313489667813
-44.657353713749436963 -5.0494448031054517401
-45.393857723025654138 -6.4055120408621988304
-46.37456338660348365 -7.8493585780057983925
-46.983134476285961512 -9.3450691697695091875
-46.899213036037394886 -10.736702579396473212
-46.6971509954843782 -12.245251157486141125
-46.35947734847798074 -13.818352782729180106
-45.911916409051414689 -15.314201786236623093
-45.374929101215357719 -16.710367401838709611
-44.771840555482583568 -17.991454586797466675
-44.142398163507046149 -19.122684067257196716
-43.369388140257584041 -20.313849754395779001
-42.432865869270280257 -21.546166224090345764
-41.403716093747668481 -22.702509268371123596
-40.220768522474884321 -23.835565542516960136
-38.904162841309045007 -24.901420036057686502
-37.505873016378288298 -25.849696622291773451
-36.091474586134069114 -26.646574742391180735
-34.494933125189149337 -26.777768906145045236
-32.987270950045392226 -26.580630981886841369
-32.225348466702563144 -27.71303525049381733
-31.496747367595418154 -28.323235578406034563
-30.610478031376747055 -28.507213860579739162
-29.54418421982916243 -28.464414772924602204
-28.903739046742519037 -27.017826575054233018
-28.700756963252683107 -25.334085851755705932
-28.509374279865795643 -23.644056993313256498
-28.31799159647889752 -21.954028134870803513
-28.126608913092013609 -20.263999276428343421
-27.935226229705122591 -18.573970417985893988
-27.743843546318235127 -16.883941559543441002
-27.552460862931354768 -15.193912701100984464
-27.361078179544460198 -13.503883842658531478
-27.169281118526242835 -11.81414737305534679
-26.673422721924247014 -10.578326890949504957
-25.702291988257258026 -11.323493256509896909
-24.822726565229739748 -12.784329971567487405
-23.945873855903659688 -14.249148255388913498
-23.069021146577576076 -15.713966539210343143
-22.181085713286666561 -17.165520663670108092
-20.987683008787268335 -18.248006647610996112
-19.388956901900968433 -18.554571687664981994
-17.690201082407305933 -18.331041081567285289
-15.986128895057072796 -18.420100260763859978
-14.322556983934767061 -18.860526730244615123
-12.65723775614063662 -19.276320092389326533
-10.96233969828482735 -19.402018483972597096
-9.8112458336957466543 -19.080040849606575648
-9.3579308624105834724 -18.278337563087376338
-9.6893270705325971193 -16.886198055560534215
-8.9804984951788853209 -15.748250783191796387
-8.122865728926237594 -14.594646138993887519
-8.42672688520862323 -12.961766230150709944
-8.6411679824266016681 -11.280168225680773375
-7.9947418663561293783 -9.834249448059011911
