-21.118856833069607148 14.237750053405761719
-20.948242373918834147 16.34238172943950218
-26.662008260403784021 17.279532730466481638
-24.56189565427217758 19.569871430929570266
-25.195730199777884195 21.262010700115432371
-24.858221527924271754 23.541318970920819709
-25.669820932976861627 25.355776760863548702
-25.887679574308563701 27.820160566378810074
-26.883617985292083574 29.8850114559683675
-29.210767599357872371 30.426355281425333743
-30.385191246817434774 32.575461615868476883
-33.060162126959170337 32.009091434521437236
-35.116432597347227329 32.260801203011631344
-36.953353950776957504 33.146244692827643519
-39.11839479190731339 31.878149342892839968
-40.97247314453125 33.985964264103571963
-42.805251737068743978 31.67546075280057849
-44.350920268046479578 30.132092587430257424
-46.631612901374012381 31.654789244745916932
-48.883799325122062385 32.006885924543382771
-51.482084991174957622 32.440929658924815726
-52.358484853079033883 29.90925433117094201
-54.032172086510023234 28.74201336117468486
-56.087731106630961619 27.847589084264086523
-57.054677956248902149 25.922151979140732436
-60.119303940681646736 25.292177568362436801
-58.904453271700205619 22.221581735023018922
-59.720279197912411462 20.329282597934579258
-58.284276403092604824 17.917486068804112875
-59.809369282768827247 16.21758743849988349
-60.910945759456097903 14.237750053405761719
-62.309968381542844895 11.995088112942276837
-61.86015824184286771 9.7979361524088997015
-60.873641666903168357 7.7714682561388421789
-59.021139167936418346 6.2019659942379661288
-59.605536294104418005 3.4799453908419586412
-57.312595271771797911 2.3659600496294110883
-56.585101723359983339 0.18007564330770797767
-54.649169674131002239 -0.95175798643551523526
-52.986181384909819769 -2.2977040943484432489
-51.295344516706009586 -3.6419870761730699371
-49.055081625918958821 -3.9160880600339282864
-46.631814242507147128 -3.1799108637917221643
-45.500047692812813693 -7.0628149280556797862
-42.998879876897554198 -5.0421937841296511351
-40.97247314453125 -6.2321123066307926308
-38.942781754756666146 -5.0734804033496523346
-36.675255923956818549 -5.9790873815904745925
-34.824179867064032123 -4.6847626156628727756
-32.776981169376455227 -4.1696285694185064585
-30.660450344513677123 -3.6232002053090504035
-28.313184947266798019 -3.1862716810814362134
-26.806532204046945367 -1.4951233547827964543
-25.308284543641470066 0.13364897931032615475
-26.450666156795385575 3.6870404359073152278
-22.63701848307115938 3.6517685760095641712
-24.030529163751221944 6.6947096199617837087
-21.821627870065452015 8.0152618162716322558
-22.500665039791794442 10.311446204327225473
-22.787268381788383209 12.326406947311690843
