84.419364624093361726 7.6330275171608112927
84.161639447536359171 9.0608548206589318852
83.056318831296735539 10.094210883415929203
82.715257008323803234 11.223709276629769249
83.46993036357883966 12.563374633529569735
83.265029722946380275 13.822842339979388271
82.260644996454800548 14.792118397847390909
80.715975929835153124 14.956910533765919169
79.09928000644919166 14.973805547665763882
77.463713813787720142 14.933464824371668556
75.940977185700972996 15.013676752293953598
75.229331362778779635 16.115800080937269456
74.954298248541832095 17.732030697343201808
74.550680182696979159 19.315257239195833705
74.362634433917520482 20.885858174687243149
74.607919095533461018 22.478879163973562783
74.844347272946691874 24.004492117312178578
74.181224114826363802 24.387696031033243571
73.06307840710326218 24.788938627244814228
71.46740246339849989 24.438676666123352987
70.097846323728106199 24.558451239770899832
69.263739383190880972 25.77759360786398446
68.248810782418786403 26.529715701046210796
66.826620922457109941 26.415059900249641345
65.606082847168650574 26.852534939152867821
64.547166365677412614 26.882675955078429553
63.52064505247962245 26.858339287905735659
62.470757213103198069 25.902641704503157172
61.422800812947997429 24.673858377888564064
60.183475106389295206 24.345105979117619199
58.71804645380365173 24.847269610594604927
57.145714046051921287 24.80326307029479338
55.575743118766098405 24.777373673050050229
54.475907716797216551 24.184785485519576298
53.459593339305875759 23.479526001535774071
53.363073593391604277 21.928368806063410545
53.797414430780087002 20.38536003046886691
54.254252700228313699 18.844989965549316935
54.151212218509698459 17.348533996439641669
53.501353787307849075 15.901144301254298341
52.470207292651863895 15.148867534151518655
50.88473934881436378 15.186428673859145633
49.261397115462870033 15.153205500684533646
47.651005002162456492 14.968506137520137145
46.409614863769249382 14.267775495285695442
46.042856612571831931 12.864009955305267141
46.635253600624800185 11.468507611673874891
46.701233355271611458 10.145818575888400304
45.757212554815161809 8.8670307035034792165
45.003217701571287535 7.521839846531682916
45.557859785324133384 6.7601823327180152745
47.111719757329822755 6.498247921512214198
48.70696482959623097 6.2570138340641481278
50.302209901862617869 6.0157797466160829458
51.895394821268183705 5.7634784307035555884
53.450512090925414554 5.3069897016621352392
54.951057504579253532 4.5797962463600274674
56.419210268154053267 3.9272132953674523392
56.876808442374645836 3.1332245960820479525
56.667482959084466643 2.091928363078551012
57.07383339222930374 1.1483239809841734314
56.48816969530467702 -0.27436978125830624453
55.598035198831603054 -1.6236904909533445007
54.66219004800016279 -2.9357106526475731378
53.726344897168729631 -4.2477308143418008868
52.790499746337282261 -5.5597509760360281916
51.854654595505834891 -6.871771137730258161
51.26280496117194474 -8.1029712822539234907
52.235667003850636547 -8.9095422533978627655
53.53503890642608809 -9.838501619420952693
54.8630938679570761 -10.638133928005935047
56.261454810086682699 -11.158697069311015682
57.824583566554096592 -10.863944610689811654
59.171494702477659189 -11.084697734104533851
60.250164029423487477 -11.99746695778151917
61.399223436625177897 -11.516511331790507455
62.564471122677097981 -10.726198784805973219
63.606260596597735457 -11.459890526645535758
64.747878175670791734 -12.417953858801091371
66.270846681181026838 -12.543820531576935551
67.797982614657357203 -12.844792179638051977
69.173081409436733225 -12.565547643651758136
70.646761733866782151 -12.15180216006283942
72.146581347482666047 -11.601024800243962432
73.598706634609811772 -10.931744273762390662
74.950269760744220093 -10.174667514432904625
76.168221496852098085 -9.3664074557879999361
77.344643723183978068 -8.4539988752570938146
78.477079947154663842 -7.4301641101099793474
79.39321344476205411 -6.4748188205910217619
79.600773230213491161 -5.444690377912181134
79.348514248702457508 -4.0867097683942885666
80.388743719871015969 -3.6837149923733174539
81.620411255669779393 -3.4689835778980171455
82.041943810882941079 -2.7377271033830776759
81.886961026343854542 -1.547207209155885721
82.118534855036585896 -0.34548658498288448149
83.220588438213042082 0.61477238991874760821
83.260376936276131232 2.0097859012267598189
82.900095823057725397 3.6111357214669821403
