-25.071943686096950898 -4.6762223243713378906
-24.901329226779459702 -2.5715908883423721498
-27.19309613072510956 -0.90707119703827654433
-25.466327943528977329 1.6464661182088873304
-26.850383753585525426 3.3713659217350180342
-27.463274474344789411 5.4056340011474439677
-29.415039229772165896 6.5928287519465147426
-29.84076643795600603 8.9061896309080026413
-30.83670286286824691 10.971038540034303566
-33.163852544283130896 11.512382426263663149
-34.338276144862618366 13.661490641101622145
-37.500633765356681693 12.000435881629545776
-39.668961247332944708 11.501920675063036725
-41.1372794638598549 13.146244668260546717
-43.185625109190127091 11.878149352633204927
-44.92555999755859375 14.163423980900443411
-46.644191451288428141 11.675460747811104767
-48.044405814901210761 9.996800473236831408
-50.231828774696587914 11.654789257269186464
-52.353361708157585497 12.006885990206630055
-55.435171812635431365 13.526958729884327681
-56.31157169897559811 10.995281481737498197
-57.985258933815970295 9.8280405117119986613
-60.040817947580272573 8.9336181504124763109
-61.007764810651551102 7.0081800763078447858
-64.072390728394552184 6.3782067342247206199
-62.857540129657614614 3.3076100614285559587
-63.673366046408887087 1.4153091612184702797
-62.237367076949588807 -0.99648526493996891773
-63.762456134483372239 -2.696385165205352763
-64.864032612483441653 -4.6762223243713378906
-66.263055245389026027 -6.9188827313890390869
-65.813248927300520563 -9.1160356651036575926
-64.826728513446795432 -11.142504618430258745
-62.974226016653432225 -12.712005439545968954
-63.558623162778651761 -15.434026482996777929
-61.265682123679582105 -16.548012568107207443
-60.538188585357872284 -18.733896366878724393
-58.60225653823073344 -19.865729340964023208
-56.939268247890211683 -21.211675511219912238
-55.248431383066431977 -22.555958492578000119
-53.008168474405231052 -22.830058532484208911
-50.584897595333210063 -22.093884093057233997
-49.453134563066853957 -25.976786348496812451
-46.95196672840345542 -23.956165685229503737
-44.92555999755859375 -25.146081346547784818
-42.895864904400106354 -23.987452315989106211
-40.628338833811035613 -24.893058778384883567
-38.777262921830136122 -23.598735952454678255
-36.730068017110177436 -23.083599037490099448
-34.613535232671729602 -22.537171596202266954
-32.266269762133021004 -22.10024301014340864
-30.759617058575901893 -20.409094637209328482
-29.261371387081332784 -18.78032303019092808
-30.403751158399497712 -15.226932257263081638
-41.084006565107834774 -6.8941442583419059176
-40.865002512861131834 -6.4840990198298431579
-40.698272173839185939 -6.0497516789714342877
-40.569063415350676394 -5.6022240223676496029
-40.487202590088259058 -5.1427124265739454501
