3.9305030517259504919 -16.236300541309066858
3.814915045182855291 -14.937138956918229127
2.9428575230371407656 -13.980929293033003802
2.1536595522969901317 -13.08262462403207671
2.5360222403482493014 -11.968951468878527677
3.0776828889867111627 -10.80704248870591222
2.6839786769662801191 -9.688924858230802073
2.0435953626659006943 -8.4756793653824704649
1.5073850424466062048 -7.2034833151354673575
0.55262155341841323608 -6.2412491651568302586
-0.39124907577075990206 -5.2873367062882019596
-0.78707640381692112186 -3.9631156479635420986
-1.6158762292154698059 -2.9664193864975700876
-2.5485520141834712149 -2.064802453818810335
-3.5110723197532855977 -1.246740092614722073
-4.5500818704210868049 -0.47240932775821420364
-5.570825473153307783 0.19284534322795110484
-6.516225442228691378 0.73401096969327639385
-7.6214671499109547526 1.0142437899560434733
-9.0351569106364451045 1.0197974608733724189
-10.271037577580949929 1.5275976402898991946
-11.189784575843502168 2.5313816477382715675
-12.27358284550931522 2.766812355045225047
-13.478797591209362494 2.5059126002915794729
-14.434711326621725291 1.5439335913299772063
-15.170693908250425963 0.33527613785796894774
-15.89952277745645759 -0.88034522013371641069
-16.635596821761293285 -2.083651545114239223
-17.380416406180035693 -3.2775627843796142358
-18.156403238902566244 -4.3644084576624599947
-19.072905875666638309 -4.4380197661438787193
-20.146596453973650398 -3.6413146687372726085
-21.416963170202443223 -3.1333960226101496005
-22.746006209895561767 -2.6674538921112023182
-24.023560720051811757 -2.0306824513823413803
-25.342203533393064419 -1.5589196812976027218
-26.70976805892784256 -1.3621639124416538014
-27.982761029829799071 -1.6864170067080841431
-29.195961549707508453 -2.4070239992912627613
-30.431708213016101183 -3.0665632261505919587
-31.323591716227603854 -4.0642147528071284057
-32.13788238317336976 -5.1070811537358515864
-32.742402185345724774 -5.9846513152207343467
-33.214316799752026554 -6.7472574911942331255
-33.623235063906079745 -7.4769230671956208312
-34.035177349197297758 -8.293911222209350953
-34.219463284630698752 -9.5195903785988065238
-34.462710146727623339 -10.817471837083672881
-33.981215207798975086 -12.044848740766919803
-33.629918248111025036 -13.223842311689526952
-34.284330575090237403 -14.33393902453028268
-35.126004131153010235 -15.500588416934915514
-35.521930124101153581 -16.575907615120613059
-34.651985064984486939 -16.960270087158971108
-33.250464256273211561 -17.048370773104775111
-31.843282363966686432 -17.133316381456406674
-30.436100471660147093 -17.218261989808045342
-29.028918579353607754 -17.303207598159680458
-27.621736687047079073 -17.388153206511315574
-26.214554794740539734 -17.473098814862947137
-24.8073729024340075 -17.5580444232145787
-23.396506228267178074 -17.639303192871004455
-21.971064925849344007 -17.705979198759767002
-20.538528320203045752 -17.760992969295426036
-19.103658994024964812 -17.750979821237216072
-17.838518836245366828 -17.60066064362137439
-17.781269928458353746 -17.862147902633179086
-17.607990814013934511 -17.935325186621550841
-17.050179583870665567 -17.907574196989809678
-16.381512452185095441 -17.475053464691082894
-15.864295510328828342 -16.512335466192041622
-15.915219668678927789 -16.954304238595153009
-16.236091755687748872 -18.26278953012818107
-16.333133813032766568 -18.586492494331302794
-16.107405061764801246 -17.597884673651488896
-15.979849138177426582 -17.440134717944108189
-15.887195446003698152 -17.48063216046282875
-15.660353683930509305 -17.788938565423251248
-15.004078063316930169 -18.230978355182323014
-14.084339498589169892 -18.613034166964641969
-12.976855574280548922 -19.293883558273485335
-11.828648456880609174 -20.105425962013693919
-10.680441339480665874 -20.916968365753909609
-9.5322342220807279034 -21.728510769494118193
-8.3840271046807846034 -22.54005317323433033
-7.2358199872808439679 -23.351595576974538915
-6.0876128698809042206 -24.163137980714747499
-4.9394057524809609205 -24.974680384454959636
-3.791198635081020285 -25.786222788195168221
-2.6429225538690084285 -26.597550759117460473
-1.447957971884793027 -27.263707712308391962
-0.098652378485227440463 -27.449964018995949289
1.0837092227012909973 -27.326950998037595753
1.4497189312190066346 -26.703830167122443839
1.6208879183339779395 -25.859881722518860414
1.304614595208041683 -24.651859659468023267
2.0712905782079871209 -23.770057881577976389
2.8828128242375332668 -22.861343865466505321
2.7245050227355536165 -21.562227504930131516
2.4137212538140353502 -20.158820239577305955
