-19.067418265620972306 14.449039749635252505
-19.302710019784626638 15.713043307873926224
-20.516937674188206131 16.321139492016705219
-21.982214160052528484 16.762731842176187058
-23.341083785223229796 17.38382899311260843
-24.412431997062807199 18.427578119642905818
-25.01194552428528084 19.797128757274169431
-25.008523675283637289 21.286089453526852111
-25.275102000794955615 22.702608622900712021
-25.430984396378889301 24.10274741294521661
-25.063006740311248421 25.559790203030431144
-24.829534310347661119 27.048851281182525241
-25.189662132206301237 28.237290331140592059
-26.066927890575019688 29.02412572894662901
-27.137805453797156474 29.868268092801059765
-28.251931731892437227 30.630000535430106368
-29.282841029019330392 31.242334027102216965
-30.372762323502517035 31.686101050514004385
-31.885186091354352556 31.639666357296331256
-33.232102224213988961 32.137935259451303693
-34.219354699328121683 33.174513882561228684
-35.231524861250463232 33.394757795511956999
-36.37435040669043218 32.523845414130967413
-37.47225287321627718 32.439716684563187243
-38.498257416976109369 33.369301695908355043
-39.494899518514358761 33.283341183646456329
-40.475699164653384798 32.156097189213184606
-41.504871898506038974 30.994508049146627826
-42.608376269114266677 30.384198135678776254
-43.796278125382279711 31.012406824733474764
-45.088601230451438084 31.622908152737046805
-46.579315052352093574 31.61383598506764514
-48.01915144506715194 31.587467338705462083
-49.040993395539857147 31.031558799389006964
-50.035176135989374302 30.401382936552860059
-50.831039986378392825 29.16739534713331139
-52.063999039239561739 28.303389609523375015
-53.399929902162178053 27.603541906085236946
-54.355788423895518235 26.534229161283825249
-55.212873906669244661 25.426574642413257266
-55.83436338710728819 24.509987977215327959
-56.320237736193902833 23.708011977172962048
-56.753740265522438335 22.911839467563080319
-57.134515347466418689 21.915342409935938406
-57.388101221655659856 20.507183612292518404
-57.275169003569295967 19.154510311491176111
-56.665684098783884792 17.86780474699967769
-57.00379440646749174 16.656396071547057147
-57.932796079013812118 15.438036601512429513
-58.719378983713326647 14.113234529559370856
-58.955115756110004099 12.825578336442653438
-58.860784080877749602 11.600907776095873203
-58.6676676977303444 10.24780409181080465
-58.369555669380531526 8.8590810789164677885
-57.982842838657589368 7.52306515264753628
-57.530725232494717147 6.2827164830787012306
-57.007479755704238755 5.0951152703982351966
-56.472100860737015182 4.0582291549743878534
-55.878657608078604824 3.056700544201214953
-55.147670268531783222 1.9802847046899820782
-54.303952650565719296 0.90066034520151028175
-53.391105959856631102 -0.11573755296083909627
-52.3550550246130868 -1.1179855250761718821
-51.210049260905243784 -2.0735919545864920366
-49.990506143492396518 -2.945516753292125145
-48.745404961149787937 -3.7033546334581401993
-47.4726077085197673 -4.3019869906359815559
-45.994355627727813385 -4.0780572008672262285
-44.771229406936249973 -4.0681127459975163774
-44.18305206445099742 -5.2223302728546290297
-43.532122734985890133 -5.7257364972840782968
-42.772021303105439927 -5.8880405753288904691
-41.833415316942257789 -6.0463956220827270727
-40.637707341983528408 -5.8851178703680071536
-39.326284846355811453 -6.2484474134077672147
-38.005244428843660387 -6.1608849661997213687
-36.653337887109628923 -5.8166042078210606903
-35.301973707124155055 -5.9110711945877234541
-33.99887984261732754 -5.6222093592054065425
-32.606927190327965604 -5.1923619450315348089
-31.199397743165519614 -4.6775193655783127156
-29.841309463049867645 -4.0433522587408567972
-28.573823586432794741 -3.3332512193037366899
-27.42696083448349853 -2.5797030561037885832
-26.325521380985534847 -1.741979986146867887
-25.31362190119242328 -0.85725700561400230981
-24.435627739183924945 0.016583379159319733276
-24.49829163079866845 1.4315404963563682639
-24.86706118219477446 2.8674043540973275235
-24.37611373597593456 3.556393323905119086
-22.946975644043650533 3.4397801730418082755
-21.809948386227109296 3.4863187006098321774
-21.453582897706152011 4.1074273434222945411
-21.55393466348318654 5.1863009717677588384
-21.514270280158989124 6.3664337331377796048
-20.446703728906282294 7.2453614438041560319
-20.125812656663509159 8.4383799249134661125
-20.482689519780230114 9.9251170082710977738
-20.630355788356574465 11.403128437195961808
-20.047158043063088684 12.675156579784738753
