-32.117019816182427405 5.6930444412925487185
-32.459967779024090362 7.1787881193613021225
-33.629704302097351842 8.2643104061880734434
-33.685755037104961218 9.520811096323624767
-32.967372483882726897 10.944739359830867542
-33.474910397516339344 12.269989615493205548
-34.880444528082563238 12.84057488069233699
-36.587567724255166013 12.742500113491090019
-38.307845701455846665 12.60034950140172505
-40.02018803417584536 12.370163241216742378
-41.713137019093963431 12.172374040945475926
-43.24521921464662455 12.685311397673855183
-44.665343057948746264 13.190580204922532914
-46.146559358884893243 12.860405981239008355
-47.336263704147178544 13.050143524969280762
-48.650688603378277719 12.238622128521814858
-49.841787185074934996 12.056349178761481156
-50.582872629907797091 12.591776193504355064
-51.428574244070752286 12.554485903083566711
-52.019058370555235626 13.409722019904044998
-52.529620859669037714 12.347672683933435422
-52.98453553053797549 10.814062298479761637
-53.704973279916302431 10.918387364501315417
-54.589426497150775219 12.366359453093176413
-55.379744001743695492 13.875919787863121968
-56.163719162197956791 15.386288593594830587
-56.947694322652218091 16.896657399326546312
-57.731669483106472285 18.407026205058258483
-58.515644643560733584 19.917395010789967102
-59.301281399900787505 21.425519725481262157
-60.337652975407898737 22.595011102173081952
-61.631022812134830247 22.438649932753641281
-62.753219360946495442 21.776160643202388201
-63.688657320762423808 20.530710420204393074
-65.030707457604421506 19.501160889231670126
-66.519300801238131271 18.680102795843261276
-67.594259592013088422 17.453892766733773101
-68.49545175535392616 16.246821976412991972
-69.126417046693561019 15.272374284013578105
-69.634611810309053226 14.384847295234605369
-70.139482668608209792 13.381969849472497458
-70.389994530493112279 11.839750777737487297
-70.320546877059356916 10.300584239281226573
-69.704828067929184954 8.8473219232265467582
-70.306278224918457909 7.4855613931468267808
-71.310680345361873833 6.059212418024646496
-72.027223623131135355 4.5567706442871749317
-71.954714679272697708 3.1593654832764190843
-71.768825458183584942 1.6718054216849997928
-71.446220793696852525 0.096634927706713114048
-71.009143711091809337 -1.4144846970974169764
-70.484094131891964707 -2.8164970555230288696
-69.883437134802790069 -4.1204644646184789281
-69.262064127870758057 -5.257951412746637132
-68.510727358086199956 -6.4370256157003478137
-67.588415317945873539 -7.673521368361591044
-66.572220074953449398 -8.8366605843901471218
-65.408502859454003442 -9.9728477153234660335
-64.104755782875656678 -11.049902490152604173
-62.712458154260446008 -12.014371906354650577
-61.299262489185473157 -12.828552392170813334
-59.731850249203077396 -13.083212727950652265
-58.173810861189416244 -12.819868503629539447
-57.325826822568451746 -13.793633706662248528
-56.632532808932069202 -14.569423827659395698
-55.76700835765242914 -14.753974595537613368
-54.674101521364853795 -14.930651172962072337
-53.259827919411144137 -14.891276786314524117
-51.766959668969235508 -15.104464305765141319
-50.422739940228041178 -14.481626052052943621
-50.040567423803182123 -13.00870227561523329
-50.083147596826563586 -11.301547512064601619
-50.128542565671367015 -9.5928405219592143283
-50.173937534516184655 -7.8841335318538217081
-50.219332503361002296 -6.1754265417484344169
-50.260313931543272759 -4.4876698060294231141
-50.060568241875529338 -3.9425998024130781694
-49.459442554241952905 -5.3028057905635179736
-48.81241604371815157 -6.8808944243322764933
-48.165389533194357341 -8.4589830581010385657
-47.518363022670563112 -10.037071691869794421
-46.871336512146775988 -11.615160325638555605
-46.202232569363495429 -13.149648116267510289
-45.071321867710246067 -13.772422672062980098
-43.52144007138404902 -13.206010583992615182
-42.036139685281497691 -12.430209640619192868
-40.702631317948551271 -11.58919461611335322
-39.449609657885453373 -10.653933647052690858
-38.231522032351570317 -9.5837724568603235298
-37.215784430506175795 -8.5426056478938292571
-36.921625441724394534 -7.4816191055474039473
-37.17022008587892401 -6.0531186508893224385
-36.001241211927251129 -5.672028735750299866
-34.851739126199476004 -5.3485173303148254575
-34.398424206095626232 -4.5468141929044314509
-34.729820404013665325 -3.1546751142127180678
-34.020993320463531973 -2.0167276057727057115
-33.16336155201071989 -0.86312263701438407537
-33.467220709280205426 0.76975696797251469405
-33.681659920451060941 2.45135530381760125
