4.1218074701936755488 -8.3604270569774072897
3.7788586883366765967 -6.8746826891260859327
2.609123368786118391 -5.7891606327823588174
2.553072717631109434 -4.5326603670691927306
3.2714559706437853492 -3.1087320379039482532
2.7807815033612719446 -1.7380631378971340695
2.0273539015345996006 -0.2380387949454217944
1.1603799690409470902 1.1436533532582937589
-0.070094142403940185027 2.2492367227119971496
-0.61907610784119693204 3.8133056939093101789
-1.6631575136367189316 4.9965128151037188076
-2.801820743355028398 6.0480651645171406017
-4.0272239433981695811 7.0146349656531228334
-5.2792195422778913638 7.8549599759982555724
-6.432273863912179479 8.5154524191176506065
-7.8901445367917233398 8.712363180112310701
-9.5525518987563238227 8.9495861726424124072
-10.770363560736335273 10.023141550156182689
-11.584104338717969185 10.361026382465453821
-12.05615156106722452 8.9175558149632472293
-12.489275072548116086 7.2701207194877497386
-12.922398584029005875 5.6226856240122549124
-13.355522095509899216 3.9752505285367578658
-13.788645606990787229 2.3278154330612617073
-14.221769118471684124 0.68038033758576677013
-14.654892629952573913 -0.96705475788972961038
-15.118772577917029665 -2.1314435226242225419
-15.692837271513992548 -1.6120491655591655533
-16.185573210450787229 -2.5224231374075931633
-16.562492656511224709 -4.1175864939865194359
-17.175864040729361903 -4.1612511021275500056
-18.336227059362187219 -3.0485853759494792037
-19.62578886612790896 -2.1628686419841316457
-20.423518832761562436 -2.5724578251662442163
-21.759304271718338697 -2.7401882381621827101
-23.404457525719763566 -2.2122749078489745145
-24.917947548393133417 -1.4319718853545495563
-26.395989243970436888 -0.5911715409821518552
-27.874030939547743912 0.24962880339024576259
-29.352072635125058042 1.0904291477626433249
-30.831405472716021166 1.9236681286422883108
-32.226347276971090139 2.2371344423638959142
-32.8218187987838661 1.3264769117415227129
-33.338292603778853618 0.43724750992134531202
-33.837208627842045416 -0.53743790980254502188
-34.103204362343838341 -2.0264816795206295197
-34.149797369380294754 -3.5774399622870300952
-33.495383877049548005 -5.0392591669662776255
-33.942967817204092285 -6.4094959251809955347
-34.965565125359773901 -7.8183981400763249425
-35.790560936786569357 -9.323864694496862171
-35.729397473265620988 -10.731187297182225748
-35.559202283130233013 -12.197341834848604236
-35.251960332044937729 -13.772710304128125358
-34.826052201453165935 -15.297723138043734181
-34.31258800120566832 -16.706817596380194146
-33.715795768396660037 -18.031539432322645666
-33.100432030827150243 -19.179232729849172046
-32.370219845745644704 -20.346143694212564412
-31.465413239386297306 -21.582232594794177771
-30.717882351234603533 -22.471135677813528275
-29.742400147913173214 -22.07037849715238309
-28.330156279930953644 -21.095459070978030525
-26.91791241194874118 -20.120539644803685064
-25.505668543966525164 -19.145620218629336051
-24.072988740158898224 -18.223282361182977951
-22.421909711380486385 -17.886060474983931812
-20.679455505570089713 -17.825495787469673559
-19.184565466875891815 -17.041044343573719999
-18.161148951556633335 -16.44130817311000925
-17.954029710120931185 -17.716566852785533115
-17.726403381442128904 -18.653711617633970121
-16.953936767538376529 -17.639804542109907004
-16.050921930555514194 -17.793321691992378675
-15.524504179069705145 -19.357284755565110856
-15.197645166972469255 -21.040918847338886621
-14.8721281781645569 -22.725047121422846885
-14.546611189356637439 -24.409175395506810702
-14.221094200548721531 -26.093303669590767413
-13.844267359225893799 -27.735657304219984098
-12.797467396083629154 -28.829292563460430898
-11.344687391495147821 -28.659108407876338731
-9.7934652398003354534 -28.239152287545373099
-8.1984789154385921961 -27.662371020018102996
-6.6560808534062250175 -26.951489835247450344
-5.2296400196236696445 -26.143562684274360919
-3.9463380726571237744 -25.274828121596442543
-2.6999628745254611317 -24.279805735332871564
-1.5298992717842114786 -23.181589283443525318
-0.68077180783145685439 -22.262105834697919704
-0.88470402987947949214 -20.873335299036362755
-0.61973805120565872429 -19.824291580046516259
0.93803383838361220626 -19.730508157658100288
1.5690228203219263037 -19.090500285770836797
1.7857419113683032919 -18.086349546725049464
1.6023355611162026779 -16.679985514031599791
2.7250993958843343634 -15.657460891689629179
3.0160640778822407349 -14.275729957343234133
2.6270493935553025366 -12.581500759033957593
2.6981104028604718792 -10.96924787015145597
