-13.95009403633333811 -6.8535276760553029973
-14.131610917296978158 -5.4877047355287009722
-15.144471311520758761 -4.4983315538563202196
-16.359352894006061518 -3.5819643754892855902
-17.576833772535177758 -2.7062228003139341403
-18.976310381508987746 -2.4188002597487954226
-20.485320936848832929 -2.4819601981998724582
-21.996062408464432281 -2.5413803878358391941
-23.49430145450302021 -2.4435212755179458455
-24.884501349977771412 -1.9954320147869404334
-25.324174156600836483 -0.9051194609985373507
-24.861224561532804245 0.53770974109421965093
-24.507885514824373274 2.0478906691734630741
-24.557433328786071769 3.5246820012906723285
-24.864619672686355756 4.954603444527279521
-24.744875724421788732 6.4303972407264513578
-24.563965680291278915 7.9076606989489954813
-24.943271917248107883 9.2074275434328605172
-26.112092336306297113 10.091325328285979168
-27.537362114954955672 10.509525964667874476
-28.658330139613418908 11.401807544049635368
-29.723682926447757779 12.01324197758010115
-30.974850712707404199 12.099720209962750772
-32.218237793857952056 12.244872034635125857
-33.273887530668126544 12.43693068841575311
-34.228289089215721219 12.442097135736855051
-35.216855032878235932 12.291637276616489416
-36.187927022884203154 11.107983279218570871
-37.187414231405369947 10.031813559480600162
-38.402501350371196054 9.9760341138236974246
-39.791605403239351801 10.43682144045592608
-41.271479727630172363 10.358994122096058632
-42.754568996418612414 10.358473067872605355
-43.792881254152590031 9.8041987420207021842
-44.785211459152321822 9.1973643488011695979
-45.576172835877393652 8.0041977599880205219
-46.770807289758202785 7.1012790221466532969
-48.120042114274646394 6.4068208945883950989
-49.113436148085895638 5.380414425112162391
-49.994948540247904134 4.2625031380263393999
-50.644593132160750315 3.3199966733908325978
-51.143434498432739588 2.5082758712698929315
-51.578921866775615968 1.7199693627537868679
-52.032172337866995804 0.79699747402551324171
-52.222395872141646578 -0.60912579852529202817
-52.22833295467627579 -1.9732353728385685354
-51.599950240638925436 -3.2666800905890727158
-51.776214800597941235 -4.4893528224425924833
-52.700354974628645266 -5.6950148363441979171
-53.500247601310711332 -7.0116594069698159331
-53.844930673562188872 -8.3130699953518440992
-53.761136996824262724 -9.5338282481313427752
-53.582800974281681761 -10.868765455008098542
-53.297919966403874525 -12.259910218043419405
-52.921015491475813519 -13.608574286617848514
-52.478662052601343646 -14.856564671869159966
-51.961682946546005724 -16.057705219416057218
-51.427458303999998179 -17.112771615993612073
-50.847733169812102005 -18.108828694059564413
-50.136310271553767848 -19.176015384243989104
-49.302714374457579538 -20.262827892153751463
-48.402048682110162758 -21.284360359388593054
-47.383252456158821531 -22.288924623089485522
-46.25048272943583072 -23.253515861256090602
-45.039152462323720272 -24.137966270555146764
-43.794148206404159396 -24.912471962591936858
-42.54228125081874623 -25.571330491214904868
-41.070997870516777084 -25.430962528733534356
-39.779357516799841221 -25.303479402575916879
-39.123506290874793478 -26.332952506725447961
-38.509983234158440268 -27.006268896853839578
-37.765864726196802792 -27.169261976289028837
-36.851548260755173203 -27.329396862741539564
-35.689978546900199774 -27.16364260723056745
-34.3855337197778681 -27.547575470862799563
-33.065098557006706415 -27.538723171463839634
-31.720275387322001137 -27.113687393797665237
-30.354991003991379728 -27.245097594119958018
-29.061409167174023338 -26.970472891121357151
-27.67328927292024332 -26.573778949557020468
-26.296045423636364546 -26.056007128768932546
-25.35662349308890029 -25.100861204477073585
-24.816327771302500338 -23.712793217623978848
-24.405624803757095975 -22.264413349145321774
-24.130881256360044773 -20.78622266654441475
-24.00384949045919214 -19.321680255539728677
-23.264538492402731862 -18.438020161500471517
-22.171451081585594522 -17.845018377902778894
-21.676631548838063424 -16.752009310942288067
-20.564413228743926965 -16.663337005258402002
-19.111826120905675452 -17.078557411744888839
-17.6561726275922517 -17.49831739221489002
-16.596983734393486287 -17.654582892171831077
-16.271219696662683418 -17.075983888610686279
-16.538299330260159081 -15.861730799090105748
-16.224225147279618398 -14.751270867634769246
-15.161735057490473011 -13.860399064149937942
-15.069160135588978378 -12.575566828302571665
-15.425426917731499543 -11.076643772264690213
-15.466362376797878397 -9.6245554442669263295
