-23.638649436001109905 -14.323967269005859038
-23.82016567295660181 -12.958144511929480913
-24.823441768413644581 -11.967351951468506499
-25.420170504929707533 -10.959450659669441208
-24.787803747832366952 -9.7241361544435083175
-24.630811432864227584 -8.5330415740360852084
-25.177976633440898979 -7.2673851646809497495
-25.801291749594518876 -5.9179452492405584252
-26.588912015987155257 -4.7163231412825155076
-27.721970519815950951 -3.7722155598685729316
-28.280776810262874932 -2.4480218408374421202
-29.025871898983439223 -1.2731589935022409321
-30.020354714186005651 -0.2938079486037121768
-31.047520336124350138 0.58727288747858530371
-32.159587555768204936 1.4160748160213572078
-33.246681691058981301 2.11814829527935089
-34.257113797173651903 2.6861248087318116973
-35.545414511449095585 2.8474592926608406351
-37.041967089477346065 2.9782616980197000878
-38.219371407125905193 3.7759278580495450051
-39.258221700479921878 4.509617446458598522
-40.479954928925700131 4.6843260130980555189
-41.758087735678358854 4.6837550931573987967
-42.828943082622188854 4.9621356819609943045
-43.790864130251087261 4.9735852625407979133
-44.773629680959743382 4.9374641807085275502
-45.746850114654343145 3.7967432878115157102
-46.7350275285785699 2.6688413003614122054
-47.914562361061960871 2.4445738669638581442
-49.289478446204157081 2.9348463595911198354
-50.759669726807018719 2.9109307632735399451
-52.261053464740804486 2.8990138298584677834
-53.349574721784591702 2.4085542334856704372
-54.337863453299306116 1.814780455951783722
-55.136813102959806088 0.68127990708904073713
-56.285288748085839927 -0.26461308582183618032
-57.630730529395911788 -0.97197993454296460758
-58.675967105191730866 -1.9428587549745230945
-59.577663625478400888 -3.0647605323736453187
-60.258158358404934063 -4.0355613615588943333
-60.771062654231954525 -4.8582386219729478682
-61.209901106117669656 -5.6412924677782161353
-61.655647676452815631 -6.5332633184975179574
-61.858541566171673765 -7.8920623411800194802
-61.972937009594865287 -9.2671191565381665356
-61.356797683501447693 -10.567368453975820586
-61.368712050885889653 -11.801965966725701307
-62.269513769103902234 -12.998193814143526481
-63.087075530826091097 -14.303603412374403803
-63.539111678541232209 -15.616913329050815307
-63.465444530841928383 -16.838885137708395234
-63.301645686912443978 -18.153599949955207649
-63.030171526001396387 -19.54601153888616949
-62.663897268311394839 -20.905216777127542116
-62.230636320182618704 -22.163174284693592853
-61.721479859102188925 -23.374792861090398333
-61.187779610759093885 -24.450104149216450367
-60.619992230288218593 -25.443325911521689875
-59.928197542254977748 -26.500347744520880156
-59.106308590001475523 -27.592162904301360982
-58.216355731745700552 -28.620366377567577842
-57.278484427487114772 -29.566958720373683889
-56.246803464295233255 -29.672570381874557199
-54.913739933040297103 -28.962556398833537941
-53.575971434846728414 -28.265359426394695674
-52.165078823714971179 -27.963585867592858136
-50.692258774753177875 -27.874795947309099375
-49.270734582224221754 -27.388925651690275487
-47.991741516608755092 -26.59679356589639454
-47.103311970928096741 -26.509920512557407335
-46.7848402376803989 -27.818018955828524241
-46.314826059702660643 -28.816566362053201544
-45.300545646248401965 -28.632996659465757006
-44.71237388446841976 -29.435319561329453819
-44.422479354114564387 -30.917284134564223308
-44.137282102995776256 -32.409951726245779469
-43.852084851876995231 -33.902619317927324971
-43.401793442673330503 -35.024405084735974469
-42.309599174363107466 -34.81340974988568604
-40.94648668290321325 -34.630583156206014905
-39.618578093209926294 -34.635156076689696647
-38.296881779786176025 -34.323308358310498534
-36.898757532388259506 -33.859223928098423073
-35.495258406783321448 -33.33218782648861378
-34.149704454151084576 -32.679241195379859164
-32.907326588984332716 -31.959481423465312844
-31.777311403497115805 -31.194473071175710999
-30.674442682937723248 -30.330975121981641252
-29.611992736865772713 -29.370362970908821865
-28.729041892905364364 -28.456327254115848291
-28.377687900683657318 -27.59243834493480918
-28.739511166520788521 -26.226725273236393576
-28.084153653212286628 -25.612582017541942747
-26.61944718491137607 -25.596618207450227089
-26.188294121667791359 -24.956956042100507887
-25.888060328155184209 -24.135554898354694586
-26.283483333952798233 -22.801907313008147327
-25.613161747832769777 -21.690691945596672241
-25.249165182561164045 -20.531179441310744238
-25.770766185566870377 -19.184966670978401027
