-10.663813040344997773 -7.3629164695739746094
-10.493199534465020406 -5.2582852742166465987
-12.784967399127094012 -3.593765667852338197
-15.112808498134898016 -2.3576512689758857277
-19.790870671428894667 -2.5871446933476152097
-21.952835556402725103 -2.41814414936927502
-24.494018793051388627 -2.9866532287563414272
-24.640189627510160619 -2.0710247368279475211
-24.293755198180498667 -0.45082217998847884388
-24.993995519281252626 0.23944243143750298941
-24.412716208900565817 3.2107613065472158098
-25.222420237635915896 4.5298753190325662388
-25.324295695731372291 8.6199082999326570587
-26.221836051179050031 12.84628071879262734
-28.492218132342689074 11.905671448335095164
-30.517431259155273438 14.123046364018119192
-32.521339095499492089 11.702982838098133556
-34.143591788444020096 9.6968365157622002926
-36.423143604113086269 10.813001876073929708
-38.432612181923374806 10.414876384360258754
-41.02704111502750095 10.840263660946437341
-41.903441092482360375 8.3085873080117433886
-43.577128319202429907 7.1413468153093688784
-45.632687299406200054 6.2469225773883945152
-46.599634167521166717 4.3214854506597735195
-49.664263991161888612 3.6915114728432616431
-48.449409484828947825 0.62091519889644875008
-49.265239212233566946 -1.2713850935891688465
-47.829232636594056771 -3.6831798623038372043
-49.354325488522462706 -5.3830795468385108649
-50.455901966731488528 -7.3629164695739746094
-51.854924590908382243 -9.6055779133139775894
-51.405114450101784485 -11.802729889106583272
-50.418601690818853456 -13.829198737698009225
-48.566095374739646218 -15.398699576127951261
-49.150496336565126398 -18.120721573488587808
-46.857551475898603144 -19.234705762428234266
-46.130057872606535341 -21.420591540166022071
-44.194125858910155102 -22.552424470066306128
-42.531137564786789085 -23.898370637234290115
-40.840300677794274975 -25.242653625818952889
-38.600037845664296299 -25.516755531136006141
-36.176770595216908077 -24.780577339516977275
-35.045003737997767246 -28.663481485488794931
-32.543836137510936624 -26.642858870991862119
-30.517431259155273438 -27.832778352773370756
-28.487736168883738941 -26.674145507820856693
-26.220212070235582758 -27.579753891604987359
-25.032042741232437777 -24.245205069877069803
-24.939239327055126694 -19.891744567141394384
-24.352760721763964114 -18.040442757719553413
-29.603039073764037425 -8.6214699313441744977
-29.47091234020054884 -8.5251936042521982984
-29.348951382657194387 -8.415020342630223027
-29.245377666814022177 -8.2871174432223710937
-29.152123974217591496 -8.1511770389438886752
-13.575485419752872929 -14.905956058784598284
-11.366579305577552361 -13.585405173106657628
-12.045621257074689225 -11.28921988889696415
-12.332225547881119354 -9.2742591477635052399
