-10.888846915481293465 -6.4901469807077951657
-11.146569585340449393 -5.0623194431478992783
-12.293565724453205945 -4.0418717876321226257
-13.682468117888301862 -3.236926187323709847
-15.172564276322074051 -2.6387458530194782824
-16.741116861673898342 -2.4181201465112804883
-18.365891059769793969 -2.4876975632696640695
-19.990388826578080028 -2.5496172259202039001
-21.598206228222107228 -2.4978373393216033449
-23.197207505718342446 -2.6054075538978183069
-24.536069398887864423 -2.6631951407754899108
-24.662089132867890839 -1.4711174197138554565
-24.579702576683754245 0.057510216568842892348
-24.805179664713580934 1.5068837990592351961
-24.590993023764006864 3.0760783632386825559
-24.844068005266510824 4.6033877658812123457
-25.223517338879631211 6.1465714826420052574
-25.280465516011343396 7.7524467796925122798
-25.376142402004738585 9.3531959416145618036
-25.780681118789139816 10.907429417843665931
-26.387409050137165423 12.266594603165710708
-27.516443823368316401 12.488082417590650408
-28.894087411837677593 12.421259119995134768
-30.047607733542584185 12.745366226056262349
-31.074801612555955188 12.75765810668306699
-32.125649651055532274 12.644736593885919973
-33.161476326742572951 11.382036315857281039
-34.238836254355675237 10.287081328167202443
-35.568717131332512338 10.381345965062987347
-37.071715584748176298 10.76917039482117211
-38.663538079974145489 10.644636169120136771
-40.092601355719132528 10.469867543229611329
-41.159367174122920119 9.8678008008694177988
-42.094605523954776061 8.9159283211884563514
-43.158422421239620803 7.7713610152614815973
-44.565564092405672625 6.9678248073612811808
-45.770687648917679269 6.0219540117832259796
-46.746674570320550401 4.8308919905274887441
-47.491323040420930113 3.7783582635153667439
-48.038792929515111041 2.9005024030006509861
-48.505637446771068255 2.0614705244220683511
-48.977418283044563907 1.0666964032086563297
-49.197440998259679645 -0.43481652219064315101
-49.075970859435905425 -1.8777332603094594177
-48.472257556430534464 -3.245977008506459871
-48.981384631747225455 -4.5295077234862120008
-49.948878238758140924 -5.8547707019371584281
-50.775844529100574221 -7.2735587463622239923
-50.7535626388814336 -8.6089679540004748759
-50.61484623898969204 -9.9587724939948003566
-50.354953763083500462 -11.438186735478318212
-49.983183865830909554 -12.899281196919467618
-49.529863430667930402 -14.25534554254602071
-48.992075846002080652 -15.550953877392473146
-48.42237974976598025 -16.699168414522382875
-47.809726391140330293 -17.761111322384003586
-47.050978198549088916 -18.898930697373820919
-46.156947935293146656 -20.053640647145968501
-45.182485553286838353 -21.138542739361376732
-44.068720799417292255 -22.205508185655375542
-42.83527602203655249 -23.214271988490747134
-41.524030869191463466 -24.122537824715379884
-40.194704247355574012 -24.896840077628301202
-38.748609631993446101 -25.256388412336345795
-37.224012634891366247 -24.947644250081353334
-36.246372015244332943 -25.533180836007332459
-35.666935922080647003 -26.639356724368429497
-34.891401827733851349 -26.817589799653077876
-33.956852238491940454 -26.989815571648712478
-32.756102838778240027 -26.854632899702068016
-31.371078705763277839 -27.232317489044032044
-29.961841864512077649 -27.20643830984720779
-28.523062749798839377 -26.80832990414237571
-27.106501061382257234 -26.896370745773250377
-25.959253207637239313 -26.510312008789931326
-25.223770858824739349 -25.094438621497776154
-25.00280361919932659 -23.514951168868556408
-24.968904673665338834 -21.883551364344214107
-24.868562501869615033 -20.251730832013198125
-24.669205137866374145 -18.636835348547130309
-25.065116633782427158 -17.157059910804573377
-25.83797168362334773 -15.757486618466783668
-26.618764774611904045 -14.359602300310202239
-27.39955786560046036 -12.961717982153622586
-28.18035095658900957 -11.56383366399704471
-28.961144047577565885 -10.165949345840466833
-29.513108773513057059 -8.8134503819743095221
-28.69220921305294425 -8.4033168683802408339
-27.227219513680292806 -8.9808661743846140979
-25.757119004054139566 -9.6189565335664752865
-24.287018494427982773 -10.257046892748336475
-22.816917984801833086 -10.895137251930197664
-21.346817475175679846 -11.533227611112060629
-19.876716965549523053 -12.171317970293920041
-18.406616455923373366 -12.809408329475783006
-16.936515946297220125 -13.447498688657642418
-15.466415436671066885 -14.085589047839505383
-14.004199882254290799 -14.516318065021691197
-12.599088563125615536 -14.007700476889551666
-11.922866602009719372 -12.869632625234212142
