-6.2456297136238063672 -8.1602325439453125
-6.0750157312751476013 -6.0556008682450030989
-8.3667840640116679651 -4.3910815432968721694
-6.6400106261776983274 -1.8375437653364823376
-8.024069783973992287 -0.11264458570961011219
-16.153656468271591962 -2.4181441683918620811
-18.978424258673030067 -2.9866533002683279818
-19.59102005889822351 -2.3002008126187396542
-20.296503418270219754 -1.7156357264058978984
-21.980840532626551465 -2.4917355416066433449
-22.244024279356992224 -1.482794695340698965
-23.801569508102435435 -2.9995641194806319518
-24.584421725718183183 -3.4980793600811290744
-24.714399182440903502 -1.6450382470692845871
-25.065359246522209702 1.6765354598904522732
-26.099246978759765625 13.325731720158255911
-28.103156638084552554 10.905665342082770053
-29.725409169481764593 8.8995200168246171302
-32.004964834463471846 10.015687300869611676
-34.014429780260883263 9.6175617532408885779
-36.608858783314317975 10.042948993222559295
-37.485258673045997568 7.5112707905071776082
-39.15894590929574548 6.3440298204524339098
-41.214504932807457749 5.4496074495300046436
-42.181451791165073928 3.5241696192617641969
-45.24607773136720823 2.8941960001042836836
-44.031227108830272243 -0.17640044788723319158
-27.030421370537506931 -7.8576756846541702117
-27.050892891020019704 -7.9579539893617923241
-27.054468372682801913 -8.059834719614103804
-27.059730000233184199 -8.1602325439453125
-27.04826761841043492 -8.2599786426743531109
-46.986932076071383335 -12.600046444942174517
-46.000419332682454865 -14.626514289342466668
-44.147913004320102459 -16.196017075109690353
-44.732310190920486548 -18.918035190755652764
-42.439369102641634868 -20.032023267600223448
-41.711875602441210731 -22.217905116090037154
-39.775943514221367536 -23.34974004206674536
-38.112955224114863029 -24.695686211246702157
-36.422118357601064531 -26.039969192838057666
-34.181855456741672583 -26.31406922838988649
-31.758591588750604728 -25.57789308265311945
-30.626821535654677575 -29.460797046738772309
-28.125653711126073375 -27.440176381480725354
-26.099246978759765625 -28.630092042958917631
-25.060877267945688374 -18.039645004390074234
-23.975029920373088999 -18.153884879653361395
-23.096612241819222788 -17.401382599505893722
-21.88015152941596142 -17.63647072842876895
-20.394903444768992529 -18.040442673982425958
-18.409923737113395248 -18.743681425919113792
-16.906351299307409874 -18.369976826854760077
-14.925086594879038771 -18.221488782394651196
-11.577439036259162819 -18.710942875198661284
-7.7637903336126967702 -18.746211981770983357
-9.1573020428936970916 -15.703273451055672183
-6.9483955013740192896 -14.382720768655167021
-7.6274379226453454805 -12.086536403841451559
-7.9140417481258076293 -10.071574781481194449
