-3.5141912132335000329 -7.0345438748321056366
-4.0469632633701912994 -5.4417448487038049265
-5.2156947445071111247 -4.2219210038591610257
-4.727297671950634772 -2.7146278514936095227
-4.5968198636154191661 -1.1903677313150762274
-5.3758215997926077634 0.44277623335960791806
-6.2191143898666538803 1.7312039382896817763
-7.7711387398990741104 1.2807527465659482857
-9.4872684737700918589 0.45339851964167082743
-11.203398207641106055 -0.37395570728260657534
-12.919527941512123803 -1.2013099342068838116
-14.635657675383141552 -2.0286641611311608813
-16.314569922973070959 -2.6153280412209394257
-17.868248447615268759 -2.0888711968071751457
-19.337579930130999628 -2.0834137326747033114
-20.450939576477718873 -2.2586954032734025688
-21.709608510472349963 -3.0084269077986665053
-22.348678729901081397 -2.4423333159596753994
-23.06446100838147828 -2.2790926975206047267
-23.528400290964466279 -1.7694412972928874606
-23.887017069021450055 -3.4358960953586135112
-24.217913891854497166 -4.3146691555961798059
-24.803919492936671531 -2.8247831475353102348
-25.427445516607491527 -1.0252217491170079189
-26.050971540278318628 0.77433964930129384197
-26.674497563949142176 2.5739010477195960469
-27.298023587619965724 4.3734624461378981408
-27.92154961129078572 6.1730238445561989025
-28.545075634961609268 7.9725852429745032168
-29.25387468297860849 9.6276809476429203727
-30.742369142082935696 9.9972461382423354337
-32.540670261523729323 9.8726187185635616572
-33.819112760539908891 9.1579030220950450314
-34.91342336292766646 7.9433835575749816016
-36.34134074382818369 6.7308064955433737353
-37.981704583084976434 5.7869292772442140205
-39.169616278174785862 4.4054814477070554091
-40.097396104676562345 3.119544559910032433
-40.740387175937144093 2.0820703225330738917
-41.291989329662882824 1.0609659560093529507
-41.656951399351733301 -0.4196754199037273092
-41.582404433196046512 -1.8672355605508073051
-39.982610266966943868 -2.5651212297520209482
-38.171686373938051418 -3.1652314134907091336
-36.360762480909137651 -3.7653415972293973191
-34.549838587880230989 -4.3654517809680850604
-32.738914694851338538 -4.9655619647067732458
-30.927990801822421219 -5.5656721484454614313
-29.117066908793521662 -6.1657823321841505049
-27.306143015764622106 -6.7658925159228386903
-25.520438295508775184 -7.3816685175180838385
-25.028191997876604091 -8.1992367550968054957
-26.630323083899071435 -8.870852944711700161
-28.443229331228497614 -9.4707788363132774379
-30.256135578557913135 -10.070704727914856491
-32.069041825887339314 -10.670630619516433768
-33.881948073216754835 -11.270556511118012821
-35.694854320546191673 -11.870482402719590098
-37.507760567875607194 -12.470408294321169151
-39.320666815205036926 -13.070334185922744652
-41.133573062534445341 -13.670260077524323705
-42.407961688299714353 -14.23274380145793927
-42.01322890300661328 -15.316071050821875588
-41.351912658479960783 -16.801307687814759362
-40.65829552755995735 -18.083108426948633962
-39.806242170972588212 -19.40711509211629604
-38.754174727047690396 -20.778427109349316027
-37.57742318900743328 -22.064018515555453348
-36.205669937070858566 -23.315419694966919906
-34.689483468833230972 -24.457630293243450836
-33.114383531953954787 -25.427462181993412571
-31.425800593796882509 -25.942110238230320363
-29.657475889881759201 -25.654563059510991252
-28.693997927416628357 -26.713889465083266117
-27.926443640818991554 -27.41750105595938436
-27.507095845139691193 -27.50959575408016633
-27.086082201935099079 -26.24186922569993996
-26.553797948516592697 -24.409962976097585141
-26.021513695098075658 -22.578056726495230322
-25.48922944167957283 -20.74615047689287195
-24.956945188261062896 -18.914244227290510025
-24.335946159969950031 -17.473020656938022199
-23.222825400325689316 -17.493348238592293598
-21.896617335314676467 -17.526520684453895882
-20.371111977807867532 -17.659862845360738248
-18.504096893606103436 -17.808457858661935092
-16.6338952566641467 -18.384013841759777819
-14.950105484177596438 -19.252687484907113458
-13.441065858190617277 -20.403977347825495769
-11.94256226124820941 -21.572333910760065123
-10.444356905013242098 -22.736936248629973534
-9.6738139499970472457 -22.450901527968792237
-8.6178258780818257634 -21.372272500161948017
-8.379922408310617854 -20.113821400023912389
-8.407804781476967193 -18.701949865398471928
-6.7980160982122797009 -18.500147851394466159
-6.0396195664671772363 -17.813522941204752215
-5.958038710728434495 -16.585878072895130941
-5.7630788964370847083 -15.134694396699051921
-4.6220582687905640284 -13.926668077447047267
