-2.9106392425213711839 10.717026503351098299
-3.1683618159361151001 12.144853690076521602
-4.2736826730908177296 13.178210192547902935
-4.6147470376287573757 14.307708684437544733
-3.8600780517581498863 15.647373597039303306
-4.0657088376895309523 16.90882204290801738
-4.7578891651977572863 18.290491214472396564
-5.3966444523321683846 19.727355787361751993
-6.5318643057515410888 20.794064400650736246
-7.4126391944783183163 22.014902961413245208
-7.9506414074124647229 23.096925448902819511
-9.0996811542446618404 22.604901135408798751
-10.42064587843045409 21.689290689562845671
-11.741610602616244563 20.773680243716899696
-13.062575326802031483 19.858069797870950168
-14.385054446943403406 18.944792898224626754
-15.779445740746950833 18.142326106685942477
-17.173969286552289049 17.853992045443938252
-18.273505481836750164 18.032082262163918074
-19.516463472765963161 17.208170557146672763
-20.636127177052376425 17.026334191812793506
-21.313009585359935727 17.618552085029197229
-22.122644789699691614 17.440163278989562201
-22.701211899783753978 18.363140796544399791
-23.188318739339294439 17.769655294851212091
-23.615041667513210655 16.240821303547853915
-24.031973036061074822 15.613777624929509713
-24.565066693837721346 16.82782697604955402
-25.117814328546756997 18.330207955195291447
-25.670561963255792648 19.832588934341032427
-26.223309597964828299 21.33496991348677696
-26.77605723267386395 22.837350892632510835
-27.328804867382896049 24.339731871778248262
-27.881552502091935253 25.842112850923996348
-28.460323799107587917 27.299570750542070385
-29.517234653698768199 27.933953077511183949
-31.085634995280777559 27.856052858869144728
-32.389563707570722784 27.529918352810305748
-33.445076269055014961 26.912367171256441623
-34.325536560631583427 25.791615490301005309
-35.517187010413245218 24.754934560757131834
-36.948818084622750746 23.996074281193028099
-38.045171889552932498 22.93830130184983318
-38.982484377103801876 21.750016508968691653
-39.66216708249848466 20.756364622400944597
-40.180682273961338069 19.900705023309242847
-40.642983293672358514 19.045304000757692364
-40.98291449185287405 17.899032726674104055
-41.289452370121459523 16.402088678536351551
-40.923301620022023428 14.98213793309813191
-40.492432699082719694 13.631618347955299697
-41.259740781976702806 12.359554516843699545
-42.18176191764241878 10.999714631397381481
-42.818619212957663933 9.5866216223853051304
-42.750493357264630845 8.274268607248002283
-42.583177803029848008 6.8836970359587521529
-42.293799485004122118 5.3996544429003821008
-41.897904817866049143 3.9568320793566975624
-41.425531625210744835 2.6238795248434350071
-40.871352808691256087 1.3510762329465606513
-40.299488974776558337 0.24326472743693727807
-39.657909066437341039 -0.82957962067320067945
-38.858090742448929689 -1.985324067692861405
-37.944598379751738548 -3.121984031633843415
-36.939763019402001021 -4.1999828848935614189
-35.791446653847359016 -5.2582476025583346768
-34.535035403862273995 -6.2447086064044796672
-33.213537092594336286 -7.121901128470753406
-31.881634511279191457 -7.8637996409334185444
-30.376330745399297228 -7.9857407582781672062
-28.90432865067740309 -7.4614973772281487641
-27.970951664084758193 -6.3061399829152993135
-27.30898678251632461 -4.8500581485168572371
-26.650692111969181752 -3.3899097226365313418
-25.992397441422035342 -1.9297612967562054465
-25.333892635099566348 -0.46964403772812385318
-24.648070177984987339 0.98642153050820791105
-23.892537550989572992 2.3352730512856765266
-23.027033599359874927 2.5390912949020227884
-22.047487305282011505 2.5965319592025544182
-20.983231494480467205 2.2722117171974640648
-19.67449269570693815 2.3547349793923388894
-18.153284222753821808 1.9183164380450627995
-16.628779175775587618 1.4690319787957379916
-15.138815564346922216 1.3206236541316036526
-13.791401147943378902 0.55227488509719413479
-12.472969363008299837 -0.37983187530367096274
-11.154537578073217219 -1.3119386357045359492
-9.8361057931381381536 -2.2440453961054012133
-8.517674008203057312 -3.1761521565062662553
-7.8953476280120202802 -3.3444897990694428813
-7.6369789593824215501 -2.648296895488772229
-8.0071451379270488502 -1.2034272337547395892
-7.2224763477450428795 -0.61160422365755895413
-5.7897568019723877342 -0.51635877026378551591
-5.3694953165986092358 0.19931881003719986722
-5.3438490550885671126 1.2684529382399762909
-5.3755932269407509239 2.5495979871820204643
-4.2682419382900178562 3.4979327519039924432
-4.0020942933902414751 4.8012041159924212508
