-24.644196534823656464 -4.8977373382832176674
-24.903022828078892559 -3.4701444678666599764
-26.011834276200008986 -2.4375299677284654187
-26.353555623602737512 -1.3081713640597365522
-25.595546454218506938 0.032203151708316626878
-25.79926084888708715 1.2940727069145445682
-26.491438020214946647 2.6757290683738395032
-27.13019424544721403 4.1125940182467441986
-28.265413758406808142 5.1793036148230235938
-29.146065460777872858 6.4006390810139430769
-29.748975066793015287 7.7966000507970054656
-30.794166882307372646 8.8646372771654533551
-31.878114142496190908 9.8205270458716373838
-33.054758822274926899 10.714303089477255071
-34.21603587484679565 11.471814985693665534
-35.267727385406317353 12.064436078414296105
-36.654443106711582345 12.020637054794894638
-38.223221812980582968 11.71682102172871609
-39.582586015909392074 12.171090163538028861
-40.818324617270803856 12.779136908205686041
-42.200156180517950588 12.291908129349344847
-43.426108962029793759 12.721969141339586784
-44.507064449563529251 13.523523945941018809
-45.529117275511602259 12.750631936774381003
-46.557863235403175395 11.490911402170377542
-47.662215932969786536 10.466689181775397088
-48.90743143325724418 10.745747459415806446
-50.281636664091656996 11.546808120989036084
-51.853234161218530573 11.922908152958203942
-53.445809771515875752 12.220885113068197469
-54.531251572384704218 11.686597169490262615
-55.585566607098392922 11.035589523384189192
-56.449200021167847297 9.7393978961787972537
-57.777438718759654535 8.8348378535088567531
-59.142293566203662181 8.0352837343550387317
-60.150703956677361361 6.8738643965846755179
-61.000174601958505605 5.7353534173081666125
-61.603163952257503411 4.8107588618396324165
-62.088483011805209344 3.9750629785855196019
-62.554722889807806041 3.0719287192542541476
-62.806036136721033358 1.7199308788053744301
-63.005757747298041238 0.2437643367445606335
-62.388126712676736929 -1.1475739794288770668
-62.405398884104513968 -2.4641794046747445002
-63.366037880912045921 -3.7473626040262049131
-64.22237263933062934 -5.1495739368461999064
-64.536323357811070878 -6.5299935928185499634
-64.435347130538247029 -7.8395664134936682288
-64.22165994216219076 -9.2885301323610569568
-63.889835880314706174 -10.766077840698978108
-63.463467961713796228 -12.167195534411694879
-62.958253260650657523 -13.480603718871469354
-62.39127540093190305 -14.697636812446067012
-61.807562822292283045 -15.766147916847419452
-61.110637682356106382 -16.870197819128854633
-60.256760535055079231 -18.036719162595382215
-59.316885134323278805 -19.142852253882598035
-58.258357526612968513 -20.216484422398039555
-57.064164002817612698 -21.253825927116061223
-55.776965088033236384 -22.203560221213859194
-54.449567321266947317 -23.029444858810773411
-53.102489172203632961 -23.69564399144553235
-51.526507495441521201 -23.4625830665190378
-50.270822819790502933 -23.541454628759534984
-49.691679489251264101 -24.861553039923492747
-48.943943943270028285 -25.160711060610612577
-48.087961768546669816 -25.333669584411435238
-47.002716245413033391 -25.383364246447388979
-45.655243523171094466 -25.485659748340342645
-44.248894825057980995 -25.645693822476829382
-42.825627179181687154 -25.267465717217127974
-41.351693158018214547 -25.389726067667879761
-39.978654457413874468 -25.117253198905228118
-38.511079023911250374 -24.712717509007983807
-37.009504350166658071 -24.169758538011798521
-35.553542791521763888 -23.507492742387981366
-34.193485905313181661 -22.754272183796715012
-32.969085125239999456 -21.949843901991258122
-31.7920645590590496 -21.045697778188991123
-30.654638673507683677 -20.027141259236902471
-29.830227324592513583 -19.181641511350058238
-30.151205372233985003 -18.531475488969658016
-31.302853798757372061 -17.415430589528924088
-32.454502225280755567 -16.299385690088186607
-33.606150651804142626 -15.183340790647449126
-34.75779907832753679 -14.067295891206715197
-35.909447504850909638 -12.951250991765977716
-37.061095931374296697 -11.835206092325240235
-38.21274435789767665 -10.719161192884502753
-39.339531403751408334 -9.5982828960309625188
-39.693823895979178928 -8.2936365001741325642
-38.88196708676774449 -7.0583045418211014521
-37.427103765752306685 -6.8961407205295897072
-35.826158242989919245 -6.9921769071193455858
-34.225212720227517593 -7.0882130937091005762
-32.624267197465123047 -7.1842492802988564549
-31.023321674702728501 -7.2802854668886114453
-29.422376151940333955 -7.3763216534783673239
-27.821869084873782185 -7.4712728933445253787
-26.345006524034413786 -7.2602691571565731721
