81.307941265201989722 9.8672129135956883061
80.964992581204157318 11.352956997225273739
79.795254220863469641 12.438478972256309163
79.739204909984835012 13.694979236138928869
80.407115132375949429 14.988076728496379175
79.439751482247359604 15.390791600774248238
77.733133210206901254 15.396770993199837108
76.085838363473683899 15.52049825016461071
74.858651030060457288 16.470683960029916193
73.796019427206502428 17.635057623939943028
73.887276233474139531 19.044652334027972529
74.52178089772291969 20.624196176783190282
74.976910933628133193 22.260206717839771784
75.057177547632207393 23.674211772074695403
74.16425908236504938 24.46094235026989594
72.894882515578785842 25.401588887544654938
71.296334171949496294 25.879089790475376276
69.663014445744266823 25.706335303195466224
68.223458305704753002 26.053836790933299739
67.084744759758265786 27.351792813298466456
65.989201920708467242 28.533131794942001136
64.640832641482802501 28.802813637098552135
63.188244107091456669 28.791538457370187132
61.98087343554176698 29.059387209643531946
60.898827299610360342 29.061819955618641842
59.778628343978212456 28.600342728314934959
58.676345502926778863 27.254658206876815285
57.449608732492549734 26.478199908102837412
55.934623948857790765 26.9479131720291889
54.28284680964343778 27.016548903406516047
52.581900010644432086 27.006490226318351944
51.559207613031432516 26.482310051508299864
51.536544806507272654 25.684073956555803164
52.187800141934324927 24.096993239041868407
52.839055477361391411 22.509912521527922991
53.490310812788415262 20.922831804013995338
54.119411626941797522 19.328413956227908699
54.422894154237994258 17.658680320000708974
53.854178426368342514 16.258514038079482589
52.863738480900906325 15.265574554270452623
51.339590746623400719 15.250675153410099938
50.635176725822155674 14.622929295057945254
50.030484150844294788 13.940224556301458847
48.408267390241228156 14.170618576600892524
46.719646846306879695 14.460464525811708825
45.03102630237255255 14.750310475022530454
43.444992987853368049 14.969875420475393213
43.199121933966743825 14.271314889562985329
43.727120581614919104 12.856247231670824505
42.990615356875757413 11.500180031747133214
42.009908536571828108 10.056333528632528385
41.40133741024968117 8.5606231977397282407
41.477553256415944816 7.2515899500935523392
41.592146167948691016 6.2660291429910017769
42.877396997439710447 5.5104028811944703037
44.466721778187974223 4.8720367163318512027
46.089280273663170817 4.3850430874868031594
47.740808983140198052 4.485633394520266215
49.404814712407144839 4.8454430898353386681
51.06890312570186552 5.2069706074716943789
52.732587174347059999 5.568131923748901535
53.960084701540324659 5.5319888624658304366
54.634792472669069241 4.9071973630172660563
55.736173523069943769 4.4259513602354711992
56.656509435823224408 3.3729404878518081112
57.06360987236789839 1.8514728179375905537
56.640773465192701508 0.21945455551321302323
56.063383303051367079 -1.3947334455237798689
55.485993140910068178 -3.0089214465607732052
54.908602978768733749 -4.6231094475977654312
54.33121281662739932 -6.2372974486347576573
53.761927597753405905 -7.8437827054207032162
53.884399286744994129 -8.7928387403797838573
55.251147811013943567 -8.6457000608224827687
56.099131997590212961 -9.6194652262577236002
56.792427582250709861 -10.39525465043362118
57.657953530680011056 -10.579805911923930495
58.752262470159074326 -10.756669612560088467
60.202672325588657998 -10.629851579035378251
61.764145717193088103 -10.867072510565924048
63.337943563291247528 -10.483935894163780134
64.899782191662751529 -10.622527358628033767
66.373579166475778379 -10.302436421474830297
67.951941570813900739 -9.8047394960998417446
69.539490670723054677 -9.1985444180513979973
71.051562986648562514 -8.446274908590709174
72.421319231832086416 -7.6178923502477182694
73.681266598757034103 -6.7131937130740517716
74.914430629972443398 -5.6704910312942935491
76.006947867086353199 -4.5880912452416247049
76.623774278275334382 -3.6909198185740117459
76.218161021667697241 -2.1448199530180200867
77.043412172547917294 -1.5097576734456237268
78.467806275308504382 -1.3491241013942136817
78.915688468548097489 -0.57681904026008723463
78.765409593994164084 0.6804067806932755369
79.110403021755956843 1.9273888602685900207
80.192110669954530522 2.9865212548620654331
80.057299695463996159 4.5434743963837629366
79.741826695289532267 6.2410315506520026574
