-41.176145077294840746 -5.0862112045288085938
-41.174098261289898915 -4.9602214872454597483
-41.185370148215632469 -4.8338129979022612659
-24.561895633710978615 0.70090460939751064728
-25.195730205528178658 2.561518569399818368
-24.910524838865597985 4.9956446412254198464
-26.862291476052106987 6.1828398342418537936
-27.288016800626913039 8.4962002699817702478
-28.283955204530364824 10.561050198033795411
-30.611104818596153621 11.102394023490763431
-31.785526523199585824 13.251502244782276563
-34.460499317130739882 12.685133024668481028
-36.983002165810958672 11.501920603835028345
-38.497383036825375768 13.146244660988514852
-40.589784628677961109 11.878149349857338279
-42.37281036376953125 13.985964264103568411
-44.134532672830850686 11.675460744130461421
-45.578802807625898197 9.9968005014047012224
-47.812288555064519358 11.65478919695065585
-49.9831454702239526 12.006885931572110593
-52.8824221683240836 13.116970332639063201
-53.758822072317315133 10.585293073236371697
-55.432509305748304484 9.4180521032401163239
-57.488068317817223374 8.5236287889465085499
-58.455015176862488602 6.5981911961503740827
-61.519641116376973855 5.9682173395207875899
-60.304790495868552114 2.8976211812710852556
-61.120620221579272879 1.0053201795108837047
-59.684613644648784714 -1.4064743404536543814
-61.209706500694309739 -3.1063740453628234661
-62.311282978694379153 -5.0862112045288085938
-63.710305611599963527 -7.32887161154650979
-63.26049546108114896 -9.526025105525670611
-62.27398271769222049 -11.552492949925962762
-60.421476385019538213 -13.121994791700021921
-61.005873544636479267 -15.844014859215883817
-58.712932492129631612 -16.95800096834563675
-57.985438963529531975 -19.143884756915312551
-56.049506888810057603 -20.275719665707740091
-54.386518599171573385 -21.621665832735832424
-52.695681755943901692 -22.965946892049384331
-50.45541884402197752 -23.240048841636792076
-48.032154950133111981 -22.503870797239265755
-46.900384903437753792 -26.386776664658231795
-44.399213400286114961 -24.366155983247153927
-42.37281036376953125 -25.556071657216730131
-40.34311897110799805 -24.397442614655108883
-38.075593146436403913 -25.303049117051163108
-36.224513291673915205 -24.008722449606736404
-34.177318387291329316 -23.493589349926697452
-32.060785592440083747 -22.947159995802952182
-29.713522183933893217 -22.510233428515935117
-28.206869435429364756 -20.819085040884509397
-26.708621740508963427 -19.19031141931394302
-27.851003387654920118 -15.636920599603957527
-24.037353742820744884 -15.672191637941457643
-25.430866395876932984 -12.629251190081259182
-40.974128911823555654 -5.5406703231383396258
-40.925733088312767904 -5.3937969613926526335
-40.888459259155027326 -5.2422227725315826419
