-32.558955322695190659 5.6306027070252726574
-32.740472615927721733 6.9964256720857411764
-33.743748914551773055 7.9872180696743733108
-34.340476784744090821 8.9951190291917360042
-33.7103383527651701 10.227839599825291117
-33.536131634861142459 11.30694296552250222
-34.714914721471721748 11.991182619043478041
-36.175091754113054776 12.400250584312834334
-37.691184942252988321 12.509353095084492224
-39.210103807341255333 12.521598145713927153
-40.715912386264747624 12.338135061444384988
-42.203700263640122614 12.163851601693274063
-43.586996058203048676 12.548123581694891726
-44.956756663702350352 13.039088779400184848
-46.35021869296831909 12.829037977887823629
-47.453572695369054202 13.061883628139208113
-48.536779502482346516 12.658421787900485
-49.741475118177824299 11.908852256335730857
-50.554240110608162695 12.365116785820058354
-51.233518422919814839 12.509266258429720509
-51.952676163946087229 12.64949758302013727
-52.457733317087189562 13.436680719007314977
-52.908978761894360332 12.540496516456505205
-53.302611352339816619 11.104791056309563757
-53.70091264990681168 10.620595730083651986
-54.2052736385706595 11.788644084330277551
-54.726351866975718963 13.203257458542777769
-55.247430095380778425 14.617870832755272659
-55.768508323785830783 16.032484206967772877
-56.289586552190904456 17.447097581180276649
-56.810664780595971024 18.861710955392766209
-57.331743009001037592 20.276324329605277086
-57.853051885470129889 21.690536953350640914
-58.561877638003579705 22.778939447316368216
-59.880538888157950339 22.84295011790614538
-61.363429071059414355 22.842603421225540217
-62.401741185289012037 22.288329173047056742
-63.394071703632192794 21.681494582234666524
-64.185032838568005786 20.488327386097907379
-65.379667309898280791 19.585409753280956124
-66.728902137254593185 18.89095142473695077
-67.722296001300904322 17.864544999467661057
-68.603807871108159588 16.746634455915376805
-69.253452609953413344 15.804127886473782638
-69.752294259653666586 14.992406691198866042
-70.187781773857651046 14.204099953137944823
-70.641032398222691313 13.28112775976063098
-70.831257908555031122 11.875004195242437888
-70.837195710800244797 10.510894562367997906
-70.208811290745686051 9.2174502543791234643
-70.385074879503903844 7.9947776776225278894
-71.30921557821339718 6.789115569204025924
-72.109110144506317397 5.4724709907438331413
-72.453790699588566326 4.1710606547926776244
-72.369997059398954775 2.9503026040228492732
-72.191661078611588209 1.6153654539672541723
-71.906780108365168758 0.2242206853957480206
-71.529875700096681612 -1.1244432971871791693
-71.087522262506951165 -2.3724337945629034863
-70.570543006724591351 -3.5735747425484198914
-70.036318207929724622 -4.6286414392007859675
-69.456593114514433296 -5.6246984260729071536
-68.745170398303841353 -6.6918848464073299454
-67.911574366454317442 -7.7786975386260674981
-67.010908734746593041 -8.8002299379066890594
-65.992112921481378862 -9.8047938280226940577
-64.8593429018005736 -10.769385355196991583
-63.648012601003401301 -11.653835805223948796
-62.403008685235619168 -12.428341315077847895
-61.151141670608673451 -13.087199914013087465
-59.679859182901722647 -12.946831341590792519
-58.388220586728003525 -12.81934791387038608
-57.732370018054822935 -13.848821407772117453
-57.11884684862712902 -14.522137653937949864
-56.374727779855788867 -14.68513098873435041
-55.460409829894658174 -14.845266245171476527
-54.298838817547853353 -14.679512697288661371
-52.994393971007760058 -15.063445082130328956
-51.67396157347355512 -15.054592908177031774
-50.329141553580967638 -14.629557474296591479
-48.963856046330711536 -14.7609681061410285
-47.670272827994040199 -14.486343409292814499
-46.282152199517931024 -14.089649513735160724
-44.875799375113572864 -13.573226167676825327
-43.510518097787567626 -12.952210517567877446
-42.227153691513407807 -12.249464993611560715
-41.066817629389774424 -11.502316289193391441
-39.96159581455526677 -10.677588626147610285
-38.87817528267969891 -9.7438730524171379699
-37.906436004931642003 -8.7800574915567928258
-37.243848214360383508 -8.0403214519389720749
-37.590630575448159334 -6.6894000094970387238
-37.377326135831786758 -5.7486350804262631442
-36.039549823674875029 -5.6387141788220560557
-35.238417050271593212 -5.2259196239575729237
-34.836891134896958988 -4.5116396652788424149
-35.155041370764926967 -3.2816851244446851865
-34.764402808974772086 -2.2074169044888463098
-33.725664901856262645 -1.3061266453979090141
-33.702286337286487594 0.0068155357224059633439
