6.1037705818656009527 -4.1097927052085436728
6.3941589614975828937 -2.6114437609338159163
6.9040268331568457327 -1.3547514184058788711
8.0925629354105019786 -0.46431730533081189138
9.3521795570597099356 0.38909272069865291632
10.464394589498112964 1.2640887294510185779
10.27902634425204198 2.2798400095673532206
9.6138998205898928973 3.5719614187776311809
9.0272395602338111331 4.927030048613739055
7.9797403814866934013 5.9398492462681877768
7.0608581135218910774 7.0230201307051611792
6.5945773096238866628 8.4078928065633427025
5.6341521287278037988 9.4263849104984860361
4.6296856338429890343 10.353813579461441208
3.5605134930633628443 11.213219383618234559
2.4418397070722228648 11.992853823034216987
1.3993722205177689943 12.623564631401535507
0.37076951700528582023 13.165056256329645379
-1.1344183497287745332 13.078051649306186022
-2.5294251214568470587 13.482007321513076903
-3.5385894493204324007 14.548432869459984929
-4.6858796375038416215 14.851161821462273593
-5.989352090356848457 14.774095822861658789
-7.1503269210824109692 15.163459181449162827
-8.1668841560921876521 15.202585273784535502
-9.1168789206265348213 15.192401773373489959
-10.108509347492114827 14.658328992339452412
-11.080513535317544793 13.467734045304830204
-12.128910391600170371 12.621185084897000195
-13.405886184270979555 12.905717261578297794
-14.310613422125623373 12.733956574517744542
-14.562598562241676703 11.376563207983014792
-14.764290086916695088 9.8800042059300103858
-15.15387932200053811 8.4242996362993753934
-15.335849510700793275 6.9772837999684034216
-15.046820683424828147 5.5080566749854833475
-14.741647967886507331 4.022781173317949488
-14.760398476263338452 2.4915621859963548168
-15.055018208852967376 1.0321727018496866801
-15.467733029158299729 0.079659646525425481522
-16.323164592661907335 -0.17302331918267152555
-15.707916488994101201 -1.0197015882648428065
-15.127627638704819191 -2.079732467191668821
-16.155889143324664303 -2.767613203367434771
-17.681468536895490473 -2.9531424491105346952
-19.195793445606724958 -2.9434221426373965436
-20.708667851961916284 -2.9195076983043599661
-22.221542258317118268 -2.8955932539713225005
-23.734416664672309594 -2.8716788096382850348
-25.247291071027508025 -2.8477643653052484574
-26.709200729861422019 -2.9157581825162237621
-27.755457508990176052 -3.7335383349890114424
-28.425982896366857489 -5.047168266369532752
-28.372071517117721129 -6.2845430750259705377
-28.23588377725266696 -7.5580435268519599035
-27.991920900285450102 -8.9473330913291526656
-27.649055502720543132 -10.32149644338151262
-27.232532366278814351 -11.605499375937768036
-26.742763606208932003 -12.830232048051298577
-26.209752289535352077 -13.949609395924669641
-25.660175092600443492 -14.946435165865414874
-25.006383064602758282 -15.98243773227074449
-24.188257953522800392 -17.10833192471238462
-23.113624861078893247 -17.965718304723420573
-21.673306846988161567 -17.995260748388876237
-20.157219385074593987 -17.862459857100922989
-18.630238842919247588 -17.85190401296820184
-17.109189170819217196 -17.963799036148923705
-15.788258607583760096 -18.536678747161204228
-14.918226513609461392 -19.750344267929882847
-14.41365283149131038 -21.161805534090095904
-13.975510364791075446 -22.603529924171208876
-13.549315575602914663 -24.057756155851219404
-12.840426494987703165 -24.302807895183804021
-12.04990961372438818 -24.464945835598072676
-11.073831014208625589 -24.619874533229733515
-9.8314801122192641003 -24.504317466482294918
-8.5145671016254471652 -24.795526568033483983
-7.1902586457523183228 -24.584858939146503332
-5.8261768107746796375 -24.4013618123373206
-4.4982682412861523247 -24.405933488821055732
-3.1765702261630899272 -24.094085374227155683
-1.7784452672964543574 -23.630000037547983283
-0.3749472473537664996 -23.102964886576799586
0.97060688042601839243 -22.450018127450832139
2.2129847073763055931 -21.730258326640463196
3.3429991595733508092 -20.96525045704827761
4.4458680807800714518 -20.101752364018537378
5.5083185478745306796 -19.141139709362104071
6.3912694786332018282 -18.227103830702549914
6.7426217224423456997 -17.363214977093569757
6.3807963227682780172 -15.997501849222771853
7.0361551098050600928 -15.383358575329651785
8.500865562326691105 -15.367394777366280678
8.9320179447766854253 -14.727731025013650168
9.2322520756481356585 -13.90633153796508914
8.8554197367797033991 -12.600571253903948943
9.6558933326454958745 -11.652776877715496084
10.222186355882683984 -10.815560096465366868
9.3133668655529486813 -9.8944040478858070742
