19.853618218810275664 0
19.180139355285511726 2.0159139762372300098
17.295993845318886173 3.6763770456879591997
19.45923587953777556 6.3226880516798491527
18.075178145094305648 8.0475875448375706611
17.462285524903933265 10.08185584575422844
15.510520758399630736 11.269050612400516087
12.000483104466544759 10.805277451851944548
10.085492778881802067 11.201068413303230997
8.0093833476853806275 11.023976245858913003
7.5498615428916702186 13.076747216186820566
6.0638441282698867241 13.619615619255691641
5.8560459829462860881 18.023050288950731357
4.2955956902740588532 20.209198617717376578
2.0252119700320792006 19.268587437360423564
0 21.485964264103568411
-2.0039085202187911783 19.065898834133246709
-3.6261609849742209022 17.05975442034358025
-5.9057160125612728763 18.17591887027873554
-7.9151828015011149731 17.777794297186201078
-10.50961182559912821 18.203180571343459349
-11.386011722809344704 15.67150522107787225
-13.059697048604361314 14.504262341512163204
-15.115256993123297846 13.609840001527340192
-14.901861189314205447 10.82683413095834446
-16.826323807424905965 9.7146809343675268877
-14.661071779583876307 6.5275304510511142908
-14.726676430666593376 4.7849854244237359779
-12.748849341572077165 2.7098514693197870429
-13.946454246107981234 1.4658315820238678739
-14.938472614924846127 0
-16.447053346394209683 -1.7286551693312253164
-20.887685097311621263 -4.4398139009968620172
-19.901170438147300246 -6.4662817713320350776
-18.048666021250006963 -8.0357835871712133269
-18.633063149573168005 -10.757804662563803078
-16.340120214504214147 -11.871789772773302829
-15.612627600625268443 -14.057674556549718758
-13.676694604965417668 -15.189507518963585753
-12.013708245355095627 -16.535453667301389657
-10.322871378841295353 -17.879736648892745166
-8.0826084825229767006 -18.153838589771396528
-5.6593428480765517463 -17.417660491453300864
-4.5275730048156042074 -21.300564528633493921
-2.0264055764623640776 -19.27994383373179943
0 -20.469861406362237943
2.0296939368434072648 -19.311230464694521203
4.2972196842473104894 -20.21683694126358688
6.1482989719528058359 -18.922512201186364678
8.1954967719271465398 -18.407379087016586539
10.312024758444282568 -17.860949752387710987
12.659290217996757022 -17.424021175272006445
14.165947847617308852 -15.732872663381716194
6.8664020102754568242 -6.1825350482527978713
4.381975119798383389 -3.1836919009164006411
7.2237579689642021918 -4.1706388601929429427
5.1751340499859646016 -2.3041185312855989586
7.068948027404057477 -2.2968387966093057884
6.5132505134336025066 -1.3844344984327134895
7.2887604340488447718 -0.76607968929357017629
