-13.880033896057888398 -5.9836564064025878906
-13.709419436740397202 -3.8790249703736221498
-19.174825628492641272 -2.8890826799893321031
-22.573950070871276807 -2.3576513107318497475
-25.15551565242732579 -2.1644226444103904505
-24.85822152275242658 -0.85942523778989254879
-32.302010694455780992 -4.9435092940077041135
-32.415559830105536321 -4.796842423641233033
-32.544120410105421115 -4.6625494872563617577
-32.686345489560210353 -4.5421647824618016642
-32.842759477294215742 -4.4405883648211759152
-25.821341039239452897 11.787686379376086876
-27.877606048749655088 12.03939337868668602
-29.438054999543307844 14.225540781964014059
-31.708438929076159241 13.284931505307486788
-33.73365020751953125 15.502306427189505911
-35.589698502811025094 11.675460747604883949
-37.130400412613866479 9.9968004993273602565
-39.464727598490050298 11.654789220996690347
-41.648832994674933161 11.79413646665926052
-44.243262043640953607 12.219523682028665235
-45.11966190893653561 9.687847399706248197
-46.793349155219701174 8.5206073730519271692
-48.848908169619242869 7.62618262445573869
-49.815855020612488602 5.7007459942765947858
-52.880480981898443815 5.0707716231005495189
-51.665630336331844319 2.0001755099422151574
-52.481460066084416383 0.1078751541269395986
-51.045453485609044719 -2.3039196484120343378
-52.570546344444309739 -4.003819247236602763
-53.672122822444379153 -5.9836564064025878906
-55.071145455349963527 -8.2263168134202899751
-54.621335311397842815 -10.423469799668430014
-53.63482255495849671 -12.449938648591743373
-51.782316226614369725 -14.019439521577218954
-52.366713341445816354 -16.741461572904754007
-50.073772333640519605 -17.855446650138457443
-49.346278795318809784 -20.041330448909974393
-47.41034674819167094 -21.173163422995273208
-45.747358457851149183 -22.519109593251162238
-44.0565215663612193 -23.863394497353588974
-41.816258688907240071 -24.137494519842277896
-39.392991329122672539 -23.40131826959743222
-38.261224773027791457 -27.284220430528062451
-35.760053239471780273 -25.263599755089188648
-33.73365020751953125 -26.453517335927667631
-31.703956966774732962 -25.294886392246453966
-29.436431012117228789 -26.200492873381364234
-27.585353131791073622 -24.906170034485928255
-25.538160151603040759 -24.391035034520477609
-24.687975260400104816 -21.651225336997995896
-24.096412794329879148 -19.248178919115353835
-22.580955685148637713 -18.369976799795523448
-20.142162097864456882 -18.221488954634033064
-19.541292024045780806 -16.295005596565161454
-15.398195558158583651 -16.569638381592273646
-16.791706252514359221 -13.526695944063511945
-14.582800162532560506 -12.206145113758122278
-15.26184210818887621 -9.9099598040903771334
-15.548445457525772895 -7.894998203284822047
