-9.9145750261238063672 -7.6865234375
-9.7439605669029418777 -5.5818917621331225476
-12.035729376511667965 -3.9173724368515592253
-10.308956416563614056 -1.3638346556634202145
-18.314802164365616477 -2.5871447166147030217
-20.643089755248837491 -2.4181441711579010345
-23.299371986115218647 -2.9866531896794885625
-23.786073165292911824 -2.3002008061674645845
-24.166542464292536607 -1.4652627858893589874
-24.993995518221467478 -1.115405522055979759
-24.412716156196900386 1.5894332202601297865
-25.222420292209161374 2.523446624763243662
-25.324295774552957994 5.9903774188661049749
-25.472597086486977958 12.522674228384673256
-27.742981014366140613 11.582063997535801292
-29.768192291259765625 13.799440826603568411
-31.772101954694313974 11.379375401770445819
-33.394354506798485716 9.373230071669290453
-35.673906485587110637 10.489396357497927426
-37.683375092760883263 10.091270859686201078
-40.277804095814317975 10.516658099667871795
-41.154203999807549508 7.9849808402651802908
-42.82789122751714217 6.817739398583336552
-44.883450245307457749 5.9233165559753171436
-45.850397104352722977 3.9978789631791826764
-48.91502304386720823 3.3679051065495961836
-47.700172421304600334 0.29730865489046198746
-48.516002151083228 -1.5949915828207474888
-47.079995572139019089 -4.0067865734248453435
-48.605084617007761949 -5.7066860734106503728
-49.706664906184613528 -7.6865234375
-51.105683717754374129 -9.9291843845165175253
-50.655877388571383335 -12.126337338496862017
-49.669364658149888214 -14.152804189313158645
-47.816858312509772588 -15.722307024671213327
-48.40125544083293363 -18.444328100063803078
-46.108314424098104212 -19.558312241478748916
-45.380820867098321969 -21.744197970128272601
-43.444888847563518652 -22.876029009506439138
-41.781900516708752491 -24.221979026612654451
-40.091063670101064531 -25.566260086392745166
-37.850800773782744102 -25.840362027271396528
-35.427533377422044225 -25.104183881698805436
-34.295766813701291653 -28.98708985496538304
-31.794599023626073375 -26.966467275035412854
-29.768192291259765625 -28.156384843862237943
-27.738499049071492664 -26.997753900029309193
-25.470973112063994392 -27.903362292109370912
-25.032042752276030484 -22.262886195291521574
-24.939239304035474731 -18.532527866828907293
-28.99261766148847741 -9.0298576227857001442
-28.849389637914431006 -8.9511468800267319779
-28.719548173089258114 -8.8511607296699938985
-28.600568076947126883 -8.7378570248618299132
-28.490555571362367715 -8.6147807321936298308
-11.432735694509265301 -18.272504866499623688
-12.826247381168553119 -15.229563448827303063
-10.617341289110278524 -13.909010703608483794
-11.296383235145345481 -11.612827297396139059
-11.582986584235310801 -9.5978656792855829849
