-16.859222815125271211 13.007683753967285156
-16.688614078020396647 15.112315430001025618
-18.980382865554183525 16.776835604765370391
-22.44881466974982942 17.64234875276532577
-25.195730210939171201 18.135433347864751141
-24.858221521782290608 19.851953573319697455
-25.669820935518746552 21.030909515826991196
-24.778100454638057215 23.75377335280755986
-24.293755136458585753 26.800481556436690056
-24.99399551846615708 29.137296595088049145
-26.125557025342374118 31.345397106270095122
-28.800530064654385143 30.779028971280727234
-30.856800697216325347 31.030733064608661209
-32.41724374096239103 33.216881381410729546
-34.687635423207886731 32.276270229455548133
-36.7128448486328125 33.985964264103571963
-38.674907403416099783 31.67546074678687873
-40.323992458156340035 29.996800504851858449
-42.618555356675344115 31.183601599892853073
-44.628027659697735885 30.78547900056972253
-47.222452692688975162 31.21086537531346039
-48.098856557180596383 28.679188031732465447
-49.772543790611585734 27.511947061736208298
-51.828102794628478023 26.617524710059594639
-52.795042046943436276 24.692085657697347756
-55.859671642441838912 24.062113501281643835
-54.644821172811205656 20.991515409290872896
-55.460650902013973962 19.099216298496102695
-54.024644356107998533 16.68742137744758125
-55.549733361891242112 14.987521097051853758
-56.651313648860394778 13.007683753967285156
-58.050332457397871622 10.765022778100535206
-57.600526120080814962 8.5678698004368776253
-56.614013377488447532 6.5414024534923669307
-54.761507062861880968 4.9719001840373824308
-55.34590412688569927 2.2498794701667161888
-53.052959322129126463 1.1358940743043195454
-52.32547343717963173 -1.0499902579075470754
-50.389541382791776414 -2.1818238645363372541
-48.726553091499638981 -3.52777015356051038
-47.035712320402588205 -4.8720529482577532576
-44.79545332888525877 -5.1461538831406983263
-42.372182446407428813 -4.4099780147186109502
-41.24041940552772445 -8.2928807488261746528
-38.739247880585061523 -6.2722595947193156007
-36.7128448486328125 -7.4621757450463199746
-34.683153460301696214 -6.3035462261026857789
-32.41561975143605423 -7.2091531516419067316
-30.564547772904354872 -5.9148298741160552083
-28.517349033678005554 -5.3996943808433606193
-26.400816186220275483 -4.8532659468797874069
-24.096412662199028887 -4.3573456836971224959
-24.216669402649571907 -0.87072765849308453312
-24.038577660112636636 1.5957254605244788337
-23.908786669600807784 3.7049943175139770091
-18.377384369202371062 2.4217029195542725262
-19.770895227548514583 5.4646436137657534715
-17.561993847439037353 6.7851960080802591335
-18.241036743893356942 9.0813799048887489107
-18.527640094389351333 11.096341520681106019
