86.712137713904127168 5.1333632086294844754
86.454415610722776364 6.5611905099786831386
85.349091881009883309 7.5945465838794348201
85.008027589714373562 8.724045204269996745
85.762700932647078389 10.063711016163166434
85.557067424664779764 11.325157955566332646
84.86489062115857962 12.706828313214717951
84.226134559543325508 14.143692877498263982
83.058839682852067199 15.164809194970894524
81.556834822991774558 15.502807012836651523
79.967261368202869676 15.30559126823254168
78.420528641176801443 15.374811578769117304
76.908641004610117875 15.848896371998637989
75.505683597029616294 16.235805049898331731
74.977345443558945703 17.556873683803580377
74.825146899772221332 19.182623841838882583
74.758771640996954488 20.791879936530335726
74.273143075733159435 22.023518784563417938
72.906540479317271775 22.54714996157482787
71.782922826152628204 23.612045363349306371
70.581692310109133359 24.022371281418468669
69.197402024232985696 23.958095398964921685
67.969984335464985747 24.34883144398878585
66.902913698100775264 24.382788454930150124
65.880457396102130474 24.36187521403181222
64.828294153153450452 23.482133549626631464
63.783576227996917396 22.239641578647134423
62.562674326849709416 21.823388826073813362
61.105670357935302661 22.328438527401761604
59.538629004474124429 22.31435766628066375
57.943253641746338189 22.314820974028865663
56.834208000759602442 21.722950442162751727
55.773455618926796262 21.068472388550659957
55.19548127297924367 19.538741838904776671
54.54340254382146469 18.041267215115777134
53.766211307493676941 16.592843333835709529
52.951202997800670857 15.206694263432847691
51.684615009839852462 14.695597659076023334
50.08846514809294348 14.805294478371944678
49.41010381061990131 14.260933024792739943
48.842831891355629637 13.187625916449729147
48.539233675400609513 11.662132835701685352
48.370050324549680454 10.185799316861752217
49.069723845183467859 8.8142366991885783278
50.217889320350344917 7.8099604188329578847
51.700544699590359699 7.1874567936778372967
53.206448113443734371 6.5914874937577980774
54.710122694253577436 5.99257931414272349
56.026186284539640781 5.1762784692327183933
56.305089527674056171 3.9233574800442791997
56.160432662568915418 2.4806273514225605226
56.778881356860161134 1.0038375704861641768
56.749748329614860154 -0.16901648271787320099
55.550823688087398011 -1.1158364085936891552
54.245481438559707499 -2.0455898339599958291
52.940139189032024092 -2.9753432593263031691
51.634796939504319369 -3.9050966846926100651
50.329454689976628856 -4.8348501100589160728
49.437974823998182217 -5.5437398730917912815
49.739630030231296587 -6.0536726698474154773
50.446069787069703239 -7.1291669404230937346
51.328357490756872039 -8.2902057208405288691
52.289882347826605269 -9.3806945782762110042
53.38549193405055604 -10.450572118057854354
54.606549925331933082 -11.469598879108403366
55.902148196728965956 -12.386712610025909953
56.938533330929502085 -13.016395842310686248
58.210001128908054113 -12.198420489179174098
59.500501814228975661 -11.233086237307855271
60.806269730134388851 -10.277158800796067695
62.027506182070609952 -9.5663771914270832042
62.630412240887039843 -10.37557654456224121
62.933414265586591796 -11.932309858284565252
63.713327050633466797 -12.682539290161130907
64.990085017282382296 -12.720191074462736225
65.795774337628913031 -13.913840218315112196
66.504564316463884666 -15.315779920264965597
67.568641038445534264 -15.602194817559333018
68.985898874676138348 -15.181865703468611528
70.43288774013468867 -15.284335869622196924
71.823858158993246548 -14.975831816337947799
73.310019097012173006 -14.504947845581348531
74.807565170810391919 -13.94418676960227188
76.242074551754996037 -13.24810138649964486
77.558109054962272921 -12.477400619335178078
78.755397944803263499 -11.650710340500790352
79.928024396669769658 -10.705663149264264433
81.031786802955807048 -9.6694137304427787427
81.853997317349666218 -8.7848486110469607979
81.771773117983798329 -7.561480115449111139
81.766444932416320057 -6.3859486245317977904
83.078641491941382924 -6.1839027089007920779
84.017609594435711529 -5.7940158229428213588
84.446092079748495962 -5.0315477460337874049
84.097597973862519893 -3.7042027982722904866
84.69273759119727174 -2.6119951730497139586
85.643433266462324127 -1.5845281479557224991
85.449025924245177066 -0.091481044293746593965
85.147085944998764262 1.5080569140989283916
85.478206192130784302 2.951075702508964671
