-32.579760681581909409 5.6231478348939250012
-32.761277974814440483 6.9889707999543917438
-33.764554291354478721 7.9797632022184137313
-34.361283317128147985 8.987664463298346007
-33.731106298773482877 10.220404601164377212
-33.55419387313860824 11.300713454270562508
-34.725096294341838643 11.988468584685920248
-36.180408660966151047 12.399983484723930971
-37.697434389041248437 12.509353098438561247
-39.217899796734776885 12.521598146500821258
-40.724941117848437955 12.338135070325257914
-42.213942166819158786 12.163851617060876364
-43.599043056279690234 12.548123564110047923
-44.970650091566426454 13.039088725207644615
-46.365268866322495001 12.829037943357901597
-47.469768450038046126 13.061883526921230114
-48.553843875499516969 12.658421663579769501
-49.759386948152261709 11.90885220027084479
-50.573083198131236315 12.365116764905584645
-51.253130465682289696 12.509266248776045316
-51.972937521205679445 12.649497593667033968
-52.478529347544444761 13.436680714348502974
-52.930275277101010545 12.540496483181312826
-53.324484823982380988 11.104784495273085199
-53.723183027818336654 10.620312797366265656
-54.22744735605810007 11.787625064899119209
-54.748353622737205626 13.201433826366384849
-55.269259889416311182 14.615242587833650489
-55.790166156095409633 16.029051349300917906
-56.311072422774522295 17.442860110768187099
-56.831978689453620746 18.856668872235449186
-57.352884956132733407 20.270477633702714826
-57.874021912389402189 21.683885833267005694
-58.582709495203324934 22.771637205707971674
-59.901342092220829727 22.835495784434467481
-61.384233998019169576 22.835148763581045728
-62.422546132432394472 22.280874536536884989
-63.414876629914573414 21.674039992256250997
-64.205838203640865913 20.480873025055252867
-65.400472661302515576 19.577954653987760025
-66.749707477681695877 18.883497777368415171
-67.743100610018544216 17.857091012008943665
-68.624613389057230961 16.739179366590999365
-69.274258181898929365 15.796672685476666587
-69.773099660113047094 14.984951747661110488
-70.208587132912171569 14.196645080685991402
-70.661837711598437295 13.273672986661120277
-70.852063271717909743 11.867550322518322758
-70.858001075482860642 10.503441044829308737
-70.229616651812662553 9.2099958918124116281
-70.40588023851175592 7.9873228338003263715
-71.330020937100144351 6.7816606970726791559
-72.129915503446596858 5.4650161262003864593
-72.474596061864744456 4.1636058719613844303
-72.39080243631129008 2.9428479131360916199
-72.212466453927092402 1.6079106796050699479
-71.927585469190162826 0.2167658212716805366
-71.550681058983400362 -1.1318981693185268256
-71.108327622640643995 -2.3798886635146265789
-70.591348408991663632 -3.581029522327920489
-70.057123709681746959 -4.6360960487452107515
-69.47739861529275629 -5.6321530698133415171
-68.765975794978118074 -6.6993396656137687017
-67.932379725686274696 -7.786152410337875196
-67.031714093633311791 -8.8076848100380296103
-66.012918280368097612 -9.8122487001540346085
-64.88014826068729235 -10.776840227328344568
-63.668817959890120051 -11.661290677355289347
-62.423814044122337918 -12.435796187209195551
-61.171946855471404092 -13.094654870012863768
-59.700661921543741073 -12.954286143447250268
-58.409020272869000223 -12.826802633858850555
-57.753170802393889005 -13.856276157214226785
-57.13965044791036263 -14.52959294676754709
-56.395533487918058313 -14.692585791322642308
-55.481217290441648515 -14.852720799291088127
-54.319647010559378941 -14.686967414344447747
-53.015200306431282229 -15.070899928559470027
-51.694765467628641886 -15.062047722096444602
-50.349944114654221039 -14.637012256216705097
-48.984660227291975332 -14.768422768637570641
-47.691079314447328841 -14.493798560058685609
-46.302960076678587598 -14.097105204936031697
-44.896605777347247113 -13.580681467930606487
-43.531323498557974006 -12.959665410680287323
-42.247959050400126557 -12.256919865742908371
-41.08762298827650028 -11.509771161324746203
-39.98240117344198552 -10.685043498278957941
-38.89898064156641766 -9.7513279245484874025
-37.927241363818360753 -8.787512363688135153
-37.264653573247102258 -8.0477763240703179548
-37.611435934295776917 -6.6968548800196341375
-37.398131493038256679 -5.7560898834272888891
-36.060355176512032926 -5.6461688020566622725
-35.259222232847257317 -5.2333741969620586332
-34.857696357062046388 -4.5190942820866322194
-35.175846903668670507 -3.2891398826043740655
-34.785210739282014458 -2.2148717754195543783
-33.74647603211177227 -1.3135815290891463825
-33.723095058341932884 -0.00063934099949095968361
