7.0748387121269260547 -7.6691741943359375
6.2832654045357578809 -5.8056666741687807942
4.2707648663683084322 -4.3282971423353586715
8.0124108493278463072 -1.3464854189548578489
6.6283516896228924509 0.3784137621058469847
6.0154600215767537463 2.4126816497281602381
4.063694786646291135 3.5998768819819151332
3.6379687856040661131 5.9132367905557927656
2.6420310058401614839 7.978087649406219839
0.3148814123949410515 8.5194310332348450743
-0.85954224077813812244 10.668538290330403129
-3.5345149441902492526 10.102169085500811718
-5.5907799981938506306 10.353876094614793857
-7.1512302844592099405 12.540023468345300017
-9.4216137769624097587 11.599414197147908112
-11.446825981140136719 13.816789116093314504
-13.45073473411183862 11.396725594067110165
-14.467928647076069737 6.5439997473828483976
-14.725374288911950771 2.4211564601581265777
-14.780451485256351774 -0.18172856550517657581
-15.509611759036625145 -0.63222199814444746124
-14.862397788066489923 -2.9680416464788450526
-15.778256315404668442 -2.8586336255619082536
-17.440134689564573023 -2.2727721796525814923
-18.463447562975137117 -2.5713019992259704694
-22.226420550707363333 -1.4455713768821611964
-22.718053810138719939 -2.6509005609125910752
-30.194634888597878586 -1.5776423436841291448
-28.758628313088895112 -3.9894373525786912538
-30.283719260010531826 -5.6893368249953937266
-31.385297642390664663 -7.6691741943359375
-32.784318362067132568 -9.9118351341398991394
-32.334510135119245433 -12.108987093004140334
-31.347997377175133238 -14.135455952700532123
-29.495491046324580964 -15.704956833203659983
-30.079890102455095757 -18.426978825605964118
-27.786945243194640653 -19.540963011749393985
-23.114795294486491173 -18.17506233688554218
-20.592622463105342945 -17.826611579339726177
-18.847341635293688 -17.855113877981636961
-17.445527231410007829 -18.059229608547614276
-15.771665855878516993 -17.382930223730603814
-14.47900111140038959 -17.001246235818662456
-15.36934088596269099 -26.123158197785155465
-13.473231782697503434 -26.94911612211946661
-11.446825981140136719 -28.139035600698175443
-9.4171318185189196726 -26.980402753010423567
-7.1496062968928262293 -27.88601113559952438
-5.2985270091873308829 -26.591686395522302178
-3.2513340073087473314 -26.076553294586581444
-1.1348013446948588268 -25.530123948334296102
1.2124641742533857069 -25.09319537178654258
2.7191168209006963963 -23.402046999977564212
4.2173638374220701053 -21.773275359231718085
3.0749827882914679833 -18.219882792687890571
6.8886310994329669199 -18.255155611236418167
5.4951193742755357619 -15.212213322767613732
7.7040259733932998643 -13.89166241809007829
7.0249792586568240438 -11.595477108180173076
6.7383797258843181055 -9.5805164361215204849
