4.4549217962333713672 -16.9156646728515625
4.6255357786170776535 -14.811032997484684159
2.3337674439168303309 -13.146513663129383076
4.0605358685399757235 -10.592976106964673733
2.6764817233624746962 -8.8680771299120557671
2.0635899392140366615 -6.8338093081294832842
0.1118245188991018324 -5.6466140663177952774
-0.31390123899862132362 -3.3332536875173275348
-1.3098390501600380986 -1.268404046241368377
-3.636988492391896699 -0.72706022029237615811
-4.8114120847071184528 1.4220479599826845174
-7.48638490757874564 0.855678725655256045
-9.5426499627934600056 1.1073856160991688569
-11.103099752345531925 3.2935322703491394236
-13.373483746211263679 2.352922288609462953
-15.398690685845231485 -1.0140357358965115253
-16.827180598623446173 -3.3245392550111105834
-17.930766217828736586 -5.0031995766013750426
-19.808000876341555596 -3.3452108163722122924
-21.597414682376605555 -2.9931140486423117864
-24.231194150812576993 -1.617326427695314095
-26.784706708655058094 -1.2441611757895021384
-28.458392056238995593 -2.4114021069393967167
-22.808025582754659411 -10.244246362433809594
-31.480897902429759938 -5.2312627553684301063
-34.545527698932517069 -5.8612366868913774454
-33.330677023656349434 -8.9318329846608897071
-34.146502947459183019 -10.824133065574420343
-32.710500175549498181 -13.235927786458502098
-34.235589224610137649 -14.935827303511018727
-35.337169514338910403 -16.9156646728515625
-22.40531862465966384 -17.652091703623803198
-19.472504804276820067 -17.781580666479172237
-18.077128831037256873 -17.785942698382736893
-16.488889787128069742 -17.401051178989494161
-17.723346536138269158 -18.257806327008541558
-16.362741244516509909 -17.616086018421825088
-16.797390739560100315 -18.175065301031605003
-16.21890926018996737 -17.826613035210748137
-16.081241530819944785 -17.855114697764491893
-16.058928460780624192 -18.059230815748254173
-15.606734771272851248 -17.382930129032281741
-15.067564653450864043 -15.896527912380980396
-15.89223877605852131 -19.237612836529471849
-15.395946546791483556 -16.889505699520000803
-15.398687343142038131 -17.969861406346595345
-15.398156917329641757 -16.920792824634673934
-15.13550541041214359 -18.153885031167011022
-15.160934013992013902 -17.647413489605291659
-7.2032039719083567064 -35.323043773102206444
-5.0866711872954635254 -34.776614425239273487
-2.7394057277429890718 -34.339685848123565393
-1.2327532667617546736 -32.648537481962947027
0.2654938629122796101 -31.019763875207416959
-0.87688737080721246286 -27.466375036063343629
2.9367610622742752469 -27.501644101602877868
1.5432494612256277833 -24.45870559284934842
3.7521509987429624289 -23.138152906640694795
3.0731135860621563438 -20.841968538156500301
2.7865097527853066595 -18.827006041829253746
