-5.2337106376228179627 -8.9259449781164477145
-5.4914330403470330566 -7.4981171457212534293
-6.5967537108877536411 -6.4647610110376092507
-6.9378169481296403376 -5.3352626140667291921
-6.1831458602265980673 -3.9955972536303905329
-6.3887794762284215722 -2.7341496458541163506
-7.0809602241598010863 -1.3524800115235258158
-7.7271476294853016498 -0.085233567323967682205
-8.9372454125035307726 -0.11339737145995382184
-10.419170013290784738 -0.71880001342431865119
-11.903185589599337035 -1.3286429541412090316
-13.38720116590788578 -1.9384858948581000782
-14.870281282235206177 -2.5373545422197838484
-16.313543202273937283 -2.6173057787022950826
-17.756014459141471917 -2.0194711866504095887
-19.254225051723270923 -2.1480672694336684359
-20.40490111100803361 -1.9369900683807652619
-21.531364234455626416 -2.4347401688091334648
-22.769363716192216884 -3.0835694115394640669
-23.506162426327044557 -2.4507051199390788021
-24.225573225972958369 -2.5879427392110185835
-24.522654077637234593 -1.6663486630075075023
-24.597422716343338323 -0.065390847124353945752
-24.671397953812274295 1.5379979093642930366
-24.745373191281220926 3.1413866658529396858
-24.819348428750156899 4.7447754223415872232
-24.893323666219096424 6.3481641788302347607
-24.967298903688032397 7.9515529353188805217
-25.041274141156971922 9.5549416918075280591
-25.158228012412141794 10.323737735679358707
-25.754522088203007257 10.314461026055475656
-26.793912234875087108 9.8169564839096281617
-27.830948433177447043 8.5483006457720023263
-28.967047134952235155 7.7298292815689411128
-30.372194068239483755 8.1297745670898660109
-31.908629605211299207 8.3091524670579968159
-33.508697087002502712 8.2185863787278243819
-34.780101852245572047 7.8500258406011411694
-35.83478671520373382 7.2274371494039897357
-36.707303608514592952 6.0707759858941781062
-37.926698626766331301 5.0587735911369886566
-39.360479030248207266 4.3068742618976205705
-40.431032534934786327 3.2212779750232201081
-41.355963026449828135 2.0375996553765780561
-42.021037504261805395 1.0573128506070759158
-42.533141901286192876 0.20620199459996868541
-42.995165544745702846 -0.65504059909878087353
-43.312059627851510868 -1.8378526406622937017
-43.621516635183461119 -3.332568379576480222
-43.199309456427322118 -4.7471600274336331893
-42.830869904636344359 -6.0925881271609032552
-43.64719429874217127 -7.3639494396769595852
-44.556492195635740927 -8.7321121903643685869
-45.139890073311875085 -10.141489786896764613
-45.066455763732307105 -11.450412957570302197
-44.891622296240527135 -12.851604934999402374
-44.595018455324641593 -14.335498664843616012
-44.193576355955372037 -15.772423862379046255
-43.716084039308768183 -17.100949846430467005
-43.15876175215732502 -18.366209826440027086
-42.58584183866553019 -19.465413506147690725
-41.935903139014776286 -20.542522730870970804
-41.126261521391128895 -21.701603279113470535
-40.20843057504808371 -22.833087191244331393
-39.195162439040771574 -23.910070526316829387
-38.038683495374499444 -24.965493154466244619
-36.776846967104468433 -25.946081609989153804
-35.453606692595315053 -26.815069324518574945
-34.121054872044339845 -27.549026678734339413
-32.601406928664140139 -27.608362149405845543
-31.173406641300250186 -27.400598708976811935
-30.424929945418043076 -28.408560524621591981
-29.771912807756429231 -29.133762314507315239
-28.967997813184702238 -29.307534034861639327
-27.967170780419795761 -29.476183732566969553
-26.677778560303980981 -29.348824737588184774
-25.460765724911261998 -29.673769995492477847
-25.062743012141186938 -28.691336607770679734
-24.969364823850369817 -27.090265930418603091
-24.877070006802608049 -25.48719620936773822
-24.784775189754842728 -23.884126488316866244
-24.692480372707073855 -22.281056767265994267
-24.600185555659315639 -20.677987046215122291
-24.507890738611553871 -19.074917325164253867
-24.359839492025766816 -17.638612075903271403
-23.684556765595555561 -17.619687730135634496
-22.496244734976894364 -17.652258982316208602
-20.962833654695351981 -17.849717252024706937
-19.386075579272652902 -18.386090645033082325
-17.778699059046530806 -18.498184719394188846
-16.135255270014361884 -18.321348860768281952
-14.584604114900844962 -18.653926110365308233
-13.09259175908704087 -19.242797948679378095
-11.600492002635968802 -19.830343749312127954
-10.064758202234925122 -20.198006818909615134
-8.4657715840602421054 -20.246923307656427227
-7.8245732531068874493 -19.675876177462036765
-7.464842436326394548 -18.83267214184034799
-7.847919899986048442 -17.445719457104480909
-6.9421875843469784684 -16.445236599228849173
