-29.721233940332286494 -8.9957722864085489789
-29.836821622916424701 -7.6966105237165010067
-30.708879325170226338 -6.7404011479427765607
-31.498077692132032013 -5.842096772836296914
-31.115715517058305295 -4.7284233773361972197
-30.574054495097236384 -3.5665138463499790333
-30.967758612054304024 -2.4483965548384798439
-31.608141923856482691 -1.2351515533390973189
-32.144352743099403824 0.037044447257847439026
-33.099116959834184115 0.99927853063960714319
-34.042987707278854259 1.9531909585407796204
-34.43881396765249292 3.2774121362026891191
-35.267613583815702327 4.2741088661138348925
-36.200290027703488249 5.175726377889864338
-37.162810305020755663 5.9937886294034257162
-38.201819374217720338 6.7681189812415425422
-39.222562469150084041 7.4333733176450138558
-40.167962332743840648 7.97453890319887293
-41.273204808629444074 8.2547708255998255567
-42.686895231258134231 8.2603245435671119878
-43.922776002092440706 8.7681248994786038509
-44.84152174040028882 9.7719097424556906617
-45.925321063669379384 10.007340651036184198
-47.147289184279976837 9.919508498617940262
-48.240696053183867775 10.304820963973465808
-49.206043986598459128 10.348509839494148821
-50.091411814455312879 10.34756205290556963
-51.01717868525789612 10.160020576608541631
-51.923499335916609709 9.055397529864835704
-52.848006552780972811 8.0117696583902198171
-53.949211866180760921 7.8038928098587998505
-55.226614538699799084 8.2842674020132491819
-56.589086120468827801 8.3189916188134152009
-57.990802331770865408 8.2433594829015781613
-59.127021383394790632 7.9528260269200536925
-60.051674740550922138 7.4214238493168025457
-60.869276516870499449 6.5922627628533314592
-61.741165505938980118 5.5420246371275139197
-62.937283491744139496 4.7858589204208401569
-64.148618755805586034 4.1054733284201248011
-65.037786488443643407 3.1011871024008001996
-65.840040673632060475 2.0639587422103211622
-66.430990838023078027 1.1989950061538756643
-66.896497251307323495 0.44133788380161220744
-67.303726050195649577 -0.29051598398930522649
-67.718400583112696722 -1.1198658118530371297
-67.896786208827293763 -2.3732210435740452859
-68.104353937830978793 -3.6668724427147165734
-67.584733239996026555 -4.8902880160377772967
-67.297021452917462625 -6.0645495654208270153
-68.00167984726482473 -7.1728649213968491694
-68.831082492937838424 -8.347885974647374141
-69.550295062996269735 -9.592518701957416738
-69.595612652568689782 -10.772847758199715074
-69.497559882588234359 -11.92162793756261685
-69.310194988864211041 -13.194524568844565593
-69.031951732656295917 -14.490645397824581053
-68.674997338623427368 -15.745094092091871829
-68.262606284364679254 -16.908335194720056194
-67.782889074204888402 -18.036059022781493866
-67.285138311767170194 -19.038621522841527423
-66.760968974305569645 -19.963940899839467846
-66.133477810869351288 -20.940717286756875382
-65.385067432125168807 -21.963444085371005343
-64.571325248962011756 -22.939035359117966095
-63.677485279770536408 -23.880567585378731366
-62.672102363311744 -24.807321076914977453
-61.582218204698065733 -25.680782344947644447
-60.433498576201472474 -26.476389432506014288
-59.271350907086983284 -27.168260732175518513
-58.073041585025507061 -27.699938757769306363
-56.692952190512457378 -27.486607433899564512
-55.435758214048746595 -27.367935635720417764
-54.510365978685051402 -28.188832068623753457
-53.655557282911566119 -28.805137594827726844
-52.686769414458176186 -28.134713843465089411
-51.668448396740565443 -27.306316135159075742
-50.530882974308738653 -27.432144271793458046
-49.303473733683844671 -27.644096802521854528
-48.043031850697481389 -27.229533895822477518
-46.796529993992749041 -27.518234928121394489
-45.516471246970176878 -28.113838696298493858
-44.135294260285057533 -28.419814022514675145
-42.749268079765329276 -28.365976357569159916
-41.437723377930780089 -27.893434750451433501
-40.185627801348644539 -27.278115946994464736
-39.025979525542119575 -26.606165752979766381
-37.967522348149302047 -25.896638767199203102
-36.937020115104388651 -25.105261227272961833
-35.932442704409396583 -24.222725976226385569
-35.035805210338132554 -23.325049847726070595
-34.420348302455096245 -22.637353606937420381
-34.71464218298432769 -21.401877090475515786
-34.678694397769142199 -20.403292304122860656
-33.549948593626908178 -20.212148910171219285
-32.514921478994835979 -19.999139947120859517
-32.148293648053765992 -19.367316529210036435
-32.113341070039830072 -18.435524238790499396
-32.307866873630707971 -17.264224797519609922
-31.419231897433583356 -16.418134648291363931
