-12.422304332373709457 -5.8080714803945285851
-12.680026471750917239 -4.380243904378240849
-13.828905828767512176 -3.3679227638274689127
-15.265159764291805544 -2.7673040579600334254
-16.853276512957599209 -2.5869292751179324696
-18.454627642088244244 -2.4471383297874846896
-20.056928775921651464 -2.40560283942510722
-21.660416010301105416 -2.4867413194666538878
-23.266202443238235276 -2.4935191921709405349
-24.801259791923314424 -2.0522059855153083063
-25.277961844554997839 -0.98967764198740837411
-24.756174971454051104 0.51245068268952365109
-24.492895760796674409 2.0977192320972162243
-24.800527691362795224 3.6215159971198440658
-24.727575827579254764 5.2020895186216797867
-24.546087302377458172 6.8060164356447288014
-24.859302063621182555 8.3833518459349161134
-25.526215342043439449 9.8723682785728001932
-26.361274966409968812 11.248592843199434199
-27.290612352661934636 12.591626165365161327
-28.473039940649215396 13.065422183966774128
-29.850547119697910858 13.021994711615475282
-31.092478974950783055 13.40305045449801824
-32.168312176660933233 13.440930114428486064
-33.187449968395796418 13.423393448118812188
-34.213101398073057169 12.605579131965654938
-35.095576756799523821 11.253946025914439488
-36.054491935946550996 10.406759208579455134
-37.347365671776238116 10.995430413137238901
-38.806534348065127915 11.435344828318942945
-40.397219762403210552 11.325076200332137688
-41.764782545934771463 11.078463116487508699
-42.824352519800449102 10.469543681261960444
-43.727701050586063047 9.4284100723541772737
-44.858344914107817658 8.3393279286646215809
-46.280797653122554891 7.5611852434949584634
-47.430729605579116992 6.5597570016108832647
-48.389565336000430307 5.367029730578556368
-49.100560885812825518 4.3447788824236859284
-49.632875408114898619 3.4788130726068633436
-50.096773852300486851 2.63292631681242284
-50.494687272026581581 1.5615158718791342096
-50.771746501608461699 0.061486723016203469194
-50.526240075861366563 -1.3697137226491833406
-49.992409785317427406 -2.7296093407004469178
-50.642010783995296208 -4.0058255470315131674
-51.588923601642022732 -5.3483841172559589694
-52.332815882716751332 -6.7663002712162283458
-52.275283271564163101 -8.0884494789819836313
-52.122586415296723317 -9.4579976438791550919
-51.847822189365835754 -10.940930429115999445
-51.463643979150845098 -12.393859259839624443
-51.001042598409355833 -13.737357997910503826
-50.454335636034777224 -15.022998436912407882
-49.883871661207095372 -16.149962841688008552
-49.257684896808370922 -17.216029136525222043
-48.478153002253094428 -18.363594556887733233
-47.573845458474821157 -19.509985088586098811
-46.584919391626115726 -20.590788006115403164
-45.453526563097099711 -21.653923845791354097
-44.208328978963820077 -22.651794764192473508
-42.891309486722725808 -23.544880052364653977
-41.560755657064817115 -24.302822212431991034
-40.084580718386114029 -24.546435984173740508
-38.59092897098843622 -24.257032055020605554
-37.708791459993825868 -25.018613498907232184
-37.103797021148409385 -25.981258827929288202
-36.320190435530982143 -26.157095135049942769
-35.359102069330162976 -26.328263833698343888
-34.121722417815810502 -26.179287696659471862
-32.727857447029528259 -26.55450391403296706
-31.318315037599841588 -26.447317822255726583
-29.871577642097282279 -26.144914842745485828
-28.446567933262468131 -26.176964274057798576
-27.044647292591051269 -25.846303989376011145
-25.90020764662403252 -24.880609469674645595
-25.167369877036414039 -23.459089344759451734
-24.846716351718022509 -21.891373491255006201
-24.641012681546737184 -20.303399554051978271
-23.784276774632747475 -19.099629441533281238
-22.338216679779332452 -18.520499747017719727
-20.743310438304654042 -18.309474699130095843
-19.463947268996861339 -17.793118705935377477
-19.224088629226482539 -16.457383196290766847
-20.182550287087796193 -15.368438937528058119
-21.472140854787195252 -14.411704926974703511
-22.762074206037155477 -13.45510778003233554
-24.052007557287105044 -12.498510633089962241
-25.341940908537065269 -11.541913486147592494
-26.631874259787018389 -10.585316339205219194
-27.921807611036975061 -9.6287191922628494467
-29.211740962286935286 -8.6721220453204761469
-30.420241254521357632 -7.6892565955607521389
-30.312303026547972706 -6.8433058850900225778
-28.810404380917432832 -6.6949624079178322589
-27.202515055352897377 -6.6815147289585423707
-25.594625729788365476 -6.6680670499992533706
-23.986736404223830021 -6.6546193710399652588
-22.378847078659291014 -6.6411716920806753706
-20.770957753094762666 -6.6277240131213854823
