-14.935317442505642305 -7.2320556640625
-14.764702983144598392 -5.1274239900293494543
-17.05647085079128189 -3.4629046089716273293
-19.787056223251472176 -2.3576513200120352565
-24.356290832632922161 -2.5871446698828304278
-24.858221509808306138 -1.4985566870209874324
-25.669821009879765228 -0.60663310643319423576
-24.778100446879406604 1.7817388898449983969
-24.293755039766452342 4.4240225860891744247
-24.993995517609853607 6.249521650160490438
-24.412716024528407388 10.740080009609162204
-26.87662370452607874 10.539288584512597424
-28.932888800514135141 10.790995603197586661
-30.49333944258489737 12.977141989008433853
-32.763723489727397009 12.036531777172296387
-34.788936614990234375 14.253908600041068411
-36.776191652422639322 11.675460723463547907
-38.41509548284573583 9.8276977458399450427
-40.694650809317579387 10.943864130935427426
-42.704119416491352013 10.545738633123701078
-45.298544459046397037 10.971125957283675234
-46.174944587358190518 8.4394485566564476642
-47.84863178738437739 7.272207126249668363
-49.904190725340356494 6.3777843616209075606
-50.871137621379673988 4.4523467256142303938
-53.93576736759767698 3.8223728799870961836
-52.720912942044492411 0.75177640203429074717
-53.536742664847380979 -1.1405239431529130556
-52.100736100147500451 -3.5523188892589905308
-53.625828940738230699 -5.2522182999731503728
-54.727405415217816653 -7.2320556640625
-56.126428041484842879 -9.4747166110790175253
-55.676617886438236837 -11.671869617592907531
-54.690105150329586081 -13.698336467745416911
-52.837598829219302843 -15.267839233992402725
-53.42199976456340238 -17.989860326626303078
-51.129054920116793426 -19.10384448595419471
-50.401561289975639113 -21.289730292376560783
-48.465629289459464246 -22.421563203868238645
-46.802640970945120102 -23.767511292987364868
-45.11180408676001008 -25.111792366287538414
-42.871545097513212852 -25.385894253833896528
-40.448277701152512975 -24.649716108261305436
-39.316506998553627739 -28.532622150434615804
-36.815339648463925926 -26.511999489426347765
-34.788936614990234375 -27.701917070424737943
-32.759241520388272306 -26.543286132365707886
-30.491715467449211019 -27.448894505706640246
-28.640635744633375026 -26.154567868155137234
-26.593442721920538929 -25.639434759019522403
-24.687975195930420114 -24.727429599703157237
-24.096412521154050523 -21.949049234557509891
-24.216669247857893765 -18.97374608905267479
-22.583928606571220143 -18.221488698987826638
-22.31485165268901838 -16.295005676850554011
-16.453478082949327899 -17.81803704466555871
-17.846988878303172044 -14.775095752714346276
-15.638082749954619999 -13.454542924436704965
-16.317124704750920472 -11.158359556411438618
-16.603729002403795789 -9.1433979228468906797
