-24.570620155227622661 -5.7029224169308339043
-24.68620766492183094 -4.4037609112034195036
-25.558264624274524834 -3.4475515872445696708
-26.347462214971280048 -2.5492471961806244529
-25.965099829561786748 -1.4355738039619212465
-25.423438687741832354 -0.27366418983212348337
-25.817142909813757257 0.84445343652416582358
-26.457527576359730404 2.05769808987701186
-26.993737375359241781 3.3298940791641973291
-27.948500393694214239 4.2921281416634027295
-28.89237098343939536 5.2460405892009207562
-29.288198911059811991 6.570261856770128972
-30.116997931355054874 7.5669589245894108842
-31.049673434815744599 8.468575579504902251
-32.012193750543943338 9.2866379597357369136
-33.051203345198828742 10.060968764309340173
-34.071946827556395476 10.726223365982743729
-35.017346832608232887 11.267389023814708082
-36.12010224024916738 11.538430370437655625
-37.517310387495321322 11.465831556263475832
-38.806310376708871956 11.796035416621785785
-39.874131027819757378 12.60573360508085905
-41.0080739249430124 12.710680955744690479
-42.220064515602807376 12.228107734604291679
-43.276297847030193111 12.685159271741738962
-44.232935778496177193 13.510448313730618608
-45.16241829403345065 13.129014269555828065
-46.08127682761280397 12.041177261191199577
-47.025476322305323151 10.985496886119610949
-48.035841081012286224 10.363863068380464227
-49.182966222409220336 10.85483453496221351
-50.426565171289624345 11.468349872391774724
-51.821628339845744904 11.50999702430802607
-53.238995424812081581 11.5714771217612995
-54.245363575364713427 11.097827440296960333
-55.165917603568047411 10.54966623210735932
-55.917371678126478685 9.5454860001742591891
-56.91505106298931338 8.5972298784493208501
-58.149778668603694598 7.8967821277267571389
-59.255538135470835925 7.1211882978644531761
-60.133011495325575879 6.0908823831937866089
-60.878463090704627803 5.0905520416977232401
-61.422774136127173961 4.267982722570412335
-61.864776592600705385 3.5278543152103036817
-62.268478769558875285 2.7810516888950633785
-62.633467364106998332 1.8595703297431576129
-62.854547613067445866 0.54411645600091174124
-62.866291184307492301 -0.72940337434833413255
-62.26253070181662963 -1.9395136131041053051
-62.269537814117256858 -3.0921067771081776066
-63.107369411473960952 -4.2029604568808673903
-63.888471950657560683 -5.4097454475852613243
-64.474534563679611665 -6.6490095844219565535
-64.424235775631174761 -7.8019990165397494764
-64.303541907954837598 -8.9803473956375903242
-64.088780832859612246 -10.274225446077959845
-63.786193828222010893 -11.564167827589663773
-63.412423669921096803 -12.791488787313701536
-62.981086728739462899 -13.94287508333283121
-62.489733560217644026 -15.045053721714408468
-61.990718508467232084 -16.011294283697360186
-61.444050572793273091 -16.942369143927159314
-60.77999139188602129 -17.938801704031810402
-60.006492699686077685 -18.956812412113521304
-59.176540565565957763 -19.915725767429872661
-58.250064664570842865 -20.855741675123248058
-57.217318066255693054 -21.770974177882678191
-56.108360814985665854 -22.623948909915078787
-54.950220045199230867 -23.392557541636911367
-53.786568723256038993 -24.055233317086450739
-52.523357476734553018 -24.386347626630389129
-51.162872401706977143 -24.097548192290226154
-50.130945543131993247 -24.28474926331819006
-49.640902667380657931 -25.470633294861265483
-49.009114896470265421 -25.833866061072864539
-48.301332977364552335 -25.985102870376014295
-47.435820586430516244 -26.13408266346393205
-46.350021414706951361 -25.953602227289444215
-45.135888371648405837 -26.34333680872281036
-43.905504149436367811 -26.346044252812124142
-42.656975827227775255 -25.942083741338162639
-41.360413398620480052 -26.102363568312529907
-40.162554767925620069 -25.883362651509909114
-38.901573046957615531 -25.561437745992730441
-37.591199102587054881 -25.108191618531112255
-36.28710813596336493 -24.600584934956067684
-35.035012683119617805 -23.985266236783964189
-33.875364170595631208 -23.313315946215006136
-32.816906447068568298 -22.603788599726367892
-31.786403578689267135 -21.812410516622747991
-30.781826320212310577 -20.929875308440703208
-29.885189745653011784 -20.032200072823091119
-29.269732996773157652 -19.344504041791775961
-29.564025887826691275 -18.109027865753468234
-29.528077195189215587 -17.11044342516739647
-28.399331765910602599 -16.919299534812328289
-27.364305657833781993 -16.706289716294236314
-26.997677978900895823 -16.074466552995616553
-26.962726461656842503 -15.142674779824172759
-27.157252658261672451 -13.971375834450512343
