-30.754691050238548655 -3.41589627435587051
-31.097639704623400547 -1.9301521796493219529
-32.267375244728334849 -0.84463017533864370723
-32.323424254422832291 0.41187008127395413615
-31.605040887610694966 1.835797633011109653
-32.095715339404719657 3.2064667601901764016
-32.849143203638675459 4.7064913835438444423
-33.71611794299304421 6.0881835476705239429
-34.946592486981344905 7.1937675442749364763
-35.495573351412019747 8.7578361002710991556
-36.539654897632203756 9.94104389409122291
-37.678318849133987101 10.992596843410773033
-38.927010737233544546 11.976079425844446291
-40.276547593031502004 12.873552653874209994
-41.62009305033360107 12.912292436883960889
-43.188959095877187622 12.178791819815282693
-44.829763529450126214 11.752436672723019839
-46.22635950570693808 12.300237771704541245
-47.515788111051840303 12.698276026770230374
-48.90349041039991107 12.277754736068320796
-50.040482439198051168 13.163529973599928269
-51.083232572170615526 13.298961467436576811
-52.105882724814300389 12.009169550431508355
-53.171539140289226566 10.718609636255003181
-54.216424689909985091 10.784631265457850446
-55.219323116654408068 12.100137800995918624
-56.257032612469366484 13.386140154605779884
-57.685612440184904415 13.737810415156047839
-59.380849679866869906 13.712071847479117892
-60.601190327449593553 13.143619964171641357
-61.729459531456342347 12.439882903650014256
-62.674178060068548746 11.075501063256481871
-64.114904849069688453 10.15144757829756017
-65.479288699673531937 9.2242759599723989083
-66.528106370750478504 7.9688096313006440141
-67.338913101941088257 6.8334714912873835146
-67.921168964622665953 5.9001455142052599001
-68.41618176701598486 5.0040037863170745425
-68.832584457100168152 3.857786331766890342
-69.122911029472959399 2.2667955757260189742
-68.744618748544709774 0.75726859430884818636
-68.372095445554052162 -0.6712673292576678552
-69.263286081721957999 -2.0255551495945849361
-70.206944541591880693 -3.4936804325027224216
-70.653352369024219115 -4.9734156890154039843
-70.551789623331274015 -6.3655457627110063612
-70.324961481548868392 -7.9020505466363362146
-69.965295402249111589 -9.4690922702110249531
-69.50283835945458577 -10.941113855373600927
-68.948163703007779191 -12.328447673523584172
-68.343232519362146604 -13.573377864188080011
-67.697711759270504217 -14.702261373749331952
-66.891673727922366766 -15.910593398222831141
-65.936810227485509017 -17.13238256018713912
-64.885385163517767637 -18.281348949872416654
-63.67463961177580245 -19.407909352653753388
-62.339884783096835008 -20.455852013904305409
-61.072824631492231617 -21.295360063142933171
-60.283871503209986997 -20.881719594657653261
-59.423642336710990719 -19.418909385265951784
-58.56434100008826249 -17.951444841179771572
-57.705039663465548472 -16.483980297093584255
-56.845738326842834454 -15.01651575300740582
-55.986436990220099119 -13.549051208921223832
-55.127135653597363785 -12.081586664835041844
-54.267834316974656872 -10.614122120748861633
-53.408532980351914432 -9.1466575766626760924
-52.549231643729200414 -7.6791930325764985454
-51.682342877008714765 -6.2346132705425176823
-50.927568802526792524 -5.8803134387843272179
-50.775121741039619394 -7.3581083638620086163
-50.764569015383024464 -9.060750597886851665
-50.754016289726422428 -10.763392831911694714
-50.743463564069827498 -12.466035065936539539
-50.732910838413239674 -14.168677299961384364
-50.722358112756630533 -15.871319533986229189
-50.711805387100042708 -17.573961768011074014
-50.701252661443447778 -19.276604002035917063
-50.690699935786852848 -20.979246236060760111
-50.680147210130250812 -22.681888470085610265
-50.517672306360083212 -24.123548712052397036
-49.427241569102491781 -24.007816902764808731
-47.879049292779441771 -23.872945061386282362
-46.394696835428682391 -23.753333727570645095
-44.858015147695880387 -23.352721774609413785
-43.26047252552405098 -22.792878205178570994
-41.709892197638524181 -22.096889371182982131
-40.265396440782566856 -21.297039046626672132
-38.970077472833537513 -20.437493246634346633
-37.721523327643552648 -19.459665392206591861
-36.533816847700315122 -18.365487132267688253
-35.636061994157628874 -17.40789503697201468
-35.709609042124036193 -16.113373630977800843
-35.61732049206690931 -14.936743877021546822
-34.138741269171518411 -14.784409725914198219
-33.359686243510168424 -14.236690013812022926
-33.008358672770917508 -13.32546364128291394
-33.334034984929552081 -11.876340540788184796
-32.2839481302114919 -10.836184954483234932
-31.825917649374300566 -9.5216228132980429422
