-43.970197966066336903 -3.2952352743015498326
-42.460549288991295214 -2.5477112488573485649
-40.909043471139170833 -1.8426817029776132451
-39.357537653287046453 -1.1376521570978788134
-37.806031835434922073 -0.43262261121814354903
-36.254526017582797692 0.27240693466159116021
-34.703020199730666207 0.97743648054132592495
-33.151514381878541826 1.6824660264210606897
-31.60000856402641034 2.3874955723007964536
-30.048502746174293065 3.0925251181805304412
-28.541746307046203412 3.8181358047511109177
-27.974310938201984555 4.971407093463216853
-28.727230200668000037 6.3604860942254202172
-29.974187996389240141 7.4560756831720391702
-30.554436230496289539 8.9971273123328661114
-31.556579107467822354 10.213085832331319835
-32.693220533506362813 11.272471325649540574
-33.937144981772306096 12.261302965857062475
-35.370294189995590273 13.126597173289290765
-36.879974555157687632 12.913112347193047569
-38.426343369770236791 12.176854612076652984
-40.040996417389870032 11.738281353553251307
-41.405190796864083325 12.288334437347431916
-42.661804137775376944 12.697286674979830323
-44.029976153329911881 12.286762496504255893
-45.175617784290182044 13.195560374668817261
-46.215108246259426039 13.242253888783753979
-47.217556311548783299 11.927490854622250893
-48.274057804783474523 10.654313408203520908
-49.511243795958058911 10.671717726706734908
-50.950587808913098797 11.555769293154575905
-52.583444248002663812 12.053715541143825263
-54.080150435052161129 12.855970908739857705
-55.416669395239566143 13.632380001344195364
-56.289166132053800595 13.121529880131479473
-57.229350520514472578 11.990646030209147099
-58.489640579924127906 10.885992371955028446
-60.008134841707054363 10.081095177607032554
-61.130308404054815696 8.9087720352039774241
-62.080912800212232128 7.669952084219875843
-62.747794075861492047 6.6637033536074277151
-63.269061451992740785 5.7725778103506577565
-63.76567646528332034 4.8102108920316108964
-64.038766140326799814 3.3502479466590373569
-64.13840171055100825 1.7936272645282809179
-63.477100065322993316 0.3276192434856364244
-63.842710258741028895 -1.0476641683972791608
-64.87107808593195557 -2.4481562649728756398
-65.750642148774872453 -3.9535920560799366896
-65.695175412546689131 -5.3672441742496506123
-65.532608355080782303 -6.8229067215351815179
-65.23314392430340547 -8.3976088496908651848
-64.813122552388563236 -9.9288452083009595128
-64.30524238990327035 -11.34218818243957827
-63.710986575310073476 -12.676289569900648146
-63.097918439297828286 -13.83053158540220906
-62.377956844347451693 -14.991516369861759728
-61.480035944713577578 -16.229547725481523912
-60.480776703951939055 -17.40554737070562652
-59.346398992061466515 -18.545095422193419665
-58.063260579038171727 -19.637590119722219129
-56.682222139925301008 -20.625029595751723122
-55.270741795469632507 -21.465713908493977868
-53.748845448171898909 -21.895304869634689027
-52.135397336705253224 -21.586747596210859257
-51.14504144078474468 -22.298072837717622718
-50.496562837222320752 -23.305566135859862698
-49.655196299327570841 -23.491970630945075982
-48.606484128601579187 -23.671857789750504253
-47.239761895959716753 -23.56886022841993622
-45.750364684192597053 -23.876782412782624476
-44.245066456705394842 -23.568280697187287132
-42.681375385568600223 -23.61237992913423156
-41.216807388721925065 -23.356079245569446812
-39.658799716702404226 -22.926392879089050325
-38.065584011175154444 -22.34127846801059647
-36.527574804548592624 -21.623114659652550529
-35.110418281688076547 -20.811436157706300065
-33.832313944582608656 -19.937602354091062296
-32.587387405242850491 -18.934167367697746442
-31.427533374870066041 -17.83544746437674533
-30.602212154456474025 -16.935136069031976547
-30.866601704232525805 -15.500716767488771808
-30.510624656427882684 -14.518919237938803235
-28.922486093053510814 -14.447686691188012631
-28.364217550143962399 -13.761473150096199092
-28.213614561081293175 -12.711986315190234365
-28.317376005782044501 -11.329645450172826315
-27.174562460392735375 -10.31040150402686173
-26.97888915893352646 -8.9096870337111990779
-27.928518803668310966 -7.7410109621880209829
-29.53600850585062787 -7.3004485537233732018
-31.204247236594209625 -6.9289337066411356147
-32.872485967337787827 -6.5574188595588989159
-34.540724698081362476 -6.1859040124766595525
-36.208963428824944231 -5.8143891653944201892
-37.87720215956851888 -5.4428743183121826021
-39.545440890312093529 -5.0713594712299441269
-41.213679621055668179 -4.6998446241477056518
-42.88185651586356073 -4.3270049393740599442
