-11.172411367981716523 -7.1424241065979003906
-11.00179786243516844 -5.0377924312310229382
-13.293565726763812762 -3.3732733048762639783
-16.300014772901935345 -2.3576512491048564613
-20.794704437784375273 -2.5871447032222549822
-22.843332741817313547 -2.4181441878675986601
-25.306099168766433394 -2.986653239197213594
-24.778100459525973065 -1.516764495004826685
-24.293755071496622833 0.33452370733150171844
-24.993995518171743697 1.1599581616084577718
-24.412716099281350779 4.312169248019273482
-25.222420278560434781 5.8926954857213527106
-25.324295780603009121 10.405699724603859835
-26.730434378815768781 13.066773081768701559
-29.000818311448114173 12.126162851763627515
-31.026029586791992188 14.343539680668509817
-33.029937419026452972 11.923474247831844508
-34.652190116080738846 9.9173288787382745113
-36.931741944204048878 11.033495188677690635
-38.941210519123899303 10.635369696752569268
-41.535639421619642064 11.060756989746920453
-42.412039420119079125 8.5290796709878176074
-44.085726641117744862 7.361838706599852955
-46.141285623016912609 6.4674154216729657918
-47.108232495157885467 4.5419778136358477383
-50.172862307912872382 3.9120040930925643607
-48.958007813698188215 0.8414077379181819083
-49.773833731162554272 -1.0508925702330369489
-48.337830964230775521 -3.4626874993277629855
-49.862923818784778973 -5.1625867320061633592
-50.964500294368207278 -7.1424241065979003906
-52.363522925757649773 -9.3850845280407071414
-51.913712777738503235 -11.582237526130509053
-50.927196199872241777 -13.608705433007706631
-49.074693706686687733 -15.178208157145041568
-49.65909469549562516 -17.900228202635787511
-47.366149799057083669 -19.01421435929024284
-46.638656224164698472 -21.20009819694818276
-44.702724176125798294 -22.331933070147726994
-43.039735902376570209 -23.677877313352585276
-41.348899018764072366 -25.022160301470709243
-39.108636171030482842 -25.296262215496518877
-36.685368899226389772 -24.560084030543539058
-35.553602082861168299 -28.44298816517675732
-33.052434462104763213 -26.422365554661290332
-31.026029586791992188 -27.612285036122980131
-28.996336351821092592 -26.453652185699993993
-26.728810391389689727 -27.359260573576676734
-25.032042752873820746 -25.590009837453528974
-24.939239306448797606 -20.813577596296944705
-24.574810287504792683 -18.316260543715372933
-30.134188026255731785 -8.3699387733202552653
-30.005319948097426419 -8.2760366756690011414
-29.892416762737507696 -8.1631334621047439981
-29.788641247163319292 -8.0414390398741435462
-29.697921740826910053 -7.9092075378425779064
-14.084084663813353444 -14.685464565816729987
-11.875182402779724811 -13.364911860130632704
-12.554219584711407975 -11.068727525920889931
-12.840823884017240175 -9.0537659119795375062
