-24.174215765914468079 -14.125817588339373287
-24.35573200373828584 -12.759994827470030998
-25.359008102670490103 -11.769202250418228317
-25.955736840327851667 -10.761300951967832873
-25.323370078409311645 -9.5259864664003206514
-25.16637946886833177 -8.3348924795246297492
-25.713542964517159817 -7.0692354817884632823
-26.336858079419421585 -5.7197955698151945469
-27.124478352178211793 -4.5181735174733290705
-28.2575368712317605 -3.5740660547750331411
-28.816343145265747694 -2.2498724541022125933
-29.56143906804427246 -1.0750104404861087204
-30.555921858475063146 -0.095659271222983122129
-31.583087921940773413 0.7854220469375583491
-32.695155622780625038 1.6142243791553880783
-33.782249823072056927 2.3162979131014722611
-34.79268193588168856 2.8842744381019009836
-36.080982750261568981 3.0456087358516499286
-37.577535329826169175 3.176411134711183859
-38.754939645629228551 3.9740772160124766543
-39.793789852958006747 4.7077671089225745504
-41.015523164759727592 4.8824754719539198433
-42.293655972812565835 4.8819046649582036324
-43.364511295553725745 5.1602853621756068492
-44.326431778386464089 5.1717349507907286466
-45.309195710100084398 5.1356139973880488014
-46.282414936896273616 3.9948928263385385939
-47.270592393130904441 2.8669905846359058366
-48.450128364024322991 2.6427230971691768602
-49.825046148061339579 3.1329957499828244849
-51.295237956907030252 3.1090802064278468819
-52.796621702117747077 3.0971632722660071835
-53.885143061181821622 2.6067038571770950739
-54.873431796877909505 2.0129300689484566078
-55.672380700344859861 0.87942933846941595544
-56.820854207046160411 -0.066463699490258751346
-58.166294986102698772 -0.77383057427360313341
-59.211533867743831649 -1.7447073684822793638
-60.11323070868537144 -2.8666093044875378126
-60.793726018465406469 -3.8374108027186419889
-61.306630771607224517 -4.6600887377117938826
-61.745469341850117928 -5.4431427837276231685
-62.191215887642300686 -6.3351135817177723908
-62.394108073178237817 -7.69391266740594304
-62.508502398681592638 -9.068969487491642667
-61.892364656236303233 -10.369218778232228928
-61.904280183167792018 -11.603816286078521003
-62.805082006408589734 -12.800044133052217887
-63.622643768013972476 -14.105453747838513578
-64.074679907169098669 -15.418763940979047788
-64.001012698421718028 -16.640736222213156736
-63.837213778400062836 -17.95545118952493624
-63.565739605377466148 -19.347862538343949979
-63.199465386135834422 -20.707067484451034289
-62.766204317377265909 -21.965025232037476144
-62.257047739040814349 -23.176643957812608221
-61.723347441865797691 -24.251955228355132732
-61.155559773788759514 -25.245177367334271423
-60.463764350567387851 -26.302200103213234428
-59.641874858444815288 -27.394015660692986103
-58.751921728133424949 -28.422219114262862405
-57.812222582684690053 -29.370536789363939079
-56.774369515133393804 -29.498524933122620695
-55.430607922800277265 -28.820749966507214879
-54.077510000342279284 -28.175258841596491521
-52.633774011536225146 -27.961232663435207968
-51.140671478775736603 -27.832283642663973922
-49.715330232850867276 -27.297916919501361122
-48.447575087620052159 -26.501920818713745831
-47.634824056502004908 -26.629962223910400354
-47.337403743865102967 -28.009886715796501022
-46.887822158383094973 -28.703801714308021076
-46.038018122398874254 -27.802257064983372459
-45.351634410430534672 -27.514873487731488666
-45.067882527921788949 -28.768750025302619377
-44.844146200664177115 -30.252363942806404395
-44.620409873406579493 -31.735977860310189413
-44.396673546148953449 -33.219591777813981537
-44.116330171165117235 -34.587969681042046943
-43.267513100394992875 -34.800509859960477854
-41.944396486065144813 -34.385975427867613519
-40.579111972084518811 -34.517387324717049069
-39.285531350311956089 -34.242762913281929116
-37.897413058317887646 -33.846069577977047516
-36.491061003923064732 -33.329646529240527286
-35.125779762936225836 -32.708630947249659471
-33.842415045136426954 -32.00588529348863176
-32.682078450538156744 -31.258736246556711791
-31.576856233942656615 -30.434008233972857482
-30.49343597228101288 -29.500292828306360349
-29.521697312473257568 -28.536477870989003236
-28.859109448591205194 -27.796741770963052431
-29.205889028554285147 -26.445821811447775218
-28.992583830756153418 -25.505057005917802115
-27.654808059722693514 -25.395135770578509238
-26.853678075656439717 -24.982339670391624509
-26.452152405857020767 -24.268060161346497239
-26.770302064386132912 -23.038106626724957238
-26.379665118278396108 -21.963837751006710874
-25.370473650434295365 -21.07747814750570825
