-18.025733323655245499 14.163416638137977799
-18.232657259964142327 15.49145009152342034
-19.340752686404915295 16.339075381330435022
-20.7032740686063228 16.995574938853049929
-22.15015038343098297 17.392151514605409091
-23.609654902222686701 17.724293589987592412
-24.738426939888022105 18.540400520930358397
-25.03151018709295883 19.927301498683284819
-25.156145235424911988 21.365942515351754594
-25.443857030813799014 22.774103774919243648
-25.106912523817623395 24.23298639511709851
-24.738609699561571631 25.712321695928984866
-24.500697012056331658 27.210348739086178682
-24.703307143739621665 28.460139209332005805
-25.767869408245957175 29.335990003764401024
-26.918029243158891006 30.154801963264500131
-27.974032590302222445 30.805670070031773378
-28.991732977851100372 31.35172062580028296
-30.438573051015872295 31.327152599554448642
-31.873887816620477764 31.643656114158325465
-32.919949391514933268 32.653570346426356252
-33.956157301376002522 33.062856526081162656
-35.102605858670379746 32.575339752498393864
-36.260156898304465756 32.354406105612923739
-37.311142974273714401 33.263565123655943978
-38.313596676572622357 33.406301819617539195
-39.276526388761759279 32.369800038960676147
-40.270997092832310216 31.240661425496774939
-41.335472090673604839 30.397416125010824572
-42.521704021393027517 30.737290725403592972
-43.801098750762470502 31.399341352947619299
-45.246920505219009101 31.386755474317411085
-46.747906695039930014 31.398335300733471342
-47.802622105149758625 30.858786112901416487
-48.792529191709135716 30.258761160376671739
-49.586436331155546497 29.094034383694918233
-50.759068262278653094 28.170218492528572796
-52.107141892957415052 27.470212594696818087
-53.126030218375916547 26.471378056165406178
-54.018181079777704667 25.35069193705808388
-54.682943004817502697 24.394281149465733449
-55.188676375621284365 23.577230476004103821
-55.625652299889914332 22.791897387840915457
-56.074912900919386516 21.885093379982652806
-56.271903914969925609 20.50164117029088473
-56.333832200589355921 19.1319643646535269
-55.707725877629648892 17.835156674369546437
-55.801669739416219329 16.606551043701582415
-56.716695542345547665 15.406051825906864394
-57.524918135136012154 14.094669090353594498
-57.923443347846585993 12.787034395384244689
-57.844752486550142123 11.566280276747862743
-57.673728709376987922 10.241279822126875487
-57.395529890381595806 8.8493404423819690408
-57.023833144997432498 7.4951100603726432681
-56.586107769864163686 6.24243482713795661
-56.07285536827754413 5.0356818275797419204
-55.538948941221136124 3.970715220268740353
-54.96542111281539178 2.9764276184121829516
-54.263820604311817419 1.9142292018633266792
-53.435870247147420287 0.82462136164284416395
-52.5407397224780226 -0.20005352473373605449
-51.530675289933192573 -1.2055161840818051644
-50.404281415686277512 -2.1743229183648704606
-49.197345103219667806 -3.0648396714314500855
-47.952542628617074172 -3.8476822731541275857
-46.701007255835470744 -4.5138986969713812414
-45.244082179829277379 -4.438014381997382074
-43.922923666188552261 -4.2625527151887308008
-43.228781675055266476 -5.2214418787056411375
-42.63312447302956798 -5.9777234429423735662
-41.895500931638267161 -6.141307581622079681
-40.993356928488651647 -6.3021532548215439817
-39.849431631520310759 -6.1431775261786487619
-38.549719518267913543 -6.527943734455696756
-37.230085137481879087 -6.5249759635178499195
-35.887340488826680485 -6.1005895771041345199
-34.515877659953098089 -6.2429951749654755133
-33.225940778265474762 -5.9751470879412202919
-31.843167811031754866 -5.5871042053476962508
-30.435081797304771811 -5.0779847725029370054
-29.066463315575038706 -4.463679872591502118
-27.775502513568468999 -3.7649197923966468693
-26.615057279932010204 -3.0256400910800671511
-25.572328856175232659 -2.2589721264551627655
-24.604008132990205837 -1.4467395595184839863
-24.207633737671255147 -0.23685513349222928059
-24.246622920658907674 1.2913793451526407452
-24.365778575024517494 2.7667933808834517251
-23.81765534713583321 3.5130071144662045057
-22.402403643264435118 3.3499773046944079091
-20.90578659206677159 3.1002222169553488307
-20.535826617416091722 3.5998564404858974797
-20.317265167581997076 4.4441966973190574208
-20.639111159998442702 5.7333726930380670694
-19.768565712507314203 6.6642916734052999317
-19.052654904850150785 7.699493865596908293
-19.325548943026504389 9.1381295684742323004
-19.594920902263666562 10.637479443028645676
-19.28665358751763037 11.991228952722822854
