-28.664633200257107148 -10.222783088684082031
-28.494018741106334147 -8.1181514126503415696
-30.785787546787602764 -6.4536321061831225521
-29.059013635408724952 -3.9000945502330788273
-30.443073269643750933 -2.1751953151517575691
-31.055965897696925282 -0.14092734111782334594
-33.007730628694723407 1.0462677181279094185
-33.433457868674608449 3.359628399986632985
-34.429394339966364669 5.4244778257744172834
-36.756542058443287146 5.9658216619509190082
-37.930965659022774616 8.1149298767888780048
-40.605938465079958632 7.5485611405132075902
-42.662205345595481276 7.8002671708530897376
-44.22265627457851167 9.9864145900143235224
-46.493043779932747839 9.0458043277547730554
-48.51824951171875 11.263181175419486379
-50.522155516862881086 8.8431157341473323186
-52.144411727257470091 6.8369704204852084217
-54.423967354968198151 7.9531358065031589888
-56.433432313219867638 7.5550112085021190467
-59.027861326795587615 7.9803979655715835406
-59.90426121313575436 5.4487207174247540564
-61.577948447976126545 4.2814797473992545207
-63.633507465766442124 3.3870569047912351124
-64.600454324124058303 1.4616190745229946657
-67.665084184344095775 0.83164516863668680458
-66.450233443521639742 -2.2389511460456166247
-67.266059370535344897 -4.1312514693246109587
-65.830056588320005062 -6.5430461353373159383
-67.355145649956327247 -8.2429457035899584838
-68.456722126643597903 -10.222783088684082031
-69.855744763155456667 -12.465442984553188666
-69.405938434893982958 -14.662596937147416298
-68.419421878608872589 -16.689063840497240676
-66.566919339989695459 -18.258566693096597078
-67.151316579552826624 -20.980586618196063853
-64.858371649035319706 -22.094570932824744602
-64.130878111478750725 -24.280456641070585988
-62.194946057601427469 -25.412289623748019807
-60.531957747120792135 -26.758237716891105862
-58.841120877226970265 -28.102520698949000177
-56.60085799197119627 -28.376620725792065514
-53.610962751610315991 -25.896530947761466024
-52.559972462399102255 -29.237612528839672876
-50.269994261264365321 -26.889505754022611228
-48.51824951171875 -27.969861406362237943
-46.763220089940524815 -26.920792371684520106
-44.221032294385622663 -30.439621001206436546
-42.369952436716857846 -29.145296240166342017
-40.322757535240548066 -28.630161234081970889
-38.206224766159621709 -28.083733802185360418
-35.858959328579629755 -27.646805242955952764
-34.352308527862518872 -25.955654967704262504
-32.854062841847394338 -24.326883354602450993
-33.996442628574143896 -20.773490704372846949
-30.182794826060373339 -20.80876357049330494
-31.576305543826151734 -17.765823074236532619
-29.367398509569262899 -16.445270354792565826
-30.046441406979294442 -14.149086937762618277
-30.333044765974690904 -12.134124449162371207
