81.96289426845352466 9.5215733231651000779
81.619945581854096872 11.007317070275407289
80.450207213543578177 12.092839507685241074
80.394157907991299794 13.349339703681934566
81.062402137013307879 14.64258535366397318
80.097407446614766968 15.046354653745240171
78.394058117774790162 15.053789291744475776
76.72583797058275934 15.165155382750841184
75.309286575592267354 15.999450199260168759
74.013034590983963312 17.006262174467355663
73.893652428545408384 18.42374351603594107
74.40168667488339338 20.060304425276381579
75.033244454437323157 21.656505616670422398
75.666176786420592748 23.239349900793634163
75.054950146746350015 23.916654631245229723
73.865101737396770432 24.859243071342696396
72.366810662910339147 25.647952486021626584
70.754675961681144258 25.525003382977345723
69.150375667824775405 25.295444952402949212
67.800533654588150512 26.145837382848934993
66.943171813905863132 27.615758119835525974
65.924437636425011533 28.343434138247822318
64.491622217647631032 28.307016912023950539
63.183890229034091135 28.690156869310957433
62.058024403626525611 28.722332237748705808
60.961199728190102576 28.692682917943393761
59.850846927922134455 27.543717287380346193
58.718513562390768357 26.32406272286142368
57.326080740249238943 26.327383370050768008
55.729155429547120093 26.727806616075582724
54.036616524185923538 26.608111739929370287
52.584825629567241378 26.340883930318561568
51.46005847826280899 25.688662494479149956
50.905723568484717134 24.420248418298321269
51.46148872778800154 22.888165577057172584
52.259138714518144297 21.38249202495540402
53.056788701248272844 19.876818472853639008
53.852778220560757916 18.371440727164642936
54.124729978339289005 16.948829789317187533
53.325430991429406902 15.641617389702874519
51.995095655623565278 15.252171932186778136
50.733203607486174747 15.061339813384950759
50.381638632356555263 14.040050258008616169
48.994523597234582724 13.993612169533276912
47.296766649203135557 14.238248850389631173
45.599009701171709708 14.482885531245985433
44.035092022530292866 14.638511669827041217
43.892397634579488397 13.848945441659536115
44.376228799597548402 12.428672514930967807
43.581265544756377039 11.07417178613372144
42.613212431339881903 9.6218524639729992032
42.05860180468141607 8.1307453292501765674
42.137428869621686545 6.8527173021894531857
42.241791235789662551 5.9581360828571297006
43.738198387561226355 5.3487242929359268828
45.390335126409397049 5.0858115381499109375
47.089425141953462628 5.1781573660023889616
48.791387716138551411 5.2922375899006022237
50.493350290323633089 5.4063178137988163741
52.19861429199419689 5.5169001097603551642
53.906685094541259673 5.6085791457962486106
54.863828411430446863 5.2043728157942261703
55.337498698865672964 4.4909349375363252221
56.28198184908307411 3.8285675160620540325
57.009677985424460189 2.5004616328785580492
57.119251646266491207 0.81130997716030972544
56.74753839462579208 -0.86568457035114110276
56.226685244779581296 -2.4853580278191667041
55.700512642293631416 -4.1029538260411717587
55.17434003980767443 -5.7205496242631763693
54.648167437321724549 -7.3381454224851809798
54.26610973420145001 -8.8153253242597351402
55.140015617359736666 -9.0724716884861038579
56.407000241524237083 -9.2618414648948075296
57.011067376185991407 -10.632527625789393255
57.828420984300457519 -10.82707869560207925
58.762433189630527863 -11.00563830563240586
60.017393546696574447 -10.686178768936484218
61.574191836121663357 -10.924232732663281098
63.209000737865032704 -10.872534355045038623
64.834243781778795324 -10.924857918695485282
66.322889327229333389 -10.815863011599041954
67.859571215775872588 -10.415250704007313232
69.457113494516505625 -9.8554069232142289536
71.007692199627115315 -9.1594185630017896926
72.452187184370799855 -8.3595685255842973049
73.747506446703653182 -7.5000224098898407021
74.996058280382385419 -6.5221963625307903811
76.183765516439919452 -5.4280175111119639553
77.081521970881382799 -4.4704236393469152233
77.007977443199479239 -3.1759043475243018406
77.100265954781264099 -1.9992745533514588718
78.578845238057709821 -1.8469397923677417506
79.357897587214750956 -1.299218106251874616
79.709227869798795041 -0.38799374190743013413
79.383551291529798277 1.0611286980840080041
80.433637036524942232 2.101284237048858472
80.89166545220074056 3.4158465450461905633
80.505009363896263608 5.099858998588429948
80.478257830038842258 6.7381087974222770853
