88.616115167052470269 1.9504485130310058594
88.786731533832238483 4.0550801863972925076
86.494957004465689465 5.7195990250884403139
88.221734732868128503 8.2731375253421610694
86.837678899375106312 9.9980356004790689184
86.224786293959638783 12.032304825028738549
84.273019577324035367 13.219498699061370317
83.847296268140198094 15.532860425829948525
82.851363897622206878 17.597709127172393551
78.163581998165994946 14.88992587373712162
76.985599270155134377 16.193279474150426012
74.84081978716494632 15.602585844885775046
73.6961432977433617 17.134639757290010209
73.058094123850963797 22.159645688583871959
70.787706372117369824 21.219034511845002555
68.7624969482421875 23.436413253971732473
66.758590949262696768 21.01634590599887531
65.136334745111824418 19.010201548000615901
62.856782760141960864 20.126367833215088154
60.847310413184544586 19.728243323180549851
58.252885133165349885 20.153629567286671431
57.37648524682518314 17.621952319139843723
55.702798011984810955 16.454711349114340635
53.647235154522959988 15.560288955606736749
52.680295944603358294 13.634849952819314112
49.615666217406229066 13.00487757162706437
50.830520627350509244 9.9342796988995054619
50.014690896874746784 8.0419805869202605209
58.785044258135037865 4.0712211473792727645
58.415457530935690045 3.0379659895836503836
57.646137370426714597 1.9504485130310058594
55.973181337903767485 0.60623676637470813588
55.394163834821796399 -0.89107923289952495338
48.861328425870269143 -4.5158332842359136805
50.713834734013119032 -6.0853350568988968661
50.129433783022129489 -8.8073556455944341792
52.422378649832985786 -9.9213417486178112625
53.149864459589799992 -12.107225433790610225
55.085800428412198926 -13.239060429676671404
58.696435836005804276 -11.904301542179773321
61.145615654260190297 -11.242389570246556829
63.045550092422622868 -10.890024619795831029
64.79011001040737483 -10.275310133650416233
64.987645617183687818 -15.808807964105550781
66.736093916289945582 -17.329494835655594898
68.7624969482421875 -18.519412416494073881
70.792188336573303786 -17.360781467038965076
73.059718099024522076 -18.266389851087016183
74.338181235034056726 -15.209728392700938571
76.112938181245610281 -14.558892168336686979
78.580075859319464371 -15.054099345934403686
81.421791120559419142 -15.473573991310274778
82.928449676736022411 -13.782425479562229853
84.426691418887031659 -12.153652039388909145
83.28430762720327607 -8.6002615128307215997
87.097957427672625386 -8.6355323213820067707
85.704446569326478311 -5.5925916271705258254
87.913349857070997473 -4.2720397088117083584
87.234303147527313627 -1.9758550887169503696
86.947705512414387385 0.039106368485825715453
