-1.0310155607154811719 9.8309354782104492188
-0.86040163788823420532 11.935567153118856965
-3.152169779050449705 13.600087372108808026
-1.4254014803802377287 16.153623065713400564
-2.8094556348539896362 17.878523023997054509
-3.422347534034226868 19.912790361055314747
-5.3741127895274534154 21.099986099997760647
-5.7998385276231694263 23.413345977023368505
-6.7957764050327114091 25.478196818206981789
-15.306724397634720702 17.508264458140320841
-15.869609720970247579 18.517205238600560335
-17.692566470606958973 17.000435893663020437
-18.717098915399578374 16.501920676126079712
-19.117156582840117096 18.146244593240005827
-20.143938399200315814 16.878149384346276207
-20.884627187190105246 18.985964264103156296
-21.604020990140746505 16.675460725906567916
-21.982669769847756669 14.996800257387356226
-23.101833996266105231 16.654789072832304697
-24.079567905738752387 17.006885824681603481
-31.39424586458804356 28.034115083729499673
-32.270643858402202397 25.50243972745251142
-33.944331077991492407 24.335198763093792707
-35.999890058195262554 23.44077452517282012
-36.966836926310229217 21.515337398444195571
-40.031462856467015854 20.885363080253036117
-38.816612243618010325 17.81476714668087169
-39.632438158539173401 15.922466132126141147
-38.196435423280505006 13.510673146326581673
-39.721528249937122723 11.81077285280218625
-40.823104725520551028 9.8309354782104492188
-42.222127353303719133 7.5882745456190434652
-41.772317202324153129 5.391121550946816221
-40.785800624540861747 3.3646536550086407757
-38.933298134067499063 1.7951522536573261135
-39.51769521034289312 -0.92686968788698642641
-37.224754234687665644 -2.0408538146438122141
-36.497260631395597841 -4.2267395923816000192
-34.561328622909755381 -5.3585720407531365339
-32.898340328552379219 -6.7045182089970474237
-31.207505383452556202 -8.0488021320544689274
-24.096450156520440089 2.617069785963035855
-22.745597819164487419 4.1034693932773205205
-22.812211714161438891 0.76238747636103454397
-21.590980174592992569 3.110494258512249921
-20.88462792915553834 2.0301385936379041652
-20.174994232071469469 3.0792075799158702409
-19.187403324447686259 1.8461151903726413792
-18.534709239288929439 2.5986174013559111273
-17.55992673752530564 2.3635292848959403855
-16.340088023526863736 1.9595574004286717695
-14.654805671015717294 1.2563190461271851461
-6.7186906005892961247 -5.9019373100824097378
-5.2204434796444836309 -4.2731661585448286189
-6.3628247653197345102 -0.71977358823059489623
-2.5491764641353782395 -0.75504636216018994332
-15.17744745431120279 7.2899759912170880582
-1.7337863577400938198 3.6084472458548875196
-2.4128236536893403752 5.9046316034401096218
-2.6994276558829497503 7.9195932305815253116
