-3.9462028174464989227 -6.7119618320542215884
-4.4789748710019248179 -5.1191630483744408053
-5.6477063583427957738 -3.8993391906466428054
-5.1593092789408210308 -2.3920460660390134855
-5.0288321616814428694 -0.86778621261455679559
-5.8078332052453660594 0.7653580040203363799
-6.6508979342356902009 2.0506449259466790203
-8.2019123156445772338 1.5862845819385962276
-9.9168659258398346168 0.74273292497651433042
-11.631819536035090223 -0.10081873198556791371
-13.346773146230349383 -0.94437038894765024111
-15.061726756425604989 -1.7879220459097322493
-16.757323065716175137 -2.5522661057621283121
-18.232043691641404592 -2.224319837790745602
-19.726052252161583311 -2.1020944818113775909
-20.799708649678461114 -2.0888188391710102998
-22.066752358849154092 -2.9773577465179608126
-22.751058009552917127 -2.4656512084417725461
-23.428861025568384235 -2.4247073142350896724
-23.891622568769783186 -1.6689000951977484011
-24.280567286590613918 -2.6760951107491890433
-24.721317173287726376 -1.6659496160624760464
-25.181944280793810975 0.18660683534801592032
-25.642584329198857773 2.039711731391791627
-26.103224377603897466 3.8928166274355668897
-26.563864426008944264 5.7459215234793417082
-27.024504474413991062 7.599026419523117859
-27.696527701259146426 9.2851254769028095382
-29.226975025673194608 10.235328367514620496
-31.071209405981640828 10.331990053539906071
-32.900092005963458064 10.232175579849787539
-34.185483987104603898 9.5202327750439756926
-35.290545094732294729 8.3468045455816906042
-36.686132311550679219 7.105187892454812193
-38.348550732276677877 6.1783297200845854746
-39.491043957898369854 4.8250259175101772868
-39.024973421266103912 3.4312013732743698036
-37.522800127403755255 2.2956034926511073024
-35.991155170225226811 1.1675248793693142613
-34.459510213046684157 0.039446266087522031951
-32.927865255868148608 -1.0886323471942704888
-31.396220298689602402 -2.2167109604760621977
-29.864575341511066853 -3.3447895737578545727
-28.332930384332527751 -4.4728681870396469478
-26.80128542715398865 -5.6009468003214397669
-25.446343511088112876 -6.7466638541651944294
-26.036467416235513639 -7.4585964027760649486
-27.916489985368151849 -7.5061494716348926559
-29.826226248653142648 -7.5183518245751068676
-31.735962511938140551 -7.5305541775153175266
-33.645698775223124244 -7.5427565304555299619
-35.555435038508122148 -7.5549588833957441736
-37.465171301793112946 -7.5671612363359557207
-39.374907565078103744 -7.5793635892761672679
-41.284643828363101647 -7.5915659422163805914
-43.147288098383093313 -7.6900937489493585986
-43.828987597707950385 -8.7025901849014335454
-43.678980195250645124 -10.284887170945815171
-43.362586474309452456 -12.035882081233838292
-42.89452324869388633 -13.743438262947844208
-42.313291687021461485 -15.317260283475635063
-41.641373591451092295 -16.761124834555836571
-40.929811321321707851 -18.02812330571413213
-40.029296481188225698 -19.377115883689157272
-38.95122892853063945 -20.731041301174656155
-37.736582163695075565 -22.009436452199960144
-36.328220151579891706 -23.244697791435640966
-34.790852484415808021 -24.355584271172006083
-33.212784952970331176 -25.285472433116574109
-31.463114518597034674 -25.561406923539333746
-29.799491930619762314 -25.394335465349957559
-29.009030166444990329 -26.772590318981919211
-28.218523703156094484 -27.126699863172675009
-27.887350622146435342 -27.197727904944525079
-27.37061051383457766 -25.541069972157270485
-26.819097012188525042 -23.713205573992230057
-26.267583510542475977 -21.88534117582718963
-25.716070008896430465 -20.057476777662145651
-25.146080664234681024 -18.281045166011271164
-24.115064705491146668 -17.614031963187613883
-22.72174363990350443 -17.393972661270474589
-21.285077756866190413 -17.742491229171019285
-19.589434847127606076 -17.635297286286775176
-17.734308595479468806 -18.096066170069764922
-15.916307594279993864 -18.782658987992103761
-14.329320449747809718 -19.832399966361435872
-12.810539259468379569 -20.981602857981840771
-11.291758069188951197 -22.130805749602249222
-10.334623738137512561 -22.341653015003785754
-9.3065399217332824833 -21.327183307708764914
-8.660663523419554366 -20.270549264990570748
-8.9973493499266457007 -18.629094023694666049
-7.7299744385130795266 -18.174256862426467762
-6.602196322297285036 -17.717185422473018974
-6.2003871298303971926 -16.717315138804547558
-6.4451558435535867275 -15.134050615862777889
-5.2444177585028324273 -13.968470721411048174
-5.1449917368967739151 -12.330739195617320902
-5.5042182788709226315 -10.436588485432425344
-4.979465857373395643 -8.7625029704377848105
