-9.2901510454109157422 -8.893283843994140625
-9.1195375402678919841 -6.7886516879508498334
-11.41130538672503647 -5.1241324091971360843
-9.6845324374646004628 -2.5705948187719833697
-11.068591115064155161 -0.84569571223516071257
-17.928499697650316591 -2.418144145119437205
-21.013990488503683451 -2.9866534380791263104
-21.821410683970537292 -2.3002007278054188433
-22.680987070579675446 -1.7156354428622515584
-24.492774818260294012 -2.491735537800841449
-24.412716256159860961 -0.69885954724824905782
-25.222420253541013579 -0.085790944142072333989
-25.324295695922714344 2.8618418842080828313
-24.862636514123412468 11.247866294920250141
-27.118557033653249988 10.375303591041660667
-29.143768310546875 12.592680420109427786
-31.147677973981423349 10.172614995276305194
-32.769930526085595091 8.166469665175149828
-35.049482504874220012 9.2826359510037868006
-37.058951112047992638 8.8845104531920604529
-39.65338011510142735 9.3098976931737311702
-40.529780019094658883 6.7782204337710396658
-42.203467252525648234 5.6109794637747842927
-44.259026264594567124 4.7165561494811765186
-45.225973123639832352 2.7911185566850420514
-48.290599057711446562 2.1611448286920715844
-47.075748441824217139 -0.90945157555801969806
-47.891578171377197748 -2.8017517539951084515
-46.455571602585081337 -5.2135465555805833304
-47.980660638920468841 -6.913446028048518599
-49.082240925471722903 -8.893283843994140625
-50.48125974425403939 -11.135943768713454816
-50.03145340785849271 -13.333097744991002642
-49.044940677436997589 -15.35956459580729927
-47.192434327486552093 -16.929066487172189426
-47.776831460120043005 -19.651088506557943703
-45.483890434428744243 -20.765074567649051573
-44.756396886385431344 -22.950958376622413226
-42.820464825166325795 -24.082793268230567207
-41.157476575808075836 -25.428735589484261936
-39.466639689388173906 -26.773020492886885791
-37.226376793069853477 -27.047122433765537153
-34.8031093967091536 -26.310944288192946061
-33.671342901895172872 -30.19384643211567365
-31.170175036827394877 -28.173225774820565448
-29.143768310546875 -29.363145250356378568
-27.114075074132500731 -28.204512399781680898
-24.861012507003749761 -29.04207039631175391
-25.032042750466928283 -21.547868875978124947
-24.93923930321706095 -18.336809101205737704
-23.86265207869953997 -18.040442669342127147
-21.9870378422825965 -18.743681425878857993
-20.61091642096288723 -18.369976892978371552
-18.783744443711150041 -18.221488795630992996
-18.956168999470108361 -16.295005648259490272
-10.808311713796374676 -19.479265272993764313
-12.201823426230511416 -16.43632295953839062
-9.9929173083973878988 -15.115771110102624419
-10.671959254432454856 -12.819587703890279684
-10.958563564802815904 -10.8046252044724298
