-40.304296612626693275 -4.7886253688357989233
-38.804755687913974782 -4.2597491646359202377
-37.280436218435646367 -3.752171680289262401
-35.756116748957296636 -3.2445941959426045642
-34.231797279478961116 -2.7370167115959462834
-32.70747781000061849 -2.2294392272492884466
-31.183158340522275864 -1.7218617429026306098
-29.658838871043943897 -1.214284258555972551
-28.134519401565597718 -0.70670677420931427015
-26.610199932087255092 -0.19912928986265637787
-25.206893911954509235 0.36864544913688990224
-24.917148141082360979 1.5016549689373626109
-25.0645195132936216 3.0597865402371597909
-25.114396736321491943 4.572375258299847367
-26.02255734810017529 5.7562871625762275229
-26.697101527807578947 7.140912228413065499
-27.404914645934251638 8.4596209929631314139
-28.461378032937098226 9.5097043252833231008
-29.558104690231154166 10.450449593056998054
-30.746259431365366765 11.327589430343003585
-31.892137663005470927 12.054123079120927287
-32.97159353443797869 12.644373247932552573
-34.422568601670000987 12.412651582458746446
-35.895274048641837794 11.863907196100145214
-37.180168479398034265 12.178309569843554172
-38.377835920226154087 12.779136900307191738
-39.726604106141799377 12.291908130142514821
-40.922379805201273939 12.721969143774378708
-41.975112354687162508 13.523523946947639374
-42.970217717648623079 12.750631939935113124
-43.969941373067413792 11.49091143397848569
-45.044635515260253555 10.46997172560254441
-46.291517501630018216 10.772850351226171739
-47.680797391004517749 11.577237394302198226
-49.227760819787789615 11.955850553962168448
-50.772460199290527783 12.394496577603559828
-51.903313653835141395 12.198434829833196602
-52.914996875730814452 11.583263362695902288
-53.776313470291775332 10.335222049523636656
-55.06663407106804442 9.3905703654372096878
-56.479010664442576228 8.6303210880448020248
-57.495048546336178674 7.4825432701152649884
-58.376996962287542203 6.3219354731785948331
-59.002788221290650483 5.377162889877000751
-59.497658838230705669 4.5370099177526608258
-59.961048151832933684 3.6533701451213964617
-60.230766775151600712 2.3658155390131945239
-60.497617559137417231 0.88082368551245926458
-59.938083404772527274 -0.51908460418831892103
-59.790771635046233712 -1.8477533411966884369
-60.712454777491501545 -3.1231240384031666579
-61.58731456174572827 -4.5135959479566674091
-62.009749949888274045 -5.9073896189936139223
-61.920085721456842975 -7.212849246045842655
-61.722090968966767832 -8.6444259555546167917
-61.404164225424885615 -10.125499528461668675
-60.987271155356680197 -11.541894728405011961
-60.493483184979794487 -12.860257149929644527
-59.929200315763551998 -14.098480347570749416
-59.351088974110140839 -15.17657523014382015
-58.673808982366310261 -16.26909395036952688
-57.83653147304591613 -17.434573480643855703
-56.905825715053282465 -18.550407357868710534
-55.865821343178247105 -19.62526810412244771
-54.68611055777025598 -20.670570639688875758
-53.408665582091003898 -21.632956986394983545
-52.082153033024283673 -22.476392845112698637
-50.748214052030839127 -23.186616299014769282
-49.185953711980062053 -23.053327681674428362
-47.85203766837613415 -22.996203278240567869
-47.215095359084884308 -24.209759501163659934
-46.506496327257380585 -24.681289374124592229
-45.673642109501258801 -24.854325776263685555
-44.629824381963956625 -25.006280429630063367
-43.296194153719952169 -24.954100099446954175
-41.891009321699137047 -25.189968131125283435
-40.472411591917172302 -24.861586812349536046
-39.000062206616270544 -24.910888400168865076
-37.620365486867072491 -24.699893110130602736
-36.166110215957708363 -24.313723444204860868
-34.661983295119611626 -23.786670459258559163
-33.198845433669433191 -23.138694904358384719
-31.822481709978433173 -22.393815464822111494
-30.583873822468703452 -21.596357573313515132
-29.405579466016376955 -20.708475831092041375
-28.258459896559351421 -19.700683118161013141
-27.278551686989608527 -18.703833856615595721
-26.837307335213267834 -17.805846116129377066
-27.207519992038221801 -16.360542212511759885
-26.422851206461075435 -15.768719230178502855
-24.990131334286715514 -15.673473637580430662
-24.569869869645081906 -14.957796082823907824
-24.556045593913147229 -13.889396277961244763
-25.473730390919975264 -12.66329294740772049
-26.861290521590575509 -11.921079133332996847
-28.322319132267036679 -11.254525020288465242
-29.783347742943494296 -10.587970907243933638
-31.244376353619948361 -9.9214167941994038102
-32.705404964296405979 -9.2548626811548704296
-34.166433574972870701 -8.588308568110337049
