-24.229824469178005586 -14.826788902282714844
-24.059210009220187487 -12.72215818760180106
-26.350976923789328765 -11.057637847191841729
-24.624208723221929773 -8.50410035092070693
-26.008264542893975602 -6.7792013574451441826
-26.621155250142390258 -4.7449335430535608538
-28.572920054213035712 -3.5577384842936812248
-28.998647200322139383 -1.2443780428932242899
-29.994583580877307583 0.82047154217867657167
-32.321735234625954547 1.3618154906613071375
-33.496158823166268803 3.5109235793521165192
-36.171131651038393784 2.9445543775540343745
-38.227398521865012526 3.1962613572544569251
-39.787845509176072767 5.3824077957520799487
-42.058229564275194434 4.4417980622778081568
-44.08344268798828125 6.6591744081465371607
-46.08734869107752985 4.2391094439275178729
-47.709601531027082899 2.2329635592203622707
-49.989153208485056723 3.3491298932705433344
-51.99862547992559314 2.9510044454872499387
-54.593054513587411236 3.3763916690607445048
-55.469454384057208074 0.84471455008386087115
-57.14313785604667828 -0.32252646941978291295
-59.198696803370921771 -1.2169494782349250528
-60.165643692314759505 -3.1423872250222988356
-63.230273462367193815 -3.7723608727795774342
-62.015422815157236869 -6.8429572206654576405
-62.831244927879119189 -8.735257315142797907
-61.395245968867534714 -11.147052038207560187
-62.920335008485089645 -12.846952441905909126
-64.021915302913129153 -14.826788902282714844
-65.420934114482889754 -17.069449849299232369
-64.971127772166511249 -19.266603818741614873
-63.984607391776862073 -21.293069757835407785
-62.13210871785894085 -22.862574377440257223
-62.716505806267676348 -25.584594572723247552
-60.423560979680132732 -26.698580603688654378
-59.696067339052234502 -28.884464510838540718
-57.760135331194284447 -30.016299331260931638
-53.54906655448199615 -27.855113941129189925
-51.723193240012207639 -28.059229656650551021
-49.673795014791686242 -27.382930230126593329
-47.680215665490081278 -25.896530655424903955
-47.146554610724940915 -29.237612536387981521
-45.35128187578140313 -26.889505729797804179
-44.08344268798828125 -35.296651262319272746
-42.053747602047174325 -34.138016510473271126
-39.786221520999411894 -35.043624878770138764
-37.935145612986389096 -33.749302053764978382
-35.887950716803700857 -33.234168957386110321
-33.771417942429152959 -32.687739615783996783
-31.424152435133891004 -32.250809098554853449
-29.917497877153238051 -30.559664584941806709
-28.419252162471735801 -28.930891030072451997
-29.561631939299701344 -25.37750026268424719
-25.747984180145657263 -25.412771278472742864
-27.141496784148753108 -22.369830730950987174
-24.932593594429548034 -21.049276172214050007
-26.091143927352870691 -18.651170671291662728
-25.898236028182832769 -16.738131152567703452
