-18.820000097840114961 -5.6399779319763183594
-18.649385638549158983 -3.5353462572763043603
-25.73167035843611572 -2.8890825922961300698
-24.561895645963360835 -1.0548008883053547891
-25.1957302076711116 0.36076482579602497935
-24.858221518894112023 2.3363443039434459436
-25.669820953935570174 3.8078322439648886188
-24.778100475502849775 6.8716022219580477071
-24.584761181960043785 10.007282932429323097
-26.911910863374927771 10.54862681865868268
-28.086334463954415241 12.697735033496641677
-30.76130541103068694 12.131365841918508863
-32.817570509527683953 12.383072860835873996
-34.378021141041621433 14.56921924357654774
-36.832387979361804753 11.878149354974013363
-38.673618316650390625 13.985964264103568411
-40.493541568843582468 11.675460732889547444
-41.997313804840246121 9.9968003823300470856
-44.293028063906461966 11.654789224459623398
-46.530508693326730452 12.006885957460919911
-49.18323013172722824 12.563203122279347212
-50.059630018067394985 10.031525874132517728
-51.73331348904453364 8.8642848583358500036
-53.788876270698082749 7.9698620614989987843
-54.75581932166453214 6.0444239827562018519
-57.82044906925783323 5.4144506120732778243
-56.605598445462703694 2.3438539843684846886
-57.421420556792945433 0.45155371399354393702
-55.985421594739904094 -1.9602411739857648065
-57.510510642398386949 -3.6601405678869687321
-58.612090931575238528 -5.6399779319763183594
-60.011109743144999129 -7.8826388789928358847
-59.56130342052870219 -10.079791325242160482
-58.574783013955247668 -12.106259284321016167
-56.722284340055558971 -13.675761991144113949
-57.306681481870448636 -16.397782090601758398
-55.013736619537830563 -17.511767233787054465
-54.286246880528224779 -19.697652954725477059
-52.350310965066931601 -20.829487879425791164
-50.687326576935070932 -22.175430157919258534
-48.996489688825150211 -23.519715061555150015
-46.756226795767567239 -23.793815092752598872
-44.332955890797776988 -23.057638754664846914
-43.201188760507157838 -26.940541067672583608
-40.700021345559747488 -24.919920327308425101
-38.673618316650390625 -26.109837907827081693
-36.643926931206223685 -24.951206958675403058
-34.376397146420217155 -25.856813430937624076
-32.525317445566962249 -24.562490612670035972
-30.4781244196104808 -24.047355594654209909
-28.361593564648686083 -23.500928164920814822
-26.014328046367182878 -23.063997638748524821
-24.507675460941797496 -21.372853180817593
-24.181960698627769091 -18.688321918426925805
-24.151809523976289995 -16.190686975174862994
-20.338159772510344681 -16.225958814785890638
-21.731672451473141194 -13.183018416969998654
-19.522771132638123248 -11.862465685509050672
-20.201808314569806413 -9.5662813512993079001
-20.488411656844942144 -7.5513201822613051917
