-30.951360391783083514 -5.7428169643654705112
-31.294309742384271544 -4.2570730691694391723
-32.464044443895424763 -3.1715509111271802389
-32.520093556243125477 -1.9150505688157775097
-31.80171135035538299 -0.49112309522100883186
-32.292385831193058721 0.87954614965810318239
-33.045813736935052418 2.3795710122941411413
-33.912788481602198942 3.7612630939985898237
-35.143263033203211876 4.8668464200691419208
-35.692243888251532269 6.4309152738792043635
-36.736325184023009172 7.6141231394051160919
-37.874988927837534902 8.6656759467038035893
-39.100391623617809955 9.6322453324359109672
-40.352386899001608356 10.472570156133528485
-41.505441232325630097 11.133062644673938024
-42.963312558238136774 11.329973153249312645
-44.64763976558014491 11.546945354644680748
-46.031085380298172538 12.450733431295200049
-47.407991172580430828 12.677556996468352324
-48.865935154756932945 12.256158102672980448
-50.102892974276876714 13.131489878092452273
-51.242639909278025812 13.389013330646600153
-52.339820355227963944 12.221493996953130434
-53.530957438800363946 11.022451303803102007
-54.872123762537981406 10.604183872571596225
-56.350954549773113911 11.287067051143047536
-57.976919834177486734 11.405620525009533495
-59.677401727134089526 11.39646061704678992
-60.863499445303723689 10.778973019097264796
-61.965612466302552264 10.020289998487990957
-62.946475743862372099 8.684397299856218666
-64.402260914777684775 7.7788822662941488062
-65.739684827388487065 6.8267872093378798581
-66.781575097666987517 5.5675935220856267449
-67.574253085767082894 4.4479799479738506562
-68.148163401480715606 3.5213235112144989358
-68.641725001759979818 2.6212842223852756973
-69.029195795486486986 1.4370752655327712066
-69.33019860641107357 -0.15197876209041871753
-68.895094534472150372 -1.6558853998554905473
-68.593280262241847822 -3.0787505996164110655
-69.522126926068594344 -4.4344715227574980076
-70.454680641636244331 -5.9097211211448348323
-70.846721129794062222 -7.3828615365040715091
-70.739043511827034649 -8.7778238612216021863
-70.503936300652014779 -10.322099250423567796
-70.137106367275052321 -11.886483198611042411
-69.669793074302290847 -13.350675770041673829
-69.109503269647802881 -14.734510881054223574
-68.504176132092482021 -15.967468793896616219
-67.852272133107121022 -17.09725881039528872
-67.035211693477648964 -18.310868683776330812
-66.074933526025802166 -19.528193559266036061
-65.015328325206866111 -20.675396787058147652
-63.795686147071648975 -21.799248643191074137
-62.455149132596297079 -22.840970597379417484
-61.048764015054203469 -23.754807242802066014
-59.678741521019482263 -24.49497923065104743
-58.535036052935971895 -23.763750054904267728
-57.793183116262845544 -22.251425557455107196
-57.06669873569034479 -20.712315972816657705
-56.340214355117844036 -19.173206388178201109
-55.613729974545350387 -17.634096803539751619
-54.887245593972842528 -16.094987218901298576
-54.160761213400348879 -14.555877634262843756
-53.434276832827833914 -13.016768049624394266
-52.707792452255326054 -11.477658464985941222
-51.869726337564699747 -10.284320987781235601
-51.236582395276194291 -11.020556733702328245
-51.170044286812917278 -12.701137842713325909
-51.133709281436097172 -14.40241922587496326
-51.097374276059277065 -16.103700609036600611
-51.061039270682449853 -17.804981992198250396
-51.024704265305622641 -19.506263375359896628
-50.988369259928795429 -21.207544758521528649
-50.952034254551982428 -22.908826141683174882
-50.915699249175155217 -24.610107524844814009
-50.820713512404715573 -26.208914847998389774
-49.959149987220470734 -26.474493966506678078
-48.448012226112744827 -26.128337980066742574
-46.933938670123588111 -26.152040037096661251
-45.428120656587630322 -25.789052086378639217
-43.83342053120077253 -25.256380683965712564
-42.265346178420941214 -24.599083605899267013
-40.787612441897039162 -23.818002168886856396
-39.462522302550993913 -22.973645704092529485
-38.210560866189446472 -22.030125679943715511
-36.997245855545678239 -20.953925248589939656
-36.003822865372448803 -19.927241089262114571
-35.78684164142942592 -18.821443033920079557
-35.980180966190971503 -17.433769575515285055
-34.736442306189474039 -17.10791749430275388
-33.660069090444281414 -16.740630118040492391
-33.204579415777288887 -15.929848583269540896
-33.569597195671114775 -14.50942346450114151
-32.778513896670638417 -13.395754839572541428
-31.994012165220738098 -12.212395243791466015
-32.324686268293383762 -10.565885986672297392
-32.507633655820356466 -8.8906114585997890742
-31.806603396968824882 -7.4610053376848419759
