-28.288534567444607148 -1.4371770620346069336
-28.117920108210476826 0.66745449399674638968
-30.409688916243535317 2.3319738119292119372
-28.682920736420307151 4.8855113934566256617
-30.066974634458667026 6.6104113022152564128
-30.679867263141474609 8.6446781907744583151
-32.631631993535528125 9.8318738607567208732
-33.057359231437068559 12.145233825675154193
-34.886818548272984231 13.284364512102563083
-38.010200354585386151 12.508264461629343245
-39.508236294065710581 13.517205512531774048
-42.159344131190337635 12.000435830916828195
-43.937984940329634753 11.501920609342516144
-45.022617370259773395 13.239089647660748028
-46.742654771252460932 11.87814934611057005
-48.14215087890625 13.985964264103570187
-49.520347163630383136 11.675460762623412592
-50.572516383484355629 9.9968004595412338631
-52.395986813415440508 11.6547892016146033
-54.127833082307212464 12.006885949605930364
-58.651762717658243673 16.766002905668596412
-59.528162592802118525 14.234327569472830177
-61.201849825176068975 13.067086599498512811
-63.25740883798645342 12.172662329805090664
-64.224355691655375722 10.247225219908523641
-67.288985573983410404 9.6172506646601245706
-66.074134814817526262 6.5466554674227221966
-66.889953118293661305 4.6543544074454210602
-65.453957952717772173 2.2425597852275567234
-66.979047016487427868 0.5426602100954471819
-68.080623493831097903 -1.4371770620346069336
-69.479646124031972931 -3.6798378524137542733
-69.029839800439816599 -5.876991037430695286
-68.043315568106450542 -7.9034590353693099374
-66.190820709871161398 -9.4729612564428524735
-66.775217895887948316 -12.194982229346265967
-64.482273008945696802 -13.308966465912154931
-63.754779439793900053 -15.494852207313988046
-61.818847407854676135 -16.626685162066976886
-60.155859118040687861 -17.972631329902018393
-58.465022249414374755 -19.316914311784959324
-56.224759362848310218 -19.591016247220629509
-53.801491979835553536 -18.854838097481760428
-52.669725425034478405 -22.737742163163044751
-50.168557607088580141 -20.717119588707593181
-48.14215087890625 -21.907039064443292631
-46.112459493101212615 -20.748406207905052412
-43.844933659142142801 -21.654014616412371907
-41.993857601257388978 -20.359689850253513299
-39.946658906729119565 -19.84455675906821881
-37.830126128515189521 -19.298127415118297989
-35.48286068269551663 -18.861198849181526782
-33.976209940156820721 -17.17005053138989723
-32.477964250580647843 -15.541278923814962454
-33.620343920223518808 -11.987886123474806865
-29.806696232570089933 -12.02315916167266252
-31.200206894904368937 -8.9802176074514648008
-28.991305604679379115 -7.6596654191133719536
-29.670342772814592536 -5.3634810239608299298
-29.956946125725213648 -3.3485191862198000479
