87.127040460021220269 3.7597301006317138672
87.29765682674040761 5.8643610593185844237
85.005882332830267956 7.5288806845835036796
86.732660010670599604 10.082418921201313111
85.348604208712131935 11.807317866571771958
84.735711572160681726 13.84158619978927085
82.783944993491502373 15.028780832349312391
82.358229185193437161 17.342142734583802621
78.030738232148209477 15.706933771044452541
75.806175378946122123 15.504050174018953356
75.260791371899429691 17.59425097860658127
73.735030502454392831 18.272715665472070157
73.129470392052638772 21.78277958966993566
71.569019170878874547 23.968928043716601906
69.298631903328455905 23.028316789661221975
67.27342987060546875 25.245695556828177786
65.269523868543657841 22.825628208531355767
63.647264301179291124 20.819483946167764543
61.367712036696708822 21.935648283598194297
59.358239599600324254 21.537525661098666063
56.763814110813711977 21.962911795077374677
55.887414422312431839 19.431234671271297998
54.568852456509837623 17.869597742338825697
53.505896734574939444 16.15606257303141291
52.560480135557796189 14.449306916424971448
48.126595213628377223 14.81415872778274867
49.341445938802579008 11.743562043270179274
48.525616201319124343 9.8512619714207350086
49.96162659530568817 7.4394667525376672046
57.17610435654356138 4.8210010821903370726
57.152191294987261472 3.7597301006317138672
56.041479656128586839 2.5792057292176764349
56.253431996922628855 1.4173576425541534185
56.472851018524181654 0.25041263101297017712
56.376695625593150396 -1.0918066192587305707
48.640362826241720029 -6.9980741847878107365
50.933307743364920839 -8.1120599031446367633
51.660793487080368891 -10.297943995564590836
53.596737203952045547 -11.429778161467142539
55.259717763221082976 -12.775724247536686562
56.95055459469249115 -14.120007215957866009
60.871214669870589375 -10.619862062858475227
63.04600844825175443 -9.2509192569188485322
63.62923204665008825 -13.38485684184891511
65.441637470728295511 -13.668606167603439161
67.27342987060546875 -16.710130113637628568
69.303113847116648572 -15.551499141314554464
71.570643152868726133 -16.457107599058009129
73.421723148435972917 -15.162782806737460817
75.468925683575164953 -14.647648750318495559
77.585446811449315874 -14.101220475672434418
79.932716055852012005 -13.664291948320713033
81.439366867874156242 -11.973143602089189486
82.937624334858654152 -10.344370697305429019
81.795233178737404955 -6.7909793309267101336
85.608882602824706964 -6.8262511762643196533
84.21537196054455876 -3.7833100573167888214
86.424275145071263182 -2.4627581365024155957
85.745228460243097857 -0.16657352742306175131
85.458630812662534026 1.8483880104441439141
