-24.707025930969997773 -14.629749298095703125
-24.536411471819224772 -12.525117622061962663
-26.828180277500493389 -10.860598315594742758
-25.101406366121615577 -8.3070607596446990328
-26.485466001305674411 -6.5821617608503952823
-27.098356715837574882 -4.5478939321060245504
-29.050123364101015255 -3.3606987232423790601
-29.475848676633994216 -1.0473381841616973276
-30.471787065986802645 1.0175114333237562647
-32.798934789098268539 1.5588552140786440248
-33.97335838367264671 3.7079634254581925745
-36.648331203059527184 3.141594219081181194
-38.704598076308371901 3.3933009614414686439
-40.265049002087970109 5.5794479030846311218
-42.535436512195381908 4.6388376416688785753
-44.560642242431640625 6.8562144891707070826
-46.564548245520889225 4.4361490481145295917
-48.186804445562003707 2.4300037368739069166
-50.466360085681088776 3.546169597091537895
-52.475825036759900399 3.1480442870283198431
-55.070254062769627978 3.5734315147038628879
-55.946653940283255224 1.0417542721849581966
-57.620341176543497852 -0.12548663889446309838
-59.675900199498840948 -1.0199096656017569984
-60.642847054149292774 -2.9453473723607324075
-63.70747301681055319 -3.5753212685925657155
-62.492622369600596244 -6.6459176164784459218
-63.308452101248242627 -8.5382176787362311643
-61.872445523310894089 -10.950012434020548469
-63.397534568179636949 -12.649911934006354386
-64.499118672053754153 -14.629749298095703125
-65.89813367613879791 -16.872409222815019092
-65.448327339743258335 -19.069563199092563366
-64.461814596354329865 -21.096031043492857293
-62.609308267991977459 -22.665533829260080978
-63.193705329417248606 -25.387555976412954806
-60.900764366313509868 -26.501540021750614073
-60.173270770427308207 -28.687425791207516568
-58.237338777893242536 -29.819256796217135985
-54.169427959316934107 -27.855113885396193041
-52.314158670298773757 -28.059229564684155633
-50.238724943144902113 -27.382926430480281965
-48.221440658847058103 -25.896530798387075833
-47.665639975033251119 -29.237612444162195402
-45.84919140522517722 -26.889505731527258092
-44.560642242431640625 -35.099610704457944621
-42.530954557484420775 -33.940979743303344662
-40.263425031581121516 -34.846588165670297599
-38.412345168882886526 -33.552261496375791694
-36.365150268600253014 -33.037128398346347069
-34.248617509757671939 -32.490700972710548911
-31.901352024434885379 -32.053770473367706018
-30.394701286333443591 -30.362622155783647315
-28.8964536958709175 -28.733852459087579234
-30.038835219832026979 -25.180459582864052948
-26.225185694077712384 -25.215732718269265433
-27.618698248764182779 -22.172790179431210333
-25.409791242193580985 -20.852237523761271376
-26.091143928101910632 -18.555562917247275578
-26.375437496687581529 -16.5410906585739923
