-44.447269914587863582 -3.8767824172973632813
-44.450365779256870269 -3.7401023789181859769
-44.471776589786983891 -3.6049198270681603873
-44.468380347388141161 -3.4601024258781798437
-27.675611495341613022 4.1708056001142406188
-28.28850411743005111 6.2050734284568651589
-30.240268874547556521 7.392268659020489352
-30.665996079191366164 9.7056290572132155603
-31.661934483094817949 11.770478985265240723
-33.989082189174339987 12.311822810258941985
-35.708366670326306291 13.517205462656868065
-38.68179753837456758 12.000435875029516808
-40.753945054388296398 11.501920669010354814
-42.132434782143647567 13.146244664819498382
-44.094881022977872931 11.878149345522112768
-45.750789642333984375 13.985964264103568411
-47.385398473837227584 11.675460758348229717
-48.699709707272496928 9.9968004865655775149
-50.797300617719152172 11.654789194282651366
-52.822653501200534265 12.006885942998478001
-56.260401446888536725 14.326399119870508514
-57.136801350881768258 11.79472186046781701
-58.810488584312757609 10.627480890471561636
-60.866047596381676499 9.7330575761779538624
-61.832994455426941727 7.8076199833818193952
-64.89762039494142698 7.1776461267522329024
-63.682769772789654894 4.1070497337749856115
-64.498595690680843973 2.2147489506325550579
-63.062592927397844278 -0.19704539409530807959
-64.587681965456397393 -1.8969455050642856087
-65.689258442561566653 -3.8767824172973632813
-67.088281072434867269 -6.1194428531652800274
-66.638474739645602085 -8.3165963182942252985
-65.651958164705902732 -10.343064214564282821
-63.799455663583991338 -11.912566004468576608
-64.383852823200925286 -14.634586071984438505
-62.090911770694084737 -15.748572181114193214
-61.3634182420939851 -17.934455969683867238
-59.427486167374510728 -19.066290878476294779
-57.76449787773602651 -20.412237045504387112
-56.07366100784220464 -21.756520027562281427
-53.833398122586430645 -22.030620054405346764
-51.410134275952074745 -21.294443902002523572
-50.278364182002206917 -25.177347877426786482
-47.777192678850568086 -23.156727196015708614
-45.750789642333984375 -24.346642869985284818
-43.72110195449982939 -23.188013815875887502
-41.453568488310345685 -24.09362030388926712
-39.602492567332092221 -22.799295568779623267
-37.555297665855782441 -22.284160562695252139
-35.438764896774856084 -21.737733130798641668
-33.09149945919486413 -21.300804571569234014
-31.584848713993817881 -19.609656253653064084
-30.086601019073416552 -17.980882632082497707
-31.228980826417384264 -14.42749190534250836
-27.415333021385198009 -14.46276285071001233
-28.808843790044157629 -11.419822454399515266
-26.599938642095924735 -10.099270642962931532
-27.278979634844599644 -7.8030862880111033775
-44.157630322367843689 -4.0442301881202249447
