-28.787662955456621461 3.3194419837961599562
-28.969179193175197184 4.6852650267072686319
-29.972455290498192682 5.6760572513791291982
-30.569184028570216327 6.6839583355662464115
-29.936817271826075881 7.9192732052704961632
-29.779825098034010011 9.1103678648068751045
-30.326990154604441585 10.376023873563406497
-30.950305286624363532 11.725463776817104389
-31.737926050220412577 12.927085950588370622
-33.027269187503783598 13.620520441538085166
-34.461308374248417863 13.533762450967822488
-35.931687024797142271 13.131697984368832621
-37.405984595437658413 12.878370892405042625
-38.888649047057839425 13.07939807007942612
-40.348568493399504575 12.875333811066917988
-41.663899874218941477 12.212901382491105906
-42.712948106978771534 11.157529354541795286
-43.714125280895096637 10.031916765513582135
-44.715393364753545313 8.9067331260318987063
-45.79422454815083654 8.1218831392696007043
-47.139737296905359187 8.3571565177366498034
-48.072826066265484712 9.2154560024250660177
-48.316120182563921048 10.661929924205889364
-48.489196449567010916 12.172854624159382908
-48.707174363363385794 13.369271679861288504
-49.17458618823602734 12.816714393523032101
-49.752557764032175669 11.377771317152545194
-50.399225918704537719 10.499730263980882938
-51.345971927856155048 11.210245568151055551
-52.640035192902494998 11.993439467242565044
-53.976892898928220177 12.754534256859175301
-55.187689066219732581 13.674202368177297728
-56.295472349248100841 14.695894882149422855
-57.387999462432240705 15.732648610080696372
-58.480526575616380569 16.769402338011964559
-59.579334816648227502 17.732352455382415002
-60.757626881847002664 17.770645291651810282
-62.052456421203920911 17.029035068247821982
-63.315497757328522255 16.267508780564469362
-64.261658111265631987 15.177846627011218672
-65.075155959687819518 14.096812543110091909
-65.660091696167825148 13.213267235576791947
-66.128573873175639619 12.423383819691068197
-66.56125255544637298 11.610938276143873082
-66.85482208442167007 10.503949144584529662
-67.163928598481902554 9.0992923943503676298
-66.869242358968875806 7.763552918041278339
-66.348247096993674177 6.487901862782705642
-66.908438339562238184 5.2902817822815340065
-67.819352500498595759 4.0485296126139420636
-68.594206990445613314 2.7173779692340755965
-68.662847441300982609 1.4520818205202494777
-68.551625335449728027 0.21235236430774584448
-68.336351364136859843 -1.161936636226947428
-68.018714985424267638 -2.5455397153254848419
-67.618623659587271391 -3.8597946531409270676
-67.150661789624933817 -5.0924459751540780417
-66.62111424031783713 -6.2540778286886098414
-66.082023843537569974 -7.2687460969210082595
-65.464875324075705976 -8.2826579558331552278
-64.705523744103203398 -9.3700065642722076831
-63.848900435375753659 -10.435897353942712229
-62.914985720831275273 -11.447292838889756794
-61.853935907231033298 -12.444467184069910815
-60.691794529172227612 -13.385348383772189607
-59.461740711845841645 -14.237328140021244138
-58.216207409272087148 -14.970803500420689858
-56.893016130762866567 -15.422921611529654129
-55.43096259071145937 -15.138058037573905779
-54.330711643306990766 -15.349071537759645167
-53.818638109998069297 -16.643570581268924968
-53.109751538912675528 -16.888621488256490011
-52.319235756002889559 -17.050759257568078198
-51.343157189170611332 -17.20568804406090635
-50.100805658472161497 -17.090130992203722116
-48.783891579941489169 -17.381340328026844588
-47.459582396769413037 -17.170672463136192221
-46.09550020200743603 -16.98717533477719499
-44.767592077616967572 -16.991747156137535057
-43.445897202187921948 -16.679899862390474397
-42.047773591903073509 -16.215814828222516297
-40.644272640028574983 -15.688779126781646767
-39.2987177228814204 -15.035832048249179849
-38.056339705194986323 -14.316072156450523778
-36.926324970026023209 -13.551064091817064394
-35.823456399526762084 -12.68756627417799443
-34.761006022143263294 -11.726953729831693707
-33.878054856023652519 -10.812917626747362121
-33.526701125584359886 -9.949029112760296556
-33.888525822808468035 -8.5833156843558775506
-33.233168556702452179 -7.9691723762319526259
-31.768461391749447387 -7.9532087560469859611
-31.337307533085887457 -7.3135468398145206947
-31.037073853698526449 -6.4921454306476880092
-31.413903004454176937 -5.186384906820603824
-30.610004684432418287 -4.235965705760684763
-29.822804415432038638 -3.2294611888102977559
-30.06221478424749094 -1.8060866873867664761
-30.349466380227124063 -0.304946585459366315
-30.09664973512848718 1.0650170520984811873
