-31.365347358663548505 5.2301375355438075587
-31.546863825252795976 6.5959602920422959471
-32.550140770782981292 7.5867528551963312466
-33.146869933380244788 8.594654292431643583
-32.514502438340947776 9.829969221640872945
-32.357511289814823385 11.021063312107292731
-32.99597549476684577 12.163157258824925933
-34.31141308766336806 12.568509276241371708
-35.816841601883574242 12.579933371309174106
-37.328684049818029678 12.536340624082358275
-38.846311578695306821 12.344921206075360587
-40.355161169298511936 12.158138041788904005
-41.76205712416915361 12.469663689605436474
-43.122349617246221953 13.02055729856393107
-44.521661609005356297 12.880360236939962348
-45.731299731074471993 12.974730832590811502
-46.790538268829109825 12.902818647231320881
-47.993267485242412818 12.069008029177540564
-49.022025622777320564 12.064126574488506449
-49.654841863653274459 12.644402776304723091
-50.463092689394137835 12.391659801364404814
-51.060973464093088126 13.262832793399029541
-51.555090092710528893 13.062903492502751845
-52.005333253749476796 11.66838671093462132
-52.454139364611833685 10.551196060701123258
-53.210616492375379494 11.058586210346472711
-54.32187364276057906 12.05611008064747125
-55.334420857749613276 13.1466245071149892
-56.178236149514262365 14.394558395532802919
-57.019128646051463249 15.645226510273539944
-57.860021142588642817 16.895894625014271639
-58.700913639125843702 18.146562739755019322
-59.541806135663044586 19.397230854495752794
-60.382698632200231259 20.647898969236489819
-61.219199193596097075 21.863051294050311668
-61.660908831530150565 21.620803199369728276
-62.496918352069322111 20.815016311144447059
-63.429672574714651034 19.689084240824779926
-64.720463112844484499 18.893421430560461971
-65.957561630616567072 18.108926250990485585
-66.900205220430521535 17.012741739343780978
-67.697765811736985597 15.943139233012438183
-68.271884019297232271 15.069159657057218382
-68.735241229750130287 14.282376445047692215
-69.168259456870060831 13.463148020535189886
-69.440620577362651034 12.320689789545841819
-69.753002339237411888 10.918080896760484322
-69.400485218454022629 9.5876670436612378978
-68.925426958968202484 8.3161957867075599893
-69.550476913754280872 7.1219150881333259662
-70.450839865082883762 5.8717010999619931866
-71.22373313008642981 4.539850952190080946
-71.235657561929258463 3.2821080019243860093
-71.118462763961574069 2.0351554302285279618
-70.895907234997508795 0.65575776643375549568
-70.571852735443400206 -0.72583560566821780924
-70.16756620744627071 -2.0324537019468849053
-69.694120912524411438 -3.2631570419750683953
-69.163251119511954812 -4.4148396439777020106
-68.622207104495288377 -5.4237044888366821027
-67.996436519391323827 -6.4425849257430840566
-67.228078583820703784 -7.5325791090173321862
-66.367527661665803862 -8.593438634597109882
-65.425904457580244866 -9.6037688662895153158
-64.356839640909768718 -10.59876599072019232
-63.189279244974358107 -11.534451228772024223
-61.956288706209662109 -12.379440371247440567
-60.710334383096707711 -13.105074087301773034
-59.371193024793392112 -13.504834309280132842
-57.916723921369090533 -13.207678013953671581
-56.861319058762269663 -13.500820771288989164
-56.363461751388740595 -14.812582000849655373
-55.639412045103640025 -14.988727908703133096
-54.837386204352583263 -15.150934672181669782
-53.84235491554434816 -15.259297826697780565
-52.591956798394690509 -15.212674206161771906
-51.274169033120919892 -15.470833774275725148
-49.948235316549116192 -15.221806496281354626
-48.579909045471154627 -15.097209858229829749
-47.260119473316265726 -15.063795591410503505
-45.93144055022688832 -14.743895858602456883
-44.531053320477020918 -14.272638901511358611
-43.130450306434561014 -13.737558846293659087
-41.789643523347230314 -13.07867545604241144
-40.555845543511821916 -12.356000472204303975
-39.430442770528216556 -11.586557429258061092
-38.3282176596652846 -10.715237678327007131
-37.271174164969892217 -9.7503570625947162398
-36.409473520960474957 -8.8509974332097094418
-36.135262668552421417 -7.9422954711028088681
-36.466696240899793224 -6.5990373051389363823
-35.723388883472551925 -6.0498782219379467762
-34.283076228576916833 -6.0201936630277366191
-33.88870702424509318 -5.3567641732779183172
-33.656986851104008451 -4.4892394541937301611
-33.978832631170149625 -3.200063388839994527
-33.108286294829646579 -2.2691443791326566526
-32.392373898869664117 -1.2339422537849613626
-32.665265779647782551 0.20469325998294971014
-32.934636950920179288 1.7040430451698846959
