-41.713787380791281123 -4.2534910381058850248
-40.123855921246651235 -3.6941246610762767943
-38.510725891091048823 -3.1570535574243940857
-36.897595860935432199 -2.619982453772510933
-35.284465830779822682 -2.0829113501206286685
-33.671335800624213164 -1.5458402464687455158
-32.05820577046859654 -1.0087691428168625851
-30.445075740312987023 -0.47169803916497959895
-28.831945710157373952 0.065373064486903151304
-27.218815680001764434 0.60244416813878620687
-25.630245945247690287 1.1502543433391432259
-24.967405784021241999 2.1031842141020633541
-25.554369418607393527 3.654102333413847159
-26.231403013279336989 5.1867112610664172223
-27.467678860534807228 6.2965356900292555054
-28.25629476970687648 7.6929150850534222528
-29.051600315250539097 9.0630866270042780286
-30.178065629090010447 10.162382491269855933
-31.362236777886224104 11.150258802302172256
-32.628119108240120738 12.049922885182862586
-33.717484044670349874 12.713541784787494748
-34.879223384727126245 12.660150830780141362
-36.452037690844321105 11.974775084889561327
-38.047176702850066476 11.7522966103467148
-39.325888533372115319 12.537360757478770878
-40.639574017115421611 12.588745870606102173
-41.988336298765808863 12.339306217801702559
-43.118926050221929813 13.330116812654111413
-44.185991582833388236 13.119022339030841806
-45.244543761438244189 11.764501116210528409
-46.3766545418787004 10.55577407544161872
-47.668897982146845038 10.748447375114992042
-49.127562124416364497 11.594342301931998662
-50.782708937190449205 12.025824560842323763
-52.370010248725868962 12.632552619156426132
-53.572873567090127267 12.630400992078772759
-54.632617485092467291 11.859574706449199866
-55.652322383013313356 10.535895373406424014
-57.110338465373075678 9.6310598747851070556
-58.447762067596926272 8.6789635032823859717
-59.489650675790528567 7.4197718467508479989
-60.2823282012254964 6.3001591613097254196
-60.856238835581820013 5.3735024455674800237
-61.34980118792324788 4.4734619298179509883
-61.737274804503307735 3.2892529234118588199
-62.038275749605269027 1.7001984718378340133
-61.603169122127219737 0.1962917617688964278
-61.301353179284511441 -1.2265733290462246252
-62.230199960573543194 -2.582294209653343664
-63.162755690380905094 -4.0575438806371240119
-63.554797620334397834 -5.5306840728183015443
-63.44712003312722004 -6.9256463247738340172
-63.212012760752962492 -8.4699221953909464844
-62.845182856365568114 -10.03430601209725026
-62.37786984452928607 -11.498497817192689041
-61.81758036502901632 -12.882332360897168044
-61.212252769073927539 -14.115291351487504912
-60.560347941537010286 -15.245082743397471603
-59.743287214208578462 -16.458692854700242236
-58.783011007405647774 -17.676015239808563706
-57.723405977709198567 -18.823218467047031055
-56.503762519036591527 -19.947071589159996563
-55.16322538416198995 -20.988793614633078022
-53.756840360383250754 -21.902630177641654541
-52.340743400431534837 -22.665350030285345895
-50.687906365965829991 -22.539914085049900905
-49.319732853462198818 -22.568043088829806919
-48.694233087038803376 -23.951920290451131024
-47.887233162900791683 -24.218906496469038814
-46.951083317814763518 -24.402439741734177403
-45.734270254285931401 -24.337963654714705797
-44.276496639018155577 -24.677484564440174353
-42.778007536363276131 -24.671153363275500681
-41.248542972851339528 -24.267068352527093822
-39.727116607855691655 -24.316728022466087111
-38.228667421706411744 -23.962753493816649097
-36.637276512008263296 -23.433580679428146709
-35.063854939497602459 -22.789694675481168673
-33.578554739385836569 -22.013893759227865843
-32.245046953589259431 -21.17287907204779529
-30.992026070677880512 -20.237618733861111764
-29.773938700098497634 -19.167457900944377513
-28.758200730691100944 -18.1262908434740595
-28.464042963494193828 -17.065303062439177495
-28.712637471869186356 -15.63680254300300021
-27.543657948314894668 -15.255712461545961389
-26.394154441301655112 -14.932201265221415554
-25.940839492108779041 -14.13049801562703145
-26.272235942275287357 -12.738359018264853617
-25.56747732026778408 -11.604623500708422412
-25.061228222978911617 -10.814707714570477748
-26.42172159871489967 -10.2442839582280385
-28.040844787543623085 -9.7034543085819198183
-29.659967976372346499 -9.162624658935804689
-31.279091165201073466 -8.6217950092896842307
-32.898214354029789774 -8.0809653596435673251
-34.517337542858520294 -7.5401357099974459786
-36.136460731687243708 -6.9993060603513290729
-37.755583920515967122 -6.4584764107052121673
-39.374707109344697642 -5.9176467610590961499
