1.9880419515678440234 -9.5474720001220703125
2.1586559339515503098 -7.4428403247551928601
-0.13311216329445940687 -5.7783209858630204536
1.5936609205912333209 -3.2247832239340530336
0.20960182109600111744 -1.4998839848457894419
-0.40328984762626873817 0.53438390412386205242
-2.3550552576274714767 1.7215790715023828739
-2.7807810272011046493 4.0349394655384251962
-3.7767186682281419507 6.0997893523876776101
-6.1038683371298088076 6.6411327505129307269
-7.2782919377092962776 8.7902409653508897236
-9.95326474376648207 8.2238722290752193089
-15.900007987647654772 -3.4980793042464046749
-16.230224384584523989 -1.8537553696069011266
-17.190217799243093566 -3.1218506689609384352
-17.865575790405273438 -1.0140357358964298129
-18.519630413895633581 -3.3245392808215239455
-18.831491611652801055 -5.0031993800853333809
-19.880813629828480771 -3.3452107252092755374
-20.783760920155327057 -2.9931141304314774487
-22.444044536168824777 -1.6173263206993855334
-22.616173285288116546 -3.0088364236584350664
-23.888232158161507357 -2.8586336507169480825
-32.980831822604180559 4.0623680094572911514
-33.94777870014647192 2.1369303950558862226
-37.01240849791898313 1.5069565211599336152
-35.79755401936565562 -1.5636398621965561517
-36.613383745497294797 -3.4559401534977061132
-35.177377173423529655 -5.8677351806827342529
-36.702470022398060223 -7.5676346255303332811
-37.804046497981488528 -9.5474720001220703125
-39.203069125764656633 -11.790132932713476066
-38.753258974785090629 -13.987285927385702422
-37.766746228552577236 -16.01375377145410539
-35.914239903834484835 -17.583254634679466477
-36.498640883462016404 -20.305276600098324025
-34.205696009387722256 -21.419260813057292125
-33.478202463660153398 -23.605144620109690834
-31.542270395370692881 -24.736979519085657842
-23.901432235312455532 -17.855113805225062862
-22.779843600097070322 -18.059229542137913427
-21.354146260518373168 -17.38293023529014647
-19.928511530760776083 -15.896530938884847473
-19.925277536948261314 -19.237612501706898627
-18.637254324176097953 -16.889505745229200784
-17.865575790405273438 -17.969861406362241496
-17.090608900480155796 -16.920792376636175192
-16.036227321299339366 -18.153884905169167752
-15.313682822642213921 -17.401382599926400019
-9.6700838112802625091 -27.954849190667207637
-7.5535510061906698809 -27.408419830282646501
-5.2062855724085164155 -26.971493175394076758
-3.699632865301600404 -25.280344802293946316
-2.2013859207098356308 -23.651571200880013635
-3.3437672509489200223 -20.098180586852773644
0.46988122969000656326 -20.133453418534944745
-0.92363049387701323667 -17.090511126942818265
1.2852760448412396954 -15.76996022411513998
0.60623397924037192297 -13.473775868131408373
0.31962991661918138675 -11.458814241907653297
