-39.727935657236066902 -5.4936923980712890625
-39.725897571529927177 -5.3683321091362232735
-39.741323828497463921 -5.2434502011172208213
-24.561895645657184417 -0.17906971907021418389
-25.195730207703356029 1.506590033101876891
-24.858221526342525465 3.7787845882220469917
-25.669820944424444065 5.5852079289635394588
-25.833821736254346746 8.08871855319012667
-26.829759990152961535 10.153567878124533763-30.334249349846153621 30.727218547416544681
-31.508671054449585824 32.87632676870805426
-34.183643858069643784 32.309956599233721874
-36.584244262492433108 31.501920613989341291
-38.140781313006208109 33.146244659132626964
-40.27349663440102745 31.878149349868671436
-42.09595489501953125 33.985964264103571963
-43.897109729572633796 31.6754607441454894
-45.381693551393574637 29.996800508593409518
-47.657335525669651588 31.654789205549707987
-49.873331712681157057 32.006885961561494014
-52.6055666995740836 32.741794856564844451
-53.481966603567315133 30.210117597162152947
-55.155653814112717725 29.042874740423542335
-57.211212857119242869 28.148452350255297461
-58.178159701235955481 26.223013345355099091
-61.242785691169927986 25.593040834353647739
-60.02793500904165569 22.522443123193870207
-60.843764749808684655 20.630143997477325968
-59.407758153580886074 18.218349334795323813
-60.932851022754732639 16.518448897065990622
-62.034427509944379153 14.538613319396972656
-63.433450139243689136 12.295952401230676898
-62.98363999233114896 10.098799418400110639
-61.99712724894222049 8.0723315739998184881
-60.144620918424699596 6.5028292602291770663
-60.729018044592699255 3.7808086568331695787
-58.436077021140519605 2.666823075661103104
-57.708583467867903494 0.48093866423847586589
-55.772651421688351547 -0.65089499130422368012
-54.109663132909837202 -1.9968410685836417429
-52.418826263861021175 -3.3411240505249040211
-50.178563376974878452 -3.6152250322085670575
-47.755299516823995987 -2.8790476923095091877
-46.623529434687753792 -6.7619521407324505446
-44.122357928493222801 -4.7413305059668751085
-42.09595489501953125 -5.9312480869652652871
-40.066263505244947396 -4.7726171373584413971
-37.798737677686403913 -5.6782245931253818583
-35.947657820744211676 -4.3838993554842033973
-33.900462920526436505 -3.8687655421404834044
-31.783930146239114833 -3.3223371538259165447
-29.43666670646948802 -2.8854086598401913477
-27.930013962342172817 -1.1942603640418933963
-26.431766300521406521 0.43451199978430743442
-27.574147895662420638 3.9879034794752250548
-23.760498298269030926 3.9526318903973507446
-25.154010914239503194 6.9955728859529946462
-22.94510389478147161 8.3161250937314044052
-23.624146790280075692 10.612309470318436411
-23.910750140776070083 12.627271086110793519
35032620024383476
