82.592120952952598145 9.1196911523761237106
82.249172269197472929 10.605434886595839217
81.079433908692962518 11.690957286343783394
81.023384599698843545 12.947457493817202234
81.690318200789647562 14.246624473318112436
80.716027493447938923 14.692392589002318815
78.999850508893544543 14.757781764808104441
77.323829674859595684 14.964792014123151631
75.792260484895166428 15.658655888161577607
74.358324825078128129 16.378030734549298586
74.050035496344534636 17.706403140717036138
74.533863592929009201 19.329417186243798454
75.266230993140609939 20.879453748209400032
76.017087471119978659 22.423583831609505523
75.924895966825701521 23.30539033785914782
74.882958692889815211 24.165494126964290444
73.528500273332412007 25.121942760508460424
72.275723167449896778 25.706193734211492341
70.709684614970939265 25.084978064471172843
69.103383371078820119 25.047014983953427958
67.939306387001195731 26.087078615155082417
67.275659199883222072 27.623267773347262022
66.164352691222163116 28.01443256769390544
64.705224352286919043 27.948688008951851458
63.465927603531099521 28.304967551563080974
62.373270058211602418 28.318113592037963855
61.256861946979100253 28.088139254944767487
60.155926253088466638 26.743268658103239943
58.974042875086610138 25.754880138452403315
57.498074662738744678 26.106220828781665944
55.865769624432864759 26.299519875129764301
54.165789955726062033 26.228524912086871979
52.877596110757281167 25.754065667262558748
51.760562600171468262 25.077120759786346582
51.603582917201663349 23.548466114093201895
52.271633537766511779 22.005507357712694727
53.027796814435248507 20.470526491730936414
53.783960091103978129 18.935545625749181653
54.236063126224529185 17.444092020005463439
53.600865191778417795 16.033856791137935716
52.471124770331563525 15.25941403572996613
50.93181330083112357 15.23002924161534466
50.349322513968616022 14.275723319121990329
49.230413729065915618 13.867723027311356532
47.535329528976610902 14.037642738240156959
45.833413052567543389 14.214414252043953368
44.450230930971372345 14.187956669243542152
44.694969268037176846 13.119303559922871116
44.920094468340380445 11.70360681566097405
43.960144063296361594 10.34541061541194118
43.037790382276391199 8.8636761279858085061
42.700349962456826347 7.3983304849054523089
42.789866937085818677 6.2182706248383148306
43.155860791826690104 5.4262240258949603344
44.783091668236892247 4.8818355249807758867
46.452113571751446841 4.7472587937722368068
48.150197921510461185 4.8976746399816475375
49.849052866435023645 5.0556471075619926481
51.547907811359600316 5.2136195751423350941
53.247280591000745176 5.3564414995460580826
54.911073909281093108 5.3453367158833033912
55.531203776906870928 4.6978517427800312589
55.930470896163846817 3.9617459393097731457
56.69324615424476832 3.0970561586151466038
57.144829357484013599 1.6000958455099838496
56.834898852404251102 -0.021955418581725939103
56.119893343365035321 -1.5695054013163169948
55.392818074301928277 -3.1129857198671464502
54.665742805238821234 -4.6564660384179745733
53.938667536175699979 -6.1999463569688044728
53.21159226711258583 -7.7434266755196343723
52.786222882869061834 -9.0614744802762317022
53.8303453605267066 -9.6155421929404099046
55.466812385249845363 -9.5531859286617759608
56.874633225959634331 -9.5139110228865746421
57.529032871794143489 -10.844516537195890038
58.302940637412220326 -11.194911336000828328
59.101535770862582808 -11.356976205159707405
60.13344983364876839 -10.861706977722716871
61.455006918977943542 -10.652474969931908788
63.006570908458755298 -11.184036335936559325
64.687756686888178592 -11.161010217741461403
66.269244806427025196 -11.354677833093102635
67.748280008445803446 -11.026465874348112095
69.329857340147995615 -10.518062800552403502
70.914988913944313254 -9.9050748739331702097
72.420907347304051882 -9.1465691515175997495
73.78131060985172951 -8.315067397966945606
75.039015486663075194 -7.4031616705912366427
76.26887984488996608 -6.3532446742516750504
77.344257899984640403 -5.2785403368943004665
77.87891732435369363 -4.3428128894392452608
77.503156789664714665 -2.8197202729891950312
78.419418810854764956 -2.2519036303321207093
79.778611170163856059 -2.0528826695592670148
80.227288091726762786 -1.2743607459297159323
80.025554469733535257 0.019607644983054221821
80.464381115047942217 1.238322102041050643
81.502604436528969245 2.316564630145589998
81.31562472911539885 3.8960073675229001111
