-44.36620109519974875 -3.6829180717468261719
-44.36722384208904657 -3.5054157584686294058
-44.390977386009083716 -3.3289969984686331728
-44.433152153380085281 -3.1556081402647029321
-27.980865481265851713 4.3646699532570405466
-28.593758097760936465 6.3989382470114293255
-30.545522903144714633 7.5861321142835382858
-30.97125005252549812 9.899493869372381738
-31.967186409571830552 11.96434176639774094
-34.294338078719462715 12.505685725045566414
-36.125549564743970166 13.517205446522456924
-39.073364835997480782 12.000435905037175388
-41.122192943250148289 11.501920637500294475
-42.47889700268327573 13.146244658609397504
-44.420511273601945845 11.878149352105396019
-46.0560455322265625 13.985964264103568411
-47.670276357849367344 11.675460747111261028
-48.963759124134057288 9.9968005106201154319
-51.039568130408746072 11.654789225459657231
-53.041594266544478842 12.006885929427614457
-56.565657326258829585 14.520263948333248294
-57.442057219382007816 11.988584791049319733
-59.115740693177912135 10.821343775194161907
-61.171299638550678424 9.9269224352450766702
-62.138246535865391706 8.0014833680414820805
-65.202876263062520934 7.3715109868492323386
-63.988021859691663451 4.3009140530318514806
-64.803855391043157397 2.4086135476126449007
-63.367845016686388249 -0.0031813234644664234452
-64.892934045484992112 -1.7030807286622582364
-65.994518147151410403 -3.6829180717468261719
-67.393533140991621622 -5.9255790476135761224
-66.943726803674564962 -8.1227320252772337028
-65.957217892632968415 -10.149199320351984355
-64.104707748610792351 -11.71870211367331116
-64.689108697446613405 -14.44072223037226621
-62.396163830635764214 -15.554708333395643294
-61.668670243094140915 -17.740591229698232212
-59.732738201485254592 -18.872426093081308807
-58.069753772605132269 -20.21837221950103114
-56.378916904401322086 -21.562655201325657828
-54.138654011343739114 -21.836755232523106685
-51.715386630202459628 -21.100578988944310055
-50.583615941629972212 -24.983483122115003994
-48.082444868329091037 -22.962862361616377171
-46.0560455322265625 -24.152778047597589506
-44.026354141008503973 -22.994149005187683343
-41.758824374961619696 -23.899755480812611808
-39.907748457951242926 -22.605430746628002225
-37.860553554424953404 -22.090295739718342816
-35.744020780224857958 -21.543868304691322635
-33.396755331658624755 -21.106939736518764761
-31.890100651996441172 -19.4157913077365194
-30.391854942793482763 -17.7870177443642703
-31.534234853265466825 -14.233628097608553631
-27.720586988086516556 -14.268898954556396674
-29.114097782652077484 -11.225958608290202534
-26.90519262244203702 -9.9054058138110008258
-27.584233621987248597 -7.6092219640957647897
-44.142522637777823036 -3.8840374334053002769
