7.5916266330778583438 -1.9781513104585437546
9.1485661492705681042 -1.5674914970539564063
10.705505665463274312 -1.156831683649368836
12.262445181655984072 -0.74617187024478126567
13.786382018593632992 -0.32928926280662651482
14.222409107230536307 0.29272330509519572939
13.182266688905212249 1.2306740845089139125
13.134693616067449895 2.4142163171725248283
13.8728688336782362 3.7609713788930898559
13.475836586249901217 5.0296337946613851599
12.763093282054400746 6.4269548042662654197
12.075029363964247864 7.8230190295624426611
10.844155498215597433 8.8284655676124046408
9.7227236806914323353 9.9708665379605356804
8.7809892258189705672 11.304934036397311203
7.7370667842954414795 12.565498807193154818
6.564268014380998828 13.668197710633982922
5.5756144118345769556 14.689068659244512105
4.5356931366783719284 15.309198764975334939
3.3704787195990646431 15.76133079470614895
1.7593346301810273147 15.742700206020730391
0.38311223365317631506 16.382120878072402803
-0.70284997442114871546 17.32107715742245091
-1.9792228812097958368 17.5710632493011083
-3.3536139944664822288 17.525917374579080388
-4.4975392403786784712 17.817598585610973316
-5.5204758158014044511 17.826506150337824153
-6.5729765572011364938 17.636280457028263413
-7.6089739567610621407 16.372075099449165947
-8.6954688589630713125 15.319783855545120232
-10.042155762968954846 15.488511000847465127
-11.552071634371818831 15.838479730437242665
-13.148515918593741247 15.674939535433207283
-14.608498522071482029 15.469132963654590895
-15.310336015700547918 14.827215806788050401
-15.069960214206091109 13.273859321218544949
-14.790693753642493391 11.678281087986977838
-14.655723982772691727 10.06241890865051225
-14.773639349282225552 8.4352759523551430476
-15.093733985764176353 6.8409398046504534818
-15.141026809196409531 5.3647479875609400679
-16.054987808665075022 4.6309548646244902415
-16.156876174417032388 3.8151713210971642809
-15.192024262018721359 2.6038786300506666649
-14.577227338767384524 1.247149624519647837
-13.643392469552763302 0.093599653860244103054
-13.41161609899171836 -0.85141827688474502889
-14.616391795397413844 -1.7700460043576173863
-16.062326750734648328 -2.3633242089389479013
-17.630225599543340564 -2.6786012168364319308
-19.202003275876968758 -2.9852898923651789431
-20.773780952210596951 -3.2919785678939250673
-22.345558628544221591 -3.5986672434226720796
-23.917336304877853337 -3.905355918951419536
-25.081121415454713741 -4.1877677331139153694
-25.001111870344299604 -4.8625680944085427626
-24.757257617268901839 -6.2758132582441437108
-24.39190249892225637 -7.7403817957784895043
-23.943096842690525961 -9.1033636366849055577
-23.41024204044272139 -10.4029818235717606
-22.840810152459457782 -11.562415605010418318
-22.234221398718496232 -12.623364631536638569
-21.485911362407513536 -13.755913072002266873
-20.597553993380806503 -14.914063247701530912
-19.629787049594131787 -16.001528530104145887
-18.556484800447503147 -17.04184837611406067
-17.253707882997350254 -17.761441704244393947
-16.045258278765224702 -18.680005931822226017
-14.87430930103480442 -19.665803880623993649
-13.414952103014554652 -20.153409489352160477
-11.872872180184588231 -19.920050331302821434
-10.751397464939660864 -20.241235207497304316
-10.196983102471047999 -21.531975099465419987
-9.4252276922519051539 -21.715579885665658111
-8.5307624933356152042 -21.888486735123922955
-7.3865934788623297536 -21.820074349324904972
-6.0197276262545136305 -22.124586405592925331
-4.6115805089839820852 -22.162480547040441792
-3.1808005119560469609 -21.743569402486617292
-1.7211745852631836762 -21.868746167944866698
-0.3398647923637403423 -21.575365718697412376
1.141278133015641183 -21.133093777531961166
2.6401835423781294665 -20.577066099793302811
4.0840106171901187082 -19.894097193125574563
5.4180517374656709251 -19.129880598007748205
6.6246138864243491184 -18.313072830249645051
7.7995465298235835405 -17.384157584501892302
8.919172548071257367 -16.352534052478418403
9.7888470910305294126 -15.431145046874540583
9.8481456537093183812 -14.305978100255252627
9.7064020730344164889 -13.029653181313458177
10.894702382298437016 -12.736063753724847558
11.965648511801102671 -12.462411817480081311
12.198190364817950382 -12.064622067379819015
11.136015718555363208 -11.180062956620650638
9.8708635181882780074 -10.190844967995968062
8.6057113178211892546 -9.2016269793712854863
7.3405591174541058308 -8.2124089907466064631
6.3113025532677244911 -7.132645146482134102
5.9458921921205893923 -5.7446376602647566401
