-0.96384456591462330799 -7.8455020596278997047
-1.4966166474131128439 -6.2527028442954355469
-2.665348480014641197 -5.032879124533643278
-2.1769536621797023201 -3.5255859869040420129
-2.046473864634101858 -2.0013250676037266373
-2.8254751680148531001 -0.36818201936559363796
-3.6628507144221607028 1.2794870439565737552
-5.029977379871848342 2.5253355015617429125
-5.7429394002559854826 4.0758214307687623545
-6.842476239374723157 4.0436515762539695373
-8.3632744598252379831 2.9162921448768308608
-9.8900690034873957046 1.7733489106989184236
-11.416863547149555203 0.63040567652100576446
-12.9436580908117147 -0.51253755765690689472
-14.506978280733916264 -1.6036552710799802934
-16.093013902501525081 -2.1099434525505573745
-17.305376439249464227 -2.1370988606742717941
-18.696089468624109031 -3.0140878896248306518
-19.511225156083959575 -2.45287480403707292
-20.313686157392282894 -2.4724238528741415699
-20.892323113179486427 -1.6535592241791341461
-21.351564659826745896 -3.031569600508911666
-21.785927338817231202 -4.3963685335218363193
-22.774615417066346623 -3.4666915613213831193
-24.279189643018696643 -2.227224233638684936
-25.634713811193932997 -0.85163891474228359257
-26.872775563824603751 0.59590921850083022893
-28.106599213335549337 2.0459600910783644068
-29.340422862846498475 3.4960109636558978075
-30.574246512357444061 4.9460618362334320963
-31.822921781282747844 6.2894129098453506188
-33.275699031926421867 6.2198957575973965461
-34.955345340227829354 5.3081349507970241319
-36.256234310374352958 4.0442833056420202098
-37.296046656851217449 2.6782332381333606719
-38.00473964700944407 1.5849062029427312126
-38.567450063101489377 0.58807725873227134628
-39.053726873792086849 -0.6684868308342089005
-39.334718545846349969 -2.4412332897395891962
-38.780381154068891192 -4.1118473926467968838
-38.815440426108793304 -5.6748712936813001662
-39.939623929441630423 -7.2273150408967010705
-40.875955804904997137 -8.904777083374071367
-40.801056134509131823 -10.478127008555240707
-40.584158692328486495 -12.148964843016731407
-40.198953968939463266 -13.90329418284643026
-39.682824675568440398 -15.547545778751651113
-38.621811775399663702 -16.457215782512449209
-36.903192827945687782 -15.891538575673166633
-35.156835244652484107 -15.126868624739053359
-33.410477661359287538 -14.362198673804943638
-31.664120078066076758 -13.597528722870830364
-29.917762494772876636 -12.832858771936720643
-28.171404911479680067 -12.068188821002609146
-26.425047328186472839 -11.303518870068495872
-24.67868974489327627 -10.538848919134384374
-22.936330168880676439 -9.7937535400716431155
-21.917713552768859131 -9.9895205708025507363
-22.607798486509373959 -11.538141294262388215
-23.551395373025581392 -13.194629023591824435
-24.494992259541785273 -14.851116752921269537
-25.438589146057985602 -16.507604482250705757
-26.382186032574193035 -18.164092211580147307
-27.325782919090396916 -19.820579940909595962
-28.269379805606593692 -21.4770676702390233
-29.21297669212279402 -23.133555399568468403
-30.156573578639005007 -24.790043128897917057
-30.855653832178536078 -26.064489719377171184
-30.20449885508947574 -25.229282668117502197
-29.093077274750218209 -23.674939355492789161
-27.98135604167444157 -22.120127855197903699
-26.869634808598693354 -20.565316354903028895
-25.757453522716176053 -19.010844324742805611
-24.594206375283267363 -17.494053479530283113
-23.479777949257382375 -16.447915152830990593
-23.152849873530460201 -17.616098897059369932
-22.864422360433355408 -18.62218544387502206
-21.968754289857269413 -17.538696031246701068
-20.808178210631727012 -17.48338062378790525
-19.512414650910798741 -17.518766897807999783
-18.055001358271702827 -17.663585543353363505
-16.241519770041183079 -17.880578147809305989
-14.710306460211944213 -18.941996355576939948
-13.434280905195453926 -20.35114907210896007
-12.163486604076149789 -21.767388468589448536
-10.892692302956843875 -23.183627865069933449
-9.6218980018375361851 -24.599867261550418363
-8.9804150425161939353 -24.818481330199709589
-7.8577700146474604992 -23.923698757538360837
-6.5568943916492319346 -22.703444117787377365
-5.6556543822162161916 -21.71506115876196219
-6.0347214686961274666 -20.04095401956412914
-5.1301494218773813216 -19.318050528696701917
-3.7240490731818525205 -19.026546929812262476
-3.2164679804995408574 -18.128326509327031602
-3.5550551037532658327 -16.557655564669715886
-2.5041031606238859375 -15.357685592366783212
-2.0756076194974100169 -13.854393608846422126
-2.4852308633636606139 -11.963860022586443321
-2.2092605627398227419 -10.218278055198478427
