-4.7194284654548610547 -7.0559020042419433594
-4.5488144831062022888 -4.9512703285416339583
-6.8405828158427226526 -3.2867510035935025847
-5.1138093767983470173 -0.7332134081722969654
-6.497868536057136879 0.99168589123001993357
-16.540213097873493808 -2.4181441610554266219
-18.972202542537303316 -2.9866532244234544891
-19.291303120028597817 -2.3002008008537222494
-19.764649026670998211 -1.7156355121841002642
-21.256982652771299058 -2.4917355417639974746
-21.355411969115120741 -1.4827944430671875509
-22.767048355557303552 -2.9995641415817155817
-23.417038661612767925 -3.4980793178856512959
-23.467294484706318514 -1.8537553660989427584
-24.159557756324801403 -3.121850607332536498
-24.573045730590820313 -1.0140357358964298129
-26.576955391970486176 12.009996358407320827
-28.199207933721179842 10.003851030727666682
-30.478761749379216894 11.120017340850637311
-25.035637115194944613 -6.0169048588177496129
-25.142022419333510896 -6.0704056902391840822
-25.242677120014498371 -6.1342334305062165001
-25.336700751811342514 -6.2077771909077945622
-39.688301762789727434 6.5539380053374181045
-40.655248638956713592 4.6284999159918047695
-43.719878451711700507 3.998526195448521392
-42.505027761720100443 0.92793004261346467842
-43.320853684927698168 -0.96437033410741346273
-41.884850909331078128 -3.3761650955309789879
-43.409939962583607098 -5.0760646296502063279
-44.511520252864301028 -7.0559020042419433594
-45.910539069556477898 -9.2985624256847501101
-45.460732747400939502 -11.495715371241022495
-44.474216162254400331 -13.522184272365977975
-42.621713657506461459 -15.091686072030391585
-43.206110808000673273 -17.813707108156556558
-40.913165947334150019 -18.927691297096203016
-40.185672344042082216 -21.113577074833990821
-38.249740330345701977 -22.245410004734274878
-36.586755905716429993 -23.591356132090041342
-34.895919029635180664 -24.9356410298989708
-32.655656111398286612 -25.209741074886110823
-30.232388543226491606 -24.473561076699212435
-29.100620278872387559 -28.356466985703384864
-26.599452464478574143 -26.335846318454606774
-24.573045730590820313 -17.969861406362241496
-23.536203726374612444 -16.920792380661332288
-22.214097064102119816 -18.153884893701714986
-21.211592930432576765 -17.401382596575608375
-19.862275917882559639 -17.636470755077183981
-18.231119531355808761 -18.04044273961931566
-16.081379079607376781 -18.743681396271249184
-10.407103803868899661 -22.788775323505731762
-8.9088561689855705339 -21.160003666563834912
-10.051237857817717725 -17.606611000955492585
-6.2375891459394594563 -17.641883931035053479
-7.6311008076121815691 -14.598942463460772956
-5.4221942541607859312 -13.278390708730338332
-6.1012366798852006866 -10.982205412747333639
-6.3878405042065651287 -8.9672438053738794395
