-30.145659065139735588 -8.5355940592343024775
-30.261246574833943868 -7.2364325535068871886
-31.133303534186811845 -6.2802232295213498148
-31.922501125003542199 -5.3819188203636096901
-31.540138740110077009 -4.2682453503255723959
-30.998477651141620015 -3.1063356645328248362
-31.392181894879826132 -1.9882180109734841622
-32.032566485885595853 -0.7749733167567686154
-32.568776402006157866 0.49722268750923998004
-33.523540189263016487 1.4594568272631569528
-34.467410924687200691 2.4133692781216677936
-34.863237184606603591 3.7375903660203229073
-35.692036816558015744 4.7342872567984031207
-36.62471340949575449 5.6359049017084554833
-37.587233623877168043 6.4539670852026969072
-38.626242602919205638 7.2282973640919649938
-39.646985686923528647 7.8935516928891580335
-40.592385550517278148 8.434717278443013555
-41.697628026402881574 8.714949200843967958
-43.111318449031571731 8.7205029188112543892
-44.347199219865878206 9.2283032747227444759
-45.26594495817372632 10.232088117699831287
-46.349744281442809779 10.467519026280324823
-47.571712402053414337 10.379686873862080887
-48.665119270957312381 10.764999339217606433
-49.630467274343288864 10.80868821621249154
-50.515835932244534945 10.807740407259707638
-51.441604384582028331 10.62019896300385291
-52.347925269271954107 9.5155759173117964167
-53.272430903325705742 8.4719480395524460192
-54.373636314451310625 8.2640712012436399192
-55.651040454329496754 8.7444458139646563666
-57.013511072578424432 8.7791700176550815371
-58.415225746377700489 8.7035378608238502807
-59.551444601168228132 8.4130044021641943175
-60.476097958324352533 7.8816022245609467234
-61.293699890529026675 7.0524411594960598748
-62.165590358258086212 6.0022032359248731481
-63.361709435637173726 5.2460376237725503401
-64.573042491924397268 4.5656511563432289336
-65.462209791746701626 3.5613653742541249159
-66.264463911911064997 2.5241370890665564275
-66.855414091696601986 1.659173325778398933
-67.320920526378728255 0.90151616096383868637
-67.72814932515221642 0.16966228322425358499
-68.14282385096770156 -0.65968754286076780602
-68.321209425796382675 -1.9130428332136426572
-68.528777153309889059 -3.2066943147118571744
-68.009156451170895252 -4.4301099805419621447
-67.721444661693652733 -5.6043716048126706042
-68.426103274839391588 -6.7126869763625123255
-69.255508463829173138 -7.8877078874648551832
-69.974724102136050874 -9.1323403894110359857
-70.020035881561483393 -10.312669183957279273
-69.921983107868328489 -11.461449496741877851
-69.734618206637648541 -12.734346193600423192
-69.456374950429733417 -14.030467022580435099
-69.099420556396864868 -15.284915716847725875
-68.687029502138116754 -16.448156819475915569
-68.207312291978325902 -17.575880647537349688
-67.709561529540607694 -18.57844314759739035
-67.185392192079007145 -19.503762524595327221
-66.557901028642788788 -20.480538911512716993
-65.809490649898606307 -21.503265710126864718
-64.995748625560338496 -22.478856805309085587
-64.101909550488983314 -23.420388170753284385
-63.09652708346312977 -24.347141408937087448
-62.006641913558091517 -25.220603603544851978
-60.857921803584616782 -26.016211051091449491
-59.695774124860427889 -26.708082356931374335
-58.497464995682186384 -27.239760387698286337
-57.117411951231922274 -27.026456251951799459
-55.883980027035470073 -26.926194311509487278
-55.061296465748291951 -27.832086086473236008
-54.326375535842544195 -28.72472343914515136
-53.403156054101209804 -28.34208973892312855
-52.375526739881408389 -27.428060645344391588
-51.240713597273852997 -27.329130608227206523
-50.006967882623868604 -27.686043728334968961
-48.763792746080120821 -27.307980890392848039
-47.509740547556887691 -27.351848600015618018
-46.228055904221676542 -27.933928303542870708
-44.860927536410748928 -28.120776225388592451
-43.468324898152097546 -27.974904690896412518
-42.136940709476931488 -27.55412381304740066
-40.872522282633013901 -26.956000569152163138
-39.68919445582116623 -26.292941087137336353
-38.613538542699927802 -25.593196394775176827
-37.582170716742716365 -24.823679788047154915
-36.567163555602213876 -23.957318741954750863
-35.632534824115509764 -23.04639597016976893
-34.956258184224424213 -22.306563276248148497
-35.051373327088597875 -21.226166298415598988
-35.207343568673699963 -20.085778035022769927
-34.270515791331746414 -19.752831164030954625
-33.019367172885978334 -19.670101895523803393
-32.652995432023530498 -19.050112491491734801
-32.413046098974092502 -18.251384649032960539
-32.78086602252017201 -17.027814205204709452
-32.085659466947468843 -16.12471466222606864
