-27.583881781189724336 -10.20238494873046875
-27.413267321898768358 -8.0977532740304543069
-29.705036135434951916 -6.4332339299345493444
-27.97826221214630138 -3.8796964231904675913
-29.362321853956661499 -2.154797167605879693
-29.975212562787909576 -0.1205294095896078943
-31.926979239253668652 1.0666657796493801413
-32.352704514988886331 3.380026271235594848
-33.348640902371698758 5.4448758656223166241
-35.675792546724537146 5.9862198019045322894
-36.850216147304024616 8.1353280167424912861
-39.525188963050112534 7.5689583311062804682
-41.581452200230685889 7.8206653696338293003
-43.141902821187791517 10.006811749304326042
-45.412290571475587342 9.0662024801063445523
-47.4375 11.283578361698783254
-49.441402346853713823 8.8635138576619461048
-51.063658843038801649 6.8573675127726083645
-49.460533608657414106 -3.9760720534949989258
-50.221653068017701571 -3.949029374404185333
-57.947111815076837615 8.0007961055251968219
-58.82351170141700436 5.4691188573783673377
-60.497195172394143015 4.301877841581699613
-62.552757956060695221 3.4074548040906016411
-63.519701005357958934 1.4820170847381035628
-66.584326850959172361 0.85204344789943142757
-65.369476325821750606 -2.2185530586793360541
-66.185309858816594897 -4.1108533293709976775
-64.749299485157266076 -6.5226481739269592808
-66.274388513258429612 -8.2225476056459001484
-67.375972614924847903 -10.20238494873046875
-68.774987615977622113 -12.445044902300002931
-68.325181271448002462 -14.642198902260876281
-67.33867235392268924 -16.668666694127622918
-65.486162218539391233 -18.238169462653537778
-66.070559262605996764 -20.960189736469406085
-63.777618296170089707 -22.074175690298325492
-63.050128575838556344 -24.260059481358741351
-61.114192653627078755 -25.391894414651194012
-59.451208245355097404 -26.737838616031858407
-57.760371378841298906 -28.082121597623213916
-55.520108482522978477 -28.356223538501865278
-52.53683251629514217 -25.896530695413343182
-51.483556229724847242 -29.237612574974857438
-49.191384930423332378 -26.889505739758739367
-47.4375 -27.969861406362237943
-45.680323027731290608 -26.920792384724805402
-43.140278839493745977 -30.41922188027013263
-41.289199129643144204 -29.124897152823105984
-39.242008026168612389 -28.609764048981112694
-37.125475241555719208 -28.063334701118179737
-34.778209782003244754 -27.626406124002475195
-33.271555161406922707 -25.935259652721804002
-31.773309448916840836 -24.306486094451287272
-32.915691137598408034 -20.753095326468812942
-29.102041467959093524 -20.78836632933352746
-30.495554121935324332 -17.745425881615680908
-28.286647091171186474 -16.42487317057318208
-28.965689992510615269 -14.128688819444208846
-29.25229334869395359 -12.113726326207558515
