-0.39901848205833090333 9.78564453125
-0.22840455863650177548 11.890275246827011202
-2.5201726848810928061 13.554795538703745095
-0.79339947568762170249 16.108332092124008739
-2.1774586399062556552 17.833233017914022156
-2.7903504309066136102 19.867500377004226664
-4.7421156862017639355 21.054694206429044101
-5.1678414326186885575 23.368055998680510754
-6.1637792492886145368 25.432902967648310266
-8.4909285028825340902 25.974250712648913719
-15.211466003331949537 18.517205400001266469
-17.040403900301132722 17.000435885459260987
-18.070383888967668895 16.501920720884655225
-18.475536294343037014 18.146244667101193215
-19.507184896492919535 16.878149340157019509
-20.252635955810546875 18.985964264103571963
-20.976783619180118023 16.675460731268380243
-21.360300874340559574 14.996800477727523671
-22.484558071165448467 16.654789296072642912
-23.467741572127323479 17.006885998595969056
-25.21613386171913973 18.382673493951756427
-31.638647678619889803 25.45714975232787225
-33.312334863460947076 24.289905008905389394
-35.367893909858238999 23.39548452472531892
-36.334840764777588618 21.470045507096550352
-39.39946670841798948 20.840073075299596184
-38.184616089552925189 17.769477151777440582
-39.000442001136818249 15.87717519322058024
-37.564439236689800339 13.465381395325154656
-39.08952827630735527 11.765480991626805718
-40.191108570735394778 9.78564453125
-41.590127382305155379 7.5429835842334824747
-41.140321053122164585 5.3458306302531379828
-40.153804484666181907 3.3193632307750817745
-38.301301979215715221 1.7498604720822044101
-38.88569910538371488 -0.97216013131380307755
-36.592758082491315008 -2.0861455925061100913
-35.865264531649103219 -4.2720300013782726012
-33.929332486061611007 -5.4038634484001821789
-32.266344181259533741 -6.7498110578626544509
-24.7818747359171212 1.9407703478919247075
-23.444293245725823738 2.6170697499170501032
-22.098887477417054725 4.1034691009768664571
-22.170592060682981383 0.76238768519963961978
-20.954223159026561518 3.1104942460475424326
-20.252635955810546875 2.0301385936377611685
-19.547762149558334244 3.0792076308508464777
-18.565035747932594035 1.8461151303525946688
-17.91742826491025653 2.5986174060008568887
-16.948097033804806699 2.3635292608669651315
-15.734243793030119107 1.9595572461699255484
-7.5933458075290527489 -7.6383786020217279145
-6.0866935368372576676 -5.9472287741347713563
-4.5884463814219920152 -4.3184566400374357897
-5.7308275824125729514 -0.76506526718759637617
-1.9171793590600465507 -0.80033689774962191166
-3.3106909150570800193 2.2426040688093120679
-1.1017843581821651355 3.563156786557614808
-15.09616766897454454 8.6895981990950694751
-2.0674305763045595086 7.8743022923860861439
