-41.70792210315924109 -4.2100810364486394022
-40.21031819834940535 -3.6751218062570796263
-38.688283178368109816 -3.1670698372147239041
-37.166248158386800071 -2.6590178681723677379
-35.644213138405497432 -2.1509658991300124598
-34.122178118424216109 -1.6429139300876569596
-32.600143098442906364 -1.1348619610453014594
-31.078108078461614383 -0.6268099920029459593
-29.556073058480311744 -0.11875802296059045915
-28.034038038499012657 0.38929394608176526305
-26.512003018517710018 0.89734591512412054115
-25.161828308557154799 1.4725364897199306746
-25.129761863773538266 2.5672304501123472953
-25.754969701098950452 4.0282489398221361654
-26.45751954586254584 5.4118515006599086092
-27.659759509116966569 6.4270594930417406232
-28.350908061392850357 7.7753495610896372625
-29.099917582163413954 9.0633076768450973049
-30.159146610885656514 10.106482046884904591
-31.261132398291223922 11.043036502267028709
-32.451827414608118261 11.913701336170653633
-33.544241694367812556 12.601952632271231636
-34.471083830594011488 12.937266096506975899
-35.932626133898004639 12.206691579873412579
-37.460379134002103285 11.745773696938446307
-38.814028698685120844 12.057812120061553784
-39.962405876397689042 12.777376282310713762
-41.265129630082881818 12.345479286118530737
-42.454671031858794095 12.593393555687379504
-43.487030902097508545 13.494981373149734338
-44.481084699975262708 12.866723064233456242
-45.481603673713721037 11.561331480441200625
-46.556400751903012747 10.48812703309234351
-47.780695291238004074 10.773099386898900676
-49.148971472601822086 11.580085302524771862
-50.707835977421900964 11.987457169998853246
-52.241623505612011513 12.546028411859065699
-53.502740393476379666 12.751743352920001939
-54.517038682203498468 12.137435329846773868
-55.399535277488951124 10.86656839139390307
-56.697593739469802188 9.9259971911467044237
-58.109973001399751524 9.1657482180234488567
-59.126010602043415076 8.0179707495718464116
-60.007958323490726116 6.8573640023723392289
-60.633750327593290308 5.9125904100316084566
-61.128621376130823251 5.0724367129107648111
-61.592010702995942495 4.1887968748657442575
-61.861726977507274228 2.9012423361222641205
-62.128574200666768945 1.4162508064173184863
-61.569042613941910247 0.016342454515790208469
-61.421733677493477899 -1.3123264696520118289
-62.343417146694228848 -2.5876973010892792004
-63.218276932612667451 -3.9781690191951621927
-63.640712321429774079 -5.3719625334236305036
-63.55104809328301485 -6.6774221525399823918
-63.35305333510225978 -8.1089988945046940216
-63.035126410708826938 -9.5900731675610035865
-62.618232956478578899 -11.006469338941451852
-62.124445233569744573 -12.32483083485509745
-61.56016251777604964 -13.56305359541621236
-60.982050922967815154 -14.641148870592934017
-60.304770481764123247 -15.7336681681176902
-59.467492607002270688 -16.899147985905024427
-58.536786945477679467 -18.014981535899082132
-57.496782137055554074 -19.089842523888840731
-56.317071706675491782 -20.135144546589611281
-55.039627564000966231 -21.097530162896362071
-53.71311469986455478 -21.940966161871905626
-52.379175529950636303 -22.651189638926503278
-50.816913331682215471 -22.517901675006225304
-49.482994310759195855 -22.460776235630060427
-48.846053590412523704 -23.674332296609748028
-48.137457483140124737 -24.145862560347197245
-47.304605361314159495 -24.31889851936908542
-46.260789435728639774 -24.470853434970127438
-44.927158748343366312 -24.418674484153420678
-43.521971471784226537 -24.654541036160370737
-42.103371441622414295 -24.326160794951199762
-40.63102254750786102 -24.37546134354584737
-39.251327593496654345 -24.164465956784169975
-37.797072626124517569 -23.778296362440780598
-36.292946048327678454 -23.251243516708147041
-34.829808542462828314 -22.603268173161161769
-33.453444755146406919 -21.858388770549193936
-32.214836408481261287 -21.06093062914492009
-31.036541840694759742 -20.173048739905183879
-29.889422255603676604 -19.165256012530562657
-28.909514122239528433 -18.168406832309258903
-28.468268602128031119 -17.270420133778188188
-28.838482033327530019 -15.825115476661283154
-28.05381357562023581 -15.233292426119499297
-26.621094013610679951 -15.138047043684602855
-26.200832502134215218 -14.422369455080083611
-26.187008999514329588 -13.353959493177750772
-27.104857402834159785 -12.127098678638974505
-28.492900544237794946 -11.382657769874329645
-29.954462106888215089 -10.713646777648254016
-31.416023669538635232 -10.044635785422174834
-32.87758523218904827 -9.3756247931960974284
-34.339146794839471966 -8.7066138009700200229
