-15.948690817435990041 9.7441488888715035444
0.35426632375702737932 11.848819977498260769
-1.9375017978286095399 13.513340282745605947
-0.21073350513315247667 16.066876851910432578
-1.5947878369202932447 17.791776806278676304
-2.2076794990149224418 19.826044146080064934
-4.159445023166114197 21.013238019121306621
-4.5851707337220073413 23.326599764743086496
-5.581108571788563566 25.39144866248345167
-7.9082578138623400577 25.932794489830623519
-9.0826819034486110382 28.081902711701221875
-16.439276293955931152 17.000435893547518162
-17.474242301908397224 16.501920795007460896
-17.884052043360526341 18.146244628594800474
-18.920152974035055138 16.878149381742343138
-19.669965744018554688 18.985964264103571963
-20.398469868723907439 16.675460723169230448
-20.786439863793383154 14.996800251300175688
-21.915354111564706585 16.654789175578255112
-22.903526949525321754 17.006885961277383501
-24.657394921756591089 18.382673627588960841
-31.05597745256633857 25.41569354015531701
-32.729662781180124398 24.248450660531119638
-34.785221784269481304 23.35402830935250762
-35.752168646883220049 21.428589282847042341
-38.816798497796639822 20.798616690260910644
-37.601943969692229075 17.72802093086055919
-38.417769884613392151 15.835719916305828647
-36.981767127036810905 13.423926081829472778
-38.506859970760146439 11.7240257332693254
-39.608436451594769778 9.7441892623901367188
-41.007459079377937883 7.5015283297987309652
-40.557648928398371879 5.304375335126503721
-39.571132357098804277 3.2779079359803304783
-37.718629862835669542 1.7084054478412866729
-38.303030843920808479 -1.0136151171130798332
-36.010085957403205725 -2.127600750342685032
-35.282592375410899876 -4.3134850730205851477
-33.346660343773436352 -5.4453187381021965763
-31.683673974444069188 -6.7912658462696988693
-24.175267123797549829 1.9407702468639067561
-22.843159980729417668 2.6170697862304308501
-21.502746055470257858 4.1034692287478842232
-21.579105129002368102 0.76238748231263642197
-20.367196500941769699 3.1104942395294461477
-19.669965744018554688 2.0301385936377611685
-18.969446623509483629 3.0792076089035615993
-17.991177517511392381 1.8461151238298256771
-17.348223980738318062 2.5986173909660257308
-16.38388230268221335 2.3635292718648726051
-15.175503926442257097 1.9595573641904104889
-7.010675077482376949 -7.6798333639528486572
-5.5040228327938987007 -5.9886840291156211435
-4.0057756748910442468 -4.3599116505967607793
-5.148156916480706613 -0.80652044807830591822
-1.3345084162407765405 -0.84179193067612345658
-2.7280201208346674946 2.2011490077859319214
-0.51911838107590213554 3.5217015092157959444
-1.1981556547703817728 5.8178853907467598106
-17.63010364513629824 9.5297671744883061251
