75.726016595275126519 9.86370086669921875
75.896632962441387349 11.968331582713858552
73.604858457191568277 13.632851740315260258
75.331636155928464404 16.186389418061224887
73.865831373860487474 17.874891431236726191
73.33468771606604264 19.945556712453445414
71.382921050719133405 21.132750513717869723
70.957197674403204246 23.446112327049661417
69.961265227179509907 25.51096109284218727
67.634109644090116831 26.052307048098132469
66.459682073263579127 28.201413445342321751
63.784713237800900743 27.635045095896508371
61.728446357285378099 27.886751126236390519
60.167995421895483332 30.072899500433759812
57.897607929147085315 29.132290189835170935
55.872402191162109375 31.349665130802787161
53.868496177798476765 28.929601596015363185
54.778456102635338709 15.01030284922621405
54.122106939108313384 15.250544034078897582
53.626199218526359402 14.908751028928641347
52.446831877038995628 15.796961040433988188
52.85120539869198808 14.022019757997396638
52.256634790249520961 13.8794177683213249
51.016905974435957205 14.235606666571850809
50.448907894127941631 13.804094776264854261
36.72557143855466677 20.918129410748814934
37.940422070566569346 17.847531609406296127
37.124592332345507373 15.955232486058690711
38.560602706004843299 13.543437641502727331
37.035506058175727162 11.843537348080788618
38.519191874821245847 9.86370086669921875
38.738268453594031371 8.0628315264792096428
39.342592912342581712 6.3501822719521028304
39.542537983869380014 4.5578066045660738936
45.95083425878540595 5.446335007318756638
45.641926952898835168 3.95713251169191782
47.562896837610708189 3.8264922195529234017
47.505783174866742513 2.3303689292421907453
51.6299896656694699 5.1520311114323771307
52.654931925265159975 5.4352313132557181774
53.234413542859321922 5.2945780735226204428
54.120013008600963644 5.9277725528175633229
55.051309679126696039 7.3366346335694458958
54.596975169689102358 3.863290602617556857
55.467806042294029112 6.0142113179552207924
55.872402191162109375 4.6671711024878588248
56.35521475960193527 5.2700450056512062602
57.361093747178955482 2.8599203497783012295
62.020699264710863474 -9.0588113315808733716
64.067894167640304204 -8.5436772786986701078
66.184423039195536376 -7.9972494177859090314
68.53169239173004712 -7.560320798072719839
70.038351009403115199 -5.8691722582583523149
71.536592748636920192 -4.2404000335043718906
70.394209173087347153 -0.68700863958757985017
74.207858795852672529 -0.72228023562342968944
72.814348046673785575 2.320660717624185132
75.023251282809411578 3.6412126372107973538
74.344204587651788074 5.9373970825263171491
74.057606936906168471 7.9523595062209295747
