-20.427970741732178084 -4.6519783588784466843
-20.66937382446202065 -3.4463806630084605764
-21.906463315758852417 -3.0567760812287807504
-23.40060169005704438 -2.8778303140206293875
-24.894740064355232789 -2.698884546812479357
-26.169971447865144398 -2.4426586726910231029
-25.976601536031761697 -1.6679766966951348195
-25.030289130938193409 -0.56616329902104178817
-24.925703715175913544 0.73093218046063246351
-25.051656428031357393 2.1891969181520107846
-25.039459402614689054 3.6527275488000960912
-25.450485140364335734 5.0490761266462644841
-25.492984528425505886 6.5155446530171268193
-25.432384041915522488 7.9839069141481076031
-26.342435788561189725 8.9359505117913435868
-27.347796788798778067 9.8556734875817664232
-28.423498482165555856 10.712265270939369088
-29.54023788430341213 11.483127363908860019
-30.576716235358766482 12.104459770667723717
-31.633627669615705713 12.601005215815044735
-33.146441898546058269 12.527025302624092973
-34.680397099357477941 12.745260956270767494
-36.177100772120134309 12.943201652826044068
-37.550767177162690302 12.472703676451892818
-38.767046703591745427 12.357608565262273359
-39.79810138770811534 13.295009773451347712
-40.765838635686122871 13.336933502675718088
-41.697673240414289353 12.235119424507258756
-42.664619889984123802 11.068359661789063608
-43.713463351178482696 10.379352232609143414
-44.894210946417835828 10.94119034334521956
-46.194074332084781531 11.633818823639865414
-47.659808600999511441 11.95959888701610474
-49.120016346758873738 12.328637160056336697
-50.176171217951463177 12.06006015659284003
-51.127530915935587075 11.487055728767547436
-51.925886398376661646 10.353934749272802662
-53.074360129279192222 9.4080417099766950884
-54.419802584215929642 8.7006755519143261779
-55.465040388744803579 7.7297975912991532255
-56.36673666324141152 6.6078962647735544067
-57.04723178682964857 5.6370950049847543539
-57.560136492617075987 4.8144171395304340422
-57.998975048847320579 4.0313631172136030756
-58.444721597027665894 3.1393923140783268622
-58.6476137795978687 1.7805931528366252259
-58.762008103852529928 0.40553624190124359927
-58.145870359172917574 -0.89471306529799388141
-58.157785887438173233 -2.1293103219863454001
-59.058587715242083505 -3.325537764409387087
-59.87614947630002149 -4.6309475880629848987
-60.328185614475536624 -5.9442580221045435707
-60.254518407733641538 -7.1662302931533758965
-60.090719520366363327 -8.4809450660736214189
-59.819245311947028654 -9.8733566379447346151
-59.452970838538121257 -11.232562410086350368
-59.019709858703436112 -12.490519763758371141
-58.510553642344817149 -13.70213762875345509
-57.976853609753476348 -14.777448464034156572
-57.409065996484841321 -15.770670620602080803
-56.717270504363071382 -16.827693563804039911
-55.895381994399670589 -17.919507990023074484
-55.005429844834367259 -18.947710612804222308
-54.004135857115016961 -19.953926294399920494
-52.884289745276866768 -20.926756508387498457
-51.681906848081126782 -21.823224616189747849
-50.43749518989213243 -22.614349923526809505
-49.186515873977043611 -23.287866499429071609
-47.743877454624296774 -23.275729334196856968
-46.396656298471761204 -23.060272510321095041
-45.661572427014000652 -23.943693664515006247
-45.082980596152985697 -24.781003451441154795
-44.350781868906366867 -24.945372110168857915
-43.460937829063354343 -25.106793625470693598
-42.334917940452328367 -24.960743400910242684
-41.040781562979915975 -25.339894635939735679
-39.721215545358433019 -25.342802580440441318
-38.380632843117709285 -24.924113565082237187
-37.003631331836309926 -25.07255169480311352
-35.716499845715730999 -24.811251504068003726
-34.339506834424383896 -24.43187143283247309
-32.929982066641585448 -23.930142129863238409
-31.558165141776214568 -23.322618684979918413
-30.2598720866371238 -22.628061799019331346
-29.084623596177209492 -21.886646811714587813
-27.977609369323548805 -21.076364495708883595
-26.88779933379353082 -20.154998614491109521
-25.889872844258150053 -19.182756891512738662
-25.185998548744294112 -18.40788405042095377
-25.409157438562733233 -17.154884102988386729
-25.356557055790126753 -16.095379229302459123
-24.109033082962071148 -15.918772534684116238
-23.15901884401632671 -15.595267739251504224
-22.761619570674419322 -14.897324474126010685
-22.976465768740105489 -13.73682612133915093
-22.764064735292528496 -12.608796653306843183
-21.690080170436033313 -11.726016747888859726
-21.524268349468531625 -10.470759027025019705
-21.883873094226103717 -8.9748838198777285413
-21.963792582789430696 -7.5128578500079417068
