-4.3505906320503200391 -9.7121763229370117188
-4.1799766496666137527 -7.6075446475701342663
-6.4717449843668610754 -5.9430253132148314066
-4.744971541941577442 -3.3894877909415086492
-6.1290307039721838578 -1.6645885437104901428
-6.7419223705671136315 0.36967931123009556416
-8.6936876109304073168 1.5568745214221717532
-15.972377308962627751 -2.3002007492346994155
-17.004091846091014872 -1.7156355174941095854
-18.958253714293967107 -2.4917355385717412375
-19.452974777787250815 -1.4827944322389079446
-21.215559617323734187 -2.9995640800915355229
-22.185125937433333831 -3.498079354037650468
-22.533847552454268737 -1.8537553763222378578
-23.511535799525393742 -3.1218506345337662111
-24.2042083740234375 -1.0140357358964298129
-26.208116208312773665 9.3537225081139148131
-27.830368890903830703 7.3475761881994827718
-30.1099243865847086 8.4637425473417238209
-32.11939116596074939 8.0656170248329530637
-34.713820189100275115 8.4910047313186538531
-35.59022007544044186 5.9593274831718243689
-37.263903546417580515 4.7920864673751566443
-39.319466330084132721 3.8976634298840586723
-40.286409379725228064 1.9722258292676126956
-43.351039136155897324 1.3422519959985113047
-42.136188502835750569 -1.7283444065922086708
-42.952018232840039502 -3.6206447035775406462
-41.516011654902690964 -6.0324394588618570623
-43.041100699771433824 -7.7323389588476620915
-44.142680988948285403 -9.7121763229370117188
-45.541699793305490118 -11.954838292250730802
-45.09189347133505521 -14.151990223933873736
-44.105380714978686285 -16.17845906191816141
-42.252874395273444463 -17.747959910108225046
-42.837271554890385517 -20.469979977624085166
-40.544326674671765431 -21.583966104666785668
-39.816836925940549463 -23.769851835807052964
-37.880901038071591813 -24.901684825800241896
-36.217916609425479635 -26.247630951144035549
-34.527079739531657765 -27.591913933201929865
-32.286816858816948184 -27.866015865371814186
-29.86355119847273798 -27.129835868392959242
-28.731780844252586604 -31.012741817519806631
-26.230613253900543214 -28.992119201032146236
-24.2042083740234375 -17.969861406362241496
-23.446550814629286918 -16.920792391528216569
-22.4098693228135879 -18.153884912340991775
-21.705830843977043543 -17.401382601047870935
-20.676084315222983179 -17.636470735566511792
-19.39587999500129456 -18.040442666899664914
-17.642437085127593122 -18.74368136799903084
-16.408689737256793251 -18.369976852539291912
-14.753660945321126263 -18.22148897102005094
-9.6823995581068391658 -20.262885810982155022
-5.8687512692520513724 -20.298156744250519523
-7.2622629928329196503 -17.255216347151737466
-5.0533564214014283777 -15.934665506248235189
-5.7323988422215350624 -13.638480188241951296
-6.019002658499577052 -11.623519437530489995
