85.005144611005619026 7.0750673122472376164
84.747422509355004649 8.5028944870623526242
83.642098783950714846 9.5362509635876335778
83.301034494127208063 10.665749666267451801
84.055707834288298841 12.005415049857456111
83.850074472970618444 13.266861819910850784
83.15789751670534713 14.64853230958792274
82.503757738490833162 15.93106495120392907
81.243192310835411263 15.999912511247291746
79.692340016898910449 15.527006424523674966
78.139254747067894868 15.049933002055695397
76.69051563295795404 14.80094186685375135
75.824495646279217453 15.782672274163800807
75.212220638346522605 17.281306878246738279
74.355699896847468722 18.536326417428188762
74.376695504070227116 19.967007068424905469
74.80595286442364511 21.515742268975138529
75.236664292183135672 23.064900109210480394
74.991016745835366919 23.704058049521218976
74.072500033818954535 24.195918237934176176
72.536022232468781112 24.095329599098590734
71.017339321650922557 24.246078925426445494
69.975453029993758491 25.32091050073191596
68.845905299703190394 25.969597345553587786
67.414582998492960542 25.86734784144107735
66.191876105293246724 26.294574027107465497
65.13294469341478532 26.324715919603374203
64.106424157419354515 26.300379344537233806
63.056537807302298404 25.344681092749876683
62.008581599020963893 24.115896578407610917
60.76925589524577731 23.787143533282410601
59.30382738921250052 24.289307572450248074
57.731495046049197128 24.245303203658302493
56.161524017500028094 24.219415444551035677
55.061688290258786083 23.626827360101330555
54.042916765382315702 22.920810699157410539
53.884603059129759117 21.350685910866676664
54.183067566662003856 19.765972898018993931
54.357951841008066651 18.196393503449204587
53.843218856815283857 16.682288230845141896
53.099157885679034052 15.350676428473587265
51.742388672596980825 15.051416216427821126
50.138700390651408156 15.088333736597242307
48.569347430662780596 14.765418195325240802
47.226163193461474066 14.026007939284045989
46.61734087934883064 12.668443900723810103
47.039549635626471513 11.253852231208794521
47.40798955968063666 9.908423953510132165
46.591661337729931347 8.6370622755805701587
45.710601849776104189 7.2824261777930212602
45.842962308846061603 6.3267951991871838047
47.294045864937238832 6.0489489510207254952
48.885832305437801892 5.8436981499453040101
50.477618745938350742 5.6384473488698780841
52.069405186438899591 5.433196547794456599
53.638824235162232412 5.1629226636514138349
55.038849098802437254 4.3953064952885734229
56.413311718688419205 3.4721472247157976199
57.187594583454576025 2.6540158021806319333
56.702516557746534431 1.4807414493886725815
56.800387794209051151 0.41374349219477007944
55.995188071577899791 -0.72609232814224566877
54.903792232829864872 -1.9000110538108427871
53.812396394081822848 -3.0739297794794402385
52.721000555333787929 -4.2478485051480374679
51.629604716585738799 -5.4217672308166351414
50.538722724313487333 -6.5956138416192686691
50.417077675791432512 -7.2620444703790223429
51.320380599898697938 -8.1769610324001487101
52.507426870192851709 -9.2183937236879636146
53.789830380642925434 -10.174514535125744885
55.116874857984079483 -11.009198108096267532
56.43066918181573044 -11.691842681873552579
57.850688346271127216 -11.179522217923715033
59.129188732762344216 -10.265957333199263957
60.135697044241261722 -10.359838410339200721
60.827159256513631647 -11.64289073723035095
61.771577437276803835 -11.807325349061210673
62.947235918394888188 -11.011863423334094847
63.900626479228442633 -11.555404371978358569
64.738748589502321806 -12.867124199255478345
65.933114288862483932 -13.299859277468462082
67.450674246625837327 -13.217474881900669104
68.895875245685914479 -13.310477271574711722
70.299059663306167067 -12.985933677087089677
71.79058876452781135 -12.495109139754941197
73.283585441125381976 -11.921432455692070107
74.707552272101366952 -11.212947294250927399
76.00542796631151532 -10.436240331461490882
77.195562763104618398 -9.5982263712879749562
78.364721652558799292 -8.6377332594570077617
79.449030486183346511 -7.6007695830466861509
80.224493800414791167 -6.7540292196869948782
80.009936625431279822 -5.4328045773864284129
80.163039503146080733 -4.3743336984564384906
81.57236681136697598 -4.2440550602044098127
82.362386567769959811 -3.764216495736366852
82.795881652830644271 -2.9826354652129776213
82.378743919481252078 -1.5999748068608798945
83.140788685277684067 -0.55750824552945055235
