-0.61864927249199197501 -7.5033713985288379433
-1.1514213534738291234 -5.9105721855818060817
-2.3201531851825776265 -4.6907484702384065756
-1.8317583684926559418 -3.1834553276659822707
-1.7012781574344266744 -1.6591942304011055853
-2.4802798741844802599 -0.026051270671841847415
-3.3176554198995011902 1.621617839038836939
-4.6847820788771752376 2.8674663440708543227
-5.3623647925040431872 4.5732437362828317617
-6.5083154580427695635 5.8611324004318561265
-7.167462541935275766 6.4806320915098556412
-8.5013532129338074128 5.2014250551422165358
-9.8502091243920819608 3.860415410017250526
-11.199065035850356509 2.5194057648922871806
-12.547920947308627504 1.178396119767322503
-13.896776858766907381 -0.16261352535764164728
-15.243355125020265461 -1.494123251390712781
-16.394828257441108832 -1.9893418065908221593
-17.610900395833866128 -2.4884743709490129149
-18.836993406718335109 -2.9073963634770367825
-19.504957341047429509 -2.4653435217811416891
-20.230382086734906011 -2.1033929530317521106
-20.714658462717292053 -1.9402014326722492044
-21.100294396117391216 -3.72055866586014794
-21.652641419168986658 -4.2135249616670353845
-22.901702998390696564 -2.9441820433519403366
-24.341823618187628853 -1.6650532449127311008
-25.606076651404226396 -0.23787484832417854497
-26.829708513393015323 1.2182128383221897394
-28.053340375381797145 2.6743005249685576352
-29.276972237370589625 4.130388211614925531
-30.500604099359382104 5.5864758982612929827
-31.760557916087133634 6.7882732665586313914
-33.271729308084331933 6.3646506577145913752
-34.955371859621749309 5.4554582123273744898
-36.155303548762184107 4.0867423925937327311
-37.121774612869003818 2.770589755270382426
-37.784437841832961169 1.7169802201762358607
-38.337842436807328284 0.7076500217849304164
-38.731709320133909102 -0.70197184214937713431
-38.968533741994960451 -2.4606036943406541795
-38.297784242012248512 -4.1093205355327349082
-38.687409586445575371 -5.6493664377978403124
-39.795618916684048827 -7.2262799646078121896
-39.71853779383410199 -8.3127470545820489889
-37.969740860014837835 -8.4149267140046184466
-36.069618465296890975 -8.4270069709327941609
-34.169496070578951219 -8.4390872278609734281
-32.269373675861004358 -8.4511674847891509188
-30.36925128114306105 -8.4632477417173266332
-28.469128886425121294 -8.4753279986455023476
-26.569006491707163775 -8.487408255573678062
-24.66888409698922402 -8.4994885125018555527
-22.786058849081019417 -8.5358326976111538187
-22.048025288247764308 -9.1837836458051249622
-23.356924895525395414 -10.325436293904742158
-24.894517134738073594 -11.456947174570691672
-26.432109373950755327 -12.588458055236635857
-27.969701613163437059 -13.719968935902583596
-29.507293852376122345 -14.851479816568529557
-31.044886091588796972 -15.982990697234479072
-32.582478330801492916 -17.11450157790042681
-34.120070570014171096 -18.246012458566372771
-35.65454491280735283 -19.378506309352665937
-36.398576002405825136 -20.57415608328741996
-35.383499928759036379 -21.793657343620612465
-34.126809767845010413 -23.067556775717594775
-32.685594376248985782 -24.282238842776841636
-31.188679524196711412 -25.32306831662254254
-30.161683468057809421 -25.276818841562974427
-29.056020122891403901 -23.748758606922034886
-27.953848166728988645 -22.198108101300885409
-26.851676210566566283 -20.647457595679735931
-25.74950425440415458 -19.096807090058586454
-24.610131455590988026 -17.570641679373732558
-23.374631938884856908 -16.446538883434211442
-22.909339706079009602 -17.41996949455715793
-22.653405895982498208 -18.645445439022985568
-21.780653414169918847 -17.628309232131325501
-20.645465567127608608 -17.488392854103523177
-19.357230456715587508 -17.43453089151616453
-17.958096464909118595 -17.712248092201502203
-16.231145972389963816 -17.716377103348257549
-14.589260103848928907 -18.532744125522160772
-13.276191487200549091 -19.893445349009226675
-11.992729284945394141 -21.30172736282383994
-10.709267082690239192 -22.710009376638446099
-9.4258048804350824668 -24.118291390453052259
-8.7028515176142846599 -24.526174841302402996
-7.6563998722829342825 -23.703724300928513458
-6.3359229494512039338 -22.487594366131844481
-5.3854969042092974973 -21.460453159809901535
-5.6717628935127235579 -19.858398895862109157
-4.9624064867600425899 -18.991255296934312469
-3.4316508097880955575 -18.771956776267394673
-2.9273079480493393589 -17.890865589959979332
-3.2180068397018781745 -16.372013784163581107
-2.2997108698126451642 -15.13520439835183673
-1.6993301081420169041 -13.70147481137246892
-2.1098766062868024029 -11.821115827659086861
