-8.5367817140510524609 -8.48028564453125
-8.3661682085045043777 -6.3756539691643725476
-10.657936068296280041 -4.7111346257353305944
-8.931163102393345099 -2.1575968691501703489
-10.315221786106214097 -0.4326976861913998107
-17.890461431573683626 -2.4181441664105882694
-20.829057990133257761 -2.9866531485298466464
-21.526717610076151033 -2.3002008174655248496
-22.299482954401060653 -1.7156354944920568784
-24.039462894416313787 -2.4917355404730390234
-24.24834449555585536 -1.3060380336267360946
-25.222420321537040167 -1.3648887689593829364
-25.324295823784030546 0.95620656884968369127
-24.862636474867656489 8.1165386574868279013
-26.365186807598490759 10.788301796703546387
-28.390399932861328125 13.005678619572318411
-30.39430776715066429 10.585613186519676532
-32.016562148400048216 8.579467864638040453
-34.296114127188673137 9.6956341504666774256
-36.305582734362445763 9.2975086526549510779
-38.900011737415880475 9.7228958926366217952
-39.776411634278332485 7.1912181615775860877
-41.45009510525547114 6.023977145780918363
-43.505657886909020249 5.1295543489440671436
-44.472600938563118689 3.2041165076733744144
-47.53723068546877073 2.5741428995183461836
-46.322380062906162834 -0.49645355214078801254
-47.1382097926847905 -2.3887537898519974888
-45.702203213740581589 -4.8005487804560953435
-47.227292258609324449 -6.5004482804419003728
-48.328872547786176028 -8.48028564453125
-49.727891366568492515 -10.722945569250564191
-49.278085030172945835 -12.920099545528112017
-48.291572299751450714 -14.946566396344408645
-46.439065958421664959 -16.516070175695627853
-47.02346308243449613 -19.238090307095053078
-44.730518237987887176 -20.35207446642294471
-44.003028508699884469 -22.537960177159522601
-42.06709258648840688 -23.669795110451975262
-40.404108198122528961 -25.015737390021371311
-38.713271311702627031 -26.360022293423995166
-36.473008415384306602 -26.634124234302646528
-34.049741019023606725 -25.897946088730055436
-32.917974524209625997 -29.780848232652783025
-30.416804809695541678 -27.760227569271890502
-28.390399932861328125 -28.950147050893487943
-28.235305939162227418 -9.9559041141891881921
-28.081345992239484133 -9.9342698699569638165
-27.92936253138907432 -9.8992118118328509269
-27.782448524319583782 -9.845767121919257292
-27.641661496669591713 -9.7771385881405166174
-20.933605068394488313 -18.743681201167625261
-19.485681763040332726 -18.369976844319893416
-17.571698910139122773 -18.221488946656130281
-17.634358226762273603 -16.295005578949332659
-10.054942368465624725 -19.066267049332587646
-11.448454054796652457 -16.023326577416462158
-9.2395479764164640812 -14.70277290872830811
-9.9185899253719433943 -12.406589515244990096
-10.205194234336275372 -10.39162701350893947
