-32.303581640808864961 4.9254674911499023438
-32.132969088339862651 7.0300982071645430338
-34.424735995054092541 8.6946185099458226375
-32.697969724395640867 11.248157041876236661
-34.082021714524834977 12.973055035987473005
-38.895945060657041381 12.581855836644784574
-42.401567667078616353 12.013346729413029834
-43.522935444443092479 12.699799301043263711
-44.630814054559827753 13.284364367842480092
-46.647979591174710379 12.508264462173871223
-47.19675860848048643 13.517205498414174514
-49.007225319049325662 12.000435773357862601
-50.020378945459022191 11.501920725952693658
-50.409824633207037436 13.146244733835695584
-51.426443156031233173 11.878149355067364468
-52.157199859619140625 13.985964264103570187
-52.866656524998511202 11.675460794207044302
-53.235144481698803531 9.9968004756134085653
-54.343687395001794016 11.654789175264255618
-60.07238267068406401 22.703262737752339717
-62.666811664173692975 23.128649028317774139
-63.543211568166924508 20.596971768915082635
-65.216895037734673224 19.429730753147659073
-67.272457805614806148 18.535308447242211827
-68.23940086463328214 16.609869405882420779
-71.30403061222658323 15.979896035199498527
-70.089179986788096244 12.909299172767159547
-70.905005913000309192 11.017000035678718106
-69.469003140498386983 8.6052043552250570002
-70.994092180115956126 6.9053039515267080617
-72.095676289241254153 4.9254674911499023438
-73.494691286113749129 2.6828065441333848185
-73.044884956930758335 0.48565359015304032653
-72.05836838037012626 -1.5408144303150175247
-70.205865881946721174 -3.1103163320196021147
-70.790263009192301524 -5.8323371714139007338
-68.497318160267468556 -6.9463222905798733819
-67.769828435457696969 -9.1322070414783702574
-65.833892523667302044 -10.264041011713327833
-64.170908104974230923 -11.609986176151487314
-62.480071238460439531 -12.954269157742842822
-60.239808339871586895 -13.228370145958081139
-57.81653742195290846 -12.492192858539940659
-56.684774416514052575 -16.375097011643557465
-54.183606591985444823 -14.35447634638551051
-52.157199859619140625 -15.5443939152123356
-50.127508469844556771 -14.38576296560551171
-50.431204807319844008 -3.1945839639497553009
-46.008906582878488223 -13.997044701317651771
-43.961707883140938691 -13.481910654247986514
-41.845175101174859833 -12.935482261237808643
-39.497909641622385379 -12.498553684122104102
-37.991258931278977684 -10.807406345205800235
-36.493013215314405784 -9.1786337568373816964
-37.635392883504529493 -5.6252419039252465893
-33.821743262868636748 -5.6605139378497195679
-35.21525400088560076 -2.6175727698980155722
-33.006354585392273293 -1.2970208659288626762
-33.685389852129759447 0.99916362043616269162
-33.971995105375683011 3.0141252578637227622
