-0.67781244286803854493 -8.3990316390991210938
-0.50719852049250135906 -6.2943994830558303022
-2.7989666044038834514 -4.629880208838986988
-1.0721983160198753637 -2.0763425807925095512
-2.4562525709249634076 -0.35144342063057543157
-3.069144244525570997 1.6828244482275156457
-5.0209099283434106553 2.8700196410170075723
-5.4466357276288643874 5.1833798354114577478
-6.442573137550120066 7.2482292503329475153
-16.239526599720747413 -2.4917355405746839381
-16.538335804157814124 -1.4827946945535845913
-18.127430565454574207 -2.9995640837825074954
-18.939011544209432003 -3.4980792443411088399
-19.140183919987482142 -1.8537554243802487619
-19.976770922333635383 -3.1218505960298479351
-20.531424515153144483 -1.0140357358967415635
-21.064777490722711661 -3.3245392949777921032
-21.253233289273914863 -5.0031998263205377242
-22.173513781915964671 -3.3452108351116223162
-22.938297997904243175 -2.9931140755887719607
-24.446846466362202932 -1.6173263409365263854
-31.917440992188492288 7.2724721670097149939
-33.59112822702886092 6.1052311969842154582
-35.646687244819176499 5.2108083543761960499
-36.613634104552097881 3.2853709990521657858
-39.678260032493184895 2.6553971622237071415
-38.463409422665087334 -0.41519928264017025299
-39.279235342138925091 -2.3074995652098655441
-37.843232582809690712 -4.7192943506855637992
-39.368321619145078216 -6.4191938231534990678
-40.469901905696332278 -8.3990316390991210938
-21.668690842171400845 -8.5185626023884442048
-21.63370911276132702 -8.6333284151017775088
-21.600660107854523062 -8.7464458003233005456
-21.552319737170634539 -8.853561335854296388
-21.495629027004767408 -8.9557125962564878563
-36.871551419131584737 -20.27082140291594925
-36.1440578905314851 -22.456705191485625051
-34.208125815812010728 -23.588540100278052591
-32.54513752617352651 -24.934486267306144924
-30.854300682945854817 -26.278767326619696831
-24.531314197593047766 -17.382930215424671871
-22.967511900420017668 -15.896530674996769861
-22.835239202303323935 -19.237612509164311092
-21.423812558142248719 -16.889505736534879077
-20.531425279130449013 -17.969861406362198863
-19.635754096912378941 -16.920792393625468719
-18.457970596331300328 -18.153884880106122779
-17.606383604289288058 -17.401382604517515063
-16.418653258409605655 -17.63647072375016478
-14.964957542799432133 -18.04044269925315902
-7.8721401092841016833 -25.823053828228619722
-6.3654873779285789936 -24.131905447696791356
-4.8672406675109165519 -22.50313185388425552
-6.0096218547063777748 -18.94974105741677306
-2.1959731536452977707 -18.98501208461091494
-3.5894848517795772125 -15.942071637538997919
-1.3805831812972293449 -14.621519874560751973
-2.0596204725008036007 -12.325335496290858117
-2.3462245450274252789 -10.310372999577410269
