86.136432244689189019 5.0686039924621582031
86.307040981513694078 7.1732356711633542545
84.0152665017143363 8.8377552276367641326
85.742044164330167177 11.391293056417335805
84.357988364934598735 13.116191994689232914
83.745095729969321496 15.150459371972887723
81.793329153458344649 16.337654956138425888
77.458281008724014782 15.131044126209799217
76.421485217086157604 16.328743807327644078
74.663963466514530865 16.60426513102494539
74.579295641566190511 19.438538887772903507
74.195128795323981308 22.839947785734796781
72.138854551002765447 23.091653718724330702
70.578403324550606612 25.277802174306078342
68.30801605937675447 24.337190919828799451
66.28281402587890625 26.554567779728568411
64.278908022789650545 24.13450233867239092
62.656651797931822045 22.128357975831129068
60.377096188856583581 23.244522412835557645
58.367623771610425365 22.846397891450706652
55.773198229259136838 23.271783996715093679
54.896798574020479577 20.740108798929909995
54.54577370280337334 18.103900411432878315
53.656348445163850158 16.437520530043560285
52.948900228920066979 14.756256515912404836
49.103832769413898518 14.986888921405087771
48.350830092432659058 13.052436169828167678
47.535000355585694365 11.160136098570959007
48.971014529562680195 8.7483411916040605405
47.445917887641329003 7.0484413775562817506
56.017307414372027097 5.0686039924621582031
55.46895081672314376 3.9320223137420593496
56.030432448559700731 2.8893924589865034314
56.676708519437141831 1.9473911356037070242
57.748296706867371597 1.2687911631209587426
55.628468426749591913 -1.082680919340696768
49.942691897518805888 -6.8031857713546717292
50.670177636373445296 -8.989069858673701674
52.606109773643147776 -10.120903903819433722
54.26910190605320139 -11.466849154574195069
55.959938759965730526 -12.811134045156553185
58.895705027014763289 -11.523092730283885032
61.679133118362862831 -9.1000706619018387755
62.506322396999728142 -12.698370575594076115
64.539347081041697152 -11.519383788864228535
66.28281402587890625 -15.401257890737237943
68.312498004555294528 -14.242625964512278358
70.580027316245420366 -15.148232513412274614
72.431107303346124127 -13.853908676606476291
74.478309836863502369 -13.338775574627614873
76.594838764995458291 -12.792347201595902106
78.942100254697493256 -12.355416832740448996
80.448758906109020472 -10.664269243527535025
81.947008496523750409 -9.0354965599577568014
80.804617322389589162 -5.4821052166729664634
84.618266764147719528 -5.5173770355371303253
83.22475611581799626 -2.4744361654863444855
85.433659300344700682 -1.1538842446719712598
84.754612615516535357 1.1423003644073825846
84.468014968998403447 3.1572617931736037811
