-6.6397995210578883984 -8.881755828857421875
-6.4691855386391381444 -6.7771241538239763713
-8.7609538753031159786 -5.1126048100615024694
-7.0341804299003847234 -2.5590673000896693168
-8.4182395935875682369 -0.83416798866108088362
-15.298113335858069206 -2.418144161146420501
-18.379503429409787429 -2.9866533100677434831
-19.183856420640800877 -2.3002008329010941168
-20.041010175537216753 -1.7156357972411742097
-21.85079750610787741 -2.4917355392334030739
-22.221622389016044252 -1.4827947419031994869
-23.874495229287862941 -2.999564051111970997
-24.744153025349906017 -3.4980792338897730431
-24.862636416161585373 -1.2095353591648132507
-25.065359233146153883 4.7052930306586411291
-26.493417739868164063 12.604208435246146536
-28.49732557004774236 10.18414204895114139
-30.119578256748557266 8.1779966822790726155
-32.399133764883686126 9.2941639910490003729
-34.408598676981974052 8.8960384492011677082
-37.003027564173521569 9.3214257503996016396
-37.879427566064471478 6.7897474770719501436
-39.553114788472527152 5.6225065126547413286
-41.608673772067071184 4.7280841807219395889
-42.575620648921713496 2.8026463288484286807
-45.640250455546180319 2.1726724994696589022
-44.42539596759603171 -0.8979238669775666537
-45.241225693953325049 -2.790224217552837338
-43.80521912288642028 -5.2020190094180858154
-45.330311971860950848 -6.9019184542656848436
-46.431888447444379153 -8.881755828857421875
-47.830911075227547258 -11.124416761448827629
-47.381100924247981254 -13.321569756121053985
-46.394588178015467861 -15.348037600189456953
-44.542081861918028096 -16.917540351401143539
-45.126482832924907029 -19.639560428833675587
-42.833537949894136432 -20.75354656146880572
-27.345865002527993681 -9.649302924102778789
-27.260347605258729686 -9.7335178070466561451
-27.166055792780280598 -9.8075631022942086901
-27.065597956119997747 -9.8728011648052120819
-26.958514887112478675 -9.9263814167692405732
-32.152760587944712256 -26.299416320310722739
-31.020990192870627311 -30.182322280776176626
-28.519822622788161937 -28.161699660307050408
-26.493417739868164063 -29.351615327871027006
-25.060877251598629556 -22.511450575181690681
-24.522564835695316532 -18.153884873849555959
-23.725220939466648673 -17.40138259756746919
-22.595567512401071752 -17.636470741071160973
-21.205644816986325196 -18.040442643762045094
-19.328312143684442503 -18.743681454887685334
-17.950184049755719684 -18.369976801209137562
-16.120593766727836282 -18.221488918209530539
-11.97160887746657032 -19.432466206595766067
-8.1579601754724606621 -19.467737233658759521
-9.5514718618034883946 -16.424796761742634033
-7.3425653081870372318 -15.104244051655850711
-8.0216077323787793318 -12.808059699571161971
-8.3082115564532124097 -10.793098074892707672
