5.9705320142814688467 -3.8875942230224609375
7.0098474548743965329 -2.3176031004756398879
9.8048420271041472063 -0.11844301428654357977
11.531610213405890875 2.4350940978649742163
10.147550593656692541 4.1599937716123474019
9.5346684616028269943 6.1942616058304587057
7.5828942261832636973 7.3814567594274063111
7.157172681761194255 9.6948172444080498167
6.1612347900119779354 11.759667142000500561
3.8340853732307014212 12.301011004591753561
2.6596617502192483329 14.450119232351642751
-0.015310867597551514052 13.883750005417883955
-2.0715759573290357665 14.135457012985714442
-3.6320261447497372842 16.32160343965877658
-5.9024096403524328736 15.380993215112837902
-7.9276218414306640625 17.598368133732474661
-9.9315305902926063197 15.178304612138223462
-11.553783220048575942 13.172159261330111946
-13.833337866446186126 14.28832559688396131
-14.780451574844200024 11.5041212102148247
-15.509611583272253199 9.2448047804647792702
-14.630308823253052708 5.3378684074333779819
-14.677084915245330876 3.6084475987314101886
-15.252361942909983483 2.7076343384338139586
-14.901861205877519723 1.1794889228810543358
-16.826323533203790817 1.2500758096905615346
-14.661071800066970638 -0.88966771650235543234
-14.726676448129877528 -1.6784468221251591658
-12.925035922588509862 -2.8253609004664781423
-20.076155856837935687 -2.6107320991841316271
-27.866094456355508413 -3.8875942230224609375
-29.265115180396325201 -6.1302546444652685764
-28.815306938742285325 -8.3274081240193229547
-27.828788448027189872 -10.353876046224268492
-25.976287862680671026 -11.923377810193674264
-26.560685022297612079 -14.645397877709536161
-24.267742055934878209 -15.759383995795763767
-23.540250417269216854 -17.945268755650733539
-20.478364609277335262 -17.82661161655162374
-18.075613084825608468 -17.855113903296601308
-16.109614380136715539 -18.059229693305795195
-14.947877208095032842 -19.65535492378828053
-13.586964736761713013 -21.305256606470472036
-12.455195363606037517 -25.188158743042610155
-9.9540276490738168746 -23.167538057514981631
-7.9276218414306640625 -24.357453722036066068
-5.8979276730355456593 -23.198824688438719477
-3.6304021571833535731 -24.104431164286047817
-1.7793229852218406251 -22.810108330431511092
0.2678700627241017429 -22.294971413774380409
2.384402698785923036 -21.748542056404328804
4.7316681261531581271 -21.31161540700887258
6.2383205914216421917 -19.620467039073353988
7.7365677329578907973 -17.991695394309896727
6.5941823749809973521 -14.438303478642595223
10.407839617744109262 -14.473574535443709976
9.0143183576675056656 -11.430634105475483864
11.22322534162589136 -10.110082456333735479
5.5642906656704518298 -6.7553882732099239661
4.349649202410509119 -5.17798764955009716
