-26.886597763568236275 -12.747878999322223237
-27.068115059998987704 -11.382055927050311439
-28.071391383496127503 -10.391264059107713891
-28.668120124467257881 -9.3833633869939934158
-28.035753347982350192 -8.1480488345285611018
-27.878762574501941174 -6.9569546886796125307
-28.425924902493232338 -5.6912973372625783597
-29.049240446528962423 -4.3418574210323885865
-29.836861530884540628 -3.1402354095002089629
-30.969919977297816871 -2.1961278299317887885
-31.528725360790772925 -0.87193420100169627407
-32.273821704868652205 0.30292716116503726198
-33.268304898083385979 1.2822787875362369192
-34.295471133431959743 2.1633602704485639379
-35.407538851769054133 2.9921626211338860912
-36.49463308220805402 3.6942361769837575025
-37.505065205899583702 4.2622127085418171077
-38.793366020525240856 4.4235470064204971408
-40.28991860008984105 4.5543494052800328475
-41.467322915892900426 5.3520154865813251988
-42.506173123221699939 6.0857053794914257594
-43.727906435023392362 6.2604137425227666114
-45.00603924307623771 6.2598429355270512886
-46.07689456581739762 6.5382236327444545054
-47.038815048650135964 6.5496732213595763028
-48.021578980363749167 6.5135522679569000104
-48.994798207159945491 5.3728310969073875825
-49.982975663394576316 4.2449288552047539369
-51.162511634287994866 4.0206613677380254046
-52.53742941832501856 4.5109340205516721412
-54.007621138981484421 4.487018478871110716
-55.50900368962889786 4.4751015700990857127
-56.597523916439698155 3.9846434855438133127
-57.585812388243589055 3.3908700560112201572
-58.38476084482027062 2.2573674681390087926
-59.53323649008007834 1.3114744465783474414
-60.878678232791841651 0.6041076313717145263
-61.923917146369902298 -0.36676910758369629662
-62.825613988343789629 -1.4886710465101113954
-63.506109337849892427 -2.4594726068421657317
-64.019014127586729046 -3.2821506123523036536
-64.457852677187077006 -4.065204635640606412
-64.903599159297968413 -4.9571753141172401058
-65.106489612228457986 -6.3159746239438510074
-65.220882815015428946 -7.691031740801390626
-64.604746646721693537 -8.9912812127196097833
-64.616663335136721003 -10.225878314796814195
-65.517464863395673547 -11.422105326486974519
-66.335024745083529751 -12.727515133045473661
-66.787063175881925758 -14.040825722782930285
-66.713395967702069811 -15.262797962441263522
-66.54959711807745748 -16.577512480691204644
-66.278122828373142283 -17.969924471463244231
-65.911847907969530524 -19.329131646930402866
-65.478587006088048383 -20.587088483555046281
-64.969431094178446529 -21.798705502514096111
-64.43573058294524003 -22.874017199564253389
-63.86794286190759351 -23.867239395237490385
-63.176147819642295644 -24.924261548855685788
-62.354258139551170359 -26.016077376700721402
-61.46430497597097542 -27.044280867890165609
-60.463012570325098238 -28.050494721019994415
-59.343166302935436818 -29.023324949477473211
-58.14078191040425736 -29.919793969717435544
-57.031085044586149024 -30.631384537852781591
-56.107120049679636509 -30.357610046030185202
-55.023051533232120391 -29.321148695287249097
-53.938720294494103769 -28.283240273239041329
-52.812370306029649214 -27.292274063301167786
-51.606297498537770707 -26.456863986617449314
-50.767299607006449946 -26.606115610574310182
-50.413513613025401128 -27.953941917830849917
-49.934780851783798994 -28.734188311436561492
-49.049963708227359405 -27.91199313817398675
-48.006299338634200069 -27.294830711771183474
-46.795272193542118089 -27.611658437560208768
-45.632556113928394836 -27.346576187242746414
-44.868302359710028782 -28.127345315400930303
-44.274724747452552265 -29.507875468357575244
-43.682684764216944018 -30.89381283332290451
-43.090488042448413353 -32.279219570732408329
-42.430488943904798305 -32.966633106963726618
-41.266906103417504426 -32.66943972879457192
-39.861910040143094136 -32.189512294705664885
-38.469256420457618617 -31.633136147847718433
-37.13890868347911578 -30.962957767054625435
-35.922336427447781659 -30.234774062478468437
-34.804582107950899683 -29.455414001863537976
-33.704352481114185025 -28.568814990051432545
-32.659984008241778497 -27.597277129538021256
-31.842953660142121919 -26.730853870548720863
-31.718261971712170322 -25.728238577673771204
-31.971875244638429336 -24.442479178639374027
-31.060496003340325899 -24.017504535865125348
-29.749901163324807385 -23.910038321727270727
-29.356837272251897986 -23.240769422715050752
-29.260859076236570786 -22.283389690219078005
-29.453954134264183295 -21.033048784538937781
-28.474924752186741017 -20.132882868106683816
-27.913111634881015988 -19.036045588036209608
