-21.179987403098859744 -14.59086510575954776
-21.361503641211626814 -13.225041928922026457
-22.364779739920848556 -12.234249672879123239
-22.961508477328766986 -11.226348733533610513
-22.32914171537220227 -9.9910343027040315889
-22.172151105831222395 -8.7999403158283406867
-22.719314601480050442 -7.5342833180921742198
-23.342629716340375978 -6.1848434040471875761
-24.130249987860334926 -4.9832212904785908592
-25.263308504899285367 -4.0391137002046146876
-25.822114781191547905 -2.7149200540471580823
-26.567210824602121022 -1.5400581504964492296
-27.561693528253972119 -0.56070707739191050223
-28.588859025332478581 0.32037378341509104018
-29.700926118615999627 1.1491757524205432617
-30.788020218040912823 1.851249330489856959
-31.798452761354749185 2.419226176111816784
-33.086754135987945347 2.5805611313657226269
-34.58330696270977711 2.711363542782084135
-35.760711281393483318 3.5090297028371426613
-36.79956185941787794 4.2427193537578311577
-38.021296776948936724 4.4174278512661455665
-39.299430459677274996 4.4168569283876735199
-40.370284267337254391 4.6952375738851017672
-41.332203561008427073 4.7066871127172049682
-42.314967335681757277 4.6705661617831779608
-43.288186576140567752 3.5298451017779930439
-44.27636403852520175 2.4019430732908788606
-45.455900010055707128 2.1776756473168559225
-46.830817789540908791 2.6679481886353433318
-48.301009596376090371 2.6440326079218161581
-49.802393339008382611 2.6321156746460654396
-50.890914597511972772 2.1416560774525201793
-51.879203337712226585 1.5478822942387893136
-52.678152339292758199 0.41438169557133147647
-53.826625846567871747 -0.53151131273331664318
-55.172066623526170304 -1.2388781708896152711
-56.217305386484142105 -2.2097550680736528506
-57.119002239228336748 -3.3316569981605521633
-57.799497594758186381 -4.3024585467683014173
-58.312402350918688398 -5.1251364763494642318
-58.751240693092626088 -5.9081900822445554411
-59.196987016769170964 -6.8001603351045734058
-59.399877685154798712 -8.1589605177102999534
-59.514273792786845263 -9.5340173254744584597
-58.898136293269544694 -10.834266602428785475
-58.910051821747082101 -12.068863844205964142
-59.81085364724494724 -13.265091302741810253
-60.628415406980181501 -14.570501239376609348
-61.080451544824427401 -15.883811753898987362
-61.006784345483872301 -17.105783947624455976
-60.842985559295350129 -18.420498117067090504
-60.571511439864480053 -19.812909523472846729
-60.20523676210662245 -21.172116169206155689
-59.771975705624498687 -22.430073719299599588
-59.26281950097472162 -23.641691522114712143
-58.729119595250971031 -24.717002098135786525
-58.161332232612593884 -25.710223856893481553
-57.473374582332951377 -26.761766671259582751
-56.412301213947543488 -27.662445817576244878
-54.983867173468446765 -28.05504950222578131
-53.483353057878026959 -27.955969973859460254
-51.961776563713819144 -27.848608729251473903
-50.421498621979317534 -27.873324863755509995
-48.878755615711277471 -27.953052865005378891
-47.372660563886185514 -27.674459156195290177
-45.992946215509782348 -27.015103469461397623
-44.925263452753966931 -26.471782694388256374
-44.695029061488078526 -27.34822823125495006
-44.817313837422567246 -28.840014742407678483
-44.94277446171021495 -30.337344865941364702
-45.068235085997862654 -31.834674989475047369
-45.193695710285496148 -33.332005113008726482
-45.240211707364288429 -34.724731802030269989
-44.482773509738883888 -35.001828013555140728
-43.132205193232373119 -34.821777381716422894
-41.793105986221526393 -35.279446313750590036
-40.473481470721637265 -35.282356317932588752
-39.132898776878136005 -34.863666343033962391
-37.755897214257487349 -35.012105424371533502
-36.4687659796701098 -34.750805290094731959
-35.091773294529680527 -34.371425337049885229
-33.682248373161947086 -33.869696017551675027
-32.310430441275762803 -33.26217211452532041
-31.012136346373246454 -32.56761456228107221
-29.836888160779732715 -31.826199620025278136
-28.729874335045892053 -31.01591747527587728
-27.640064614441598678 -30.094551761996832795
-26.642983924510733829 -29.123193404416085173
-25.948027156656692682 -28.35875876080246627
-26.202236847717024659 -27.110894747342761946
-26.245811610920544155 -25.92718381023102836
-25.093603260679742561 -25.407835645308200156
-24.420747216808145197 -24.759936738921371813
-25.098408665482867974 -23.597809519618930807
-25.872879189949390621 -22.369891620383913988
-25.623189778976954045 -21.247428538542358467
-25.252716982510410304 -20.109664059966142702
-25.702973601516099222 -18.88959755721521816
-25.042252665237718645 -18.072800343132680467
