-20.480814383118435273 -14.912647247314453125
-20.310201831456474508 -12.808015569946984868
-22.601968729648930889 -11.143496264813492758
-20.875196729813726648 -8.5899586959524452112
-22.259254453454111911 -6.8650597100691452823
-22.872147079237834078 -4.8307918745642481895
-24.823911816249452755 -3.6435966724611290601
-25.249633288585481949 -1.3302361617007143479
-26.245571592454837173 0.73461339162591876573
-28.572721333260435728 1.2759572643966272665
-29.747148827181348452 3.4250655247435801698
-32.422115927557236148 2.8586963086180503524
-34.478386528456809401 3.1104030122227186439
-36.038833518971308933 5.2965499282384129742
-38.309221267605408912 4.3559397048480867909
-40.334430694580078125 6.5733165399519570826
-42.338336697669326725 4.1532510988957795917
-43.960592897710441207 2.1471057876551569166
-46.240144876453179279 3.2632715980557840396
-48.249617217682960302 2.8651463760647999379
-50.844042514918065478 3.2905335654851128879
-51.720442392431692724 0.75885632296620819659
-50.226733406354618694 -3.9261139825743054388
-55.449688651647278448 -1.3028076148205069984
-56.41663169959421964 -3.2282453325819329137
-59.481265384214381697 -3.858219391983105595
-58.266410821749033744 -6.9288155656971959218
-59.08223674393379099 -8.8211156440647560117
-57.646230179737344201 -11.232910472510944544
-59.171319207838507737 -12.932809904229884523
-60.272903309504926028 -14.912647247314453125
-61.671918310557700238 -17.155307200883989083
-61.222111966028080587 -19.352461200844860656
-60.235599216951996482 -21.378929044581372665
-58.383096720140414959 -22.948431778478830978
-58.96749779370792055 -25.670449768949701763
-56.674548990750167832 -26.784437988882309867
-55.063834797519980668 -28.175062288235189101
-51.962215133639624298 -27.826611575820670907
-49.737680548916458179 -27.855113866416758128
-47.924609200000020337 -28.059229688772681754
-45.886555943939882241 -27.382930228410138795
-44.479001481874739454 -27.668329855678628348
-44.862005217021604153 -36.213213664779836165
-42.360833728053769676 -34.192591072678297337
-40.334430694580078125 -35.382508653676694621
-38.304739304805494271 -34.223877704069863626
-36.037209547039054769 -35.129486088958593371
-34.186133621031324026 -33.835159445594541694
-32.13893488227208195 -33.320026336977846881
-30.022407888119928998 -32.773597025472483324
-27.675138473279851326 -32.336668352871200227
-26.168485800470939751 -30.645519993970260941
-24.670238138974500686 -29.016746377764206954
-26.658532829077955739 -24.848767893835898235
-23.985050453603601994 -24.351966919265706224
-26.328962457183443746 -21.148284569781921505
-24.870280515073229566 -19.937253773781812072
-26.091143936547375404 -17.940151198557209966
-22.149227854398006343 -16.823988590793938158
