-14.695560858338161836 -5.9622855186462402344
-14.524947352624899111 -3.8576540832841379469
-20.090890872608419215 -2.8890825480181994145
-23.455250036535723268 -2.3576513318747225334
-25.195730214196057517 -1.7978623715962829266
-24.858221511278991045 -0.3672103395258679015
-33.064265882709250377 -4.8834334822479545934
-33.185171370475082142 -4.7341275941121017112
-33.319016519638175566 -4.5960518370727454496
-33.466803503576819878 -4.4725234263877888807
-33.626955152544212524 -4.3649470572099371424
-26.636868035354098083 11.809058235870779185
-28.693133086848760627 12.06076524475238898
-30.253583862765346169 14.246910714684226207
-32.523965956534851784 13.306300492565739546
-34.5491790771484375 15.523679222294486379
-36.402980546031891151 11.675460744422181847
-37.941386079379441298 9.9968004777358654422
-40.273313674700446541 11.654789235421521454
-42.464361873867652264 11.815508303831840919
-45.058790892225275115 12.240895535609425337
-45.935190764303882816 9.7092173441499056707
-47.608874238099787135 8.5419763282947478444
-49.664437027170116323 7.6475549561375739671
-50.631380080787266706 5.722115921142068018
-53.696009851527350065 5.0921425108568971751
-52.481159205960750569 2.0215463976985628136
-53.296988935524538533 0.12924599776082779101
-51.86098235244821808 -2.282548866740286897
-53.386071401583642171 -3.9824483804850268065
-54.487651692073285403 -5.9622855186462402344
-55.886670500036771614 -8.2049469768113585388
-55.43686416789336846 -10.402099927374122146
-54.45035142458740296 -12.428567760835395717
-52.597845104863935717 -13.998070521807198574
-53.182242242368495511 -16.720089677271680273
-50.889297371079408094 -17.83407674013313482
-50.161807688869160415 -20.01995858091185454
-48.225871746407129592 -21.151793539980722869
-46.562887317527007269 -22.497739666400445202
-44.872050449323197086 -23.84202264822507189
-42.631787556265614114 -24.116122679422520747
-40.208520175124334628 -23.379946435843724117
-39.076753625430001193 -27.262850500107681739
-36.575582112143571578 -25.24222982068733856
-34.5491790771484375 -26.432145494497003568
-32.519483981103000758 -25.273516463634894791
-30.25195988822874682 -26.179122940677252984
-28.400880104469063525 -24.884798196433688844
-26.353687099346831957 -24.369663186617756878
-24.687975234933752233 -23.042390101958073245
-24.096412707534401676 -20.349285499731511351
-23.377245254493978166 -18.369976912684236936
-20.933953952676617405 -18.221488886796279871
-20.327409462470143353 -16.295005437886779021
-16.213722468298794155 -16.548266449852377491
-17.607233186196335595 -13.505326899422978926
-15.398327123570716424 -12.184774222178923253
-16.077369064250252251 -9.8885898407507291097
-16.363973365874283417 -7.8736281968357717531
