78.142482354552470269 9.8028049468994140625
78.313098721999097052 11.907435660246601827
76.021324201039433888 13.571955893105407398
76.242021302524534576 15.636137411879813541
74.238695144560651329 16.904127268455077626
74.092072992972077827 18.926786454721131747
73.79938679298442139 21.071856524681791711
73.37366345918022148 23.385216378929591485
72.377731047582571478 25.450067025353135364
69.649856715284428788 25.439870752901796891
68.69726893767503384 27.830701228973563133
66.201178910031714508 27.57414921485231929
64.144911935511501611 27.825855265263712113
62.584461314554395983 30.012001644934208855
60.314073558067619274 29.071390469039133819
58.2888641357421875 31.288769211002982473
56.284961797107968096 28.868701846807095279
54.662705292703385851 26.862557408402491177
52.383149953869086346 27.978723792269651227
50.37367760546644746 27.580599282340841683
53.652917705636184564 17.832510564241054851
54.161771079656510608 15.483265100435650297
53.653645772367312361 14.95073178743152198
52.523875521666070654 14.993625266094259274
52.176214182470722847 14.243909236990448974
49.269436652796983367 15.010174259058238988
40.356887804990378754 17.786637541133181628
39.541058090415916126 15.894335608869994303
40.977068446306901706 13.48254163243124637
39.451971815245379105 11.78264140727621978
38.633117808659136472 9.8028049468994140625
38.897612173832079918 7.7647029144009476198
39.353773796905898053 5.7780277176525691729
44.163162503074218534 5.2130877423442418817
47.143960923025680643 4.8407733060262083669
46.543847102500244262 3.0218188643639729563
52.549400503111968419 5.6328359247457671088
53.1264270883574099 5.1545251212880653924
54.310241870614291315 5.3841000101082006069
54.921701410001304566 5.1682992477101388218
55.344723705413315429 4.7034007625166687205
56.172903633745541185 5.0502658877489450262
57.089377610050576095 6.1111685123732346625
56.659582597373798762 2.1376272865288790115
57.590208296963105283 3.1555205726024126989
58.2888641357421875 -10.667056459462823881
60.318555525516771354 -9.5084255098559999908
62.586085296248441523 -10.414031984640249817
64.437165006099050402 -9.119707257193223171
66.484359950696997998 -8.6045731879112317131
68.600888887743892042 -8.0581452860450824005
70.948158342917054142 -7.6212165784419987347
72.454816891994042294 -5.9300680670260490501
73.953058599995372902 -4.3012958510377288235
72.810674797271417447 -0.74790474532736439528
76.624324609123064533 -0.78317613641034000693
75.23081376327019143 2.2597645827521155582
77.439717044570997473 3.5803167250566998447
76.760670337731710333 5.8765011194560852203
76.474072696859920484 7.8914631160195751747
