-12.480278418152614961 -6.5583844184875488281
-12.309663958861658983 -4.453752743787534385
-14.601431822580888564 -2.7892333815441521239
-19.405367162051184948 -2.3576512878348809821
-23.41434289227324328 -2.5871446774024748905
-24.730583648229973903 -2.1686110008035734964
-25.669820953006169617 -1.7166508419929735751
-24.778100473055765463 0.24488467042288863951
-24.293755116239342584 2.3710977835009785508
-24.993995518745609985 3.5441238066710845089
-24.412716192564452911 7.1615035418360157848
-25.222420281359113403 9.4142523412154481832
-26.477850631956432181 11.46466729380687255
-28.038299454947249956 13.65081180202917821
-30.308683513249803809 12.710202546072974172
-32.333896636962890625 14.927580322453177786
-34.337802640052139225 12.507513927722683889
-35.852808747160921143 9.9968004908528769192
-38.239610837517361119 11.617535851324220175
-40.249079443245911136 11.219410353406772174
-42.84350843099515771 11.644797601592525638
-43.719908324118335941 9.113118444308597077
-45.39359179791424026 7.9458774284534392507
-47.449154586984569448 7.0514560562962653734
-48.416097643352330238 5.1260179711891815657
-51.48072738957033323 4.4960441255620473555
-50.265876766596882419 1.4254476152210262541
-51.081702687071754099 -0.46685263874801652406
-49.645699917842144089 -2.8786475544123946158
-51.170788962710886949 -4.5785470543981992009
-52.272369251887738528 -6.5583844184875488281
-53.671388067063773519 -8.8010448543554655743
-53.221581727707821585 -10.99819882721543074
-52.235065165818525657 -13.024665718962467054
-50.382562660368058971 -14.594168477655344418
-50.966959802182948636 -17.316188577112988867
-48.674014935372092339 -18.430174680136367726
-47.946525224762169159 -20.616058460994935331
-46.010589295800507159 -21.747893402879526548
-44.347604867388405125 -23.093839527147384416
-42.656768022470728852 -24.438120586694211056
-40.416505118350599446 -24.712222531927238833
-37.993237711311543592 -23.976044389687675817
-36.861467029139618035 -27.858950426191686489
-34.360299668915139648 -25.838327767174149585
-32.333896636962890625 -27.028245348012628568
-30.304201543804403229 -25.869614410105317148
-28.036675486180559602 -26.77522278260557087
-26.185597665736651152 -25.480896143072833127
-24.939239312193109299 -23.167056984230452343
-24.687975263260565129 -19.801509152126044455
-23.48075854330799217 -18.74368120263023485
-21.698690637301282891 -18.369976838598464752
-19.380706502921871248 -18.221488889048025328
-18.932584569513835504 -16.295005560017489898
-31.106330571935291829 -7.2671199857488675278
-31.032631087320453389 -7.137745183820614514
-30.975918841835532902 -6.999618039986362561
-30.923875242142731423 -6.8580936956506226565
-30.87051257929698167 -6.7121922465844177097
