84.361392571837626519 6.8827147483825683594
84.532001308995560862 8.9873459470742140809
82.240234409250845715 10.651865260440002814
83.967012144108792882 13.205402787151417243
82.582948692083036235 14.93030275060964307
78.546250827763174129 14.987833092569148974
75.454416197911584163 14.835917350081842869
75.150755428264034208 16.465696966593082351
74.874175670772970648 18.395764880871141145
74.209350732650790405 20.235793986797396826
75.095058205723319134 25.220427713855528395
72.420089112783514906 24.654057592294670087
70.110114700771234197 24.124959814892367405
68.747104658268582966 26.827210098889711531
66.532976389624678859 26.151302629097759933
64.50777435302734375 28.368677581974662161
62.503868345828337283 25.948614047835167895
60.881612100263545528 23.942469680150900047
58.602056503550770117 25.058634118383650957
56.592584108322675718 24.660507697954891171
53.998158577452151974 25.085895718459919834
53.121758886907358033 22.55422049816301211
54.563157380502445903 17.9273181670821522
53.730937248076394042 16.586221274449933105
53.271516827312552778 15.046326125230466531
50.021313190489898659 15.246472312036811303
46.575794222571673231 14.866546899454917252
45.759964496224462494 12.974245897102480995
47.195974879029037652 10.56245109884768496
45.67087821741536402 8.8625516816204150672
44.569297923405230222 6.8827147483825683594
52.744928918770526138 5.6463900502112256419
54.634604180820574015 4.7841078653686874844
55.820934533339780614 4.0601914425450527091
57.390325571881241729 3.7138264940103069556
56.150460359481385808 2.0576177214560971152
57.433803622288962742 1.743178697376783326
56.563125510626505843 -0.27066969920617189871
50.831073961783928894 -8.3067931895833151401
52.494062243154694158 -9.6527393595594226383
54.18489907378109649 -10.997022327863966495
56.425158283042733842 -11.271123383221400616
58.848429731222879013 -10.534946263323913485
60.392053550981287913 -12.480228153403746916
62.704038839422310048 -10.278735501693404331
64.50777435302734375 -12.639454263723077787
66.537458331703732028 -12.428515208591868202
68.804995510292286554 -13.334122660683217276
70.656067630494561627 -12.039797920686066135
72.703270166658739981 -11.524663863854453183
74.819799105029048292 -10.978235484561928104
77.167060546988295755 -10.541307055819892469
78.673719233257457972 -8.8501584876071248686
80.171968810888884605 -7.2213862950718041844
79.029577649538026662 -3.6679944607525563072
82.843227085246581964 -3.7032665285134651612
81.44971644296643376 -0.66032540956593432924
83.658627261736697278 0.66022646656753636307
82.979580555016866583 2.9564109209392395172
82.692975296146840947 4.9713725490940134932
