-1.0579051829269374707 -9.785491943359375
-0.88729126008654901625 -7.6808602685760032358
-3.1790593607690844635 -6.0163409132212812835
-1.4522862716728646149 -3.4628031728199211159
-2.8363454339813110039 -1.7379039249987382476
-3.4492370995334020733 0.29636389816952757315
-5.4010025835127475347 1.48355902636594017
-5.8267283357286281387 3.7969195169910694432
-6.8226661935448902341 5.8617689085330511034
-15.612300725477290086 -2.491735539404199784
-16.117960328228896572 -1.4827944936092780637
-17.890232705421670545 -2.9995640766839315461
-18.868617062768826997 -3.4980792331149226371
-19.225580018092301771 -1.8537553637767505421
-20.211145546735608036 -3.1218506355069823854
-20.911523818969726563 -1.0140357358964298129
-21.590596925944105067 -3.3245392589039051146
-21.928030888609121973 -5.0031995359435530446
-23.004098938164826649 -3.3452107300041973303
-23.935684889217036186 -2.9931140573075731837
-31.421133653797376439 8.417689152985445844
-32.2975336522968135 5.886011834226342998
-33.971220873295479237 4.7187708698383783457
-36.026779851168633684 3.8243480662199864639
-36.99372672836710052 1.8989103330825294336
-40.058352613949452348 1.2689366877761365515
-38.843502047930108745 -1.8016598054338608392
-39.65932796459886589 -3.6939601128447874245
-38.22332520198798278 -6.1057551239200389404
-39.748418050962513348 -7.8056545687676379686
-40.849994526545941653 -9.785491943359375
-42.249017154329109758 -12.028152875950780754
-41.799207003349543754 -14.22530587062300711
-40.812690425566252372 -16.251773766561182555
-38.960187941019590596 -17.821276465903096664
-39.5445850250593125 -20.543296668510741654
-37.251644037952175381 -21.657280756294596813
-36.524150444381703551 -23.843166523830539916
-34.588218423935146006 -24.974999462322962529
-32.925230129577769844 -26.320945630566871642
-31.234393217609124349 -27.665230541662605646
-24.294121986286665305 -17.382930240969972857
-22.897120716113480654 -15.896530831936992456
-22.920635515025811202 -19.23761240294252417
-21.658187317564021157 -16.889505761820675644
-20.911523818969726563 -17.969861406362241496
-20.161570190422256843 -16.920792407264343638
-19.13276569014708528 -18.153884868002919006
-18.436969061009037318 -17.401382597038967504
-17.416040191217049937 -17.636470723943574512
-16.145523272148750493 -18.040442638806823084
-14.403019015136177217 -18.743681338787474999
-6.7455804016146867497 -25.518364731652233957
-5.2473332678865691747 -23.889593089080193522
-6.3897145895876228394 -20.336200564953823999
-2.576066012662721505 -20.371473342111144689
-3.9695777053553946701 -17.328532882688296723
-1.7606711487147563844 -16.007980165679946083
-2.43971321687099163 -13.711795820834115744
-2.726317278261905841 -11.696834192581937018
