-25.922514533811803261 -2.0234624795441549239
-26.038102042979407003 -0.72430111759330595422
-26.910159000618506298 0.2319083800882260904
-27.699356589795421257 1.130212964886183391
-27.316994204915264532 2.2438862403345423147
-26.775333018484971603 3.4057957086900874089
-27.169037285884186872 4.5239134784818304524
-27.809421954434839108 5.7371583439446069974
-28.345631753230190242 7.0093544096798208187
-29.300394763837779522 7.9715887572698562735
-30.244265348290081619 8.9255013423666955674
-30.640093339608828416 10.249722207856740042
-31.468892750231923117 11.246419427347447595
-32.401568814430937948 12.148036534881594406
-33.361612126318426874 12.964124509341992564
-34.518711364209501369 13.489332742609812854
-35.919062972720716687 13.475857410916820101
-37.248846110773477847 13.085822123766424951
-38.526408648433118742 12.423489716266374217
-39.8609855661188206 11.87652619541191612
-41.153151606809821317 11.81987140423010274
-42.141163107107004748 12.578792157703066579
-43.180376758866735543 12.614219304704231917
-44.265901321827961112 12.272761069749069662
-45.151744539353025232 13.041653363002847499
-45.963179786241035174 13.48697979421858939
-46.750769085039628692 12.574205847985661322
-47.548919449670293602 11.38394105735849493
-48.406794355960151677 10.4636440025008568
-49.42654037650545007 10.770053913976411764
-50.586334790547780926 11.542069455489615493
-51.911483369499627827 11.952697906316981147
-53.229420110686035628 12.448305304175974584
-54.512922930848397129 13.044740350610549484
-55.858875765603720254 13.215267736449641589
-57.212953349068698117 12.865512841307856107
-58.436036746276002418 12.165005982003291862
-59.684860402288123282 11.48877207671188394
-60.734815209065423858 10.659604038654233449
-61.60427573416160385 9.6186747714812330656
-62.31786700559541714 8.643566989838085135
-62.842929068728409447 7.83775790095236502
-63.27487064810348727 7.1041991958423551523
-63.678316442658555729 6.3467698409320689734
-63.977085644111582496 5.3516145251648117309
-64.255315954105071796 4.0370227229833348659
-64.150225743238834752 2.7745976924416031473
-63.548576166696086887 1.5703756044455645657
-63.714659114580975086 0.42943545798551391313
-64.581694316364874453 -0.68875230687258348627
-65.342356621811788386 -1.9088170881255410727
-65.823180100597127762 -3.1404035916115797811
-65.763759196386672556 -4.2839353729005722471
-65.63068698673512813 -5.481417551391992049
-65.402693279869495768 -6.7802200390497970872
-65.088206052787541012 -8.0661845704985779548
-64.706857134416608801 -9.2786413147548607583
-64.265172326242378631 -10.426701715655426028
-63.770451595380222898 -11.511598884745369631
-63.269524231663055502 -12.463216840682525444
-62.70908131338758551 -13.400851622813293673
-62.026706936737397768 -14.405957093734702568
-61.243157109818554318 -15.418034492632994414
-60.403246965580486005 -16.370717267153288788
-59.460267350565004563 -17.3095537780990405
-58.414810517267639511 -18.217823186807486024
-57.296872340583014704 -19.060064534394125957
-56.136016234497795097 -19.814089490234053414
-54.970681808968997473 -20.46300775710096076
-53.677264785202204678 -20.683279732021357944
-52.333530798562229336 -20.382656975570540681
-51.389094948623991854 -20.73094372525522644
-50.936208549975752646 -21.985319871393933511
-50.265987790435289639 -22.176270995232734151
-49.539396068079803115 -22.32747803438692813
-48.651815818467632369 -22.474476606369783838
-47.533033156522712659 -22.292963795847018815
-46.310487542536151295 -22.668936510047586808
-45.079323443223046297 -22.660702317571448816
-43.827126975161924349 -22.236069238155920402
-42.538331474773350749 -22.402239269253648501
-41.340584332422132263 -22.164681099731215141
-40.066315653609116509 -21.826663175187690058
-38.751134950316853178 -21.371327299517741238
-37.456750753261133013 -20.838225553811820845
-36.21436525441691856 -20.212315362270263819
-35.070936254753775074 -19.535129147892693169
-34.021590998683841178 -18.817682178830690276
-32.991670975729952886 -18.011404853744473087
-31.995173466257419648 -17.118989287092016838
-31.130730006280042943 -16.238391309684033104
-30.554073289048428563 -15.577545914595640753
-30.965336488220064126 -14.246605506356072368
-30.775952231304565032 -13.361390827447509722
-29.550507847871529066 -13.241695385239093952
-28.663855880702321599 -12.939804620076992947
-28.294993877171883412 -12.29620786284814038
-28.391221482342192672 -11.281162847414021755
-28.442399904608510752 -10.153102139901957202
-27.466004428850087749 -9.3313726116588320281
