5.8737067132162392724 -7.92620310948302631
5.5307579754466065225 -6.4404589999846058035
4.3610228871424343566 -5.3549369557773509598
4.3049738262827856872 -4.0984367043446443546
5.0233561459718814035 -2.6745093460331794688
4.5326816038117208052 -1.3038399631294161907
3.7792532808453045412 0.19618482482149157686
2.9122793154540493887 1.577877002466817391
1.6818051952780903591 2.6834603153770375528
1.1328232468771031183 4.2475290289686107315
0.08874237960965380978 5.4307367701642057511
-1.049921005583167144 6.4822892774101532609
-2.2753242285551742441 7.4488590975730772925
-3.5273195773662031627 8.2891839529388988694
-4.680373888614745681 8.9496764122576841771
-6.1382452366446331737 9.1465863528270272553
-7.8006526839319896283 9.3838093461083253999
-9.0259545260391433885 10.463618770915465106
-10.298959752191249706 10.921683904326034309
-11.767888916913252118 10.859643565187615977
-13.045600622718524164 11.249854144951989099
-13.929639250692282815 11.274256281073665065
-14.16609889112736731 10.850307756858150299
-14.279518990318873506 9.1411701072415372238
-14.392939089510372597 7.4320324576249223725
-14.506359188701887675 5.7228948080083075212
-14.619779287893397424 4.013757158391693558
-14.733199387084905396 2.3046195087750795949
-14.844405826427921724 0.59508241522276295044
-14.89465756065690627 -1.1254536524162028766
-14.869170504355118112 -2.8596564089981133527
-14.911427054164441586 -4.3281936078237812637
-15.532202316705305378 -3.8945914541809627529
-16.793235723666501968 -2.7512869163766175973
-17.927997761713989178 -2.1373390641579583793
-18.740145174736095868 -2.7724978259736254849
-20.31289295870163869 -2.5658047940510688711
-21.998617162459837004 -2.4108872391566089632
-23.603816564759391383 -2.0616817048210140939
-25.156067246281413219 -1.3567008561873219463
-26.707336326476031729 -0.64469328388744007174
-28.258605406670653792 0.067314288412441372622
-29.809874486865275856 0.77932186071232290026
-31.266067172908662997 1.4352513461140485873
-31.389310623784883347 1.223343700900645814
-31.759747444937783456 0.5474742205660909633
-32.208320271776003096 -0.55881246591246436228
-32.48038169786384799 -2.1512997877288495552
-32.162109427208690704 -3.6665912932049282702
-31.725156662905252603 -5.1005723754601701714
-32.571822885655940638 -6.4544574002118260125
-33.527357374333590201 -7.9149091780174023469
-34.027933662815200933 -9.4006713849822922668
-33.93235447759069956 -10.791304944841350277
-33.713812241738708053 -12.319181209487322093
-33.361393111426266955 -13.888589217100518525
-32.903827237006247231 -15.368555267188522606
-32.354943426581712629 -16.759028459011489076
-31.750471329073580051 -18.01606497633156323
-31.110833528988131036 -19.144845294345053333
-30.403938903852029796 -20.223257777900396803
-28.987715805333195362 -20.019498183309167416
-27.410438973442406763 -19.366924306889483631
-25.832925305939127725 -18.71404375844768353
-24.221661562969380554 -18.170003395907102117
-22.526971336905365462 -17.901622278785435327
-20.777963741806004805 -17.888242403632229838
-19.058127747415269937 -17.803608369418057578
-17.557384144615593158 -16.997426849803407123
-16.542552646519826709 -16.432367447752000089
-16.316509418439114398 -17.716634795734535146
-16.032483258072858234 -18.676220706112992787
-15.219960905992312661 -17.946662596069355544
-14.841872842253202691 -18.779945520394512926
-14.709327606662641941 -20.477663951445897794
-14.578409560125420441 -22.181110914682349744
-14.447491513588195389 -23.884557877918805247
-14.316573467050973889 -25.588004841155253644
-14.185655420513752389 -27.291451804391698488
-13.88516585669643888 -28.677892407689540732
-12.711440892315568618 -28.482819843918854019
-11.157132270430833998 -28.407813851560391072
-9.6797636104166535631 -28.244513948057552
-8.1356652074414164133 -27.834254466838309838
-6.5392281008389030461 -27.2658957594159439
-4.9926469338213372851 -26.562410972169587353
-3.5570821307032662872 -25.758421766310085843
-2.2680365450479804679 -24.894441828113837545
-1.0204742426997874816 -23.907974231630539919
0.15885938485250861163 -22.81129639569235934
1.0321953636668812493 -21.872646578984102916
0.89197603214552112494 -20.530646667159579977
1.0687753006997517957 -19.416458707363190683
2.5900154718784023089 -19.295645145243607743
3.2947568654360068763 -18.701877645521548743
3.5786559868920462257 -17.74397084003120284
3.3208620838718765356 -16.315168882270576489
4.4127327298837215608 -15.285665944391583437
4.7865653081345378439 -13.937307989197542213
4.3968067973272368931 -12.247542442137989482
