-25.91653868887943446 1.0408776301974611567
-26.098055155494940038 2.4067007564630755745
-27.101332104075758878 3.3974928826056656206
-27.6980615545635942 4.4053938714400713295
-27.068078733531820035 5.6332973268787860377
-26.903739020360561085 6.4016426603999914136
-28.110393314824815292 6.1728464764388810693
-29.563609772717601487 5.7647224701637576061
-31.01682623061038413 5.3565984638886350311
-32.470042688503170325 4.9484744576135115679
-33.923259146395949415 4.5403504513383881047
-35.37647560428873561 4.1322264450632637534
-36.829692062181507595 3.7241024387881416224
-38.28290852007429379 3.3159784325130163829
-39.723721604039354816 2.9471855522576584363
-40.951291695074132804 3.3723851590575550929
-41.627990797904530496 4.6637754984553829729
-41.140528953155531156 5.9476232727269842115
-40.330997783024663761 7.2256702573736042439
-39.521466612893767945 8.5037172420202242762
-38.711935442762886339 9.7817642266668425322
-37.902404272632004734 11.059811211313460788
-37.360421022835474503 12.302606883183651476
-38.066297774067855642 13.143445150255079312
-39.339892053186481746 12.808810928086440839
-40.667065350268181589 12.066245363326283169
-41.987809557120137072 11.825459657269153269
-42.939252895355494388 12.580643236673116903
-43.968941005113457265 12.45775031442243197
-44.950018574493704193 12.582415133018566067
-45.719058099841248577 13.456145908196111449
-46.445211278313578873 12.778119157532687566
-47.161096594790294034 11.394925136941710164
-47.943468641774529715 10.469630287230264898
-48.950358283555587491 11.058208857231829114
-50.222141728156415752 11.802527771210062468
-51.617299048422211172 12.37948225059256302
-52.895277710579406971 12.989489719340635787
-53.955371699333220192 12.593796873678410719
-55.064516027182797586 12.50786954045534749
-56.332927702301823558 13.259166017038250374
-57.60922446998302604 14.0513395015489575
-58.909340719438787914 14.576823198679532467
-60.249466338095906792 14.194753616347098202
-61.205132188171845087 13.125641221681071613
-62.062217573901229173 12.017986571869117896
-62.683706706926997754 11.101400218166807221
-63.169580674365064965 10.299424712426704431
-63.603082773224926427 9.5032529203697890807
-63.983858538155601536 8.5067567470581462175
-64.237445867196584004 7.0985974957753619208
-64.124513937476862679 5.7459241066823114608
-63.515027273625250359 4.4592189511459183748
-63.853136802422369556 3.2478105610606404774
-64.782139227034477358 2.0294510409504837867
-65.568724043780505895 0.70464856063259051489
-65.804458128449809351 -0.58300733136653226651
-65.710126516669078001 -1.8076776281576125704
-65.517010106965670957 -3.1607817874236490141
-65.218898121790289224 -4.5495047336382308245
-64.832185518024886051 -5.8855200640103513265
-64.380067854892942592 -7.1258690643331368264
-63.856822471438420052 -8.3134701934389987343
-63.321444155019989353 -9.3503553671092554112
-62.728001217740157358 -10.351883692282170202
-61.997013999708372012 -11.428299625990630872
-61.153296746561615294 -12.507923801126498375
-60.240450376219868645 -13.524321634450451768
-59.204399364977426501 -14.52656996433505121
-58.059392479141820331 -15.482177514175839761
-56.839848431558451125 -16.354103025495362544
-55.59474710267664932 -17.111940981877072687
-54.32195023282777413 -17.710573299476440212
-52.843699547810949468 -17.486643694625900736
-51.620575006658292239 -17.476699700894425149
-51.032398186182710731 -18.630917278455356723
-50.381468543540215421 -19.134321921170592162
-49.621367241583207885 -19.296626114819837028
-48.682761403872326866 -19.454981316036263905
-47.487052553807593824 -19.293703263474803578
-46.17562805858143804 -19.657033632110035626
-44.854586807290061756 -19.569470028737931955
-43.502680989761380204 -19.225189969330667594
-42.151318938979407847 -19.319657967783417263
-40.848227373525652695 -19.030796925336144199
-39.456275731690801933 -18.600948738589782039
-38.048743152862932959 -18.086106892439119065
-36.690655054587814732 -17.451940158897770061
-35.423170177631483568 -16.74184003832101908
-34.276306890555801488 -15.988291914076171452
-33.172120973239785258 -15.148325837899676571
-32.09621139569109971 -14.203112711823511205
-31.155917165085597276 -13.254048626235434227
-30.566425304013478126 -12.514933791924617523
-30.987400509603926224 -11.103721339178365568
-30.600498122403642753 -10.291223537679488942
-29.196414568916022603 -10.230295571061757798
-28.544270724214172219 -9.7273677274394323433
-28.137781958208570643 -8.9947231670193001918
-28.541639904525887061 -7.7037122598610592306
