-21.435594961731716523 14.314762115478515625
-21.264980501914081401 16.419392831493155427
-26.727804189668528778 17.4098829884123667
-24.561895634220306306 19.749795380446727222
-25.195730209045990478 21.480041650497366135
-24.858221510276962363 23.801195191575480692
-25.77869241363632824 25.583811762497166598
-26.204417695890601436 27.8971716669140406
-27.200356088927762244 29.962022541832908473
-29.527505727788344814 30.503366389655479196
-30.701929351227473575 32.652472710264973443
-33.376900265310183613 32.086102547233650739
-35.704762241864955286 31.501920694783763111
-37.286456982948557481 33.146244661420297462
-39.443224005448215053 31.878149354662237869
-41.289207146787013869 33.985964264103536436
-43.113891456383129253 31.675460732521017349
-44.639738833082247993 30.077759810561417453
-46.923326686401296115 31.654789221862575488
-49.166250921541973185 32.006885939333329816
-51.798823140881651739 32.517940755173157186
-52.675222967479591318 29.986265449931003957
-54.34891020372933923 28.819024479876262035
-56.40446924334509049 27.924600183719846314
-57.371416082160401118 25.999163091325065977
-60.436046028142072828 25.369188427170477951
-59.221191393788899404 22.298592858185593002
-60.03701732254707224 20.406293718728214515
-58.601014554072612839 17.994498979553668505
-60.126107406179741588 16.29459859686008727
-61.227683888118207278 14.314762115478515625
-62.62670651020495427 12.072100175015030743
-62.176896370504977085 9.8749482144816536078
-61.190379782597830172 7.8484793246275943446
-59.337877296598527721 6.2789780563107200351
-59.922278294086780193 3.5569570741514464629
-57.629333398194788174 2.4429716317831253747
-56.901839843051547518 0.25708733778979819817
-54.965907798885204727 -0.87474628550932109761
-53.302919509839533418 -2.2206923926153017135
-51.61208263870157964 -3.5649754947864025212
-49.371819755716337852 -3.8390764742928809028
-46.948552382982882136 -3.1028992747176502576
-45.816785812861581917 -6.9858033446509075759
-43.315618005559663573 -4.9651817220568972289
-41.289211273193359375 -6.1551007213951969277
-39.259519883418775521 -4.9964683412768984283
-36.991994055860232038 -5.9020757970438388895
-35.140917994999568919 -4.6077510301912028012
-33.093719299361971764 -4.092616984772128319
-30.977188479618369854 -3.5461886237930784205
-28.629923089000516967 -3.1092599861336296385
-27.123270343118317527 -1.4181116597104530541
-25.625022681891060472 0.21066067310723646244
-26.76740426221499547 3.7640520531334686893
-22.953756623832411776 3.7287801402888298696
-24.347267292413331319 6.7717216820345376149
-22.138366000638988851 8.0922729187873017054
-22.817403168453903817 10.388458266399979379
-23.104006510450492584 12.403419009384444749
