-32.433833252382690659 5.6435297623841593762
-32.615350545615221733 7.0093527274446261188
-33.618626862140153833 8.0001451274313559736
-34.215355886939839536 9.0080462416259532432
-33.58506193148107144 10.240635686994577824
-33.400607245435189441 11.311252442345114844
-34.548787800176896212 11.973288717230225586
-35.98123320210012821 12.387794692475655012
-37.48996613033598635 12.504598450198589177
-39.006841247225636948 12.526750912525672632
-40.511208393618787227 12.354156439376687615
-42.00016412937974053 12.164104957197348966
-43.387797095961374794 12.503709758936711438
-44.750072741472713744 13.030740654555449609
-46.148134030249252646 12.840260501848657526
-47.2702733292612578 13.044504209831899288
-48.339563896333082482 12.71731613302738495
-49.546159991821049573 11.931238347947550338
-50.393558207850404074 12.30979362023018453
-51.057053324275436523 12.537667711119135916
-51.789525483073248324 12.588146421477164338
-52.301219291648799015 13.431856573042422198
-52.754254165092831386 12.634988632037561729
-53.153069047055275576 11.192269335500176553
-53.642963947151834248 10.553020460453696572
-54.415688893459304154 11.562801469587022041
-55.151860011188972521 12.892619971958026781
-55.848492504956766425 14.232685600540412096
-56.544768794905060361 15.572843545575150159
-57.241045084853375613 16.913001490609889998
-57.937321374801697971 18.25315943564463339
-58.633597664750006118 19.593317380679369677
-59.32987395469832137 20.933475325714105963
-60.079704810740416576 22.200394338106981706
-61.255352954958922851 22.847055658844755754
-62.276619284441963487 22.301256131428900176
-63.268949174619727671 21.694421936766559611
-64.059910797242437752 20.501256171122580696
-65.254545239196190209 19.598336783542478656
-66.603780057555255212 18.903878593609608316
-67.59717409057955706 17.877471866621064578
-68.478686777906020211 16.759560177070611076
-69.128331179381447669 15.817053954364535429
-69.627172314059151859 15.005333532338548608
-70.062659704048556364 14.217027007535024907
-70.515910305154704929 13.294054864635439728
-70.706135840380582636 11.887931750304941758
-70.712073643385664923 10.523822295023212092
-70.083689221523314927 9.2303775645203263167
-70.259952809251956296 8.0077047471359872333
-71.184093507900925601 6.8020426245629126427
-71.983988074247378108 5.4853980536906217225
-72.328668632665525706 4.1839877994516196935
-72.24487500869490475 2.9632298565414250113
-72.066539041757820883 1.6282927084419629438
-71.781658083621849187 0.2371479290062232792
-71.404753695960749837 -1.1115160334665343811
-70.962400273997616296 -2.3595065306163025554
-70.445421049901398192 -3.5606474455836636395
-69.911196306946266077 -4.6157140726145478027
-69.331471187659019506 -5.6117711398032792403
-68.620048365778899324 -6.6789577381235396558
-67.786452296487070157 -7.7657704828476337156
-66.885786664434093041 -8.787302882547798788
-65.866990851168878862 -9.791866772663807339
-64.734220831488045178 -10.756458299838122628
-63.522890530690901301 -11.640908749865054972
-62.277886614923119168 -12.415414259718961176
-61.026019426272178237 -13.074272942522632945
-59.554734492344486796 -12.933904215957015893
-58.263092843669774368 -12.806420706368619733
-57.607243373194677361 -13.83589422972399241
-56.993723019496805193 -14.509211019089473638
-56.249606086607165878 -14.672203858278066946
-55.335289941509927303 -14.832338859655216368
-54.173719579028663418 -14.666584756385422139
-52.869272884625580389 -15.050518000874639313
-51.548838023827165955 -15.041665794025881553
-50.204016687635160565 -14.616629608759344805
-48.838732741893018385 -14.748040831145488028
-47.545151880047001214 -14.473416631283200218
-46.157032647479361742 -14.076723277445793769
-44.750678348148035468 -13.560299540440375665
-43.385396069358755256 -12.939283483190052948
-42.102031621200907807 -12.236537938252673996
-40.941695559077274424 -11.489389233834508275
-39.83647374424276677 -10.664661570788727118
-38.75305321236719891 -9.7309459970582512511
-37.781313934619142003 -8.7671304361979061071
-37.118726144047883508 -8.0273943965800835798
-37.465508505096551062 -6.6764729525293997625
-37.252204063839037929 -5.7357079559370545141
-35.914427747312814176 -5.6257868745664270094
-35.113294800030487863 -5.2129922633343461769
-34.711768897319501548 -4.498712297557638351
-35.029919479272976446 -3.2687577822316762344
-34.639283314112823575 -2.1944896214704723292
-33.600548603746538845 -1.293199370271167048
-33.577167630053573077 0.019742785275807639422
-33.92737008491424433 1.5208270307330038484
