-2.4974657751014675 9.935245513916015625
-2.3268517927002392298 12.039877189116177547
-4.6186198909281159786 13.704396532711935919
-2.8918466844683443639 16.257934044297641663
-4.2759060901870746818 17.982832111707459433
-4.8887977527762735974 20.017101357980113363
-6.8405630158671275609 21.20429519848185862
-7.2662887381165504053 23.517655054731438469
-14.833500263662987351 18.284364277161596846
-16.848960726377825381 17.50826445858939806
-17.396284098148019126 18.517205300116053479
-19.205452821901221938 17.000436028981937397
-20.217435377180365208 16.501920925801730533
-20.605781401085774718 18.146244645420956942
-21.621349827650536923 16.878149400985282824
-22.351076909451009556 18.985964264103145638
-23.059503888406979399 16.675460682251088684
-23.426948262914716992 14.996800304994405195
-24.64750716182516399 17.00291841183742747
-30.266266537866666653 27.713037912269744112
-32.860693642932261582 28.138424195699816011
-33.737093581689471478 25.606748819845385867
-35.410780804097527152 24.439507855428178829
-37.46633980379611728 23.54508359826139241
-38.433286661108446935 21.61964648426133806
-41.497916465728309277 20.989673970879714204
-40.28306197459342286 17.91907624347625827
-41.098891709578325049 16.02677712522060105
-39.66288513851142028 13.614982333355351685
-41.187977987485950848 11.915082888507752656
-42.289554463069379153 9.935245513916015625
-43.688577087246272868 7.692584070176012645
-43.238766933306287399 5.4954310789213600685
-42.252254180673020301 3.4689627489999814713
-40.399747875926649954 1.89946134536972977
-40.98414884366025035 -0.82255924354097409434
-38.691203967758255544 -1.9365447387763268239
-37.963710374924787061 -4.12242931161559234
-36.027778350037507948 -5.2542629681050652124
-34.364790056148159181 -6.6002091341971116378
-32.673953154132561849 -7.9444930843872150206
-30.433692240286674746 -8.2185940285187868426
-24.280861318013762684 3.9959866252165729961
-24.30082763851439509 0.76238725976503651793
-23.068393350139228204 3.1104942583079280283
-22.351077671849449047 2.0301385936378997243
-21.630482285639249795 3.0792075958275013647
-20.631680042988733703 1.8461152097475164169
-19.967261636719285889 2.5986173819309152933
-18.979936377356285249 2.3635292729665309253
-17.746315181738403055 1.9595573736424096722
-16.045468724431767527 1.2563191141000960016
-14.873026016771275337 1.6300232516817629858
-6.6868936991489587029 -4.1688558901053394123
-7.8292749163340680241 -0.61546441897572812252
-4.0156266787010430619 -0.6507360585449308843
-5.4091383581933634161 2.3922049298368781578
-3.2002315642973080401 3.7127563310826490195
-3.8792737425949788133 6.0089411918115267497
-4.1658778060237615648 8.0239028336016335885
