-42.894880275152907245 -4.3727774620056152344
-42.890454723436114648 -4.2104126447520515697
-42.907449618496713128 -4.0480328073851401527
-24.976015354649913291 1.9499109418415985218
-26.36007499536914267 3.6748107916930052852
-26.97296761840661361 5.7090783837486132057
-28.924732375524119021 6.8962736143122373988
-29.350457663609482495 9.2096344791135926755
-30.346396008620200035 11.274483402400026222
-32.673545690035084021 11.815827288629385805
-33.847969290614571491 13.964935503467344802
-37.145428254966546433 12.000435892982228125
-39.27725269991773871 11.50192061872463789
-40.71147150126484604 13.146244666195737949
-42.727212890010171975 11.878149347507292788
-44.435253143310546875 13.985964264103568411
-46.121989977868516064 11.675460741014433097
-47.489596748435630502 9.9968003661409650107
-49.64292358705853303 11.654789209559730523
-51.727949787082295074 12.006885960719394291
-54.686369696261344586 13.382673488202939893
-55.821264844727551235 11.298726344103220853
-57.49494831570468989 10.131485328306553129
-59.550511093332225698 9.2370630127781989671
-60.517454149699986488 7.3116249276711151595
-63.58208389591798948 6.6816510820439809493
-62.367233275409567739 3.6110549237942786149
-63.183063001623722243 1.7187540396939668952
-61.747056425584673889 -0.69304054488816069224
-63.272145467745751546 -2.3929403238444018065
-64.373721943538129153 -4.3727774620056152344
-65.772744573411429769 -6.6154378978735319805
-65.32293824718885844 -8.8125908552714573574
-64.33642549074951944 -10.839059704194770717
-62.48391916240538535 -12.408560577180246298
-63.068316308530604886 -15.130581620631055273
-60.775371446197986813 -16.24456676381635134
-60.04788175503126979 -18.43045052427122954
-58.111945812569238967 -19.562285483340097869
-56.448961383689116644 -20.908231609759820202
-54.758124515485306461 -22.25251459158444689
-52.517861626968795008 -22.526616528108714732
-50.094594194031955681 -21.79043648720838533
-48.962827691592110568 -25.673342443467056739
-46.461652473327305302 -23.65271984516617465
-44.435253143310546875 -24.842639345205011381
-42.405565462693743939 -23.684006477156920312
-40.138031986045604071 -24.58961487107140087
-38.286956071941496305 -23.295288230482462666
-36.239761170802566426 -22.780157039682634945
-34.123228391308842333 -22.233727694950111697
-31.77596294274260913 -21.796799126777553823
-30.269310232085892665 -20.105650753511373097
-28.771062553877467138 -18.476877134623059362
-29.913444350636446245 -14.923486505204161645
-26.09979653446090353 -14.958758393211752491
-27.493307303908146366 -11.915817051216238909
-25.284400235437448856 -10.595266163626870792
-42.648588713545294127 -4.7525446130850124149
-42.614345526328605729 -4.5641625220422454845
