-43.924306869314250434 -3.0040839168251176616
-42.422317115677266486 -2.2364630399453799825
-40.868490041088683995 -1.526214553334992674
-39.314662966500115715 -0.81596606672460525456
-37.76083589191155454 -0.10571758011421805712
-36.20700881732298626 0.6045309064961690293
-34.653181742734417981 1.3147793931065563378
-33.099354668145849701 2.0250278797169429801
-31.545527593557281421 2.7352763663273305106
-29.991700518968716693 3.4455248529377184852
-28.57376710299924838 4.2178568595080605519
-28.366273393179348261 5.5171380294133056665
-29.331727856853799352 6.810170164473746901
-30.479331926490143445 7.968698015158575565
-31.035041468630183203 9.5219839317297996217
-32.127324181131719172 10.669458787977651681
-33.273625661068415127 11.699206041567995484
-34.564915702587164503 12.686380484952895387
-36.118851048317900165 13.22758934816590326
-37.644146565044891872 12.735908123707110562
-39.191733572362053906 12.032841649800083417
-40.772361909385097078 11.750048500670722262
-42.039136896902299156 12.5104107714861712
-43.326897677105584705 12.56863103098997847
-44.641827452510121077 12.39429542443598109
-45.735598725992041125 13.396262442290312933
-46.747301625919220669 12.978030233441254282
-47.741832838096655678 11.602046939509301993
-48.810607013217136796 10.485757100783208884
-50.0842629038288365 10.889010449071628628
-51.562684460672123521 11.691295448727441197
-53.167301330130854353 12.209778425062131291
-54.598738409208991129 13.117448309874294665
-55.826493891086755639 13.768108799668109299
-56.720455925439665634 13.23660765934647543
-57.651997777474569773 12.028774886329980376
-58.968899343329184148 10.975344793286055278
-60.479798056734068723 10.171877600213242943
-61.559120680090309463 8.9525344709874303817
-62.477424997496612491 7.7336618214439099006
-63.119740934817677669 6.7492580774365631413
-63.631855487306822283 5.8612374395020054862
-64.133521477205164274 4.8730660013285742593
-64.392174927349032032 3.3565615721773984781
-64.382137294356368784 1.8114403367022966496
-63.742886515595380104 0.35385199673153427957
-64.269350209278144348 -1.011845622562066227
-65.283792050535851104 -2.4294060091230651466
-66.054471247713223647 -3.9338541236846249483
-65.987633236067665621 -5.3357373613518319644
-65.809659426601214705 -6.8125727031668326106
-65.494701979801817515 -8.3880892177457653247
-65.063111868621476219 -9.9063760561702238761
-64.543920732353200265 -11.311710281824529645
-63.944998210864596899 -12.626372217738136783
-63.326878755893886819 -13.768468119229058999
-62.586186668792045396 -14.94144524030780552
-61.671597400657098831 -16.179099082133781451
-60.661351372888454137 -17.346191519231059175
-59.507376860583804046 -18.483650671681026267
-58.210318716693414842 -19.566042555215126697
-56.821481910843658625 -20.538343891878088954
-55.408886223703852636 -21.361276903941817551
-53.856356304256671308 -21.675759471654735933
-52.277388898391748739 -21.390393660936734221
-51.383292807473146979 -22.279159788825971589
-50.706174632148020009 -23.134815134862897423
-49.849690462060735285 -23.319828677703746678
-48.771767181219757958 -23.497681656639521464
-47.372529444154658052 -23.434166310352985363
-45.88060819265336221 -23.68214860044176362
-44.370563779190590026 -23.319765789958957214
-42.808709433824432722 -23.417527474114393726
-41.34574210879164724 -23.120331522594067764
-39.776547641882530115 -22.667559971038272693
-38.18652730323297817 -22.069616602030549757
-36.658014849460577977 -21.33729484595749426
-35.259751905484876033 -20.518595780861385691
-33.990422737748893667 -19.633490054637626088
-32.749257057419271177 -18.613737891392894142
-31.612903200152114636 -17.517499365571339354
-30.833258381263284775 -16.654685544087183047
-31.207602886543153176 -15.133990542752041364
-30.664322431601569008 -14.290587122746062576
-29.064491355314007848 -14.232187556078216062
-28.616343545422715522 -13.47356639611584761
-28.593216636583271395 -12.336750441965238068
-28.52515729094223218 -11.006235991917076689
-27.374634764117853791 -9.9823653304481663184
-27.347603473437448685 -8.5351741012792547991
-28.403026981235129256 -7.4726205948633621645
-30.033684659826096919 -7.0581591636977707438
-31.699311365556528841 -6.6834364594271322702
-33.364938071286928789 -6.3087137551564937965
-35.030564777017339395 -5.9339910508858544347
-36.696191482747750001 -5.5592683466152168492
-38.361818188478181924 -5.1845456423445765992
-40.02744489420859253 -4.8098229380739390137
-41.693071599939003136 -4.4351002338033005401
-43.355126311310904441 -4.053514168051661315
