-30.784384176819607148 -8.1347169876098632813
-30.613769718002266984 -6.0300848315665724897
-32.905538518813230553 -4.3655657880346225852
-31.178770349023061215 -1.8120280453474739701
-32.562822340757421102 -0.087128837878106324411
-33.175714963799848078 1.9471389780855048457
-35.127481600563825737 3.1343340511607991061
-35.553208845237108449 5.447694501060851735
-36.549145329042083574 7.5125444149527407234
-38.876293035121605612 8.0538882399464419848
-40.050716647711304574 10.202996461701221875
-42.725689441642458632 9.6366272415874263402
-44.781959941097227329 9.888334161996006344
-46.34240725114101167 12.074480691088542272
-48.612791059756837342 11.133870441226950021
-50.63800048828125 13.351247276493705129
-52.641910151715798349 10.931181851660582538
-54.264162703819970091 8.9250365215594271717
-56.543714682608595012 10.041202807388064144
-58.553183289782367638 9.6430773095763377967
-61.14761229283580235 10.068464549558008514
-62.024012196829033883 7.5367872901553170095
-63.697699430260023234 6.3695463201590616364
-65.753262286026483707 5.4751229736573687745
-66.720205301374207352 3.5496854130693193952
-69.784835150701212569 2.9197115109045554959
-68.569984422647763722 -0.15088467879700040442
-69.385802729682382051 -2.0431850474902777393
-67.949807570461985051 -4.4549798220938914284
-69.474896629144424764 -6.1548791506594637823
-70.576473103206097903 -8.1347169876098632813
-71.975495732505407886 -10.377377905776159039
-71.525689411456482958 -12.574530836073197548
-70.539165192069830823 -14.600997843162556222
-68.686670316552195459 -16.170500592022378328
-69.271067556115326624 -18.892520517121845103
-66.978122616641343257 -20.006506751426691437
-66.250632988894352593 -22.192390444310589714
-64.314697034163927469 -23.324223522673801057
-62.651708723683292135 -24.670171615816887112
-60.960871853789470265 -26.014454597874781427
-58.72060896853369627 -26.288554624717846764
-52.190837450114067053 -12.913857378436620849
-51.682807829587403603 -13.050149285082696338
-51.163287425923698493 -13.132487309300532985
-50.63800048828125 -27.969861406362237943
-48.663503987188029498 -26.920792380489196205
-46.382798316463436095 -28.153884910809601649
-44.489707212993735652 -27.057228226875253085
-42.442508511803048066 -26.542095133007752139
-40.325975742722121709 -25.995667701111141668
-37.978710305142129755 -25.558739141881734014
-36.472059504425018872 -23.867588866630043754
-34.973813818409894338 -22.238817253528232243
-36.116193512166638868 -18.685426382685012214
-32.302543867332460081 -18.720697421022514106
-33.696054635991423254 -15.677757024712015266
-31.487155211904021002 -14.357204265186908287
-32.166192383541797994 -12.061020836688399527
-32.452795734037792386 -10.046059220896042419
