-40.99120185062867705 -4.581782156940537476
-39.488316021944747547 -4.0528822277894516191
-37.962292213333633129 -3.5452579025702140036
-36.436268404722532921 -3.0376335773509799409
-34.910244596111418502 -2.5300092521317449901
-33.384220787500311189 -2.022384926912509151
-31.85819697888922164 -1.514760601693273756
-30.332173170278107222 -1.007136276474038139
-28.806149361666996356 -0.49951195125480274406
-27.280125553055892595 0.008112373964432713358
-25.762461495516411958 0.51990177866971154508
-24.863001029723545088 1.3396988113678984789
-25.100688757812200436 2.7892984024964340151
-25.292159049021893935 4.3873181296316507982
-26.105953831270390708 5.6006723827925171122
-27.155326582017757175 6.7077513795787311324
-27.654350458198976526 8.1866920280907855556
-28.677659384755546768 9.2717769134800676056
-29.751058339991189428 10.253882588445206281
-30.904830557707938965 11.164001003856252936
-32.088526244115229247 11.965824772485401439
-33.179124820008453867 12.602000320133534217
-34.43542023198513391 12.824293987884864521
-35.934314870725181379 12.212744169713237952
-37.322311651162934254 11.863227366439364374
-38.494253252486664962 12.61513839633120071
-39.765907871620079561 12.572257578655934296
-41.059204525746700654 12.314457307354727433
-42.147005666121764023 13.259004005850963281
-43.173444141757642001 13.27991966038157301
-44.178764334628183974 12.054233602738422704
-45.209655491718393705 10.824062410581259286
-46.35896094796043343 10.464094811332266488
-47.678788076581064104 11.275053475353283616
-49.193687618855989285 11.826734860708373986
-50.785786898424717606 12.24317349458114812
-52.194970184395458546 12.622636714890134613
-53.140360941642391879 12.07934141677541362
-54.048977551262368024 11.08758823367005597
-55.146786434371733776 9.9710498531127988997
-56.562322317726597021 9.1808956835826585063
-57.739741316326870901 8.207456002944246265
-58.70767204539929196 7.014855053353798553
-59.435249540676807101 5.9775962150814727636
-59.9749710371997935 5.105876846329264751
-60.440162512784972648 4.2637608564538300726
-60.873113534386746437 3.2304615823581213085
-61.124725437153848873 1.7295091767268460092
-60.941293319244863369 0.29248226192959975167
-60.368333541150086319 -1.07169478164414822
-60.950164334916763664 -2.3512196941359744251
-61.908174244250730567 -3.68506970921996313
-62.70577725695839888 -5.1039629908365524713
-62.653567047945244894 -6.4323294349101001188
-62.507944844853113864 -7.7917740749115935728
-62.240581991222086344 -9.2732882620280427943
-61.862531752827244702 -10.73051746482171076
-61.404621012143806524 -12.080069219911163003
-60.862205359787886039 -13.371035721673710128
-60.292180695964461279 -14.508400871027387069
-59.672995814537983961 -15.572056314660237319
-58.903820346747238546 -16.71490939004658216
-58.004488380977107909 -17.8656752301061168
-57.022983423464310704 -18.948350036930456497
-55.9003260147474208 -20.013524984310379295
-54.660931859635084606 -21.016913513371239475
-53.346641911285630044 -21.917678418893881798
-52.016728762223372939 -22.6837543816774172
-50.555449448528989365 -22.986130146434586408
-49.045204158560103735 -22.683733146554100557
-48.115653327181377108 -23.357916158138163354
-47.52420097213854433 -24.394089491577556572
-46.745200773294861563 -24.571009809314858785
-45.797330564412256138 -24.742775116380848033
-44.578144983060660422 -24.597621738554494186
-43.18828912307746748 -24.977292702075715169
-41.779107751026003825 -24.911013541974025287
-40.336440679807594734 -24.558278017710311047
-38.903819142291027333 -24.618337232452585539
-37.500636334175489139 -24.29379409663513556
-36.009108942629623584 -23.802969221166009106
-34.516111229450970654 -23.229293524521629877
-33.092142825060349764 -22.520807759725261832
-31.794267713565169231 -21.744101282827053012
-30.604134754808331564 -20.906088896060897042
-29.434977065623442627 -19.945597287568848088
-28.350666375515920947 -18.908632367543368957
-27.575201593363299679 -18.061890658878112959
-27.78975997343114912 -16.740664280955169119
-27.636656491995786666 -15.682193444267044313
-26.227329132506227438 -15.551914681944657204
-25.437307826448254389 -15.072076963226317403
-25.003812860870134216 -14.290496223316267788
-25.689925710936066139 -12.92462778735178297
-26.909337059924862245 -12.009450321608451162
-28.367748144832621193 -11.340489029518870723
-29.829391139624341633 -10.674857232678157004
-31.291034134416062074 -10.009225435837443285
-32.752677129207782514 -9.3435936389967295668
-34.214320123999499401 -8.6779618421560158481
