1.0209668420860325 9.676593780517578125
1.1915807052692102275 11.781225455801097368
-1.1001874106152094157 13.445743928747932117
0.62658091491701739528 15.999282344790591637
-0.75747335400155435536 17.724180378783536582
-1.3703650161355334092 19.758449624159140967
-3.3221303986796275609 20.94564346508342112
-3.7478563751014952743 23.259005246178073634
-4.7437939911021036465 25.323854156819109562
-7.0709436849143809667 25.865198054231274938
-8.2453672734836516156 28.014306262152409488
-15.571863860635950516 17.000435953127464472
-16.614964574658660723 16.50192079434787118
-17.032367308050080368 18.146244593523348954
-18.075735273329684105 16.878149368217076898
-18.832644329424251595 18.98596426410317406
-19.568258394748706763 16.675460705781993909
-19.963491921403882401 14.996800142169494308
-21.100002622204435454 16.654789176603120637
-22.09630475209909406 17.006885886075266967
-23.859102439530705198 18.382673813606274393
-24.146992467053827625 16.991163400113851623
-31.892348186910027152 24.180856122029741329
-33.947907170504571184 23.286433790096939589
-34.914854043920946935 21.36099475086290056
-37.979483848540809277 20.731022237481276704
-36.76462935740592286 17.66042451007782077
-37.580459092390825049 15.76812539182216355
-36.144452499006014534 13.356329751280121343
-37.669545370298450848 11.656431155109315156
-38.771121845881879153 9.676593780517578125
-40.170144470058772868 7.433932336777575145
-39.720334316118787399 5.2367793455229225685
-38.733821569969244081 3.2103115123935435093
-36.881315261433108788 1.640809021975563553
-37.465716247009297035 -1.0812103155203089955
-35.172771347212076876 -2.1951971920533246418
-34.445277775678370347 -4.3810803098327024685
-32.509345727639470169 -5.5129151830322502548
-24.304752363257392744 2.1448860606878765722
-23.298924237056894526 1.9407701814483830915
-21.975747448305423148 2.6170698016863767066
-20.643465291495346037 4.1034694808664413657
-20.727420069242576517 0.76238737827755720389
-19.522773552136975184 3.1104942758179765505
-18.83264504162959696 2.0301385936379103825
-18.139231603119757352 3.0792075633183602079
-17.168228911788300906 1.8461151556947514862
-16.532872494887659087 2.5986173908505501018
-15.576660853968949283 2.3635292879174167879
-8.5206263798613814942 -8.184355971870132862
-6.1733609725953542124 -7.7474288632542176458
-4.6667082548390386165 -6.0562804896559381262
-3.168461306960150381 -4.427506893343743144
-4.3108422642828205795 -0.87411681964406540146
-0.4971939246777665744 -0.90938713556463213195
-1.89070560712175606 2.1335526333521723785
0.31819604379517585357 3.4541050674277613552
-0.36084124432935027471 5.7502894597652893793
-0.64744530793388221923 7.7652511012656209033
