4.8536182188102756641 -6.47528076171875
5.1337926913205969015 -4.4173128519822650873
3.1695099072375079174 -2.7308897114836421238
5.0127622673822891386 -0.15259204210199861507
3.6287081255839268579 1.5723071347022479216
3.01581645686461286 3.6065750831904139773
1.064051108327687345 4.7937703075590043511
0.63832527624913737441 7.107130705269257831
-0.35761255281953552299 9.171980600175908549
-2.6847620922844352975 9.713324465895464499
-3.8591859642159214161 11.86243269971837222
-6.5341582603070094137 11.296063467478539621
-8.5904233092927348991 11.54777047612777352
-10.150873118356738445 13.733916897759051778
-12.421257105867569592 12.793306676416548839
-14.446469306945800781 15.010683502384818411
-14.913337862584958415 -2.0333008718737071163
-14.759367428262518018 -5.003200254223172827
-15.463489880668314314 -3.3452108282094359382
-15.996828851118667814 -2.9931140959443083283
-17.251207608069634603 -1.6173262244987238745
-16.740353188620918701 -3.3180170721318216209
-17.052131689956606664 -3.5813973417326661064
-17.334045866066219332 -3.8752937809966905292
-19.819829976621917922 -2.5713020593073108166
-23.158179385545345497 -1.445571297593648552
-23.036163354441960394 -2.6509006327276689596
-33.194274404563088865 -0.3837490154216354199
-31.758271638894559175 -2.7955439199615037538
-33.283364492060982798 -4.4954433818758197106
-34.384940968196332278 -6.47528076171875
-35.783963596737571322 -8.7179416870975998677
-35.334153447791521785 -10.915094675848997952
-34.347636884397459767 -12.941561578369109142
-32.495134376440574897 -14.511064344579635232
-33.07953342826075982 -17.233085392988776618
-30.786588560043831819 -18.347071498808368517
-30.059096907571067447 -20.532955318268470535
-24.667251279518772833 -17.826611591533556123
-22.714395549740423519 -17.855113929674356399
-21.134463397121553641 -18.059229647697129906
-19.302861522371863146 -17.382930212186110452
-17.507614158077213773 -15.896530592905163459
-17.15918306527404269 -19.237612557802762581
-15.541044073267368475 -16.889505721178505127
-14.446469306945800781 -26.945142168080987943
-12.416775144324583735 -25.786509320393236067
-10.149249117646945706 -26.692115789636552847
-8.2981703349929958335 -25.397792962905114678
-6.2509773331144113939 -24.882659861969393944
-4.1344450364975493528 -24.33623052054904079
-1.7871792696467121431 -23.899299987705429515
-0.28052680654671569016 -22.208155531635409119
1.2177203284861697341 -20.5793819314082711
0.075339210492920472007 -17.025991122025217805
3.888987531716004753 -17.06126218466880573
2.4954758386950643967 -14.018320779489764405
4.7043774008744918547 -12.697768036428655591
3.9088560616974419304 -10.376825324856678634
3.2947666718461441349 -8.3399597350916483407
