-23.694258139221950898 -15.024938583374023438
-23.523643679404315776 -12.920307867359383636
-25.815410586118545666 -11.255787564578103144
-24.088642397460912292 -8.7022500191010099257
-25.472698209557627536 -6.9773510461287155948
-26.085588924089528007 -4.9430832173843448629
-28.03735369228396479 -3.7558879709735073504
-28.463080885770956741 -1.4425273492478272175
-29.459017313647017033 0.62232218951209716806
-31.78616699737917628 1.1636660480306524335
-32.960590591924599835 3.312774140179872262
-35.635563411311480309 2.7464049338028608815
-37.691830280883628745 2.998111913387095484
-39.252277275074824558 5.1842585921788426617
-41.522661326970506934 4.243648381186499563
-43.54787445068359375 6.4610252038923867701
-45.551784112063259613 4.0409597792752407486
-47.174036653813956832 2.0348144515955866041
-49.453584974293931964 3.1509804495861573059
-51.463057245011853524 2.7528550017499995306
-54.057486271021581103 3.1782422294255425754
-54.93388615031790323 0.64656510482072526713
-56.607573385868207083 -0.52067583573173514822
-58.663132406744288971 -1.4150988305529530464
-59.630079262401245899 -3.34053665763905272
-62.694705225062506315 -3.970510553870886028
-61.479854577852549369 -7.0411069017567662343
-62.295680500037306615 -8.9334069801243263242
-60.859677731562847214 -11.345201719298868781
-62.384766771180402145 -13.04510212299721772
-63.486347065608441653 -15.024938583374023438
-64.885365884390751035 -17.267598508093339404
-64.43555954799521146 -19.464752484370883678
-63.449042973055512107 -21.491220380640942977
-61.596540476243930584 -23.06072311453840129
-62.180937600256761755 -25.782743245937826515
-59.887996574565462993 -26.896729307028934386
-59.160503026522150094 -29.082613116002296039
-57.224570965303044545 -30.21444800761045002
-52.869543250653975974 -27.855113821838543231
-51.073226139716460636 -28.059229602779296897
-49.050004278623688947 -27.382930227990033956
-47.08026991946891826 -25.896530875610469735
-46.568872610437281878 -29.237612431208756192
-44.935834406128371654 -28.230482469537413692
-43.54787445068359375 -35.494798082387632121
-41.518179361855537479 -34.336167144935465956
-39.250653290177339727 -35.241775514913683764
-37.399577374228570648 -33.947452688058447734
-35.352382471558584598 -33.432315773919157209
-33.235849718009625064 -32.885890257988869223
-30.888584232686838504 -32.44895975864602633
-29.381931581095983574 -30.757813342881419771
-27.883685852989643195 -29.129039780228072942
-29.026065588282001784 -25.57564896111236763
-25.212417853933093426 -25.610920012373647126
-26.605930457016135904 -22.567979464709530646
-24.870280515436494539 -21.09365636279045475
-26.091143934391428871 -18.735481236021691132
-25.362669704939534654 -16.936279943852312613
