-30.726410092310022293 -7.3844038787369408183
-30.984132376169661427 -5.9565760838046095671
-32.089453521101575006 -4.9232200688558513946
-32.430518173773265289 -3.7937217128660920551
-31.675849282496454151 -2.4540562755217587565
-31.881478522677490162 -1.1926075276673362424
-32.573658738216686004 0.18906108790042752688
-33.212414481594294102 1.6259259788529227819
-34.347635007327276924 2.692635283712895955
-35.22828807188302136 3.9139708498133183312
-35.831198041223970563 5.3099325538924588841
-36.876389290756378614 6.3779690920984020153
-37.960336135477739106 7.3338584657942131884
-39.136980347507588363 8.227634179674087278
-40.301447894677806971 8.9870726524852990735
-41.381211659103115608 9.5941256303390822779
-42.78713638229058347 9.733007344804144978
-44.358058899953093146 9.9512960819107743049
-45.530497016359696261 10.94001482388093649
-46.698076694847301837 11.473368092324204071
-48.067006577845759807 11.455834625593460885
-49.323783893855470239 11.822057169125383069
-50.408906581417028292 11.863970868893066068
-51.425520374674640323 11.84977230855517405
-52.480761108469600629 11.122334127080520716
-53.520961719806436463 9.8621707562886484766
-54.70596324306946201 9.2754887461925914494
-56.144520496951017208 9.7629992404723395794
-57.69995739935066581 9.8191646142007069642
-59.301203013495317862 9.7854697337964591242
-60.472680393217359551 9.2801924628422405306
-61.530027245766945043 8.6391839633977980384
-62.391708075313275117 7.3909070282090434389
-63.682029143798949633 6.4462551619812273884
-65.094406574967436541 5.6860037988333154146
-66.110443995533998418 4.5382263135681331079
-66.992391557276121716 3.3776195589987700885
-67.618183359553157175 2.4328461022497869237
-68.113054249260926554 1.5926925365579052141
-68.5764434318513878 0.70905283980417088685
-68.846161924619693195 -0.57850022479030827061
-69.113007364541246602 -2.0634920729391854621
-68.553477059718176179 -3.4634003389109868642
-68.406169541929557454 -4.7920689864986387718
-69.327852794171164419 -6.067439571095438744
-70.202710626091288759 -7.4579116959444187174
-70.625144538408349604 -8.8517056342905213739
-70.535480311225043693 -10.157165181147776778
-70.337485640666713493 -11.58874141296425897
-70.019558858711519633 -13.069815277776356766
-69.60266553839173298 -14.486211263535617277
-69.108878197592133574 -15.804572048018915353
-68.544595873693282329 -17.042794316817349909
-67.966484509040213879 -18.120889504760825162
-67.289204312474339531 -19.21340875176583296
-66.451926722372874679 -20.378888542382714633
-65.521221345437055561 -21.494722111752672333
-64.481216723039977978 -22.569583259166112299
-63.301505205430842693 -23.614886504728531236
-62.024059778526009268 -24.577273170850681083
-60.697547209890558406 -25.420708997204204849
-59.411760217533753803 -26.107505870066226805
-58.317414428119619174 -25.401630468216740866
-57.595546983941147801 -23.984130437014002268
-56.889625738706598668 -22.538217221199808193
-56.183704493472049535 -21.092304005385628329
-55.477783248237500402 -19.646390789571434254
-54.771862003002929953 -18.200477573757247285
-54.065940757768373714 -16.754564357943063868
-53.360019512533824582 -15.308651142128873346
-52.643501209574907307 -13.884370738266332168
-51.690766695850925316 -13.240402936498052
-51.134025222896077878 -14.295037668111776341
-51.065683434132054686 -15.889431820578895582
-51.008895657089617259 -17.493472263504482811
-50.952107880047201149 -19.097512706430077145
-50.895320103004770829 -20.701553149355667927
-50.838532325962340508 -22.305593592281258708
-50.781744548919917293 -23.909634035206853042
-50.724956771877494077 -25.513674478132440271
-50.634142440271787677 -27.059318546029999197
-49.918070716120240604 -27.533205652483950132
-48.523354731182280375 -27.211770980714145907
-47.067596761711214981 -27.728842023650901893
-45.659314990735047957 -27.505124590872195967
-44.137523883571766703 -27.012819019733246506
-42.630983279519746532 -26.46195560717819717
-41.196471842121439977 -25.765869440689719738
-39.880437592248036083 -24.99516895479892753
-38.683149595878788318 -24.168479494907519012
-37.510522690157699799 -23.223432196658421844
-36.40676090122083508 -22.187183668434421691
-35.584550674894899203 -21.302619201548814942
-35.666777405247252375 -20.079247319169084562
-35.672104239785262791 -18.903715791763570309
-34.359907491519329881 -18.701669624024660266
-33.420936265382103159 -18.311784322778976275
-32.99245369926483562 -17.549316209915211573
-33.340951187465158512 -16.221969765760668736
-32.745813052454451508 -15.129762009310086412
