-13.706518576233669648 -6.0248551368713378906
-13.535904116916178452 -3.9202237008423721498
-18.807481744021934844 -2.8890825947546665553
-22.273638028546102419 -2.3576513110052892408
-25.106697070466104549 -2.2611407031614478846
-32.136851689919126329 -5.2031223467203657762
-32.227010616260741926 -5.0562838299832382205
-32.329078535609532707 -4.916407153407176267
-32.445865918900643976 -4.7873340595641185047
-32.57877477698945512 -4.6741287193573342051
-24.412716121316794471 9.818937487364976846
-25.647825719415234147 11.746487648907336876
-27.704090728925436338 11.99819464821793602
-29.264539679719089094 14.184342051495264059
-31.534923609251940491 13.243732774838736788
-33.5601348876953125 15.461107696720755911
-35.42051288552970334 11.675460745382306271
-36.965640124027785873 9.9968004353449941846
-39.304598072167884482 11.654789214239347217
-41.475317674850714411 11.75293773619051052
-44.069746723816734857 12.178324951559915235
-44.94614658911231686 9.646648669237498197
-46.619833835395482424 8.4794086425831771692
-48.675392849795024119 7.58498389398698869
-49.642339700788269852 5.6595472638078447858
-52.706965651188490085 5.0295731499050297941
-51.492115016507625569 1.9589767794734651574
-52.307944746260197633 0.066676423658189598598
-50.871938165784825969 -2.3451183788807843378
-52.397031024620090989 -4.045017977705352763
-53.498607502620160403 -6.0248551368713378906
-54.897630135525744777 -8.2675155438890399751
-54.447819991573624065 -10.464668530137180014
-53.46130723513427796 -12.491137379060493373
-51.608800906790150975 -14.060638252045968954
-52.193198052915370511 -16.782659295496777929
-49.900257013816300855 -17.896645380607207443
-49.172763475494591034 -20.082529179378724393
-47.23683142836745219 -21.214362153464023208
-45.573843138026930433 -22.560308323719912238
-43.88300624653700055 -23.904593227822338974
-41.642743369083021321 -24.178693250311027896
-39.219476009298453789 -23.44251700006618222
-38.087709453203572707 -27.325419160996812451
-35.586537919647561523 -25.304798485557938648
-33.5601348876953125 -26.494716066396417631
-31.530441646950514212 -25.336085122715203966
-29.262915692293010039 -26.241691603850114234
-27.411837811966854872 -24.947368764954678255
-25.364644831778822009 -24.432233764989227609
-24.687975204086200165 -21.391883110881629193
-24.038892946899434122 -19.12972498705858726
-22.444534423233697851 -18.369976747300466258
-20.014398230118846556 -18.221488821830689631
-19.424480331028288305 -16.295005678187166609
-15.224678278845669155 -16.610836068077475147
-16.618190932690140471 -13.567894674532261945
-14.409283888412964814 -12.247343842315446594
-15.088325836989692874 -9.9511585453767281706
-15.374930137701554145 -7.936196933753572047
