-30.696566503705025042 -3.2013096746793330283
-31.039514795050589413 -1.7155656943555772642
-32.209249366289022021 -0.63004347804688809465
-32.265298479182867197 0.62645686925114607568
-31.546916327265481783 2.0503843107331078954
-32.03759085290335662 3.4210536344345721105
-32.791018662408589535 4.9210786626253915088
-33.657993405577457224 6.3027708067339744957
-34.888467952550115569 7.4083541324555843843
-35.437448813819955262 8.9724229940085393764
-36.481530348094480587 10.155630621576051453
-37.620194089456660436 11.207183392459153737
-38.865938606942442846 12.188528369311072197
-40.213971718538772393 13.085431855684156233
-41.674271392978639028 12.912925131366499443
-43.228773208778676462 12.17736357522722912
-44.853402275107903563 11.742000270221648606
-46.229374629158328958 12.291461704395651111
-47.497626186310604623 12.697546605008463771
-48.875552498295718351 12.286762496984582782
-50.029919748006008717 13.195560374227950362
-51.077624654644651514 13.242253888247521587
-52.088281474179609631 11.927490859750296437
-53.138512675670945384 10.666685173380779261
-54.157945166259885639 10.858223765248272485
-55.136272280711992266 12.208984160056026269
-56.142398245306942783 13.532476503738562812
-57.531065186263688815 13.959254573651067588
-59.222822342607720714 13.916474199785968224
-60.477214531393769903 13.395724288955705106
-61.605198010322951063 12.705646948791077477
-62.542279228715280226 11.355872322965200993
-63.966514405703094326 10.412445653333232798
-65.357240992698308446 9.5089774022409407905
-66.412258895000690018 8.2581706453015932823
-67.241358925782947153 7.1073240645946977878
-67.83238640859269708 6.1668443238257513173
-68.329219129237856123 5.2738978732629480106
-68.778593981973131122 4.1660813713422255589
-69.050653402665659542 2.5735938688570607624
-68.732379991757909465 1.0583022545330764697
-68.29542720844362691 -0.37567889569804974181
-69.142093914234507679 -1.7295640823637381533
-70.097632204303778281 -3.1900157406628051326
-70.598206122559020059 -4.6757773986702586555
-70.502626987422701177 -6.0664107571370990968
-70.28408468552831323 -7.59428764988328453
-69.931665551468810804 -9.1636956682464969504
-69.47409987521686503 -10.643661150507998769
-68.925216371877212396 -12.034133749998980889
-68.320744091365895656 -13.291170802810320595
-67.681105978726137096 -14.419951717747885311
-66.886104824586709583 -15.622753979914207889
-65.936983133112562427 -16.848567148980421848
-64.893367585543813902 -17.999627980128785509
-63.691716861357662083 -19.128616602071524255
-62.362873588055634855 -20.182661072390860824
-61.071905515713169166 -21.045792768548029272
-60.278056034304348998 -20.747063841349515201
-59.417980641449958057 -19.28665849531033416
-58.559764862226039384 -17.816936262316755091
-57.701549083002106499 -16.347214029323172468
-56.843333303778180721 -14.877491796329589846
-55.985117524554276258 -13.407769563336007224
-55.126901745330350479 -11.938047330342426378
-54.268685966106417595 -10.468325097348845532
-53.410470186882506027 -8.9986028643552664619
-52.552254407658558932 -7.5288806313616829513
-51.692746980254256073 -6.0627627705694155935
-50.91140564367860577 -5.3438611471320101032
-50.698204020478897291 -6.6280392697182985984
-50.689742573809937198 -8.3320859815264629589
-50.681281127140955789 -10.036132693334630872
-50.67281968047198859 -11.740179405142795233
-50.664358233803035603 -13.444226116950957817
-50.655896787134054193 -15.148272828759123954
-50.647435340465072784 -16.852319540567286538
-50.638973893796119796 -18.556366252375454451
-50.630512447127159703 -20.260412964183622364
-50.622051000458171188 -21.964459675991783172
-50.568763928061954971 -23.591567662250941595
-49.782588647332957521 -23.963805040858787265
-48.285671422158948474 -23.577737585341424165
-46.764244875310616578 -23.627397885984585457
-45.265795642511520214 -23.273423329674031379
-43.674404964388067185 -22.744251155554511712
-42.100984201660168083 -22.100364956972718744
-40.615683603132140433 -21.324563897770978826
-39.282175265620580262 -20.483548877260119525
-38.029154619627448142 -19.548288714137761701
-36.811067308530532216 -18.478127952375011489
-35.795328987764904127 -17.436960531419511966
-35.501171317056389398 -16.375973394245395554
-35.749767241540567397 -14.947472522933155759
-34.580787518064823871 -14.566382697953777381
-33.431283311141022807 -14.242871870897509723
-32.977968214626756094 -13.441168426405225134
-33.3093643952543772 -12.049029102097021493
-32.600536479725484185 -10.911081601503891392
-31.742904267874525459 -9.7574767559857402688
