-19.141348969046173778 -11.58829304570337726
-19.322866262423179506 -10.222469872658821899
-20.326142565422280484 -9.231677633267141303
-20.922870724872211667 -8.2237767044689160656
-20.290502274708504871 -6.9884622653507806334
-20.13351189694964205 -5.7973686649603122234
-20.705848080610568474 -4.538982636299162543
-21.527284349694575383 -3.2650789991594493245
-22.608875969529776739 -2.5124305136221716239
-24.102865013226058011 -2.4919194669887030358
-25.269334983698445996 -2.2574773925748430337
-25.235026096731910883 -1.0884852531696915801
-24.897660550526701684 0.37299632677529187541
-24.890170364386470681 1.8345780451664879251
-25.707499044411122213 2.6091351412421701639
-26.694437262549168821 3.4373323425944164455
-27.811801557599352464 4.2543131006040759701
-28.88675963957269488 4.935625802792589667
-29.896846018048730542 5.4930085455770232272
-31.250001729861242694 5.5747416710606767509
-32.72861877140402953 5.7747599148469905828
-33.849585873881260056 6.667041505296165127
-34.914937294116079158 7.2784765970672751223
-36.166106603353000537 7.3649544879824464516
-37.40949419923332897 7.5101064804431780786
-38.465142260371848693 7.7021651900468555141
-39.419542078032662857 7.7073316185275437817
-40.408106294945667969 7.5568717331343817634
-41.379178824563830119 6.3732176475903150603
-42.378669415223320982 5.29704773699477105
-43.59375693039385169 5.2412681713525328675
-44.982859441549173596 5.7020554474496139008
-46.462733385583746326 5.6242281174210226879
-47.945822849498597407 5.6237074434075964291
-48.984135113333103106 5.0694330996136613976
-49.976465282070890339 4.4625987142857326262
-50.767426496763292221 3.2694320877570222095
-51.962060953108945682 2.3665136245329865261
-53.311295777008062657 1.672055531386408056
-54.304689768022427643 0.64564894521393867421
-55.186202194545984412 -0.47226238094022221503
-55.83584679426130748 -1.4147688562281288682
-56.334688162238123255 -2.2264896612757762995
-56.770175538587722031 -3.0147961854166069884
-57.223426095541270797 -3.937768263556213455
-57.41365357937131364 -5.3438912105869000868
-57.419592101033138931 -6.7080006609143243423
-56.791205969277946508 -8.0014453867574832913
-56.967468581657882964 -9.2241180477682576111
-57.891608639279873216 -10.429780009659335605
-58.69150126454949401 -11.746424751986847212
-59.036184356232880077 -13.047834983267541986
-58.952390771308245121 -14.268592647856085165
-58.77405478084795476 -15.603530124965315551
-58.489173809352948297 -16.994675000606171977
-58.112269583670681072 -18.343338462094930463
-57.669915994985395002 -19.591329486836816187
-57.152936484143481266 -20.792471014120327055
-56.618711765854428108 -21.847537513695428402
-56.038986617739595886 -22.843594568442579629
-55.327563707797182246 -23.91078123022234081
-54.493967802467800254 -24.997593706267867475
-53.59330210578796283 -26.019126141568897026
-52.595461255057315952 -27.00442907769554779
-51.389161574402045574 -27.688864781797047243
-49.861553909386167049 -27.894394300618120752
-48.357430392702589472 -27.967073615643212037
-46.867978853615142043 -27.704953353529923277
-45.556781450238510445 -27.844607626150047253
-44.650958720816447567 -28.961372998858117001
-44.205460650598446648 -30.39455787844470791
-43.863778493905691391 -31.701453494077419748
-43.239956568650640634 -31.845570163890787541
-42.429471528001037939 -32.001774919546122078
-41.37692288345870395 -31.968509936750407974
-40.106596018458958497 -32.145241907664704684
-38.78767418765593078 -32.287536680007590917
-37.455866299816356957 -31.9407894447988987
-36.07500020550509845 -31.99378846539112331
-34.778952378833999148 -31.827771223527566491
-33.42857263409342039 -31.482833563228957985
-32.020743777412953079 -31.001011264662711397
-30.633081485283469192 -30.431640449897965794
-29.308477912617512118 -29.756134442747505631
-28.100456819708224288 -29.025300835212906492
-26.985751654452304393 -28.240441170209535926
-25.902613316668421817 -27.360133825515475792
-24.933478839776540781 -26.456395255230397368
-24.470465094727455124 -25.417277658200244872
-25.084243248365531542 -24.088987613508287211
-25.822191438960938825 -22.778186351320211855
-26.261428184883250481 -21.616022577154030415
-25.322229648121268752 -21.140244737331975955
-24.431658264239096923 -20.693845564061383868
-25.033642643448342113 -19.630007687407502459
-25.833040114909561424 -18.484653092015136622
-25.36898025487430175 -17.86442900196426109
-23.89961801181397405 -17.655423785634489775
-22.453289496440330453 -17.247970483362372818
-21.190210722529986498 -16.483317520971311865
