-20.490717337219997773 -5.9917025566101074219
-20.320102877902506577 -3.8870711205811416811
-25.747652027937967034 -2.8890826143725507613
-24.561895639819471882 -0.86367789848628184757
-25.195730204680749864 0.75289126008145146329
-24.858221525890897396 2.9492092872231250311
-25.669820939910557911 4.6699538066923569346
-25.259536241802038603 7.5907084088114409326
-26.255472588115392085 9.6555582076898236465
-28.582622379433640702 10.196902193098356548
-29.757051787345929483 12.346010457366986657
-32.432018879236565567 11.779641236662531156
-34.488289475204986445 12.031348177374962205
-36.276435688878912345 13.146244643490547332
-38.466135095629063301 11.878149356596527042
-40.344333648681640625 13.985964264103568411
-42.201228754804731125 11.675460753066246866
-43.742793003578185562 9.9968004641647354447
-46.078024160388025621 11.654789203740563153
-48.259516445400855389 11.786091265867973732
-50.85394546375847824 12.21147849764555815
-51.730345350098644985 9.6798012494987286658
-53.40402882107578364 8.5125602337020609411
-55.459591606755338944 7.6181369555567144403
-56.42653465369578214 5.6926993581224127894
-59.49116442306055319 5.0627254728930299876
-58.276313775850596244 1.9921291250071497814
-59.092139697280217092 0.099828870149755388752
-57.656133128259426712 -2.3119659939757943867
-59.181222160627271478 -4.0118654394536727992
-60.282806263606488528 -5.9917025566101074219
-61.681821253840425356 -8.234364043625465257
-61.232014913562956338 -10.431517017871541952
-60.245502164569835202 -12.457984850669028276
-58.392999672086808971 -14.027486615777903012
-58.977396813901698636 -16.74950671523554746
-56.684451951569080563 -17.863491858420843528
-55.956962212559474779 -20.049377579359266122
-54.021026317940332717 -21.181210577944590057
-52.358041889060210394 -22.52715670436431239
-50.667204994190257139 -23.871441608933277934
-48.426942132339888758 -24.14554162271320692
-46.003674699403049431 -23.409361581812877517
-44.871908196963204318 -27.292267538071548927
-42.370736683676774703 -25.271646858651205747
-40.344333648681640625 -26.461564439809503568
-38.314642257463582098 -25.302933490050964593
-36.047108554726193574 -26.208539939745417513
-34.196036577312590055 -24.914213325086954853
-32.148837837697051611 -24.399082123699880498
-30.03231087443438696 -23.852654737552047237
-27.685039441506777536 -23.415724081951520219
-26.178386799446066391 -21.724575737083739568
-24.68014115699259392 -20.095804142232161382
-26.163049549902869018 -16.295005622073468032
-22.008878975122403432 -16.577683536212816762
-23.402389667901612569 -13.534742990054084544
-21.193482649399292939 -12.214191262054216125
-21.872525538533384548 -9.9180068570793906702
-22.159128890188476646 -7.9030452263002324287
