-2.1655027128150905469 9.912109375
-1.9948889681480572733 12.016740090014344844
-4.2866570680246560698 13.681260398332788952
-2.5598838600761659734 16.234797903767752558
-3.9439430211535082549 17.959697864985635363
-4.5568346895140976471 19.993965217373968812
-6.5085999604006570252 21.181159068952638336
-6.9343256868028468887 23.494520835350442667
-7.9302639727875234854 25.559367798885098466
-16.50019058608861755 17.50826445954287891
-17.050968598858624148 18.517205550650380985
-18.863195895110763445 17.000435859452110776
-19.877962587244024206 16.501920609680549745
-20.268899656581005786 18.146244622691941828
-21.286960642725247794 16.878149353476395333
-22.019121170043945313 18.985964264103571963
-22.729978260109145793 16.675460748929129551
-23.099905617037816086 14.996800521780691895
-24.209953179292117653 16.654789326780850445
-29.934303971545059397 27.689903672186201078
-32.528731015393880455 28.115289988432618173
-33.405131024763370817 25.58361456755475416
-35.078818195762721643 24.416369829769806188
-37.134377202242852434 23.521949384579361464
-38.101324075659228185 21.596510345345322435
-41.165949965023671098 20.966538006135511552
-39.95109940229103529 17.89594198238060585
-40.766929124129106299 16.003640986304585425
-39.33092255306220153 13.59184619443933606
-40.856015396785537064 11.891945845879188681
-41.957591877620160403 9.912109375
-43.356614505403328508 7.6694484424085942464
-42.906804354423762504 5.4722954477363670023
-41.920291614674965786 3.4458281004599644604
-40.067785289938640858 1.8763253244528588226
-40.65218237613353125 -0.84569535015136487743
-38.359241382868816572 -1.959680757712582988
-37.631747795455922301 -4.1455652054711649157
-35.695815769798826977 -5.277398625492333295
-34.032827460745885162 -6.6233462340187578832
-32.34199058868294685 -7.96762778124497828
-30.101729652566923789 -8.2417292147713965278
-23.906461350108777708 4.103469281050673878
-23.96395504270586585 0.76238755997305673873
-22.7340024126069018 3.1104942270631763535
-22.019121170043945313 2.0301385936377611685
-21.300955077677482308 3.0792076280647657782
-20.304644892478577844 1.8461150496029397061
-19.642823456415442251 2.5986174096177130366
-18.658277329451788518 2.3635292550548570034
-17.427715766274545217 1.9595572088297625868
-15.730324076209161177 1.2563185006575032787
-14.561898551432845395 1.6300230740137937602
-6.3549306189607879247 -4.1919917707208202984
-7.4973118767449751232 -0.63860046992259178467
-3.6836636056482419121 -0.67387202980133942276
-5.0771753048666958819 2.3690688900063197053
-2.8682687374071065278 3.689621631980113392
-3.5473109247108176589 5.9858055015818596445
-3.8339149866289936597 8.0007671289647142032
