-29.623339271590513277 3.9327485734037179732
-29.738926954059113683 5.2319098577777110037
-30.610984657454604729 6.1881192860931690802
-31.400183350520098458 7.0864239445447640975
-31.017822574874582386 8.2000977569447943694
-30.476158457151928616 9.3620089957198757702
-30.869862496989348699 10.48012579607023298
-31.510247050525098444 11.693369178512972084
-32.058082132825504118 12.858732507536473122
-33.096820493170433508 13.094285455527842288
-34.448840944901157002 12.772709037721238445
-35.809812313528610161 12.435214638034693735
-37.163191351409501806 12.18596466173940307
-38.47601486925670855 12.444943398853069993
-39.797983445975546601 12.95927714792660268
-41.145922575919705366 13.029937951513042904
-42.449156883645173366 12.780751704867411078
-43.548091797647188628 13.101670627663187574
-44.634674014828803479 12.754218221702826597
-45.808108974801335478 12.000067409683740749
-46.841450906163338175 11.974133587425813019
-47.508680696069696126 12.660568460397788826
-48.340901498675698633 12.36983546818360935
-49.05296182066273758 12.892131288563449587
-49.613954317379906911 13.416727638281411572
-50.133852109637395245 12.396377118260488714
-50.621080063215494249 11.055466690494096582
-51.212748818847906307 10.516295585238518484
-52.083015528527297988 11.310569675434988923
-53.23819202186414401 12.025710582897961132
-54.417253977293810863 12.786874970040972954
-55.517433137748568583 13.684211763845132381
-56.548633236506653077 14.656247919470832386
-57.559157051594368681 15.650506104058434786
-58.569650325642683697 16.644797112913341408
-59.580143599690991607 17.639088121768239148
-60.603008277540354243 18.494268263081320214
-61.714145027857398418 18.373624517625085417
-62.929489412708463192 17.667667156681549301
-64.115542857949918698 16.965225615650279423
-65.002025562251603219 15.954221863755664756
-65.791289143554621432 14.924141013798312372
-66.369420485655709285 14.071028395385779319
-66.828722135987902675 13.318119879013694984
-67.234616780008707337 12.583416563392420429
-67.652477989847312756 11.74048768470426829
-67.825716954013188342 10.461215789139446386
-67.99151576099116312 9.1721662707042241891
-67.440085634249228974 7.9524309614834676196
-67.220841993483261945 6.7832027636931746528
-67.969128920013801576 5.6757563855809447517
-68.785908870714152386 4.4924062810414318037
-69.504342411542353375 3.2478779611911066105
-69.4930067006448553 2.0750403764667586515
-69.389560599400326169 0.92030839658120111579
-69.195246160263806701 -0.35934745510986365602
-68.910882652172119833 -1.6540316153986394099
-68.549463047797104309 -2.902237015724046465
-68.132603169663767062 -4.0616794742351913783
-67.649366398526467492 -5.1842141434491413321
-67.15151387264043592 -6.176969072772644509
-66.622394492678125744 -7.102675663592078692
-65.985827963707450294 -8.0845710825630163754
-65.230527784847780026 -9.1070513260020504731
-64.413087523773384646 -10.078046448321687834
-63.511263993527499849 -11.0191687410197936
-62.498773025618021393 -11.943381448111736631
-61.403965672785616903 -12.811863184367926038
-60.252417710048220556 -13.600991770281741111
-59.090188934486796768 -14.285313416864426017
-57.874990757434702005 -14.76953970148527695
-56.498730932511442404 -14.532479401486725124
-55.349821463245930886 -14.507686502888684998
-54.778758074261226341 -15.544220698848063122
-54.204070524179648771 -16.16455186841000824
-53.517774252590008643 -16.31682446281569554
-52.685929464415451662 -16.467873104116588223
-51.652142605493871486 -16.335043811705251215
-50.454132705522553692 -16.636051988285863956
-49.222759921406343153 -16.71618035946606895
-47.979941231441458172 -16.37969709223264303
-46.694684872975834367 -16.378321300076603251
-45.472886366009738879 -16.302823312271573997
-44.232732795396699998 -16.004408176894823868
-42.928098584845642449 -15.567539885863041604
-41.614621304519189948 -15.085781199497620975
-40.350202324597589154 -14.487657703193026038
-39.166874641184371342 -13.824598293388010717
-38.091218748998755927 -13.124853613708282296
-37.05985092304153028 -12.355337006980249726
-36.044843761901042001 -11.488975960887852779
-35.110215037146154771 -10.578053196106532496
-34.433938479169569291 -9.8382205971775285036
-34.529053506375888105 -8.7578240343325859385
-34.685023734922040717 -7.6174359800886977112
-33.748195962537963055 -7.2844888139705181729
-32.497047341154008393 -7.2017590526672456974
-32.130675527823520099 -6.5817695155049094069
-31.890726286335926432 -5.7830420669608377793
-32.258546598315952281 -4.5594720816063221136
