-17.295692846863552461 -6.31682586669921875
-17.125078387239167199 -4.2121946720087546367
-21.023042660095182299 -2.8890825807004723025
-24.400722772991244369 -2.1745586787276618423
-25.195730211158462453 -0.99474903708735240571
-24.858221514615305381 0.77943640430516669682
-25.669820978889934082 2.0235095396641682441
-24.77810047177498376 4.8222614928727622896
-24.293755140372667256 7.9607169649292046643
-25.387603612282546806 9.8717784070144780628
-26.562027200851815678 12.020886614935612613
-29.237000028723940659 11.454517413137530468
-31.293265082727543813 11.706224422251512607
-32.853713886861619642 13.892370831335576042
-35.227399885491102793 11.968926752578969541
-37.149311065673828125 13.985964264103568411
-39.040374572077922721 11.67546073657825545
-40.61687414696128684 9.9968003609847606583
-42.988641928410665116 11.654789223348323901
-45.064493857611140015 11.460967481070746032
-47.658922891272958111 11.886354704644240599
-48.535322759960060068 9.3546774677532713582
-50.20900623234657445 8.1874364519273594709
-52.264569023747526444 7.2930136454676031121
-53.23151207068796964 5.3675760480333014613
-56.29614184005274069 4.7376021628039186595
-55.081291193664469574 1.6670059322818113756
-55.89711330493537389 -0.22529442663416254788
-54.461114340973608705 -2.6370892147932654126
-55.986203388796234037 -4.3369889544661415215
-57.087783680598676028 -6.31682586669921875
-58.486802492168436629 -8.5594868137157362753
-58.036996162985445835 -10.756639767696080767
-57.050475756494961388 -12.783107715835921425
-55.197977086923835088 -14.352609453870432077
-55.78237421524699613 -17.074630529263021828
-53.489429361843917832 -18.188616608267075492
-52.761939641512384469 -20.374500399327491351
-50.826003740143057996 -21.506333406504957395
-49.163019291122814991 -22.852281455811873201
-47.472182444515127031 -24.196562515591963916
-45.231919548196806602 -24.470664456470615278
-42.80864862800759596 -23.734486216389061752
-41.676885588115354153 -27.61739228416460179
-39.175714105233296891 -25.596771598772058098
-37.149311065673828125 -26.786687273061456693
-35.119619670125345579 -25.628058230196405276
-32.852089918132804769 -26.533664708343358996
-31.001012093721023177 -25.239338067885583428
-28.953819091842440514 -24.724204966949862694
-26.837286307229547333 -24.177775619086929737
-24.490020917392335775 -23.740848999970946664
-24.216669338356464181 -20.67998014880944524
-23.927840842500927465 -18.221488822594515966
-23.415525126559149527 -16.29500539927972369
-18.813854468923327801 -16.902807295698842438
-20.207365213384001379 -13.859865903801370735
-17.998463882617272702 -12.539314100010493291
-18.677501058184443394 -10.243129737412958846
-18.964104405868379644 -8.2281681169842055823
