-31.027094290344997773 -5.1914310455322265625
-30.856479831027506577 -3.0867996095032608217
-33.1482486414123656 -1.4222802801055478561
-31.42147472468967706 1.1312573712259892389
-32.805532455763298572 2.8561567355923624945
-33.418425075212574882 4.8904243204574520121
-35.370191732862814149 6.0776190654037591798
-35.795918958762499074 8.3909804431384884538
-36.791855417541043494 10.455829380822166286
-39.119003148415359306 10.99717322818147025
-40.293426761236695199 13.146282403778858594
-43.22640271102832088 12.000435838310096415
-45.398563869571802343 11.680888088737930275
-46.982917690566921465 13.146244657964430758
-49.086626050962728129 11.878149348976641875
-50.880710601806640625 13.985964264103568411
-52.653491729351486583 11.675460742962705751
-54.109068560622937127 9.9968005131183588219
-56.786428457510346846 12.984488799282697613
-58.795893403307758263 12.586363251653974515
-61.390322406361192975 13.011750491635645233
-62.266722296092872568 10.480072288920263546
-63.94040576847938695 9.3128312730943516584
-65.995968555854332749 8.4184089479430905811
-66.962911605445469831 6.4929703942560816898
-70.02754137618555319 5.862996983970910847
-68.812690730618953694 2.7924008708125764855
-69.628524269582698025 0.90010047227712508544
-68.192513877106421205 -1.5116943936262732251
-69.717602926241852401 -3.2115939073710131346
-70.819187031428754153 -5.1914310455322265625
-72.218202028301249129 -7.4340919925487440878
-71.768395699118258335 -9.6312449465290885797
-70.781886787280086537 -11.657712739059636675
-68.929376627366977459 -13.227215576696604415
-69.513773782673581536 -15.949234700219301786
-67.220828897976730332 -17.063221787100083304
-66.493339177645196969 -19.249105578160499164
-64.557403255433712275 -20.380940511452951824
-62.894418827255627491 -21.726886634644881013
-61.203581980647939531 -23.071167694424971728
-51.753092192900531643 -7.1508322678451250454
-51.543500827445889456 -7.2312883000592123039
-51.326646725800223692 -7.2893958564902563424
-51.104907125742769836 -7.3245192397009644125
-50.880710601806640625 -25.661292451894464506
-48.851022916859420775 -24.502661490739864547
-46.583493390956121516 -25.408269913106817484
-44.732413528257886526 -24.113943243812318684
-42.685218622681631473 -23.598808236077363887
-40.568685843362359833 -23.05238079791993755
-38.221420453525148275 -22.615454178803954477
-36.714769701224511778 -20.924305860555687531
-35.216523957501905784 -19.295532293519510603
-36.358903579207023427 -15.742141330300574609
-32.545253980857850706 -15.777411478944875611
-33.93876472374196851 -12.734471978417436944
-31.729859601568580985 -11.413919271197794814
-32.408902497067188619 -9.117734894610762808
-32.695505847563183011 -7.1027732788184057
