-39.931733448515338125 -4.8786873294619041985
-38.426393667920748953 -4.3477893231235489324
-36.901775327758670642 -3.839401881735307942
-35.377156987596585225 -3.3310144403470669516
-33.852538647434506913 -2.8226269989588264053
-32.327920307272421496 -2.314239557570585859
-30.803301967110353843 -1.8058521161823455348
-29.278683626948268426 -1.2974646747941045444
-27.754065286786186562 -0.78907723340586444216
-26.22944694662410825 -0.28068979201762389586
-24.996740254559103533 0.37753480776061043578
-24.999534843632144288 1.7148862264898796504
-25.023832425567434257 3.3384595728770500855
-25.294814389903791607 4.8302803157419091917
-26.095115943102634049 6.1832040087775164139
-26.522091851909067373 7.7350998774018959736
-27.522222538040303164 8.8351629107544589203
-28.592168373837719031 9.8322841142959589433
-29.732590493325197656 10.748899051970397522
-30.922521405912384296 11.570472184786673608
-32.022802534008704356 12.224223506318864452
-33.221999076196567557 12.583139504628537253
-34.762531034755923542 12.084403814600637617
-36.197014011580890269 11.84125750228728613
-37.398123441437775227 12.615138384818161299
-38.692798535706330654 12.572257582822173205
-40.007188732061408132 12.314457309546224195
-41.113411692867835256 13.26012720965172953
-42.141710815874183993 13.302804923075322918
-43.133133255651529225 12.116829956119161693
-44.168969438358971047 10.890757475691755118
-45.328644116490906413 10.438021222217924944
-46.657082045349575594 11.222786639220013072
-48.14066928079834895 11.795293651698745663
-49.718344554084737297 12.139467636432668129
-51.126851138846774347 12.34239243688163512
-52.114312556238580498 11.776746069376883952
-53.026349041076279889 10.782901879398412603
-54.124159813535982266 9.6663633880120656272
-55.539695704669902909 8.8762099382244485923
-56.717112516450740145 7.9027699513453271152
-57.685044099995707256 6.7101678651999812075
-58.412621268127978169 5.6729093647005974788
-58.952342175410933578 4.8011909096806562047
-59.417533533575657145 3.9590751610011363226
-59.850484749801182716 2.9257759233442879321
-60.102096653548109373 1.4248231328108418303
-59.91866453495621414 -0.012203932458871635802
-59.345705077323451349 -1.3763808076558894378
-59.927537761187899434 -2.6559054686941832024
-60.885547790581185268 -3.9897554887760091624
-61.683148473128014189 -5.4086490025235001156
-61.630938277944871118 -6.7370153092316602539
-61.485316130383132815 -8.0964596529295924654
-61.21795328084817811 -9.5779739954575831007
-60.839902906571602159 -11.03520374121223746
-60.381992072012295125 -12.384755700288296865
-59.839576465508557135 -13.675722029477988428
-59.269552017497602492 -14.813086745344037354
-58.650367605523612724 -15.876741462551716921
-57.881192770305148088 -17.019593792055289327
-56.981860410218331481 -18.170360333638683414
-56.000355645795252713 -19.253035074567847573
-54.877698994396574506 -20.318209505453307173
-53.638303891312048677 -21.321598974557936401
-52.324013858985836123 -22.222364028520338763
-50.994100643031330833 -22.988440101380739122
-49.532821268071458576 -23.290815266615471302
-48.022577850031467506 -22.988417495144993552
-47.093028136319702526 -23.66260039806514115
-46.501576040175855553 -24.69877460489535892
-45.722575763169658103 -24.875695100586721509
-44.774705579080588791 -25.047460591580026801
-43.555519326999096563 -24.902307335727165594
-42.165661380203509623 -25.281978746453813045
-40.756479007904069078 -25.215699134862980202
-39.313812715606381687 -24.862963615727117883
-37.881192900187464545 -24.923023794208877035
-36.478008918357943458 -24.598480534987583468
-34.986480328915739335 -24.107653574095458282
-33.493482311237102067 -23.533979533847226406
-32.069514368767030987 -22.825494008957932124
-30.771639622517298562 -22.048787803563651977
-29.581506905344525649 -21.210775675965152232
-28.412349113707129789 -20.25028409524350792
-27.328038279063797233 -19.213319145992919346
-26.552573393027305571 -18.36657740381956927
-26.767133078741167651 -17.045349846033797547
-26.614029581906908817 -15.986878991526324967
-25.204702242235811127 -15.856600258989843155
-24.414679340061745449 -15.376763542433884879
-23.981184445097191826 -14.595182993501399693
-24.667271147619270977 -13.22921816053495192
-25.886477937766620983 -12.313331105025357104
-27.344594566220369103 -11.643348160840874428
-28.805941888904090575 -10.976690491995475085
-30.267289211587836917 -10.310032823150075743
-31.728636534271565495 -9.6433751543046746235
-33.189983856955294073 -8.9767174854592735045
-34.651331179639029756 -8.3100598166138741618
