-24.651417228922859692 -13.928777664862195707
-24.832933694932744828 -12.562954496188501352
-25.836210627806778461 -11.572162272971876718
-26.432939211222620912 -10.564261352274071371
-25.80057003116290204 -9.3289468991185078295
-25.643578934082839282 -8.1378531353460630271
-26.190743508135778228 -6.8721958855966143176
-26.814059536793262595 -5.5227559644417318907
-27.601680320781152744 -4.3211338662503262498
-28.734739692109069864 -3.3770263124310093694
-29.293545446651936714 -2.0528326384757251688
-30.038639929599455058 -0.87796945597720466026
-31.033123227006083056 0.10138199883122211986
-32.060288602099014099 0.98246255245971170211
-33.172355364773181918 1.8112641132531308585
-34.259449471679353394 2.5133375738711087877
-35.26988158867590073 3.0813140938811933722
-36.558182303635781807 3.2426485496387602581
-38.054735000387069022 3.3734508340347515443
-39.232140607999539839 4.17111700356657078
-40.270992894671366003 4.9048074788895341669
-41.492728480925727297 5.0795152966222385515
-42.770861436309608905 5.0789443606848951873
-43.841713509273603222 5.3573250620161303459
-44.803631628494855477 5.3687745513853002421
-45.786395262488149172 5.3326536017012635682
-46.759615109124887056 4.1919325605198842766
-47.74779438079443139 3.0640305774655787197
-48.927332556759331794 2.839763105557583156
-50.30225167759978433 3.3300355424823924189
-51.77244026919840536 3.3061199967782401998
-53.273821410586513991 3.2942031122363055751
-54.362342516452237362 2.8037435171224949215
-55.350631269022088077 2.209969725868372592
-56.149580893208948851 1.0764690902637332748
-57.298056538694517315 0.13057610138756883811
-58.643498321100601345 -0.57679075312603766967
-59.688734940548577868 -1.5476695201253445333
-60.59043142813964522 -2.6695712617218827489
-61.270926150242274844 -3.640372076416340974
-61.7838304459800014 -4.4630493366946257794
-62.222668897865716531 -5.2461031824998958228
-62.66841549431605074 -6.1380740889076257361
-62.87131108821788672 -7.4968730485844679023
-62.985707649560886523 -8.8719298592150650506
-62.369566739889663154 -10.172179151242627171
-62.381479949273135333 -11.40677640282698313
-63.282281978440614978 -12.603003862251089373
-64.099845619760671411 -13.908413782330468322
-64.551879473224985873 -15.221723944632275405
-64.478212328622916516 -16.4436957861869395
-64.314413479605150314 -17.758410658712485031
-64.042939364582323947 -19.150822051794683887
-63.676665299719466873 -20.510026712745474953
-63.243404357341972855 -21.767984357105127913
-62.734247565004203295 -22.979603762657475841
-62.200546876814456709 -24.054915847811404461
-61.632759415054906071 -25.048137620874900477
-60.940965083826846183 -26.105158816351099915
-60.119075926141363198 -27.196974183073560738
-59.229123024885481641 -28.225177630251419458
-58.287438716850878961 -29.175369207534814109
-57.242665704707832219 -29.327454703594280971
-55.886990304938066743 -28.684418669965051407
-54.51483480673468307 -28.099933862474316015
-53.036550943885082177 -27.961394008376455389
-51.525939105482869707 -27.782299504674618618
-50.112983363287064265 -27.210469124076166025
-48.89385538830990896 -26.439840863242405788
-48.140508712019041582 -26.698282347939890968
-47.845283080369306106 -28.10154139263348938
-47.356607936321744035 -28.681013092334307402
-46.484809971395783634 -27.734543746892047267
-45.818844733954193771 -27.564607672206687283
-45.538697631058077775 -28.867844279221412052
-45.305827300432767402 -30.351598189992024857
-45.072956969807393079 -31.835352100762627003
-44.840086639182054284 -33.319106011533236256
-44.491115312474640575 -34.564516256032860042
-43.4958059449558192 -34.495451346182633756
-42.145072090256199715 -34.204446604625282191
-40.801275702323465566 -34.273251104472159057
-39.492474861865254354 -33.976937192013593858
-38.098582816501462389 -33.533435305443177299
-36.691579126001080624 -33.016642610170805483
-35.337406717338964768 -32.376070788722103089
-34.07814747534798272 -31.662579463927325918
-32.937385394832752183 -30.905495064565069896
-31.833599955841155094 -30.057723715864796077
-30.761808940683149416 -29.107048753123802243
-29.839398176807907959 -28.168027370300382728
-29.3300953200392307 -27.389016615590474402
-29.736577230563987939 -25.989588486641821419
-29.260343037821307632 -25.243095410059552819
-27.830932862816382567 -25.200880871782874948
-27.253219658160087846 -24.652379865439140616
-26.844077963436127732 -23.910016004835341619
-27.283006752670040385 -22.591938126099602613
-26.632398406470009888 -21.595924050708511288
-25.72091215221833238 -20.640162275264117397
