-27.463871405213161836 -1.8920190334320068359
-27.293256945890949083 0.21261259626711170867
-29.585025759458389416 1.8771319853639125697
-27.858251837783615912 4.4306697354935726807
-29.242311477980098999 6.155568747692582221
-29.855204098274437996 8.1898365724399475596
-31.806968870317206211 9.3770313470098400899
-32.232694139012323831 11.690392186534056762
-33.228630532651742158 13.755242024972831771
-36.855071873560177664 12.508264460160784637
-38.420971242699792469 13.517205491332934031
-41.132172108480361317 12.000435860263204191
-42.965534806154053626 11.501920649038622102
-44.121005813802575801 13.146244636053520338
-45.87018407881446791 11.878149363271463201
-47.3174896240234375 13.985964264103570187
-48.743488103067207362 11.67546073919733729
-49.844534799563007255 9.9968004630566049684
-51.71911445653760353 11.654789235230744282
-53.505678894045431093 12.00688592842281821
-57.827101433839132483 16.311162262279761848
-58.703501329005831622 13.779485008505000465
-60.377184799278282412 12.61224399272295571
-62.432747580084132721 11.717820719389063555
-63.399690628349915755 9.7923826438284091722
-66.46431647226117434 9.1624094275162004664
-65.249465949845188106 6.0918128566191258599
-66.065299483846899875 4.1995128212472456752
-64.629289109180703576 1.7877177413715026333
-66.154385762014868533 0.087818309300590424726
-67.255962238948285403 -1.8920190334320068359
-68.654984868247595386 -4.1346799515983025941
-68.205170898754801101 -6.3318327330969026434
-67.218661974704261297 -8.3583010272251616612
-65.366151839330086659 -9.9278028393602006929
-65.950548910099769273 -12.649823065263394284
-63.657607923552205875 -13.763809055121301483
-62.930118217803070024 -15.949692830878952066
-60.994182295887398482 -17.081526814002117476
-59.331197866890263981 -18.427472940959802372
-57.640360999531466746 -19.771755922667797023
-55.400098107114047252 -20.045857861369253072
-52.976830716092528917 -19.309679714130151496
-51.845064211065064796 -23.192581860887532486
-49.343888953279474663 -21.171961178253940972
-47.3174896240234375 -22.361880678212823881
-45.287798239301011449 -21.203247821788369976
-43.02026845217260842 -22.108854293630251675
-41.169188753303295414 -20.814531475825184259
-39.121997650853749917 -20.299398372395838663
-37.005464868800444833 -19.752969026098110561
-34.658199414741091005 -19.3160404534539758
-33.151544736853807649 -17.624892024754757358
-31.653299053765319826 -15.996119442601138161
-32.795680796485591202 -12.442728743900449473
-28.982033009124222644 -12.4779997157413991
-30.375543765289897635 -9.4350592944799238637
-28.166636715672481728 -8.1145074951639912797
-28.845679619238453029 -5.8183226784503716544
-29.132282964217989019 -3.8033612837169941123
