-0.77060054311065329102 -8.6162099838256835938
-0.59998656108228232142 -6.5115778282408616207
-2.8917547070573519363 -4.8470585422233734008
-1.1649815166208732364 -2.2935209626382144776
-2.5490407912219410491 -0.56862176345907222696
-3.1619324630016762967 1.4656461018108224437
-5.1136976845979713602 2.6528413150640410834
-5.5394234638686885575 4.9662014836048271604
-6.5353613556179048771 7.0310513811972779052
-16.174527974791043761 -2.4917355392819624527
-16.505737415183187267 -1.482794633060689371
-18.123527930228725324 -2.999564172793998118
-18.961239025685468818 -3.4980794911145718373
-19.186815282486683998 -1.8537553174377991994
-20.046735962414214072 -3.1218506299228048206
-20.624217987060546875 -1.0140357358964298129
-21.180396522971868478 -3.3245392290591375684
-21.392186303184097085 -5.003199582159993497
-22.336868565952109122 -3.345210805991989389
-23.127779797412642893 -2.9931141042075699588
-24.665026504794244744 -1.6173265347375451739
-32.010229695608330758 7.055294293939496697
-33.683916929039320109 5.8880533239432413239
-35.739475941108238999 4.9936300096496335499
-36.706422800841160381 3.0681926543256032858
-39.771048728782247395 2.4382188174971446415
-38.556198118954149834 -0.63237762736673275299
-39.372024038427987591 -2.5246779099364280441
-37.936021279098753212 -4.9364726954121262992
-39.461110315434140716 -6.6363721678800615678
-40.562690601985394778 -8.6162099838256835938
-41.961709413555155379 -10.858870930842201119
-41.511903097505552296 -13.056022869360504046
-21.777196736814435241 -8.9908354985932223968
-21.730119524726049463 -9.1085890557713220517
-21.671063798529495159 -9.2206066730441520463
-21.599265162639930793 -9.3246229924525394495
-21.518534825624882956 -9.4214565750980732162
-34.300914532943224344 -23.805716518889621369
-32.637926242368692442 -25.151662690221442631
-30.94708935256876714 -26.49594759409060174
-24.527413617979995308 -17.382930238424705749
-22.989737730105684221 -15.896530838734282298
-22.881864169668148179 -19.237612545291298716
-21.493777717379884962 -16.889505757903748417
-20.624217987060546875 -17.969861406362241496
-19.751369894406906269 -16.920792388661173078
-18.596924954003661412 -18.153884921570512034
-17.769742248859795808 -17.401382590291227359
-16.608140775395810351 -17.636470750335139002
-15.183136386159151954 -18.040442753682988553
-7.9649277342061584051 -26.040230180097822199
-6.4582755264502065273 -24.349081821208812926
-4.9600284382386039539 -22.720312137182034462
-6.1024096310944475618 -19.166919448628330969
-2.2887613661117605091 -19.202190417238334419
-3.6822730769693343689 -16.159249995152986656
-1.4733663903878770896 -14.838698208296609238
-2.152408584998116936 -12.542512944996925484
-2.439012577780154345 -10.527552222955204542
