-28.232925865370923191 -0.736205468715940059
-28.414442331617863147 0.62961763489103261815
-29.417719278943160077 1.6204098496695005238
-30.014448727999742061 2.6283107785150421343
-29.38208207713188358 3.8636252465946427925
-29.225088044697258738 5.0547204823347460234
-29.772253633887920898 6.3203769020128550693
-30.395569180776650597 7.6698166084837735568
-31.183190253254018387 8.8714384273911424117
-32.316248831674407427 9.8155461394125449459
-32.883277758370105914 11.131956118978258985
-33.620194698088724294 12.314651495739655118
-34.824726800623913903 13.042828044278655497
-36.253445296550417254 12.943719021494519694
-37.694423431376250733 12.709230719495442585
-39.011854139050534229 13.104230877126516575
-40.30508537348279674 13.030752338996771655
-41.637183917276189504 12.32143893862906836
-43.038602620888973149 11.791680202829530444
-44.229349101561503232 12.10937013736070611
-45.170555304593591472 12.812415281018292745
-46.307104387259876432 12.351825254523442155
-47.297348416361728596 12.749968300808701471
-48.133651158420818206 13.490735616573591216
-48.937544716350444673 12.652437075067750172
-49.744955419671200048 11.32326871650744593
-50.631426891849550032 10.447004762398220734
-51.719890006180740727 11.019339019743444652
-53.023252563696544826 11.748167457462098895
-54.365008124601999384 12.36681448266979011
-55.450212514179078482 13.398012444455023484
-56.494196276183153316 14.496270203546407274
-57.538180038187256571 15.594527962637794616
-58.231197011142810993 15.831614098368099519
-59.068699656349501481 15.31425666210235903
-59.85900299948802683 14.121520674210055191
-61.053639269726808436 13.218602219059885527
-62.402873037150790481 12.524143483348916916
-63.396265954933845421 11.497735896594360128
-64.277778856705282351 10.37982381644844132
-64.92742348912670991 9.4373171055385522976
-65.426264754976472204 8.6255962892357374017
-65.861751880596003161 7.8372900569386043657
-66.315002030297193869 6.9143186740230397902
-66.505226943966832209 5.5081967111234479972
-66.511163305382424937 4.1440868768179202064
-65.882782296205974149 2.850642175354480834
-66.05904783032524108 1.6279695216806997493
-66.983187484952097179 0.42230753760491018811
-67.783078173607023587 -0.89433718907392123487
-68.127759969258320893 -2.1957476175116292794
-68.043966362111390822 -3.4165053502314419731
-67.865630435031832235 -4.7514423198400521642
-67.580749414675750586 -6.1425874548887824389
-67.203844747116164626 -7.4912522907254590621
-66.761491509407306921 -8.7392421456511968358
-66.244512753380689674 -9.9403820204943276195
-65.710288136653588253 -10.995448521506251183
-65.130563317007499791 -11.991505218434097557
-64.419140896178262778 -13.058691420225070345
-63.58554422449214627 -14.145505117822009922
-62.68487828497028147 -15.167037935070213805
-61.666083391359876487 -16.171601020866518184
-60.5333128152654254 -17.136193141614992186
-59.321981664941361601 -18.020644238581905228
-58.076977635011054701 -18.795149792920668119
-56.825110373594398538 -19.454008481948736886
-55.35382714922518943 -19.313640781352077624
-54.062187030897590034 -19.186156854311597897
-53.406337005394853179 -20.215630235945749149
-52.792815112566863434 -20.888946189436616407
-52.048697440040662343 -21.051939206034440133
-51.134381270697694788 -21.212074211765617804
-49.972810916604579745 -21.0463201369607944
-48.668364199237878154 -21.430253352128275424
-47.347929393364523776 -21.42140114584391597
-46.003108028135685004 -20.996364934357664822
-44.637824128582508365 -21.127776190221783992
-43.344243352606568465 -20.853152014868598485
-41.956124200540628522 -20.456458697641895839
-40.549770112916952769 -19.940035065711651185
-39.18448785464863704 -19.319019057305897746
-37.901123254170862253 -18.61627346404035066
-36.740787178025392734 -17.869124778609059234
-35.635565381722258849 -17.044397160489907606
-34.552145274542390041 -16.110682017339556182
-33.580406863438390985 -15.146867475314770957
-32.917818819665129126 -14.407131316000306498
-33.264601041930781378 -13.056208289912991205
-33.051295825309416898 -12.115443217742333459
-31.713520076396822134 -12.005522642573739134
-30.912386958434705519 -11.592729003943873067
-30.510861046713117162 -10.878449161344272866
-30.829012665063544318 -9.648493789322575509
-30.438375893637729774 -8.5742254388019691902
-29.399640401853098126 -7.6729351054155650047
-29.376260012918027797 -6.3599929303138393877
-29.726462669805982841 -4.8589086133340799734
-29.725124008423279065 -3.4179926656566781418
-28.955614746441149521 -2.2017991552417366385
