-6.5270261026313747266 -8.5915784835815429688
-6.3564121202476684402 -6.4869468082146655163
-8.6481804549479157629 -4.8224274738593626566
-6.9214070141365091615 -2.2688897082004633177
-8.3054666493590332266 -0.5439904108943167671
-15.687938192459274234 -2.4181441795881415402
-18.666124521795804725 -2.9866533119451030842
-19.393359628285132601 -2.3002007953443754928
-20.189516556143736636 -1.7156356027036432366
-21.948848576246337672 -2.4917355399806755401
-22.276382340907137092 -1.4827947576977571487
-23.890915670110128843 -2.9995640170775947908
-24.725663245973112936 -3.4980792149567774274
-24.847894451147585215 -1.3805655372626741695
-25.06535924511479152 3.9224976026868620949
-26.380643844604492188 12.894385780522025442
-28.384551678893828353 10.474320347469383563
-30.006804386301595855 8.4681749759543158973
-32.286359869620014251 9.5843413363248792791
-34.295828510492917474 9.1862158327322696039
-36.890253668909849694 9.6116030956754805459
-37.766653677931579125 7.0799252940041750293
-39.440340904651648657 5.912684801301800519
-41.495899876803399309 5.0182615259978184952
-42.46284675434569067 3.0928239115964135664
-45.527476549396766359 2.4628501020187680837
-44.312622073975717285 -0.6077462869741419027
-45.128451799696513547 -2.5000466369571787695
-43.692445227622748405 -4.9118416641422069091
-45.217538076597278973 -6.6117411089898059373
-46.319114552180707278 -8.5915784835815429688
-27.511632868788627349 -8.7104502207562273242
-27.490569040420627545 -8.8275003567307113173
-27.457455784815667954 -8.9414558660089262787
-27.414984728740705577 -9.0520967489303831854
-27.356868757418531857 -9.1552021173573621127
-42.720764059108702781 -20.463368256354847574
-41.993270493937920662 -22.649252083810935687
-40.057338439148836073 -23.781086965602625583
-38.394350145259487306 -25.127033131694670232
-36.703513283243104581 -26.471314197768268883
-34.463254217465092211 -26.745414219903778985
-32.039986716308291648 -26.009239921032200726
-30.908216314833641292 -29.892143978164337881
-28.407048724481597901 -27.871521361676677486
-26.380643844604492188 -29.061437028920831693
-25.060877277056203383 -21.148297120215794109
-24.348111050558522095 -18.153884863267371941
-23.518164871289528151 -17.40138259020969258
-22.353599370519901868 -17.636470746870735127
-20.925337055267167585 -18.040442648413318238
-19.004707140697050249 -18.743681150286803927
-17.576131933966095744 -18.369976739927505349
-15.685540735464003959 -18.221488741000463563
-11.858835028687893853 -19.142287971626686272
-8.0451872236557058216 -19.177558916994193794
-9.4386989345132796814 -16.134618494908846031
-7.2297918900710556045 -14.814066707335683759
-7.9088343128025897499 -12.517882348886482546
-8.1954381375800373633 -10.502920725367125954
