-19.196957037537380586 -12.289264678955078125
-19.026344485735240397 -10.184633002921337663
-21.318111391782608166 -8.5201136601591578312
-19.591339380037631202 -5.966576140504074921
-20.975397111253350602 -4.2416771341175074639
-21.953295227182778149 -2.4181441497857534273
-25.6390496677984423 -2.5452213680066151369
-24.778100476508118533 0.56172914878137270023
-24.961718115400699958 3.357995941398510098
-27.288867803014284164 3.8993398332192690248
-28.463291391525643803 6.048447802679753238
-31.138264219397768784 5.4820786008816710932
-33.194531090224387526 5.7337855805820936439
-34.754978077535447767 7.9199320190797166674
-37.025365829372987037 6.9793222732074617909
-39.05057525634765625 9.1966991083113320826
-41.054477601146501797 6.7766336508161515439
-42.676737447069655218 4.7704878818148515052
-44.956289438220757404 5.8866541664151590396
-46.96575804828496814 5.4885286688148866574
-49.560187081946786236 5.9139158923883812236
-50.436586954199270849 3.3822388913255831966
-52.110270425881097367 2.2149978755142942788
-54.165833213414856573 1.3205749535388680016
-55.132776261361797765 -0.60486276422255791374
-58.197406030726568815 -1.2348366494519407155
-56.982555383516611869 -4.3054329973378209218
-57.798385115164258252 -6.1977330595956070525
-56.362378537226909714 -8.6095278148799234685
-57.887467582095652574 -10.309427314865729386
-58.989047871272504153 -12.289264678955078125
-60.38806669005482064 -14.531924603674392316
-59.93826035365927396 -16.729078579951938366
-58.95174761027034549 -18.755546424352232293
-57.099241281907993084 -20.325049210119455978
-57.683638405920824255 -23.047069341518881203
-55.390693552517745957 -24.161055420522934867
-54.663203832186212594 -26.346939211583350726
-52.727267909974735005 -27.478774144875803387
-50.359827209771793832 -27.85511382688556381
-48.155371906890387379 -28.059229558752885936
-45.770707388292464657 -27.382930234815933801
-44.479001215276745995 -28.996239411906046257
-43.5781498132425682 -33.589829181748541487
-41.076974590928742259 -31.569208492147382117
-39.05057525634765625 -32.759126085317319621
-37.020883866573072396 -31.600495135710492178
-34.753354095841402227 -32.506101610494738452
-32.902278182798902151 -31.211776877235170247
-30.855083282516268639 -30.696643779205722069
-28.738550497903375458 -30.150214431342789112
-26.391285038350901004 -29.71328585422708457
-24.884632386760046074 -28.022139438462474459
-24.198705419651048487 -25.661949128133969111
-26.658532721635701535 -21.292611587507053628
-23.985050409690060746 -20.987348541813613423
-26.328962461620303515 -17.953292514317581663
-22.883864655618982198 -17.542148422870255331
-20.578765248858271519 -16.215568549668816445
-20.865370510603597154 -14.2006060394333673
