-36.874986919936709739 -6.3015756607055664063
-18.200157351946177897 -4.1969439846718250564
-22.169864643226421919 -2.8890825457769104823
-24.558813357303193925 -1.8613622799672588926
-25.195730223077315912 -0.50084585022194527681
-24.858221511570967266 1.4153818383709033668
-25.669820994093317523 2.8198481187868580378
-24.778100444592265461 5.8055120806642488418
-24.293755099277667853 9.1699597486668498192
-26.462676853194775362 9.8870286120815933373
-27.637100275016081241 12.036136723920982661
-30.312073357957977748 11.469767657886805523
-32.368343956435325026 11.721474598831605363
-33.928787008481300802 13.90762101170173537
-36.313619713195357974 11.878149359638587867
-38.22438812255859375 13.985964264103568411
-40.113849426326083858 11.675460739708785951
-41.688715491790262035 9.9968005413972349515
-44.058763701686721959 11.654789220703694497
-46.13957091449590564 11.476217687064398376
-48.733995987659326943 11.901604994816203487
-49.610399816844825693 9.369927673746923702
-51.284087053094573605 8.2026867036921800036
-53.339646080632292069 7.3082638514612554559
-54.306585320869217526 5.3828262430244979697
-57.37121497079633059 4.752852800242640896
-56.156364447558658526 1.6822561119817942554
-56.972194171440349919 -0.21004416776201573214
-55.536187602136379837 -2.6218390980712533711
-57.061276635817023362 -4.3217383176209986928
-58.162856922786176028 -6.3015756607055664063
-59.561875731323652872 -8.5442366365723163568
-59.112069394006596212 -10.741389614235973937
-58.125556631963064547 -12.767858451556488575
-56.273050336787662218 -14.337359230635469132
-56.857447416458377631 -17.059379440567767006
-54.564502595495127935 -18.173365460348293254
-53.837016722318594475 -20.359249213092070363
-51.901084647599120103 -21.491084121884497904
-50.238096357960635885 -22.837030288912590237
-48.547255580995297919 -24.181313324302774248
-46.306996607352104434 -24.455415203140368874
-43.883725661265124529 -23.719235064398045409
-42.751962662226816292 -27.602141120834989607
-40.25079115298939314 -25.581518532714916603
-38.22438812255859375 -26.771438020742120756
-36.194693030843581028 -25.612805175637891608
-33.927163031844457919 -26.518413521366998253
-32.076091050462977705 -25.224086905783494217
-30.028892312897411898 -24.708955705221718802
-27.912359473031223445 -24.162526322666206369
-25.565093932812544608 -23.7255976755469149
-24.216669323351801779 -21.858723497725947027
-24.198705278201110502 -18.930352977995880792
-24.469611821548514996 -16.295005412780241727
-19.888927631029012844 -16.887555997325090829
-36.805663689265756489 -6.9332323228700278861
-36.735055629864199034 -6.7854891604138201089
-36.679925924416075134 -6.6298612210004117529
-36.628233215941456535 -6.4693383185976855998
