-31.010784552185818086 -6.5420565605163574219
-30.84017200005024506 -4.4374253644921664019
-33.131938910967917877 -2.7729057587947210095
-31.405166893677396445 -0.2193681741813398034
-32.789224625427273452 1.5055311024647224372
-33.402117244402028007 3.5397988054733211527
-35.353883892665464828 4.726994014336966643
-35.779607284214961282 7.0403544190653217782
-36.775547599243708419 9.1052043539421418927
-39.102695317720630896 9.6465481901186436176
-40.277118918300118366 11.795656404956602614
-42.952091729201754333 11.229287194000661998
-45.00835859751943957 11.480994173468712205
-46.679531178642967859 13.146244695439921912
-48.928361888168431904 11.878149348699370336
-50.86440277099609375 13.985964264103568411
-52.779140231384545245 11.675460742595060282
-54.423987028938519472 10.204470735485212884
-56.770120620472667383 11.633862809484725176
-58.779585567715308514 11.235737261961723732
-61.374014586072931365 11.66112449373930815
-62.25041447241309811 9.1294472455924786658
-63.924101707253470295 7.9622062755669791301
-65.979656885372236275 7.0677829838585548572
-66.946607582713738793 5.1423453652186132956
-70.011237460630397322 4.5123712948149901081
-68.796379095996158526 1.4417752121710032398
-69.612212629183403578 -0.45052508823174797215
-68.176209842017883034 -2.8623198193387962007
-69.70129890660807348 -4.5622196272785107141
-70.802875385920941653 -6.5420565605163574219
-72.201898011613977246 -8.7847179898312486301
-71.752091687604632853 -10.98187091671070803
-70.765575118435066315 -13.008338802705512904
-68.913064987380323601 -14.57784060244284241
-69.497469791889514568 -17.299861601843424808
-67.204524901595306119 -18.413845844414147734
-66.477027434020769192 -20.599731678951300751
-64.541099301247157882 -21.731564540166537824
-62.878111011374663519 -23.07751070827056239
-61.187274169837003512 -24.421791767350846669
-58.947011250113270364 -24.695893721292637935
-51.938573696355007314 -9.8480130224275761464
-51.587122163107586914 -9.942184203003467502
-51.22775282476430192 -9.9991027047507099468
-50.86440277099609375 -27.011916536367120756
-48.834715084605406332 -25.853287482409438525
-46.567181613731150946 -26.758893969582143058
-44.716105693814498068 -25.464571141801862098
-42.668910793194484654 -24.949434228487874066
-40.552377993224069996 -24.403004871233719086
-38.205112570428156005 -23.966078225288296011
-36.698461828776913762 -22.274929907538179918
-35.200212232696244996 -20.64615819727163526
-36.342595818123982099 -17.092765510744907687
-32.528946186344732894 -17.128038487309467541
-33.922456905818847872 -14.085097045510037717
-31.713551771713746064 -12.764545265960466125
-32.392592758097904948 -10.468360882620846297
-32.679198012502929771 -8.4533992302064824287
