-42.237328364958941052 -4.6549739837646484375
-42.240775252115341232 -4.5064834730232243842
-42.255552756449255014 -4.3578166396577433517
-24.561895649166665123 1.5482875004596383661
-25.578390122727959977 3.3926135610729222236
-26.191282741228199882 5.4268813822250301371
-28.143047509422636665 6.6140766286358676496
-28.568772777501099114 8.9274365150482690723
-29.564711120618703433 10.992286392536884776
-31.891860814430984306 11.533630289949048375
-33.066284403000253178 13.682738497870182925
-36.238102482920503178 12.000435880775331299
-38.403874088294664091 11.501920664875914468
-39.869800388163106675 13.146244640027578754
-41.91586503805648789 11.878149359013278286
-43.653564122695833305 13.985964264103532884
-45.369968043163851235 11.675460756270727103
-46.767897501675228966 9.9968004693953300688
-48.952932469460137099 11.654789248642352106
-51.071905807797783439 12.006885948670106501
-54.067610519685146642 13.382673500502097141
-55.039579962108497568 11.016529350687841671
-56.71326343449501195 9.8492883348619297834
-58.768826229921977244 8.9548650470936781431
-59.73576927283640714 7.0294279309678717738
-62.80039904220117819 6.399454045738488972
-61.585548394991221244 3.3288576978526087657
-62.401370509223397676 1.4365579563549371045
-60.965371547306652644 -0.97523717273179455489
-62.490460590944671537 -2.6751370715315707649
-63.592040882747113528 -4.6549739837646484375
-64.991059697923148519 -6.8976344196325651836
-64.541253365133883335 -9.0947878847615104547
-63.554732958643398888 -11.121255832901351113
-61.702234293382602459 -12.69075851492902629
-62.28663141739543363 -15.412778646328451515
-59.993686563992355332 -16.526764725332505179
-59.266196843660821969 -18.712648516392921039
-57.330260942291495496 -19.844481523570387083
-55.667276513177363029 -21.190427651066038095
-53.976439619997414354 -22.534712555401736012
-51.736176750345244102 -22.808812573536044965
-49.31290583015603346 -22.07263433345449144
-48.181142824717177575 -25.955538486558108247
-45.679975000188569823 -23.934917821300061291
-43.653568267822265625 -25.124837297475519193
-41.623873173220303556 -23.966204452067856323
-39.356347107316011602 -24.871810915304312317
-37.505271194273511526 -23.577486182044740559
-35.458076293990878014 -23.062353084015292382
-33.341543535148296939 -22.515925658379494223
-30.994278049825510379 -22.078995159036654883
-29.487625342718594368 -20.387846785936524441
-27.989377716739106461 -18.75907512948546696
-29.131759405420673659 -15.20568436150299263
-25.318111671071765301 -15.240955412764270349
-26.711622389757589957 -12.198014916649858819
-42.058018797586960602 -5.1733994982760442838
-42.00828862405699482 -5.0046889186358356483
-41.972040567983157189 -4.8317096444021148116
