6.5781002782890354297 -7.0836443901062011719
6.1874645275492525798 -5.3308951710234708798
4.3945975795786296203 -3.9200742783381756773
8.9704091254881532791 -0.76095567557151522209
7.5863494891503826523 0.96394350536576212107
6.9734578195206324835 2.9982114556480272682
5.0216925923858735104 4.185406676824854344
4.59596682134859158 6.4987665965555461156
3.6000289260593412166 8.5636169749167603271
1.2728795091622462365 9.1049613144293175537
0.098455735954690482004 11.254067618300780396
-2.576516906256034467 10.687698412628055422
-4.6327821839961602635 10.939405417043243318
-6.1932320119058079655 13.1255537500931041
-8.4636155027553208186 12.184943524703371054
-10.488827705383300781 14.402319397160209036
-12.492736456300121972 11.98225492167566486
-14.114989096409569669 9.9761095684460521227
-14.725374503343648058 5.9551126797764322163
-14.780451645721239373 2.5555094423607478404
-15.509611502502416158 1.6126150764258468939
-14.630308920646108106 -1.3833788595242744179
-14.702934421704245693 -2.4033981377202904284
-15.831839232207354229 -2.2727721611238065336
-16.699531573259609019 -2.5713020348872976939
-20.254252439089796667 -1.4455711294283553059
-20.444929141806053252 -2.6509006204135818763
-24.322511172311919836 -2.5888082070799667278
-27.800630037332059175 -3.4039075483489549256
-29.325720984253695889 -5.1038070207656573984
-30.427299366633828726 -7.0836443901062011719
-31.826320089916574574 -9.3263048187615620321
-31.376511852795712088 -11.523457796505425677
-30.389999107902013975 -13.549925651678798033
-28.537492772722906409 -15.119427500970505918
-29.121891811051369814 -17.841449525314587277
-26.828946965198685604 -18.955433687438699053
-22.807096161493223718 -18.175062258589647968
-20.161836309676381518 -17.826611597902864759
-18.314752613380072432 -17.855113923879759597
-16.825581582951528503 -18.059229679177992267
-15.133258146197643867 -17.515212481908847053
-14.479001496108541147 -19.364142076395587821
-15.016401218945329532 -28.384209388794332085
-12.515233508462113576 -26.363586794566977289
-10.488827705383300781 -27.553506273305597318
-8.4591335413186090619 -26.394873425466130357
-6.1916080243772970704 -27.300481808895906255
-4.3405292073049395185 -26.006157067167080754
-2.2933359727801043704 -25.491023968444924463
-0.17680338037812504126 -24.944594628687955407
2.1704622447717056843 -24.507666063592548511
3.6771147135899884262 -22.816517695490972528
5.1753618562219489974 -21.187746052428092725
4.032980627340302604 -17.634353410062249878
7.846628879268060075 -17.669626316899311291
6.4531171918204854876 -14.626683953541975924
8.6620242501058477558 -13.306132134081799734
7.9829765884474994664 -11.009947744523575608
7.6963779973914512311 -8.9949861954878382875
