-11.82095663317947043 -6.8600668907165527344
-11.650343127703013835 -4.7554352146828113845--13.942110988104200686 -3.0909161071423945089-2-17.817564285043758332 -2.357651257195118255-24-22.077434536702881474 -2.58714471135415458-24.-23.980936511747113826 -2.4181441702627228-25.6-25.66498199857661433 -2.4938433304733171-24.-24.778100513035507646 -0.6504521701803511-24.29-24.293755260362349446 1.337166061882863-24.99-24.993995519964439467 2.334964194900976-24.41-24.412716316498894287 5.717843830979916-25.22-25.222420205072982213 7.631712939574901-26.833576986607639014 31.925573359135782425
-28.394027620378487597 34.111721648878557289
-30.664411661114115759 33.171110482006284315
-32.6-31.674573898315429688 14.625896896549857473
-33.678481730549890472 12.205831463713192164
-35.25760933734472502 9.9968004536247292435
-37.580286255727486378 11.315852404559038291
-39.5897585594219521 10.917726950889143467
-42.184187693641447936 11.343114121449957565
-43.060587467822365682 8.8114369439153978902
-44.734270952641182362 7.6441959224812006113
-46.789829934540350109 6.749772637554313448
-47.756776806681322967 4.8243350295171953945
-50.821406619436309882 4.194361308973912017
-49.606555927801352368 1.1237649214113085705
-50.422378042685991772 -0.76853535435168929268
-48.986379071476207514 -3.1803301941747914583
-50.511468130308216473 -4.8802295161248157029
-51.613048420588910403 -6.8600668907165527344
-53.012067230068538493 -9.1027283344565557144
-52.562260901992168272 -11.299881273177664553
-51.575740498428231717 -13.32634921071036338
-49.723241825231070834 -14.89585095850500096
-50.307638975725282648 -17.617871994631165933
-48.014694115058759394 -18.731856183570812391
-47.287200511766691591 -20.917741961308600196
-45.351268498070311352 -22.049574891208884253
-43.688284073441039368 -23.395521018564650717
-41.997447197359790039 -24.739805916373580175
-39.757184279122895987 -25.013905961360720198
-37.333913187122583111 -24.277725868664830955
-36.202146377157923496 -28.160631906631373056
-33.700978782756877195 -26.140011198843428275
-31.674573898315429688 -27.329928773915948881
-29.644880654683682053 -26.171297829931305046
-27.377354709395739008 -27.076904312747565484
-25.526274928542328269 -25.782577662099669169
-24.939239339774601945 -21.987884480641376683
-24.687975386153844681 -18.961217246149782767
-23.040626815917661929 -18.743681503217509032
-21.311004899213706665 -18.369976872516019739
-30.497657247616608345 -7.9197677301267033201
-30.386489076233260676 -7.7959155507036097532
-30.295722450257379421 -7.6561472305480560152
-30.212322917076480877 -7.5111030240035816519
-30.144215120336721014 -7.3573107259288850202
-13.202764836792209024 -10.786371202003440573
-13.489369139822265709 -8.7714095604066777412
