-6.6975435472419704297 -8.8906583786010742188
-6.5269300417655138347 -6.7860267025673328689
-8.8186978976298320276 -5.1215073779526338882
-7.091924936067904639 -2.5679698401500710148
-8.4759836183187609038 -0.84307060127261834737
-15.340438360871180734 -2.4181441521801367855
-18.424995538220557023 -2.9866533973722582118
-19.231717594287744078 -2.3002007502673098571
-20.090742724915056527 -1.7156354900899870586
-21.902076577549955516 -2.4917355367276217137
-22.274229377953901121 -1.482794507327881206
-23.928278383920680739 -2.9995641678131947927
-24.799006043129423915 -3.4980793708602408998
-24.862636633374485484 -0.94676609073528794625
-25.065359124038479877 5.2458031968032603487
-26.551160812377929688 12.595304931828177786
-28.555070475812478037 10.1752404606693716
-30.177323027916649778 8.1690951305682162342
-32.456876824939200787 9.2852604916776613209
-34.466345468702549226 8.8871349882965056111
-37.060774618226240307 9.3125221506532263049
-37.937174389015645204 6.7808459276872223853
-39.610857872425086157 5.613604906282269269
-41.666416844576836809 4.7191816309782872452
-42.633363721431479121 2.7937437791047763369
-45.697993533498809882 2.1637698210893905326
-44.483142842685531093 -0.90682644910943910332
-45.298968766463090674 -2.7991267672964896818
-43.862965991118187503 -5.2109214698901098473
-45.388055044370716473 -6.9108210040093371873
-46.489635334651410403 -8.8906583786010742188
-47.888654147737312883 -11.133319311192479972
-47.438847835754742732 -13.330471237869133461
-46.452331250525233486 -15.356940149933109296
-44.599828737138409451 -16.926441974392940182
-45.184225874140899748 -19.648463986454050456
-42.891281026882140281 -20.762448151374378824
-42.163787413868462295 -22.948333939314007779
-40.227855427764424689 -24.080164934507159558
-38.564871002433122271 -25.426111065090722718
-36.874034131421900895 -26.770395962199845741
-27.023362682047647354 -9.951241107531973995
-26.910317227532438267 -9.9960278506518722708
-26.793418461971214128 -10.030391004769047214
-26.673128402454644004 -10.05110072039361313
-26.551160812377929688 -29.360520738637628568
-25.060877165987783144 -23.069762028585966362
-24.582204074943756922 -18.153884929581366237
-23.785861226408336222 -17.40138258192540377
-22.657275985304110577 -17.636470751126942957
-21.268532207778381604 -18.040442758666070944
-19.392525098579728393 -18.74368156809967445
-18.015945761058024033 -18.369976931893951644
-16.188226528947417648 -18.22148901488687045
-12.029352916362325843 -19.441367820161222113
-8.2157042398257118521 -19.47664080318767077
-9.6092159022867171814 -16.433698389928377281
-7.4003098121398700471 -15.11314660426664247
-8.0793517670811105802 -12.81696133571571572
-8.3659560581344685204 -10.802000611887253356
