83.193912103087626519 7.8496408462524414063
83.364520840859356099 9.9542715622670812081
81.072753934145126209 11.6187918650483617
82.799531686976607148 14.172328372428141918
81.415468222266639486 15.897230281386145023
76.348863134524819429 15.36014372740436329
74.257325925540030198 15.781329202119287913
74.392805581364498835 17.801371272248417199
74.766280526960798625 20.539491451563769431
75.101997523202996376 24.038244166123529766
73.927577892870516507 26.187354198555251372
70.760947591205308527 24.516705594111872557
68.824179586275889164 24.727293100218862065
67.635891190064242551 28.058836563623604121
65.365495798266593397 27.11822730934274972
63.340290069580078125 29.335604156681693411
61.336387726836107959 26.915538699402489442
59.714131251357983388 24.909392359356150592
57.434575875252733113 26.025560641250368832
55.425103548868150938 25.627434232277636283
52.830678265025525775 26.052822383420313201
51.954278389555405226 23.521143237392244885
54.599621874443506897 17.557135952149899083
53.703830064311546266 16.526351569303471933
53.332551944761938501 15.120689780322079443
50.284729613562426209 15.387270157086035738
50.029914822743279501 13.775805661482026565
44.592484024253806751 13.941171508223021647
46.028494380144792331 11.529377531784273714
44.50339774908326973 9.8294773066292471242
43.401821269352495847 7.8496408462524414063
42.002798635872913735 5.6069809215331272156
52.524458667837755854 5.5506629118410479862
54.678181005527576986 5.0351505905418187936
56.578336681998308677 4.8390242762395478948
55.572011232400626568 3.3646217231554773619
57.104408386369584605 3.3190068117931001979
56.770031453448027037 1.933751089873051221
57.256561413077697864 1.0929814221504994265
51.326581824224980721 -8.6858128210489482512
53.017418690738779219 -10.030095802640303759
55.257677795029188417 -10.304196799937685114
57.680948983417799525 -9.5680195979463640299
58.897730657254903974 -13.051006224325032434
61.456869430371362739 -10.069940916876952031
63.340290069580078125 -11.662358659780206693
65.369977754527297975 -11.461589598955196578
67.637515166776836395 -12.367196059356750482
69.488587143128825119 -11.072871352027650715
71.535789723011490082 -10.557737277970954182
73.652318731992608036 -10.011308854594631157
75.999580287576833371 -9.5743803290195650391
77.506238887821083949 -7.8832322787051296586
79.004488447003254237 -6.2544596039010418309
77.862097045694696362 -2.7010685488227075268
81.675746672380142854 -2.7363403338504408424
80.28223592589722557 0.3066006691841858256
82.491146795829322969 1.627152752000064595
81.812100074365062596 3.9233372012340765878
81.525494815324137221 5.938299485774152231
