-32.244157480270793315 5.7247069073968832598
-32.587106829884284309 7.2104506693394698758
-33.75684165960520744 8.2959731878931997073
-33.812892605728372075 9.552474017434692044
-33.094509103159765573 10.976403048863122791
-33.601554152568596123 12.301396438386136722
-34.998519134103325712 12.867548738706112488
-36.689563527013127953 12.761155469676850771
-38.394348859878554947 12.613485317370347616
-40.097858787177948159 12.386061463463294174
-41.788294647343036559 12.171943167682711007
-43.360889341149452036 12.59489875483170529
-44.925526491065461698 13.024910718210090721
-46.438416593591483661 12.853220704677021047
-47.62268148767562792 13.010189275744849624
-48.954991138776627224 12.13453938031346091
-50.07255195725669239 12.151164691729492873
-50.817878960508586772 12.555061984642520656
-51.638258325288127537 12.665678842219611155
-52.208625418066795021 13.389041789321156628
-52.70996724706171932 12.154027932057584138
-53.167234396571473098 10.699874165635488765
-53.930977947715234677 11.06535873079565313
-54.802520443280698714 12.546273109360544851
-55.591064592126187449 14.060505192902795102
-56.37645023476004269 15.575215278082616521
-57.161835877393905037 17.089925363262437941
-57.947221520027760278 18.604635448442245149
-58.732607162661629729 20.119345533622073674
-59.523799400117283653 21.626173620744744142
-60.631699909425002204 22.703095013835948635
-61.892234638261008683 22.396274509105115413
-63.01547846720796997 21.721234388793455139
-63.948378760874845739 20.418530765211350797
-65.334962545521278798 19.433807382661676399
-66.776252423461926355 18.574031596417587053
-67.84197704146836827 17.334648155309068329
-68.707603558875632643 16.154186803326030741
-69.317569227533255116 15.1978441955331256
-69.819236029421574585 14.309095698649946016
-70.331906001942385842 13.272925585695682926
-70.561557039808747049 11.684983173172785342
-70.368202030095218902 10.157849603734691257
-69.824982955596993861 8.7137416664364515384
-70.561487115105094858 7.3576738293868331198
-71.542194507873915654 5.9138274320327397504
-72.150763719002227958 4.4181173154622497279
-72.066842276739777162 3.0264838623656524774
-71.864780142442896249 1.5179347479386624542
-71.527106447585595106 -0.055166883450771031505
-71.079545526586159099 -1.551015694948439716
-70.54255802067476111 -2.9471817001773255029
-69.939469572943011144 -4.2282685681105292019
-69.310027292794472942 -5.3594978003670199485
-68.537017063298549147 -6.5506637547904311702
-67.600494903515624401 -7.7829800217118609851
-66.571345158917097251 -8.9393229973763013163
-65.388397429352068002 -10.072379383341571568
-64.07179199376898282 -11.138233647655400915
-62.67350227472373092 -12.086510157379535713
-61.259103996614165055 -12.883388201481022151
-59.662561395053053559 -13.014581773402307263
-58.154897540819639801 -12.817444294847749831
-57.392976285768845912 -13.949848723326240929
-56.664377411744936808 -14.5600489380755036
-55.778109074610632945 -14.744027074211700779
-54.643771411214466127 -14.835063041512650983
-53.21271618208076859 -14.932419984765846976
-51.718167130099125472 -15.069713184763237734
-50.445608859939348179 -14.308695258973443742
-50.171566201012176123 -12.772463866343384709
-50.217796570175075033 -11.058655694842993711
-50.26430862186047932 -9.3446913432380593889
-50.310820673545883608 -7.6307269916331206261
-50.357332725231287895 -5.916762640028185416
-50.393218838396400372 -4.2532362819031757084
-50.136512144449476125 -3.9785561013861316937
-49.516246553987173229 -5.4295758406465646217
-48.868151124543189212 -7.0126950866401349671
-48.220055695099190984 -8.595814332633707977
-47.571960265655192757 -10.178933578627280099
-46.923864836211215845 -11.762052824620852221
-46.235336817916291352 -13.265035637381421552
-45.018039744029181293 -13.720886862854037247
-43.467983598695091985 -13.088347228972345704
-41.998137533430359269 -12.302226859883020893
-40.681112049305255596 -11.454380144587283041
-39.43006206787121215 -10.502428140784534349
-38.222096337079548789 -9.4207128303191058905
-37.251859036132856318 -8.4098545872894909792
-37.110515738660424745 -7.2578814039119068369
-37.241689903373483617 -5.9161393911212662999
-35.929286474272707608 -5.6410214980493567083
-34.926927061604523317 -5.2292210469588606969
-34.469020732211404834 -4.4087876562487053889
-34.862172439166826621 -2.9624930324352307665
-33.994664762269522384 -1.8711324616745876881
-33.287870273564152512 -0.65638946456886138048
-33.639810822716128769 1.001905541741815453
-33.788455064456357491 2.6697607032020322926
