79.663791253478251519 9.5803098678588867188
79.834407620924878302 11.684940581206074484
77.542633099965215138 13.349460814064880054
77.156999332216969378 15.216633239001890132
74.705675119991269639 16.212213675034579552
74.243020566729015286 17.913112667252285348
73.459611658258040734 19.497202967017727815
74.894972365186077923 23.162720338351537208
73.899039971534776328 25.227570970104384429
71.028274683288984193 25.020706095850620443
69.724254163278118313 26.752009713436351035
67.54766772762367566 26.95898928657484106
65.666220849144067984 27.60336113511897338
64.105770219887048711 29.78950561085754245
61.835382460092894519 28.848896343347153248
59.81017303466796875 31.066273178288138723
57.806270691923998584 28.646207721008934755
56.184014216445874013 26.640061380962595905
53.904458840340623738 27.756229662856814144
51.894986513956041563 27.358103253884081596
49.3005612301134164 27.783491405026758514
54.59219883548026786 16.762234060088115228
54.206216030738985978 15.804131941623673185
53.127959577297509952 15.597005514586399499
52.825490955422154116 14.654977254076946735
50.008217530861500677 15.239470774834181555
50.488349916525187666 13.730653076331311269
41.062366989341697376 15.671840529829466959
42.498377345232682956 13.260046553390719026
40.973280714171160355 11.560146328235692437
39.871700419743120847 9.5803098678588867188
39.031801782813971613 7.3964153199745306111
39.297453624860196442 5.220195866941547358
45.338379175711303049 4.8781406397930480168
47.791028942093504384 4.2290403566416969738
52.001660480299982225 5.0720632351985255326
54.359752762246657198 5.6203481276702209612
54.508305206944008603 4.8064828663402856535
55.54210695312033863 4.8401407312925046611
56.058896811150084716 4.4171225487474110594
56.429314180604428941 3.7244972441838735122
57.212630014782369869 3.7461321790278789834
58.046632591821897051 4.1526802434861371793
55.282602616651224992 -11.72025470384131296
57.783773700086882741 -9.6996339453334172731
59.81017303466796875 -10.889551538503351225
61.839864424442552604 -9.7309205888965273346
64.107394195174222773 -10.636527063680777161
65.958473905024831652 -9.3422023362337505148
68.005668849622779248 -8.8270682669517590568
70.122197786669673292 -8.2806403650856097443
72.469467241842835392 -7.8437116574825260784
73.976125790919823544 -6.1525631460665763939
75.474367498921154152 -4.5237909300782561672
74.331983702007818238 -0.97039993557954140613
78.145633507292643571 -1.0056712465629615849
76.75212266219597268 2.0372695037115882144
78.961025943496778723 3.357821646016172501
78.281979236657491583 5.6540060404155578766
77.995381595785701734 7.6689680369790478309
