-9.2321772988842525365 -8.1429707348448765458
-9.4898999667830388205 -6.7151429037118290921
-10.595220678208519871 -5.6817867735494305137
-10.936283915505027764 -4.5522883767712007952
-10.181612817223559375 -3.212623010616142416
-10.386247389175061073 -1.9538740071060800574
-11.378221679564331836 -1.0876641577819887718
-12.881566954747645681 -1.2612713694974346801
-14.449546059338771897 -1.6206881541566977578
-16.017525163929896337 -1.9801049388159608355
-17.587799125317193472 -2.3333484816533309747
-19.172750082917403347 -2.6471104119594710546
-20.730890668815121103 -2.7812420255821566073
-22.13625295135687665 -2.1798558171162092378
-23.561828230173823329 -2.0906967789312895789
-24.40553069734550462 -1.7084754899330203415
-24.845914931179351015 -0.35491708837398333598
-25.253901336947969014 1.0877418432546070992
-25.298726699278663688 2.708022428426378525
-25.243524983800561756 4.3268622704756429798
-25.154649852008517996 5.9434532640480979282
-25.065655310938780076 7.5600362829805671794
-24.97666076986903505 9.1766193019130319897
-25.006874848389870181 10.628692020331666157
-25.953318057147779285 10.821199596380424168
-27.315184350990854512 10.799038836785623374
-28.458207231657258518 11.094962852680176013
-29.481143695382407088 11.103870399790327639
-30.533645111725466137 10.91364580438292009
-31.569643006189220813 9.6494401665183122674
-32.656137860209838664 8.5971492646222014145
-34.002823190233186779 8.765875683947095709
-35.512735849843366509 9.115883378932808867
-37.106998047329611268 8.990040106074268067
-38.505609796234317344 8.7803101311106850346
-39.568368263684874364 8.1750410831050430716
-40.486603721575541215 7.1774100495706267822
-41.584414495172730142 6.0608716900923464976
-42.999950383981492052 5.2707175242353692113
-44.177367437575782105 4.2972770723503899148
-45.145298694908198911 3.1046753724043441025
-45.872875795308075908 2.067416989588849674
-46.412596775371184776 1.1956984363190521492
-46.877788153847255614 0.35358266295989793093
-47.310739419005059858 -0.67971653880221349908
-47.562351323861861374 -2.1806692639823923585
-47.378919207720556983 -3.6176962616699022135
-46.805959433921941582 -4.9818731036104004772
-47.387790226129432369 -6.261397813752270558
-48.345800131906983665 -7.5952479474638510126
-49.143403142827359886 -9.0141415100028794427
-49.091192956213333787 -10.342507776124190144
-48.945570794956260841 -11.701952277333717234
-48.67820797627420859 -13.1834664678527691
-48.300157781649474487 -14.640695646834581467
-47.842247202029966502 -15.990247077995103808
-47.299831623088593346 -17.281213564191880039
-46.729806623802339516 -18.418579453302591276
-46.11062186313193223 -19.482234713892999878
-45.341446985762239308 -20.62508701036517067
-44.442114609205546572 -21.775853483872538163
-43.460609840278706884 -22.858528153083256029
-42.337953579732136689 -23.923702170920858379
-41.098559392951273139 -24.927090945742133243
-39.784268749747440097 -25.827856481157809299
-38.454354944374735226 -26.593932886726612708
-36.993075329900868553 -26.896308794293489086
-35.482830095310646357 -26.593910900359635008
-34.553280212127233995 -27.268092932477770773
-33.961829920644369452 -28.304267392524202762
-33.182831177336190365 -28.481187538828962147
-32.234962620942596345 -28.652952812258188686
-31.015776832164537069 -28.507797695653195547
-29.625917008546391429 -28.887471315182295939
-28.216772502526698219 -28.821004355426236287
-26.777076857324416892 -28.454286155818628856
-25.431907934312075525 -28.545817842116065322
-24.898665902794327565 -27.861753360597695917
-24.924571043425888917 -26.257063074566172389
-24.961550555526031303 -24.636695178277811635
-24.998461497531010878 -23.016339484299400908
-25.016035672698428982 -21.399424841727594071
-24.980041240802982827 -19.792786393426649028
-24.581126165621306257 -18.477747308916431024
-23.25588946217852282 -18.311904488149778558
-21.732617041689717752 -18.565128302447746478
-20.153911336193441883 -18.351874978649096448
-19.010140231672757238 -17.796422176808185611
-18.675886566921480636 -16.716108957157430837
-17.504201330446139906 -16.86277020044910202
-16.006082740864108871 -17.44792723652535571
-14.5076262285562958 -18.033538201993728478
-13.009169716248480952 -18.619149167462101246
-11.867605878330948599 -18.969702434728205276
-11.575659248551801284 -18.451607127177574341
-11.791342325803215729 -17.235659144011354016
-11.468275475946800412 -16.061535922342539351
-10.389130192432519451 -15.089845828732194377
-10.416562646173028739 -13.667197830128783309
-10.76585614503496835 -12.065078966868076904
