-25.972147390930935273 0.33990600705146789551
-25.801532931759322054 2.4445376530846121277
-28.093301742565408574 4.1090567453438611167
-26.366533565353467594 6.6625952839690265606
-40.608054852702728965 2.6629800224728183977
-40.879465374629418761 3.1956530851424203021
-41.205068179592402089 3.697037432365654297
-41.581297117958904153 4.161641468184742898
-42.004028867961778815 4.5843731557705886814
-36.984935613150334177 12.508264460579622934
-38.217846156286029213 13.517205441441925373
-40.634163365045765204 12.000435853403457642
-42.199005690874955121 11.501920638632372018
-43.103694930546225805 13.146244681314259495
-44.613046606285834628 11.878149344989136438
-45.825763702392578125 13.985964264103570187
-47.017177387566121638 11.675460737675495082
-47.878401120549000325 9.9968005823727281722
-49.502188148780909671 11.65478914849336789
-51.020235794019377806 12.006885921651639038
-53.356005189049689363 13.382673649812915073
-54.290899751220784708 11.991163591071044792
-58.88546264115306883 14.844169049497248025
-60.941021658704897845 13.949745729790755888
-61.90796851333662687 12.02430766563032094
-64.972598382501857373 11.394334087496890362
-63.757743834286181084 8.3237383635104187363
-64.573569754641027885 6.4314382868455304276
-63.137566976994918377 4.0196426324362715121
-64.66265602797648171 2.3197433428998004423
-65.764240132014691653 0.33990600705146789551
-67.163255129563367518 -1.9027548441246868727
-66.713448799293786351 -4.0999079256785826431
-65.726932227601125192 -6.1263755728689508473
-63.874429724854863366 -7.6958778456178222882
-64.458830761425275568 -10.417897805925841581
-62.165885829493177539 -11.531884026719820824
-61.438392295424669953 -13.717767821028033381
-59.5024602349232552 -14.849601761929886123
-57.839471944948378734 -16.19554793050463104
-56.148635064150873575 -17.539831873599371903
-53.908372183283610468 -17.813931897993100506
-51.485104818827259976 -17.077755649206451949
-50.353338237215794493 -20.960659722328692567
-47.85217043257180336 -18.940037145260404827
-45.825763702392578125 -20.129954713857355131
-43.796072314692985117 -18.971323764468621675
-41.528546486882689237 -19.876932174079328774
-39.677470423790097698 -18.582607406706358688
-37.630271726658790499 -18.067472406898758663
-35.513742864425680068 -17.521045028303632307
-33.166477500806522016 -17.084115582994776616
-31.659822754101327291 -15.392967125886782398
-30.161575086322621075 -13.764194483940547897
-31.303956713204058815 -10.210803638249892344
-27.490309023539968081 -10.246074754766590686
-28.883819727250795495 -7.203134230439967034
-26.674918427508654162 -5.8825820201795497866
-27.353955597315071202 -3.5863978702389895936
-27.640558948945937345 -1.5714361444089717246
