-44.481646712896932172 -3.0643031354585335002
-43.189196947323452491 -2.1886409576625589501
-41.807450037404997545 -1.3770947944248881356
-40.425703127486507071 -0.56554863118721743209
-39.043956217568030809 0.24599753205045349347
-37.662209307649561651 1.057543695288124308
-36.280462397731085389 1.8690898585257953446
-34.898715487812609126 2.6806360217634663812
-33.516968577894132864 3.4921821850011371957
-32.135221667975663706 4.3037283482388080103
-30.753474758057180338 5.1152745114764792689
-29.440836701456689184 5.928100326438643819
-29.397150051086665457 6.7650531292829798602
-30.460162758742910682 7.8002969681156537618
-30.938536533752373003 9.298989028414647251
-31.938667565344829313 10.399051228081951592
-33.0086133826344863 11.396172642627744764
-34.165401595466988738 12.32497120820313441
-35.557352135262917159 13.104752704230618221
-36.995729948169568502 13.053318279348246733
-38.43235299968303309 12.357218549049765244
-39.931425789497986045 11.814141658406233759
-41.330323253840447251 11.928698939261412448
-42.461119419427859611 12.730318294150841041
-43.73269603059922872 12.398802418056556363
-44.921459879722590358 12.56009960317638452
-45.932582968377637656 13.481943829083386177
-46.880206096499087209 12.866624288708601753
-47.82014951964725924 11.561331465370987104
-48.827327055980617843 10.491661949752478122
-50.01845054941085067 10.801846163779037724
-51.385122491914650311 11.613762438319575665
-52.91548445977426951 12.072774543438022476
-54.313874442840223367 12.860993382021471021
-55.643916536509394177 13.784326784369996588
-56.429215727948736969 13.4022916169990296
-57.347597096512743065 12.519849983959609574
-58.376556262244989171 11.346879652401588245
-59.773881262483023136 10.528746103672911971
-61.00673443449348099 9.609818603465576814
-61.989818439821846141 8.4215673959221195588
-62.751899050143663317 7.3536858646285612195
-63.307491722720591554 6.4692760184265161172
-63.776373118567036613 5.6326168213261809115
-64.257237099926854285 4.6614013581821041043
-64.473629286581157771 3.1750246547601230773
-64.413148132755551956 1.7262161856493121181
-63.786960192366692013 0.35406281994424532167
-64.219309068629485182 -0.93407144060757885118
-65.194139523827701055 -2.2509943452950138543
-66.02342775171743483 -3.6688756480734756593
-66.058454978325713114 -5.0117255063054919617
-65.92646919554644569 -6.3525028185241199097
-65.674117206769054178 -7.8290666097816234981
-65.308762379264678088 -9.2936340950903968405
-64.859956805005538172 -10.656615902524947614
-64.327101385024931801 -11.956235622189529622
-63.757669423267444131 -13.115669448092106109
-63.151080751972159533 -14.176618251541613702
-62.40277068522722459 -15.309166673549928106
-61.51441340923263823 -16.467316676656594154
-60.546609422148776503 -17.554820616748877171
-59.441867756090545072 -18.623347776893318439
-58.214534280564151913 -19.637326356547166739
-56.906635908095168475 -20.552916777433271278
-55.577822594282771718 -21.335548748567703115
-54.147254577016781241 -21.750530000062376246
-52.610305702071066491 -21.441804098367200027
-51.584348570714830373 -21.93827729155070827
-51.015216430326518093 -23.110501217147525921
-50.242026706146205584 -23.290282800145032382
-49.320838838841780216 -23.462846066639066578
-48.138752508165609356 -23.343779905863719648
-46.759389440552922679 -23.713027146765039532
-45.350340264357484443 -23.709848078550574968
-43.914606191103942479 -23.28881851939611991
-42.467617727734598532 -23.391287657420051005
-41.076648713557794679 -23.082783998691613903
-39.590489517575200296 -22.611899460380872284
-38.092942502785646752 -22.05113962243734349
-36.658431480659515955 -21.355053617623152462
-35.342397211484801289 -20.584353098877169685
-34.145108908315492613 -19.757663386608601996
-32.972481350264615685 -18.812615455324021241
-31.868719575847805459 -17.776366773593064607
-31.046509624673014116 -16.891802469358815131
-31.128734595112355521 -15.668432467932170482
-31.134062278769871313 -14.492900660214985464
-29.821866330895023367 -14.290854427619763101
-28.882896250043273767 -13.-34.056663040838415668 1.0533247339575222412
-33.094383032648650556 1.965609722694001249
-32.352215525690795062 2.7595080021926854386
-32.235032829622056738 3.6882340885488842375
-32.526183106803848943 4.9285041262862216982
-31.825182494508027276 5.435697995442183128
-30.448318683700566822 5.4434670581609632123
-30.007897578231759184 6.0149870916303047608
-29.625833665313052734 6.7079932176329517546
-30.045832373460239495 7.9328652488816713273
49642 -6.0301377245558160922
