-29.272430822937771211 -10.001338958740234375
-29.101816363646815233 -7.8967072840402199319
-31.393585177182998791 -6.2321879399443149694
-29.666816988525365417 -3.6786503944672208632
-31.050870895230190172 -1.9537510594721396728
-31.663763516303568224 0.080516733573674059699
-33.615526398586005996 1.2677119231661357901
-34.041253556736933206 3.581072261225829223
-35.037189944119745633 5.6459218556125509991
-37.364341588472584021 6.1872657918947666644
-38.538765189052071491 8.3363740067327256611
-41.213738004798159409 7.7700043210965148432
-43.270008509270795116 8.0217112419698359815
-44.830451862935838392 10.207857739294560417
-47.100835916485209509 9.2672484824945620119
-49.126049041748046875 11.484625305363334036
-51.129958705182595224 9.0645598805302114442
-52.752211232470045843 7.0584136020296952552
-55.031759562244822348 8.1745798368130238032
-57.041231833685358765 7.7764543890297304074
-59.63566085682488449 8.2018420955154311969
-60.512060743165051235 5.6701648473686017127
-62.18574421414218989 4.502923831571933988
-64.241306997808734991 3.6085007940808360161
-65.208250047449837439 1.6830631934643900394
-68.272879801318538284 1.0530894207449446043
-67.058029171382031564 -2.0175069250316592928
-67.87385509110175974 -3.9098073554905372617
-66.437852322627293233 -6.3216020946650797185
-67.962941367496043199 -8.0215015946508856359
-69.064517841975629153 -10.001338958740234375
-70.463540468242655379 -12.2439999057567519
-70.013734139059664585 -14.441152859737096392
-69.027217564119965232 -16.467620756007153915
-67.174715067308383709 -18.037123489904612228
-67.759112191321207774 -20.759143621304037453
-65.466167337918136582 -21.873129700308091117
-64.738677665429491981 -24.059011530884959029
-62.802741716217276746 -25.19084649854597302
-61.139757287103144279 -26.536792626041624032
-59.448920420589345781 -27.881075607632979541
-57.208657519729953833 -28.155175643184808365
-54.321130007165770337 -25.99015304999806375
-53.21484156014832223 -29.237612524979780915
-50.901067303110728801 -26.889505749419097214
-49.126049041748046875 -27.969861406362237943
-47.347742422188112243 -26.920792380611349159
-45.267609732497028574 -28.153884913927040401
-42.97775576210112547 -28.923853057612117112
-40.930557062623037723 -28.408716149285371699
-38.814024283303766083 -27.862288711127945362
-36.466758823751291629 -27.42536013401224082
-34.960104147638908501 -25.734211705396042191
-33.461858439531660281 -24.105438140323215634
-34.604238339544451719 -20.552049429448562279
-30.790592444997546551 -20.587320387739858063
-32.18410316368337476 -17.544379891625446533
-29.975201858691491452 -16.223827192051508916
-30.654239034258662144 -13.927642829453974471
-30.940842381942598394 -11.912681209025221207
