-35.104936511890748818 -6.6028652191162109375
-35.097577760047443007 -6.4717701680957304688
-35.111137185298055385 -6.3406285681014269429
-23.279434461624816777 -2.3576513092091637702
-25.195730214592686025 -1.6389518577812447475
-24.858221517760821229 0.028949950170314764364
-25.669820955131129381 1.1530060813648237428
-24.778100456691724673 3.8118931289531374773
-24.293755196810291608 6.7812502913501102597
-24.993995518043377047 9.0202635900201375563
-25.757578035419292917 11.734847214014479277
-28.432550990826314319 11.168478080098349636
-30.488821557008083829 11.42018406211160908
-32.049266719196225495 13.606332433954722916
-34.319654463077149842 12.665722209720602365
-36.3448638916015625 13.985964264103568411
-38.265991039372821092 11.675460735294223014
-39.873229055236976137 9.9968004411968927059
-42.25057806102041269 11.573052676626343072
-44.260050412313489687 11.17492816690898394
-46.854475717200692486 11.600315352227248411
-47.73087933632920965 9.0686391156952002035
-49.404562833580335734 7.9013980886527139802
-51.460125697398822808 7.0069737795340287789
-52.427064896615704015 5.0815366956163092738
-55.491694665980475065 4.451562810386926472
-54.276840215779955656 1.3809664362073768018
-55.092669940074273427 -0.5113338217713208067
-53.65666716690134308 -2.9231285672102576001
-55.181756214723968412 -4.623028306883133709
-56.283336506526410403 -6.6028652191162109375
-57.682355318096171004 -8.8455261661327284628
-57.23254898891318021 -11.042679120113072955
-56.246032413973480857 -13.069147016383130477
-54.393526105830630968 -14.638648789046113663
-54.977927041174730505 -17.360669881680014015
-52.684982196728121551 -18.474654041007905647
-51.957496368293227818 -20.660539656058713121
-50.021560427063164411 -21.792372717237643798
-48.358576006450739726 -23.138318846605383072
-46.667735243776711229 -24.482603790753298512
-44.427476168422984415 -24.756703817969743397
-42.004205025018322317 -24.020527555309737266
-40.872442587374600009 -27.903429653002870481
-38.371266925075254051 -25.882809044480058702
-36.3448638916015625 -27.072726625478448881
-34.315172501826978646 -25.914095675871624991
-32.047642731095308477 -26.819702150655874817
-30.196568713550590246 -25.525379320894362678
-28.149369998531867054 -25.01024431407323334
-26.032837206943469255 -24.463816867960741064
-24.096412607322989174 -23.461410823652173008
-24.21666934967027629 -20.072590708923208069
-23.441072105308045082 -18.221488806314368958
-23.004772085419467942 -16.295005686919360244
-18.009405359560656024 -17.188846599719269648
-19.402918039311735754 -14.145905256218362922
-17.194014799954256745 -12.825353448604632334
-34.851886890239491379 -6.9202072944191339587
-34.804181670131328019 -6.764797477792829028
