83.253334821655556652 8.6488802624994249868
82.910383355202839084 10.13462402444200805
81.74064853028323796 11.220146497030706101
81.684601250397776084 12.476646680136735057
82.402982030221210152 13.900572610345331981
81.895407887847412098 15.224246219066628782
80.489205575419461525 15.767435309729494364
78.780833576640930005 15.617945273315626764
77.059369643083329038 15.456312935043669654
75.371786296014704476 15.58275159471519089
74.392374429564426919 16.459027749214129699
74.446540310410938446 18.106317258850371132
74.666565428943968641 19.828622532054666294
74.86109687845953431 21.538758645909748424
74.995364993683480748 23.233207314219878725
74.41601615227767752 24.50281747238152974
73.306642242290067202 25.18953197536622568
72.208514534926891315 25.280612764454311048
70.630060837232989002 24.676377871838298006
69.097863951468994514 24.928681302577739842
68.281172510691433786 26.250544779828402397
67.537215240758158075 27.404328752417853821
66.226208494959834638 27.5113119333430447
64.839280989329481031 27.767305700677152203
63.665633189640558953 27.846994467525163941
62.58555098011945006 27.835394995316725897
61.465149121658399167 27.067084110610448278
60.356193230719675569 25.744303713411632373
59.057947912223404785 25.306985635169130688
57.502285076549554788 25.817832516144534338
55.827938452401205893 25.757948416231329247
54.225844973592870701 25.652081425909901924
53.079511551477764897 25.016947688108857051
52.206666739752506601 24.014336089173426103
52.450711986054642466 22.4207045344960747
53.134508559736275402 20.860278448591827782
53.826367625014704288 19.300461158605365597
54.288004968309451215 17.766619986381908092
53.730534226674478759 16.293090629222131582
52.739977800262984431 15.288283047713351337
51.141244604538485419 15.260193141188043597
50.115487271812497738 14.510787459731121274
49.000938462635701853 13.8334178963520813
47.311199423498571548 13.858488584852530323
45.638939668322642262 13.88735124447559599
45.055001889871363119 13.277469074411111905
45.653452398026900028 11.886410626663714396
45.126984931044056282 10.520712772633430632
44.112542849325450334 9.1031523866981149951
43.341864352858806342 7.5987048927081453087
43.40239741258704953 6.274700720970390222
43.461356193216388988 5.6523725560429181058
44.808574644396891529 5.591962785615242737
46.51208150671501329 5.5828446316650959247
48.215588369033127947 5.5737264777149500006
49.919095231351249708 5.5646083237648031883
51.621743957648163814 5.5469839099098381396
53.306515868408311576 5.3519136590602878201
54.981373887601186823 5.0266760320526655548
56.117441525364142763 4.5595252873498450796
56.077903513215048292 3.5700352582845620297
56.827741431638131075 2.8568483277904488382
56.979489974838820388 1.3913784692479205241
56.525034211271730555 -0.10768660291427274711
55.644023103828288868 -1.5661643808247898146
54.759727901981847253 -3.024405627617689607
53.875432700135377218 -4.4826468744105918418
52.991137498288935603 -5.9408881212034927444
52.108483577013082311 -7.3988598271721670585
51.9099852587453654 -8.5621881783081335016
53.155928989341845181 -9.3631099329614606575
54.572024679153763316 -10.125829162708438247
56.224930385513410158 -10.000390513640986967
57.615639846148972936 -10.027196153051976424
58.323139311276293029 -11.406262539646220944
59.168313592698325465 -11.710385029915137522
60.013252686562118754 -11.7515675005656135
61.143263625504715719 -10.61304192016083725
62.40246609810932199 -10.873344739297813533
63.873554369154668109 -11.526672345702493772
65.544194660838741129 -11.637629552531782551
67.100617875753741259 -11.793676968977170105
68.592079976370570193 -11.448511986983529454
70.180180501516872482 -10.924477957852696264
71.758235608525026805 -10.292525311716588021
73.250763506791031432 -9.5222478320213248537
74.592992253625098442 -8.6844661316641023063
75.847284947149532286 -7.7572511932425225467
77.069657561771805376 -6.6935523472779543397
78.106596786157126644 -5.639472762579373466
78.479605911266929752 -4.6218204704866741039
78.182250931658344939 -3.1572954192187907552
79.271188847599930227 -2.7170654541720082875
80.492499439678383055 -2.4363551543452679482
80.943927452856485161 -1.6430906298883165562
80.651227006842447054 -0.2815376147490499803
81.273147122923973029 0.88227014359670008492
82.198201134595294093 2.008161984711340331
81.927013070770613012 3.6254195391483343691
81.683727427252449615 5.3123275947537260677
