-39.695022942963653634 -4.957909167720732313
-38.198929348444771392 -4.4295419859943949703
-36.678423848199869894 -3.9226724463888777983
-35.157918347954961291 -3.4158029067833601822
-33.637412847710066899 -2.9089333671778430102
-32.116907347465172506 -2.4020638275723262822
-30.596401847220271009 -1.8951942879668086661
-29.075896346975369511 -1.3883247483612914941
-27.555390846730471566 -0.88145520875577432207
-26.035313782753586764 -0.37437081602805971636
-24.929106153678819879 0.34026169274276396592
-25.031320601825250094 1.7273091438349217341
-25.008825336586877341 3.3301578983684705371
-25.286449479141314356 4.8331579384009621947
-25.922722473664119747 6.2829607108760123779
-26.36758831525186153 7.8089126524161329712
-27.390896563000463715 8.8939968547571073287
-28.464294809775640971 9.8761020055740402768
-29.618066847891128646 10.786220444035759414
-30.801762438286445445 11.588044306244949411
-31.892361320900793231 12.224220152868245037
-33.157704217004123848 12.460880057342118121
-34.721797468934894937 11.962486933912835241
-36.145606861169056856 11.929777557261598275
-37.343451604422888579 12.724375159142779168
-38.675817664578339361 12.45285835924781459
-39.956527575054252566 12.430672663188831351
-41.045244238175811802 13.408194661996803987
-42.066708724193432545 13.120345315529450048
-43.065809553097714968 11.883384281126589954
-44.124919015210366524 10.717478938550087264
-45.326258921441350935 10.55260405456411732
-46.680185114329873386 11.37751235332735078
-48.201133533465210235 11.855752802734849993
-49.795938374508963875 12.210830119863260279
-51.092884142082056087 12.144066668826020816
-52.110048878453888221 11.542061909544948151
-52.981381379845707613 10.386149099561711395
-54.20077415929063136 9.3741463229454300432
-55.63455359986390647 8.622247129179642755
-56.705109484074014858 7.5366530786767942374
-57.630040481974077693 6.3529743404340859314
-58.295115678336294707 5.3726865780129369199
-58.807220483596573501 4.5215750402506227346
-59.269244158450312909 3.6603323377091463442
-59.586136571766260772 2.477520158953362639
-59.895589536409566733 0.98280433553066937069
-59.473383886970736967 -0.43178734674044183528
-59.10494764956079905 -1.7772154376771831519
-59.921272660121474019 -3.0485766766404087669
-60.830570562802741108 -4.4167390956044147998
-61.413968441786479957 -5.8261163948054939254
-61.340534132872924999 -7.1350395368549701658
-61.165700662515632757 -8.5362315321036845717
-60.869096640757433647 -10.020126011005402233
-60.467654017965202229 -11.457052651186762304
-59.990162069207912054 -12.785577274232398537
-59.432840091203658517 -14.050836468107354094
-58.859919622256228422 -15.15004112865883279
-58.209980720237901153 -16.227150527649229161
-57.400338558443785075 -17.386231628662635273
-56.482506334106410861 -18.517716758786846754
-55.469237998237794329 -19.594699879230017103
-54.312759896827017769 -20.650121393098181954
-53.050924777630733331 -21.630708588635737755
-51.727685227734355067 -22.499695803961884621
-50.395133156073001146 -23.233653300762469485
-48.875483779308709131 -23.292989575503909805
-47.447480808903897298 -23.085226126912669287
-46.699004133695638075 -24.093187971789660651
-46.045988298412446227 -24.818389578238665649
-45.242073816517155649 -24.992161074827649259
-44.241246145301658999 -25.160810740015868703
-42.95185431166652279 -25.033450946333200449
-41.550143000285096662 -25.36045718904745172
-40.137329881406387244 -25.133740150500369026
-38.677702730336349646 -25.002939076797922269
-37.276067402587337085 -24.927002297754736304
-35.843871717928927012 -24.568011086089732942
-34.340903365361320709 -24.059667362006074143
-32.865716362836153053 -23.439458591569927393
-31.466962491251287304 -22.708777391199856055
-30.204333393576341393 -21.920556323790137299
-29.022950439468068851 -21.055741451071494197
-27.864568084177200546 -20.066906182487809218
-26.832188827364234385 -19.043495828371547418
-26.147641090857248969 -18.263068770576044386
-26.583329284204832987 -16.766190077323415153
-26.07364816025303611 -15.971185201344191285
-24.541006243152953203 -15.932181528156188932
-24.046342065093085694 -15.269342991552290911
-23.823067215929270901 -14.333351516932975045
-24.654941287749654322 -13.018977379460331179
-25.984591406800959135 -12.217544697597496395
-27.446077051506410527 -11.55196408576959044
-28.907562696211865472 -10.886383473941679156
-30.369048340917309758 -10.220802862113771425
-31.830533985622757598 -9.5552222502858636943
-33.292019630328205437 -8.8896416384579524106
-34.753505275033660382 -8.2240610266300429032
