-29.675810263245388398 3.2814683914184570313
-29.50519580376118256 5.3860995874426480512
-31.796964609775884014 7.0506193739194165104
-30.070196439483531492 9.6041579421447913489
-31.454250333581065036 11.329055928663764874
-32.067141049803097985 13.363324237172685471
-37.511026524312896413 12.013346638426508406
-39.069314505899143342 12.699799270057843259
-40.522778056906389565 13.284364407105798023
-42.825771186181341932 12.508264461845220339
-43.619823926593490171 13.517205574951237423
-45.647495639043178528 12.00043581202128351
-46.858440870370749565 11.501920608505500354
-47.432605768470978092 13.146244683501043582
-48.625879288145050339 11.878149349220382902
-49.52942657470703125 13.985964264103570187
-50.411670437214063156 11.675460743285892562
-50.956813014018386809 9.9968004142034452286
-52.250078776240101774 11.65478909811558772
-53.414229263450806684 12.006885880803766398
-55.502081457995984692 13.626413693175235764
-60.915438283254815133 18.952972669183637322
-62.589125516685804484 17.785731699187380173
-64.644688364400252567 16.891309315302684979
-65.611631386424676293 14.965870317153427749
-68.676261242569864862 14.335896761296261559
-67.461410504866563542 11.265300099329376593
-68.277228818625317786 9.3730009198374908408
-66.841233651308286312 6.9612053447652231242
-68.36632271031901098 5.2613053246563037391
-69.467899189631879153 3.2814683914184570313
-70.866921819832754181 1.0388076010393096915
-70.417115499523930566 -1.1583453301121240386
-69.430591265528164513 -3.1848134577182447558
-67.578096402977976709 -4.7543152129940597916
-68.162493626894217869 -7.4763356420318860529
-65.869548703067124507 -8.5903213723983729011
-65.142059051398689462 -10.776206045524045152
-63.206123110168633161 -11.908039106702975829
-61.543134820062128654 -13.253985275882932626
-59.852297953548330156 -14.598268257474288134
-57.61203505495947752 -14.872369245689526451
-55.188764137040799085 -14.136191958271385971
-54.057001114375253792 -18.01909706871096617
-51.555833304030443287 -15.998474492762461807
-49.52942657470703125 -17.188392061269464506
-47.499735187819389637 -16.029761111966070786
-45.232209357373903913 -16.935369521103897483
-43.381133297966378848 -15.641043801049097084
-41.333934598228829316 -15.125909753979431827
-39.217401816262750458 -14.579481360969253956
-36.870136356710276004 -14.142552783853549414
-35.363485618608834216 -12.451404466269487159
-33.865236023623872086 -10.822632754302363267
-35.007619598592420118 -7.2692410036566919018
-31.193969965857387905 -7.3045125397876802253
-32.587482606814432984 -4.2615715941339926687
-30.378581300241233265 -2.9410198457156724317
-31.057618471319774045 -0.64483534481239201952
-31.344221821525994898 1.370126267233263917
