-10.243784353821560273 -7.5442862510681152344
-10.073169894530604296 -5.4396545763681007912
-12.364937762786702535 -3.7751354311990024115
-10.638164783971202354 -1.2215978472209014782
-18.963478095114901123 -2.5871446892800307182
-21.218660810122770499 -2.41814418034943035
-23.824356303541890156 -2.9866532479204828121
-24.273255815978615146 -2.3002007689639354382
-24.293755077696019384 -1.0986830539303298337
-24.993995519342380618 -0.52004726871625805984
-24.412716164119260043 2.3018794972073077787
-25.222420266069974559 3.4051037366910037463
-25.32429573039358317 7.1458215497204857769
-25.801805397023063193 12.664910924484750865
-28.072189445819251574 11.724301666840954539
-30.097402572631835938 13.941676582523978567
-32.101310408976054589 11.521613056603992931
-33.723563101920582596 9.5154667342680596676
-36.003114917589648769 10.631632094579789083
-38.012583495399937306 10.233506602866118129
-40.60701242850406345 10.658893879452296716
-41.483412405958922875 8.1272175265176027636
-43.157099632678992407 6.9599770338152282534
-45.212658612882762554 6.0655527958942538902
-46.179605480997729217 4.1401156691656328945
-49.244231378497303808 3.5101421227941660419
-48.029380799538031965 0.43954559344796706455
-48.845210526213563185 -1.4527547574234196404
-47.409203950070619271 -3.8645496437979778293
-48.934296804624622723 -5.5644488764763782029
-50.035873280208051028 -7.5442862510681152344
-51.434895911597493523 -9.7869466725109219851
-50.985085763578346985 -11.984099670600723897
-49.998573004295415956 -14.01056851919214985
-48.146066688216208718 -15.580069357622091886
-48.730463763074531869 -18.30209148015784848
-46.437522789375165644 -19.416075543922374891
-45.710029186083097841 -21.601961321660162696
-43.774097172386717602 -22.733794251560446753
-42.111108878263351585 -24.07974041872843074
-40.420271991270837475 -25.424023407313093514
-38.180009159140858799 -25.698125312630146766
-35.756741908693470577 -24.9619471210111179
-34.624975051474329746 -28.844851266982935556
-32.123807450987499124 -26.824228652486002744
-30.097402572631835938 -28.014148134267511381
-28.067707482360301441 -26.855515289314997318
-25.800181415366893134 -27.76112366013390087
-25.03204274438906296 -23.133857872416392354
-24.939239321881824907 -19.129713009662310697
-29.346549624362662456 -8.8448012006027383336
-29.207561001505347065 -8.769048385824692815
-29.078962530884751914 -8.675378290281578586
-28.963277788760407816 -8.5654568121266851932
-28.842866755621066943 -8.4557596689282412683
-11.761945020335275558 -18.130268153662939312
-13.155456733229435429 -15.087325840278738909
-10.946549664758737919 -13.766774952689370792
-11.625591619176287139 -11.470589681208704036
-11.912195917076090268 -9.4556280649491526447
