-5.2916845537116969922 -9.676258087158203125
-5.1210705716964675105 -7.571625931448343394
-7.4128384201173425083 -5.9071066432874577146
-5.6860654678794624317 -3.3535690651637954929
-7.0701246233649364115 -1.6286699553992232126
-7.6830162944718871643 0.40559790852244859138
-15.937852937688202104 -2.9866534492152547742
-16.953362962447243945 -2.3002007359016625188
-17.977530344355862724 -1.7156353056062716433
-19.925445412072992468 -2.4917355374005341062
-20.414804842645207117 -1.482794475137287904
-22.172649698982418442 -2.9995642119454828389
-23.137888715168980269 -3.4980792975094452402
-23.482578224423182434 -1.8537553331267089263
-24.456407419918161139 -3.1218506641808358992
-25.14530181884765625 11.809707130619681692
-27.149211478172443179 9.3896397988698794279
-28.771462335728049453 7.3834944239782913655
-31.051017843863178314 8.4996617327482191229
-33.060484620348773888 8.1015362100279979529
-35.654913612879923335 8.5269239329218713408
-36.531313513133888193 5.9952452472942869832
-38.205000760826429484 4.8280052206107217927
-40.260559770882338171 3.9335821469713643239
-41.227506631940613602 2.0081443135209795514
-44.292132564651510052 1.3781706176871644232
-43.077281950124998389 -1.6924258187220821981
-43.893111679677978998 -3.5847259971591709515
-42.457105110885862587 -5.9965207987446458304
-43.982194147221250091 -7.696420271212581099
-45.083774433772504153 -9.676258087158203125
-46.482793245342264754 -11.91891903417472065
-46.03298691615927396 -14.116071988155065142
-45.04647417277034549 -16.142539832555357293
-43.193967844407993084 -17.712042618322580978
-43.778365031008377173 -20.434060733968543389
-41.485423942729525493 -21.548048810813114073
-40.757930442529101356 -23.733930659302927779
-38.821998354309258161 -24.865765585279635985
-37.159010064202753654 -26.211711754459592782
-35.468173197688955156 -27.555994736050948291
-33.227910296829563208 -27.830094771602777115
-30.804644666924207996 -27.093918578611503989
-29.67287430630349121 -30.976822624405045303
-27.171708551213964 -28.956201924693615979
-25.14530181884765625 -30.146117586171808256
-24.383869578203608341 -16.920792387502132215
-23.343325553907835257 -18.153884871996872619
-22.63525511393639178 -17.401382595872114223
-21.601186558163345097 -17.636470739597456259
-20.316236782558291907 -18.040442688301304486
-18.557438374341970189 -18.743681639498419145
-17.317446222797464372 -18.369977059125382368
-15.654863146836072829 -18.221488970655418171
-10.623493876347053444 -20.226968418411551909
-6.8098451737005873952 -20.262237524983873982
-8.2033568829815877166 -17.219298994268562808
-5.9944503414619099146 -15.898746311868057646
-6.6734922870457538124 -13.602561952463142703
-6.9600965882136982543 -11.587600324694085074
