-21.863161634192838534 15.147712674895702278
-22.104730915604822172 16.383914968388392452
-23.342442139409008917 16.888009540386423879
-24.837319847961378372 17.203101359682719362
-26.163202864424842886 17.570582425086509915
-26.109947379715315208 18.36560370173115686
-25.155629858811948907 19.464534961760275422
-24.862521828461968454 20.749830354583291836
-25.076543937126714923 22.225092329284574788
-25.013064060696951429 23.691398582205163592
-25.566319897916294224 24.964670438937428543
-26.302325493498820208 26.244716267123365583
-26.749995278353065231 27.650889006631388156
-27.710421341693702857 28.669382047573456873
-28.714888677469495804 29.596811384284041679
-29.78406103326333465 30.456217203568009211
-30.902734555141826434 31.235851319331377596
-31.945201646919336724 31.866561801605762128
-32.968084870999760483 32.404795490146661052
-34.452337547672229334 32.032589549843123677
-35.890369748955812668 31.758509131800270353
-37.086981595960097025 32.381097096436661786
-38.262027966801234413 32.754031182333008587
-39.555637040552944939 32.256688903171934157
-40.683843515115604816 32.752964750075108213
-41.691364411764006093 33.53153552335322729
-42.646234664589833585 32.868346691747582611
-43.598578832076860579 31.685097160588139076
-44.609754496688495351 30.609388475089513548
-45.736178251239742565 30.52757119883813175
-46.974653508779020683 31.315358724596396911
-48.37920105687678074 31.806892519451082535
-49.886785024991489479 32.090897649369033218
-51.197727863079030897 32.086958630410563842
-52.166309908525178685 31.534151956824899798
-53.039761977540806015 30.644792255981656126
-54.006727795781934276 29.546308038088721304
-55.308792478777739632 28.766033525452471054
-56.519241315642403833 27.957384699386594207
-57.45802709850016754 26.855054335825908396
-58.239160696221830449 25.797924932489571859
-58.803067385583148052 24.932861439105813872
-59.261683344240083215 24.148608512898967149
-59.695375894531423455 23.321822920073888241
-59.950387212400741532 22.144767049739524367
-60.257439490819436401 20.744704122307506822
-59.850421607281624858 19.419379293037316359
-59.42883753591224405 18.152375193917883678
-60.11305402420180144 16.9606591336556356
-61.001552958696699136 15.701871638198854342
-61.77198716581030169 14.369944769795003126
-61.728023213097394262 13.119654051161534269
-61.604676013899094755 11.864572248289329437
-61.374908739584668638 10.481007077970428298
-61.044500540429091018 9.1016292351550838191
-60.636099454484082116 7.8026658645820781146
-60.157153302022344121 6.5738341093027727879
-59.625296936633205291 5.4325890340960274472
-59.081872052406808393 4.4286451671732187663
-58.44718225893622332 3.4045069924630375624
-57.670112819585767738 2.3124403439665748294
-56.80570706922469526 1.2566872049680881673
-55.856081570278405479 0.24719297703683729139
-54.779186619786770507 -0.74537036864386863044
-53.606330976749156036 -1.675741337297093736
-52.370716542980140673 -2.5135594569056110004
-51.124213332154226919 -3.2314821511693523348
-49.76950483234681144 -3.5771228994197530326
-48.324085938859830947 -3.272693422185632528
-47.314698199965121717 -3.6504795662627964603
-46.810923487931006548 -4.9075796837062100053
-46.088601426101583058 -5.0813681264915047109
-45.274552147325877627 -5.2436583003103898193
-44.259834183606031388 -5.3002082291699155192
-43.002666866752406349 -5.3307089940131815453
-41.684321098618163148 -5.5525263258372561381
-40.35656900334285524 -5.2675866270301030525
-38.983979021485630767 -5.2029165831452699464
-37.672282323012936445 -5.1279890807348209592
-36.336420381327179996 -4.7998744444885304006
-34.933668644307267925 -4.3233585355586079402
-33.536692085045572753 -3.7784551010166147478
-32.200949762377511831 -3.1138233192599003019
-30.97576948645358641 -2.3883496432911250906
-29.854456063821416478 -1.6141290336042004583
-28.753087985500879853 -0.73508951334933136934
-27.702048182245029295 0.23346333065854096844
-26.862405148996202797 1.1168680834326991658
-26.663701310936531286 2.0718571400510747971
-26.95921737505432958 3.3885772189912426455
-26.130262007995249007 3.8744533829199356845
-24.753281838103447399 3.9421116995140419448
-24.359803519257607007 4.6080403840035497609
-24.196319694288266788 5.5209477185139013145
-24.456768479215195811 6.791604291386912351
-23.527552675135684268 7.7056712018285171695
-22.887197207834017121 8.7711401622087752372
-23.187501582736885553 10.222933881718057947
-23.43709106989524571 11.719788925498978216
-23.072843385970582375 13.057049301820919496
