-30.907471786779684209 4.9381954157459935217
-31.088989081828767524 6.3040181243325346117
-32.092265392562246973 7.294810506704457076
-32.688993554941035313 8.3027116309216761891
-32.05662510112168917 9.5380260600133208726
-31.899636375512063324 10.729119396912112805
-32.538018716828567278 11.881594600974059617
-33.852828485774900003 12.366960159695079113
-35.357453224903643729 12.494703299979915911
-36.870945045677878227 12.48133109473825364
-38.390622684909843088 12.274553600710804702
-39.894946795658078997 12.170612234993459566
-41.332210559522692961 12.642224124543112396
-42.765330568825589808 13.06351380453478761
-44.177960393851783749 12.841979228913460886
-45.359594444974327132 13.079152903220553128
-46.490919602444726877 12.692968692602141445
-47.714182541951160488 11.920140813439173755
-48.619475345288797996 12.224466337742853739
-49.300791804767094106 12.594865779254190485
-50.119190554963189754 12.48498114589750152
-50.700913149134336777 13.391879727736219152
-51.206858607509360581 12.817059545022665645
-51.666579433714950653 11.377826634897830971
-52.179603313940695841 10.513096447515190235
-53.035584744254059331 11.258374766473606243
-54.16894732947081792 12.147791859158990846
-55.121876590551551089 13.259088763081797069
-55.968053505502822986 14.51093052709565967
-56.814093662992057432 15.762952850257542892
-57.660133820481284772 17.014975173419422561
-58.506173977970512112 18.266997496581307558
-59.352214135459732347 19.519019819743185451
-60.198254292948959687 20.771042142905070449
-60.846860409064191799 21.540283999076784482
-61.484532952421162122 21.154592092005273685
-62.288242797932731776 20.099175739013301012
-63.382516979655783018 19.105875403808237678
-64.71851818920836763 18.379016051795456832
-65.818327898928799868 17.464134543718472514
-66.735840845363355811 16.344286262697707457
-67.449267251853129324 15.343875532738705303
-67.977497294091804747 14.508885876175620311
-68.42125857730140126 13.728247052875747869
-68.861339869789503609 12.862244177868701556
-69.075917589863806256 11.558141392250552926
-69.281010959161363871 10.173145710260410368
-68.707458713821267793 8.8655402860109369101
-68.55983191596595816 7.6192131275950467639
-69.414892245050793917 6.428550735202509081
-70.253835551859907582 5.1369909916250815485
-70.812226933233461068 3.8142561007755961811
-70.748463392631208535 2.5865250591165134253
-70.598761888722449953 1.2927331941868227538
-70.340905752987595179 -0.099293971274095227386
-69.986034689943238618 -1.4668627524145909646
-69.561309617017840878 -2.7369862202423327346
-69.061332638722319643 -3.9562720510227062931
-68.527880513141525398 -5.0533132442430481746
-67.970170492909403492 -6.0466686152686417444
-67.297836608638647249 -7.0929186810091486848
-66.489334590320453344 -8.1872889437429989812
-65.608765909018202933 -9.2236371483440606767
-64.625061307903862939 -10.230987863689463779
-63.518801736919584755 -11.211290745685307257
-62.325867126944388019 -12.119397542518210997
-61.083059062192795352 -12.926746045651476891
-59.833565572823999901 -13.614838381385226285
-58.419568725183196989 -13.727325305256455223
-57.029570902878091943 -13.454635872164612209
-56.206584833752472719 -14.176022857893327611
-55.658973254935858677 -15.167733757949530826
-54.934296160016330646 -15.334321613947800245
-54.06961126874180934 -15.496467092446302161
-52.979885929097648045 -15.394737167417103407
-51.69736617816626989 -15.699248350928440843
-50.377959372731005772 -15.757962985827923319
-49.041800089781183658 -15.365796742499943761
-47.655898504228019874 -15.511429877936890875
-46.371646162429797755 -15.262557859424461526
-45.007331272377520293 -14.900467378387382666
-43.59593377079744414 -14.413795583981901416
-42.218037254895961041 -13.819990503528739367
-40.905948356386190312 -13.134505870021918383
-39.714685387728273724 -12.398438552514210897
-38.604647760961981362 -11.601518921282604424
-37.509696755621369846 -10.693404322175876331
-36.490242237505526646 -9.7181550939784013821
-35.74197886163899085 -8.9063212017668593745
-35.831301864819018022 -7.754389658659675888
-35.919605165793875301 -6.5907736455212200255
-34.789040771077360148 -6.3277487695548444435
-33.691021599570191825 -6.0928843171693944925
-33.296529154746146162 -5.4086876845722606788
-33.39421262216291808 -4.3249670039934047239
-33.35454802987051437 -3.1448342595733338456
-32.286979701230663409 -2.2659067120568363585
-31.966089050528790239 -1.0728882706987403761
-32.322967750869842973 0.41384901575534926987
-32.470634322269901872 1.8918608999517987357
