-10.605839293577679072 -6.6126037016371244093
-10.863561963867944371 -5.1847763549026506524
-12.00952637390794564 -4.16180272845829613
-13.372488099811768336 -3.2933519984186379048
-14.817652238668031828 -2.6026762555468327953
-16.384821351397075517 -2.423469655251318855
-18.011173105501836034 -2.4998374123366327026
-19.641129506001338001 -2.5505003237706356245
-21.279899957626106755 -2.4919301468178955972
-22.879904411575125778 -2.634134159555525212
-24.215925285787914589 -2.6440768764301143534
-24.499241174232107454 -1.4195419090658301098
-24.692442881589290238 0.071090981160078905998
-24.729223104046301529 1.577271053347645724
-24.619138615247148749 3.1314835317643883172
-25.085876958584286456 4.6193749665004668614
-25.264443864100307735 6.2170139236538570771
-25.31514080370853037 7.8508760946801068314
-25.508950468301478054 9.4537896314856944002
-25.835684968021343622 11.02795770137613296
-26.337906175169699452 12.19549783405338772
-27.496360517445236127 12.333500691564681873
-28.838019196847422876 12.418597753060531375
-29.964753511899267835 12.629445754727786522
-30.981579463993774937 12.631696966147785588
-32.036657245023569374 12.287299241252259918
-33.073002874040888344 11.020032843421876834
-34.181719903551361028 10.072197117608988393
-35.559567749326838282 10.371432887153705593
-37.082922277990540749 10.63808818882375995
-38.680809685345906246 10.522587234950002255
-40.016803175622030153 10.237138450585867133
-41.073959010858075658 9.6241292367143493891
-41.964669474824461304 8.5419050890574101942
-43.126694746591716978 7.47950921568348992
-44.55453062014837684 6.7118488453029412355
-45.677390932926726919 5.6822214250449754047
-46.626014654885153732 4.4909242996794951353
-47.321025235929155883 3.4832454997001622843
-47.846273178106912383 2.6226349797944763509
-48.309202692231899334 1.7723377290325732503
-48.67612522517066509 0.66323418607526485324
-48.971682190466275131 -0.8354696110454937763
-48.664849776704215856 -2.2609674025646984141
-48.178613817791102747 -3.6163102375906035491
-48.890195151516508076 -4.8900157510616306666
-49.824932804849808576 -6.2412792709023614535
-50.515265475922014105 -7.6572405065017159487
-50.452433652340367587 -8.9740277580033431803
-50.29250187223709645 -10.354000261049527865
-50.010401121785584166 -11.837748973097037108
-49.62026805423931819 -13.285890923375291095
-49.152852695024165541 -14.623843952172741467
-48.602217415391208988 -15.903438097859744715
-48.031156339995391136 -17.020526618712935374
-47.397501036702024635 -18.089670139960595918
-46.607737955910884864 -19.241554034730235401
-45.698728704019330848 -20.383216308309023646
-44.702018075269883468 -21.462473088705927182
-43.562068156928162921 -22.523307236479102045
-42.311199509890172976 -23.515533299300276582
-40.991774443033619946 -24.400760666136555699
-39.660548060617379917 -25.150648622797479703
-38.169716173782347823 -25.334066170180058464
-36.695141900185014094 -25.064580144923933602
-35.859289854524838859 -25.911478697918070679
-35.239406258404578409 -26.797497815887162176
-34.450084307435282938 -26.972461084425539468
-33.475807583295072334 -27.142906599115722344
-32.220588276616282997 -26.995875809238917498
-30.823466655521464475 -27.360574890903485823
-29.413178587219398707 -27.212599371827476347
-27.962231704502450214 -26.964572804511657722
-26.619770801554150097 -26.979446309411919458
-25.763909386048844397 -26.289195560635189253
-25.248662268925613716 -24.76358866811142434
-25.01523739856013151 -23.181050942432893436
-24.974849939472012039 -21.562258480981846276
-24.863257232304981414 -19.952583192396353695
-24.580341846940591211 -18.395567338932146129
-24.971369898964322687 -16.940714488202509358
-25.751199348231278208 -15.531650930133594102
-26.536287699932227468 -14.123206395348493203
-27.321376051633176729 -12.714761860563388751
-28.106464403334122437 -11.306317325778282523
-28.88920205356744475 -9.8977185439234371955
-29.106351648816687572 -8.6728291118974798479
-27.908068218747779099 -8.6963823976478966671
-26.433124936603945798 -9.330265684419046579
-24.95841359416940719 -9.9697713904394689166
-23.483702251734882793 -10.609277096459889478
-22.008990909300351291 -11.248782802480315368
-20.534279566865819788 -11.888288508500737706
-19.059568224431288286 -12.527794214521160043
-17.584856881996760336 -13.167299920541580605
-16.110145539562232386 -13.806805626562004718
-14.63587321851496803 -14.435628141885489484
-13.182448141628928084 -14.557151716114432816
-11.905327965319619565 -13.766813519763175577
-11.717922735499668008 -12.431794734761572485
