77.39531947664703182 10.597294600399790099
77.137597377258089182 12.025121765117745554
76.025253873564210494 13.061782655936422515
75.507692110903676053 14.274364683011935284
75.632673613083568398 15.700895381149209129
74.727585012482549587 16.801662902619906248
74.126429734009690264 18.108750813150869874
73.886255303469226874 19.635942085222900744
73.167266932679467573 21.032450340249646104
72.715806682208921075 22.572037819275227122
71.84273805110377964 23.768867537913500598
70.800063586559289774 24.769289740396970956
69.763065928431359453 25.633619292107468368
68.629200959184487374 26.453561546087495771
67.53397562224280648 27.138383602117201576
66.462107383840205443 27.718432565393687383
64.929043421800642477 27.715380920370716211
63.424639295509415149 28.103987918758345899
62.339932731179523273 29.22333267225988962
61.103420401888833169 29.516700955087586067
59.711437186297587232 29.42735547931436102
58.51152964437824977 29.820555256458924021
57.460315201831512866 29.846968295564128226
56.429048708261014156 29.819153809699653124
55.381933931682404193 28.787638285754574952
54.329974645852260551 27.576366441422734965
53.072140770853422964 27.335531738218964648
51.934443827108871972 27.618651356585129264
51.960018988533562379 26.509014775574893719
52.353574156350816793 24.947243831566080274
52.747510255851729255 23.385004839562437695
53.14144635535260619 21.822765847558809327
53.535382454853525758 20.260526855555180958
53.929318554354409798 18.698287863551545485
54.176339186724824515 17.286002975359366474
53.669279297768021308 16.627464348862378785
53.56664381557200727 15.423439903137332152
52.697564573037020352 14.599529248703792206
51.311670899811211655 14.305878634160038132
49.790372008214411892 14.608573662732814213
48.229177295759086519 15.081277813772853591
46.692432762588850892 15.566089303768993801
45.158863350809916426 16.052473063254968366
43.62529393903098196 16.538856822740942931
42.091724527252040389 17.025240582226917496
40.568297121078003897 17.488595440502024303
39.380405232366769042 17.192930592650071731
39.018812576104686229 15.828276858116462122
39.611209557742455445 14.432774941046695005
39.677189311725619802 13.110085967514084615
38.853958417301718953 11.793156793282083328
38.598237057969967623 10.213136858705542664
38.747228834360711858 8.5600877451821304476
39.127311014460460115 6.9653183062037546946
40.072907829193198381 5.9263508078148356972
41.612290550632934583 5.5508747486563017048
43.206625489558355468 5.2754388003898498027
44.814890241838170937 5.1604009048334402721
46.230898564783068139 4.9507746780428814048
46.545401813564559745 3.9107257580648813189
47.415817281694927487 3.1881845301588835895
48.916476568052260632 3.454335081426343379
50.373278889579140127 4.1752300541876330442
51.84190081702688957 4.894371224269887577
53.429215558897929839 5.3280164798539795257
54.990536811856607358 5.3912772399519850453
56.088206842510977879 6.1133866186321172975
56.313804233898189011 5.5125150819825208259
56.150913862280894762 3.9802559708102522862
56.380592218069111254 3.7032468589827547412
56.981103364886095619 4.1054380804898586987
57.361371310258412848 2.8178024416514269035
57.662003860793547005 1.2411999844872265708
57.935719589898248216 -0.33743105017028957038
58.208618774040807864 -1.916123623473323212
58.481517958183360406 -3.4948161967763571312
58.754417142325927159 -5.0735087700793890519
59.027316326468486807 -6.6522013433824236373
59.30530920788500282 -8.2268850586966397742
59.959981002711060682 -9.5051137257376865364
61.286050423918517538 -9.7882506624735121648
62.689235020453097036 -9.4637072856362252082
64.180763629518821745 -8.9728808992528303889
65.673761299782228207 -8.3992064349836681458
67.097728419505017428 -7.6907213955335258504
68.395604403271036631 -6.9140145047242356213
69.585739482239077347 -6.0760005746394440962
70.754898644376993389 -5.1155074698912557096
71.839207639818013718 -4.0785438696792191138
72.614671081943612307 -3.2318035507818443364
72.400111537815533325 -1.91057674200628691
72.553214452323544492 -0.85210582856456906775
73.962541708298886078 -0.72182729197279260624
74.75256446399167487 -0.24199055072030439817
75.18605968192323985 0.53959058327784603648
74.768918804293477365 1.9222529945688102693
75.530963566595104908 2.9647195536118506887
76.354814128670426499 4.0442768225304686069
76.081606752003281713 5.5726272333066608766
75.82140856070401469 7.166903903382108254
