-25.764345349114563533 -13.351970539711501829
-26.022067634668964331 -11.924142966488123108
-27.127388732875374444 -10.890786846924822129
-27.468452057272102707 -9.7612884483996964491
-26.713780529433950761 -8.4216231238054124475
-26.919414990733418591 -7.1601758990042849717
-27.611594868193954255 -5.7785059917361323301
-28.250350132233140954 -4.3416411023817769177
-29.385570252912437184 -3.2749317047296742089
-30.266222675082623539 -2.0535960581319940843
-30.869133365949355863 -0.65763596224071996232
-31.914324235625155524 0.41040049734942130044
-32.998271709420187392 1.3662906721973229196
-34.17491700554640488 2.2600673336474557118
-35.339384746849340502 3.0195059738736524935
-36.419148568143050682 3.6265590068829318682
-37.825072972207280486 3.7654402888554590056
-39.395993332276432852 3.983728827721055854
-40.568430425023557007 4.972447631551863978
-41.736010723062406669 5.5058009720043372681
-43.104942686285703246 5.4882676516367423503
-44.361720998099983149 5.8544906749967680071
-45.446843404289580803 5.8964043748084407071
-46.463454670290275317 5.8822059314268564378
-47.518692270928738708 5.1547671272694906008
-48.558893713252366808 3.8946037205864967312
-49.743897620600044718 3.3079215998912694374
-51.04148670597648163 3.7011325592508139692
-51.370677794756893775 2.9225258416144508367
-51.107004399779881965 1.3604370527729297002
-50.830845892329044489 -0.21815105766436873602
-50.554687384878214118 -1.7967391681016671168
-50.33414838383810519 -3.2457637048768264165
-50.75373933839803442 -3.2036292938677366493
-51.686041015689681899 -1.9671543038276593229
-52.639579231792723135 -0.68120958566203815288
-53.593117447895778582 0.60473513250358257309
-54.546655663998812713 1.8906798506692037432
-55.497213301872093894 3.1561606506498760538
-56.036705778492944319 3.0048636789238400979
-56.92357442064012929 2.1414675435469230358
-57.952533536658677349 0.96849724538304393651
-59.3498573252008228 0.15036382671115297582
-60.582710518615563444 -0.76856221473510188957
-61.565795529023617405 -1.9568145009724116079
-62.327876588315390904 -3.0246966611158363492
-62.883469289932094171 -3.9091065956821999805
-63.352350867458660844 -4.7457661846264169725
-63.833214924585952588 -5.7169819287759935378
-64.049606238337773334 -7.2033575476042255303
-63.989124040646430558 -8.6521659745310248724
-63.36293935406725808 -10.024319239318682406
-63.795286207035175607 -11.312453506577725193
-64.770113362037847082 -12.629376481799571508
-65.599401263305722409 -14.047257738164375951
-65.634432324499243805 -15.390107390935121146
-65.502446578769252028 -16.730884588650141609
-65.250094647611632581 -18.207448265482149452
-64.884739697957769522 -19.672016324320264147
-64.435934075663709564 -21.03499825672675172
-63.903078887125140284 -22.334617437009587348
-63.333646329086136006 -23.494052442995165819
-62.727057296064522518 -24.555001732086502386
-61.978747477130596621 -25.687549630306154569
-61.090389345085895911 -26.845700563464951927
-60.12258517357447829 -27.933204466798073895
-59.017844936025561253 -29.001730113150326673
-57.85526390164336874 -29.966205190873829167
-56.721198875403928241 -29.993130299099288294
-55.375163533713475772 -29.129035917407723133
-54.00858551706768651 -28.287348241032798768
-52.518231386607453715 -27.668621064712574764
-51.058200227148518024 -26.975685743815013495
-49.835179641258420702 -26.341198533686959848
-49.258626278841063595 -27.268621648291706094
-48.892729982054341065 -28.614570128042931429
-48.109699578961681254 -28.247422257334207529
-47.076404126665259753 -27.32414079258547801
-45.954533783160634641 -27.868678001431423041
-45.204958939777675653 -29.237915359818710925
-44.643594618133597862 -30.738615709486452943
-44.07976621728891331 -32.236620695785369151
-43.226531925381394217 -33.46158284409176531
-41.873614358061303165 -33.737515525403637184
-40.470431438025812554 -33.412972358559976271
-38.978904171643812049 -32.922146752718873586
-37.485906545105564192 -32.348471859428059361
-36.061938209065530714 -31.639986140901648071
-34.764062703677517163 -30.863279423709037985
-33.573929028753425996 -30.025266466803707033
-32.404770997906105379 -29.06477443429383456
-31.320461745565545186 -28.027810810092777416
-30.544997748896783207 -27.181070028181835596
-30.759555206985009335 -25.859843707214903219
-30.606451710340735417 -24.801372534356424637
-29.197124379285433804 -24.671094470883502936
-28.407103968838463004 -24.191256825106570716
-27.97360877195268003 -23.409675819455948442
-28.390748631525575263 -22.027013566013767587
-27.628702466357704992 -20.984546494273040196
