-22.212412964629002943 -14.663875231092301732
-22.393930258294954427 -13.298051642079572687
-23.397206561071079989 -12.307259723696780895
-23.993934720271560934 -11.299359154003445482
-23.361566276137047282 -10.064044768140044894
-23.20457596340320805 -8.8729509620735171893
-23.751740516188572627 -7.6072934110745737968
-24.375056529201380329 -6.257853377774184267
-25.162676816789236511 -5.0562313293380336532
-26.295735317774973083 -4.1121238926513514755
-26.854541609745922415 -2.7879302704362509679
-27.599636766140321242 -1.6130675235203071338
-28.59411958814191479 -0.63371648148551962265
-29.621285218231516723 0.24736435254546229601
-30.733352447081344394 1.0761662787079480097
-31.820446591812146409 1.7782397553517412803
-32.830878696672769479 2.3462162605350371791
-34.119179310966714525 2.5075509307078247545
-35.615731887363494934 2.6383533283886873022
-36.793136205807485339 3.4360194106165304895
-37.831986801072361004 4.1697089123879251815
-39.053721702874341304 4.3444176614502083567
-40.331855385240423573 4.3438468512038870273
-41.402709199756976943 4.6222271294476477976
-42.364628486862144996 4.6336766680870802304
-43.347392255320869481 4.5975557175791763598
-44.320612119973482379 3.4568350398319704908
-45.308791390838926816 2.328932847820905927
-46.488329568168857975 2.1046653883903454485
-47.863248691739769924 2.5949380335312057788
-49.33343728213454682 2.5710224379935611161
-50.834818419857164429 2.5591054707862772588
-51.923339422177249958 2.0686456902112908551
-52.911628158224615959 1.4748719176740436865
-53.710577905781043739 0.34137148504436376495
-54.859053550970763524 -0.60452153206962155885
-56.204495330827370481 -1.3118883996660346547
-57.249731831707343588 -2.2827672686650792855
-58.151428314935913022 -3.4046689826968190573
-58.831923000630212073 -4.3754697199433216781
-59.344827260451332052 -5.1981468918097881726
-59.783665709824184376 -5.9812006962354598016
-60.229412327202268784 -6.8731715979004359696
-60.432308099050850103 -8.2319706791489419828
-60.546704659048110386 -9.607027714367662341
-59.930563749237350635 -10.907277024267308718
-59.94247696016686433 -12.141874009782551269
-60.843278577876269253 -13.338101080768808515
-61.660840335858118522 -14.643511322696690868
-62.112876480951484837 -15.956821882136786428
-62.039209331867319008 -17.178793737561914412
-61.875410488469711368 -18.493508546450563301
-61.603936373859667697 -19.885919936926519824
-61.237662308996810623 -21.24512459787731089
-60.804401368359151547 -22.503082237683340594
-60.295244705616823921 -23.714701361935755841
-59.761544411784491615 -24.790012749069955333
-59.193757031313609218 -25.7832345113752055
-58.501962343280368373 -26.840256344374395781
-57.682746066972292454 -27.928761966604803035
-56.965858508024574292 -28.768173437200069031
-56.015655333294446905 -28.79803515461611596
-54.583242896562218505 -28.278894632420314537
-53.124705700966487143 -27.900163061163663514
-51.604458711144843619 -27.863286398753782436
-50.069684353064310756 -27.953125443236295666
-48.563891343012443258 -27.737936443450546875
-47.174649758913616893 -27.099284474854535176
-46.022364283324662892 -26.369714214705901156
-45.521580219649386834 -26.938665775986645912
-45.450905060579280814 -28.421824939318465653
-45.380194001503575407 -29.935013515914064897
-45.120057541221143538 -31.42326343999740601
-44.684222158080302734 -32.888381860301258541
-44.144303478855050571 -34.278867464766285877
-43.086678567119697902 -35.249860676344034971
-41.770940020513052104 -35.361772198070163142
-40.436976986116562216 -34.990109764518528834
-39.052260763921893272 -35.098578352427054483
-37.763538095102468617 -34.884246618373715876
-36.406053662906273871 -34.530756537523018324
-34.995459678606380294 -34.048615026826766439
-33.613442641001981315 -33.464863493539361627
-32.294927101025152183 -32.784253840964268534
-31.095356885198206953 -32.050802270485007739
-29.983212922877719109 -31.260085660819999731
-28.886178932243694817 -30.358932354783014773
-27.857518118441273458 -29.383935894533475874
-27.086406761309298474 -28.553546283579688492
-27.105828341613406707 -27.452158996259175439
-27.255712227407620674 -26.235465308081295177
-26.192240008286514552 -25.8859392590457702
-24.98655196164053649 -25.679341041955403568
-24.630340232129725564 -25.063014979655154235
-25.299927915459218042 -23.906360419448521526
-25.949748933674317897 -22.668001777043254918
-25.495894297198766765 -21.534459390925885458
-25.28261990291785466 -20.345115935864392043
-25.734369697116793674 -19.084479903191457595
-25.087646479237445618 -18.083617688280870794
