4.5143464941268298674 -16.116424896107357512
4.1713976653153572727 -14.630680786730289711
3.0016622200019642541 -13.545158741671667002
2.9456115831659679394 -12.288658480359741176
3.6639951347593253672 -10.864730135983633019
3.1733207422352158744 -9.4940613324958142982
2.4198929255801120419 -7.9940371624695556463
1.552918999194150107 -6.6123450168021227213
0.32244490225973587716 -5.5067616684604372423
-0.22653703385293930128 -3.9426928367582405599
-1.2706180588924826935 -2.7594852722089839858
-2.4092813503344796544 -1.7079328081495610547
-3.634684511149352204 -0.74136298879649942251
-4.8866799309990831546 0.098961955606547746811
-6.0397342664727133865 0.75945445789296428529
-7.4976054633196644872 0.95636467414711345825
-9.1600128863346501618 1.1935876094600434971
-10.385314484226976006 2.2733971092457982976
-11.658319554092114956 2.7314619478226411786
-13.094451501086949108 2.3320639811941670239
-14.151881059406870023 1.0573546537798881317
-15.035858577631282529 -0.40919361595149705835
-15.928015533700969897 -1.8695806393917770993
-16.833997340084444261 -3.319615690014695808
-17.799747443099466437 -4.49090072268587015
-18.986850941125538839 -4.0781808460797197569
-20.425077458553815291 -3.2662265406419721536
-22.041832082042819962 -2.7244903154820625524
-23.603164850457272195 -1.9715590865277201615
-25.255314650092969941 -1.4774236686841759614
-26.913220011972406098 -1.5151771776070759312
-28.014601048283832796 -2.4117265810654537894
-27.516223003378172507 -3.7169480692775405117
-26.516078580978764023 -5.1039423197656033082
-25.515492851299253374 -6.4910084900094071614
-24.514907121619732067 -7.8780746602532092382
-23.530097041337565855 -9.2508675526932293565
-23.405735952470873684 -9.8451550929212050534
-24.716057493083191332 -9.1413899688794302278
-26.190445787427957924 -8.2891827556783130859
-27.664834081772731622 -7.4369755424772012731
-29.139222376117498214 -6.5847683292760850193
-30.616765300213774736 -5.7508828881089169016
-31.899608123360604139 -5.6143418606121127112
-32.49504967218072693 -6.5370959246855893099
-33.003244401466552915 -7.4246229139102961625
-33.508115299432198242 -8.4275005208037772064
-33.758627796398755549 -9.9697193726978170503
-33.689180146886641865 -11.508885649499605464
-33.073461342826519171 -12.962147447943191736
-33.674911588999449918 -14.323907598060733548
-34.669776194302485806 -15.745269306282860811
-34.724432584743937014 -16.819771565931617374
-33.231984485786483674 -17.035548142977283703
-31.527787081720234141 -17.132596666412382547
-29.823589677653977503 -17.229645189847484943
-28.119392273587724418 -17.326693713282594445
-26.415194869521464227 -17.423742236717689735
-24.710997465455207589 -17.520790760152792132
-23.006016788915641058 -17.616738139295556209
-21.292718635098417224 -17.70099259810322323
-19.558210164462632719 -17.765927719525123507
-17.804551264051749371 -17.676500674438717198
-17.043844520546638677 -17.726544864595389583
-17.082195092123537705 -17.957797469382352773
-16.42101238603835256 -17.89851523818839496
-15.625252977215048134 -17.205984863198526824
-15.24470118016329323 -16.533502846760800509
-15.551248098815600329 -17.855668926019298226
-15.748042143902106105 -18.58396666671956865
-15.498545885602812433 -17.546902448154732213
-15.379357490716218493 -17.440650462054502867
-15.18073889947332944 -17.742414851351696825
-14.699437866547505394 -18.687641220927385888
-14.006444681461751145 -20.211753634361329546
-13.305504729568369271 -21.768674436534634964
-12.60456477767499095 -23.325595238707940382
-11.903624825781612628 -24.882516040881242247
-11.202684873888230754 -26.439436843054551218
-10.501744921994852433 -27.996357645227849531
-9.8008049701014723354 -29.553278447401154949
-9.0998650182080922377 -31.110199249574460367
-8.3989250663147139164 -32.667120051747765785
-7.6915317305966937056 -34.211297384073638739
-6.6980767681871977715 -34.923974585977916263
-5.3219061069948487841 -34.191610567238001295
-3.9968154263798503223 -33.347253781097947467
-2.7448532829639749053 -32.403733173013733904
-1.531538058697183402 -31.327532426055281434
-0.53811526414992094658 -30.300848340099442169
-0.3211343381869192215 -29.195050687538849132
-0.51447282269751182238 -27.807378474142986136
0.72926563611802908138 -27.481525372233242877
1.8056386379427316058 -27.114236706852551606
2.2611280116957459541 -26.303455562746133722
1.8961091132065741593 -24.883031480029725202
2.6871906253199937531 -23.76936291169990767
3.4716917193542009556 -22.586002929298850006
3.1410197074642907111 -20.939493533330825414
2.9580736450503009038 -19.264218571603105801
