-11.372284453602626186 -6.2797888378150092947
-11.630007123328976348 -4.851961264323012557
-12.778474943236609818 -3.8347835132691177051
-14.204379604211073485 -3.1120555163543555111
-15.769905127881770568 -2.6668383129191215453
-17.355402520201575811 -2.4191786221667435086
-18.954147353792130559 -2.4645743466654712606
-20.557193439721778816 -2.5403678274732168774
-22.196505847791353716 -2.5110223570842626906
-23.841703764466920745 -2.5459012152957023467
-25.071437397873026498 -2.5203208784392283626
-24.904184099882478165 -1.3860797860425897454
-24.518307732808313659 0.1640105435894024799
-24.758958132614562686 1.6370019781461744302
-24.712169211018984782 3.1985188623340974345
-24.591302682364101884 4.8037630595147771118
-25.035904340265556556 6.3554754290151338481
-25.284117667020815645 7.9370178994737932143
-25.360866715044103614 9.5398383078852013739
-25.641663246412107924 11.083020589452054594
-26.498387766934698107 12.388937807757233855
-27.745976696732697064 12.654492848981739428
-29.138642635252743673 12.561678327511868858
-30.325786133544902157 12.946936618113156214
-31.369999834466366195 12.969712791950328779
-32.406524597034668034 12.938364891813847635
-33.438463432582764767 11.839083264824511232
-34.45303433384483327 10.652483430240634377
-35.692056833037533181 10.436564924704629931
-37.168048516342359733 10.946035991087445183
-38.746133130326434468 10.880478469107298878
-40.28967739130614234 10.827545013093708093
-41.381148259880212947 10.233881002272219973
-42.40309850895391719 9.4844646313087110912
-43.325285917938046509 8.2260252620129836743
-44.685187360323446626 7.3583681004558112448
-45.99920118003188918 6.5146100029937290543
-46.999031684247846385 5.3405851486710123055
-47.814073646115502925 4.2283430380993252129
-48.396605751490582747 3.3214437507643665981
-48.87406647561895312 2.4875247018594883741
-49.344822194812664407 1.5607210998061695761
-49.582614914569035136 0.14986034836279879534
-49.690646989476704221 -1.3160269729436673281
-49.045784188897606271 -2.6995356119125029082
-49.23189353252305267 -4.0040625768248263583
-50.210487898719343036 -5.2986857001776108689
-51.052689388199432585 -6.7095353118651015478
-51.256551195408626143 -8.0752153003405240383
-51.143685156409915749 -9.3939962145812092587
-50.914363401856391533 -10.856847236504645338
-50.568893541345616427 -12.329923904594451756
-50.133457754180099641 -13.715405321286127105
-49.61680287445321369 -15.024087489233519221
-49.048343760237244737 -16.218338825987899554
-48.457021004792423469 -17.281106850640512107
-47.739812529976767053 -18.396814876824961971
-46.870901468154301028 -19.561847469327048543
-45.920846423724938745 -20.659449122300522106
-44.843713751749106677 -21.731489857226510054
-43.635735962152637057 -22.760059367543750142
-42.339536641229528868 -23.696606420231891121
-41.011708940450461114 -24.504920070912891816
-39.630083603607999976 -25.075596971112489086
-38.065982080004602039 -24.799592062073354981
-36.898075175186761498 -25.03607961943758653
-36.34766189013487292 -26.378437019833445021
-35.57512544254874598 -26.564307207070839922
-34.693838756710420057 -26.737261816470212494
-33.568964607480964446 -26.702993018404548309
-32.208293799085026876 -26.945487947687905006
-30.800857759321768725 -27.024268249730731384
-29.372611495693291772 -26.613980742608923435
-27.907529451479170746 -26.743048819993930465
-26.530097541689318774 -26.456928238131556697
-25.347835982658661891 -25.787113689317749277
-25.06515181597459474 -24.276708824956973132
-24.996666388659061653 -22.651535813749688941
-24.902973154034160785 -21.019490551236845732
-24.715941564187172474 -19.417520300785795939
-23.88786193035981853 -18.645091544368355585
-23.222819814065324806 -18.260626108787796795
-23.961443154195038119 -17.062052266621840602
-24.888647759226483203 -15.749561343153207105
-25.81585236425794605 -14.437070419684568279
-26.74305696928941245 -13.124579496215933005
-27.670261574320868192 -11.812088572747295956
-28.597466179352313276 -10.499597649278662459
-29.50506688389214105 -9.1822894116765372274
-29.550260387118413519 -8.1009874046137131387
-28.191197758437841259 -8.2004404843893237143
-26.657282697527623583 -8.6830338709433885214
-25.123367636617398801 -9.1656272574974515521
-23.589452575707170467 -9.648220644051519912
-22.055537514796952792 -10.130814030605588272
-20.521622453886731563 -10.61340741715964775
-18.987707392976503229 -11.096000803713712557
-17.453792332066285553 -11.57859419026777914
-15.919877271156067877 -12.061187576821849277
-14.38596221024584132 -12.543780963375912307
