-3.0760056234291042188 -8.2455053329467773438
-2.9053918795340685222 -6.1408736569130359939
-5.1971599728526243211 -4.4763543368352074481
-3.4703915543095185114 -1.9228165188326817869
-4.8544459314862535848 -0.19791740983700201184
-5.4673376026329734145 1.8363503945564456643
-7.4191028270879577633 3.0235454926388101171
-16.326688203462811799 -2.3002008546093080099
-17.050096695033499117 -1.7156358777287437078
-18.749263614719765769 -2.4917355404086620752
-19.025167442917993554 -1.482794709725713922
-20.593977627681677944 -2.999564061566474038
-21.387087931879204206 -3.4980791990144810555
-21.571010076023586777 -1.853755430990284836
-22.391100474735011971 -3.1218505935501275061
-22.929617848851261641 -1.0140357358967575507
-23.446833040950334492 -3.3245393231071753704
-23.618793783203681613 -5.003199818310061886
-24.61222871826806724 -3.0669727624887412887
-30.84480545164759846 9.5322889642394237342
-33.439234454701036725 9.9576762042210944514
-34.315634351563488735 7.4259984731620587439
-35.98932158640386092 6.2587575031365592082
-38.044880604194176499 5.3643346605285397999
-39.011827462551792678 3.4388968302602993532
-42.076453408196798023 2.8089230824662063668
-40.861602779985894074 -0.26167326989725925301
-41.677428700507064718 -2.1539734943773005682
-40.241425931025737839 -4.5657684688716226873
-41.766514975894480699 -6.2656679688574277165
-42.868095265071332278 -8.2455053329467773438
-23.929485761210820272 -8.350595143356583705
-23.902920560911354642 -8.4523861612383370812
-23.866141511146128806 -8.549798717650066493
-23.824487233562479105 -8.6439247022059024772
-23.768997159102806194 -8.7301184141375074432
-39.269744778506584737 -20.1172950967636055
-38.5422512499064851 -22.303178885333281301
-36.606319175187010728 -23.435013794125708841
-34.943330905454629942 -24.780958039342536381
-33.25249401565470464 -26.12524294321169549
-31.012231130398927093 -26.399342970054760826
-28.588965521850283835 -25.663166770397435101
-27.457197224268089286 -29.546068878404270208
-23.838143874294090097 -16.889505749147943447
-22.929618641772623988 -17.969861406362198863
-22.017811278655408103 -16.920792392763782885
-20.823531141867849925 -18.153884883064982603
-19.954694066104217143 -17.401382601669226347
-18.748491042810655927 -17.636470717218116988
-17.2745076261294912 -18.040442582622979728
-15.302251850188209659 -18.743681317479548909
-8.7636807373035789936 -23.978379141544447606
-7.2654340268859165519 -22.34960554773191177
-8.4078147541308805302 -18.796214774506925238
-4.5941665130202977707 -18.83148577845857119
-5.9876782111545772125 -15.788545331386654169
-3.778776419473878434 -14.467992608612394889
-4.4578138318758036007 -12.171809190138514367
-4.7444179044024252789 -10.156846693425066519
