-2.2331343801048260111 10.671274317341266524
-2.4908568235697403637 12.099101755872711195
-3.5961776234688489495 13.132457448276490197
-3.9372408843222466146 14.261955767920174054
-3.1825696712458082516 15.601621481085402365
-3.3882031318547412013 16.863068942974383191
-4.0803840200043062225 18.244738294721379646
-4.7191398257815686534 19.681603826106844224
-5.8543594686010766992 20.748312809485604191
-6.7351356728459279566 21.969150957161083682
-7.2745837759666063249 23.050772389329502232
-8.429676201960225157 22.557069106872685182
-9.7579137055641353982 21.639441237236113125
-11.086151209168045639 20.721813367599541067
-12.41438871277195588 19.804185497962961904
-13.745035277724603873 18.890314529200750826
-15.154943045598193052 18.100710400575707126
-16.53865018472244941 17.870482863450789068
-17.641847602439739262 18.006166846449310981
-18.900173004643278318 17.155237533205465184
-19.993046544027318845 17.071560066128181887
-20.675550109634539098 17.60792572119103383
-21.484429023531969705 17.475506261446565048
-22.054894009919525644 18.392606890239903805
-22.542490135512359473 17.679531925411367865
-22.970841661350533514 16.151452928922328312
-23.530042765241660163 15.612225123365959689
-24.374706380560386521 16.792415672090786671
-25.140956603294551286 18.213413500255260402
-25.879954086527170887 19.638441432940453524
-26.61895156975979404 21.063469365625653751
-27.357949052992413641 22.488497298310839767
-28.096946536225022584 23.9135252309960471
-28.835944019457642185 25.338553163681236668
-29.584814890136541976 26.750188395136483166
-30.659154925562120297 27.720342796761499926
-31.846542780719993004 27.410236586944883186
-32.901246619389688419 26.782078183247250536
-33.768053966491841322 25.592181194278868617
-35.013174608405748245 24.603746077058584518
-36.447404804100713704 23.856811888696249468
-37.493007354934533737 22.743997420544062038
-38.404518705737274331 21.56652425383132865
-39.055769064935383028 20.598817704034551923
-39.561773774578966822 19.751853498012632571
-40.023879878983152025 18.883988179265614349
-40.321641478745824827 17.665369004500316663
-40.625385740162847981 16.173382510064367779
-40.151645212375505878 14.763930681778594689
-39.852007597715015663 13.423861846063379843
-40.710178044345482817 12.152192292341505109
-41.607282020564852587 10.776086444627976491
-42.137168651944875819 9.3712079860664356801
-42.058390475735890845 8.064631892859219775
-41.875922909678834571 6.6529557800005676427
-41.572150119130654389 5.1696263773581776491
-41.16536537826102915 3.7391113319066136
-40.682593831725597511 2.4144676031451890452
-40.122538307293439175 1.1574998814415078385
-39.548258293021689269 0.066162713921322335864
-38.889554900978097862 -1.0157062278325224014
-38.070369457256390433 -2.177545721621015673
-37.148273320896436189 -3.3037715766568709341
-36.126301318337510793 -4.379931809329011827
-34.961868582208950329 -5.4322418977871418377
-33.694720565128875478 -6.4068560159407326182
-32.37007133985883911 -7.2674739350987493935
-31.06268520662678867 -7.9807145195839268581
-29.921705878842587367 -7.5071406770831954347
-29.172832998664176785 -6.1321217849193434546
-28.454874679584111874 -4.7018208676878456842
-27.73691636050406828 -3.2715199504563479138
-27.018958041424003369 -1.8412190332248508096
-26.300999722343959775 -0.41091811599335315019
-25.583041403263891311 1.0193828012381442871
-24.86508308418385127 2.4496837184696413914
-24.232938143029045364 3.5288080730775899241
-24.059588297424632231 2.7303920196589213099
-24.012027730802984138 1.4034495821543537808
-23.496027162106194908 1.8979551099952534088
-22.688659841659202243 2.6022450465178170731
-21.748844846121297536 2.5672187735741811565
-20.726153623647153523 2.3720293413937501015
-19.543917919030882047 2.3565652417095384052
-18.017796444045679038 2.0990635352126170154
-16.461613126435942434 1.5604540271235110005
-14.950976828770651039 1.4071168696506752838
-13.573176222899354215 0.84230963664765512444
-12.260827052838063622 -0.084859730320418963467
-10.948987996849549376 -1.0149657320061324928
-9.6371489408610404581 -1.9450717336918459388
-8.3253098848725297643 -2.8751777353775596069
-7.3132218480451491871 -3.4964336926678747375
-6.9600043398080622126 -3.0953450926367480633
-7.2527437551774944779 -1.7453449983783730914
-7.0141653140872506356 -0.75002956122816466511
-5.5655545454289212515 -0.64877654010067464796
-4.8499816145397893763 -0.12353082093244083239
-4.4234458089897419342 0.67325529307457088191
-4.8566623199154443924 2.0748373169273994776
