-19.466932699768825898 -8.8168478012084960938
-19.296318240951485734 -6.7122156451652053022
-21.588087037225580644 -5.0476963845589732927
-19.861318872779214928 -2.4941587372533176037
-25.013019553360962277 -2.4467235711760224603
-24.858221527157805752 -0.46701805128076046003
-25.669820906695157703 1.100987014645017581
-24.778100490413493162 4.2772333038866463539
-25.231693864504514124 6.8304140894582143773
-27.558843466172906034 7.3717579037323801572
-28.733267137768720545 9.5208647289304728645
-31.408239838105938446 8.9544954592504488744
-33.464504845107200026 9.2062024583286756751
-35.024955780497094793 11.392350832526044968
-37.295339579606562097 10.451740580976863981
-39.32054901123046875 12.669115509220755911
-41.324458678774774967 10.249051991304312992
-42.946711251585909963 8.242906656360155182
-45.226263193103569904 9.3590710441617410709
-47.23573180316778064 8.9609455465614686887
-49.830160836829598736 9.3863327701349632548
-50.706560726909032155 6.8546569482130284001
-52.380247958930638674 5.687415978246018966
-54.435806961252147573 4.7929926735753181077
-55.402753825011082256 2.8675548369427907858
-58.467383668207560277 2.2375808259425387092
-57.252529143329489614 -0.83301541540860224444
-58.068355062597909466 -2.7253157273192405441
-56.632352303268675087 -5.1371105127949387992
-58.157445152093643514 -6.8370099642580965948
-59.259021626155316653 -8.8168478012084960938
-60.658044262667175417 -11.059507697077602728
-60.208234121675474171 -13.256660686743316546
-59.221717533602387107 -15.283129598475415634
-57.369215032480475713 -16.852631388379709421
-57.953616079064545374 -19.574651330720477915
-55.660671139590569112 -20.68863756502532425
-54.933177610990469475 -22.874521353595000051
-52.997245557113146219 -24.006354336272433869
-51.334257266538614317 -25.352300507604255131
-49.643420376738689015 -26.69658541147341424
-47.40315749148291502 -26.970685438316479576
-44.870072746593478996 -25.896530785979738454
-43.848123585352077214 -30.117411346665988958
-41.346955740553880787 -28.096790685389414932
-39.32054901123046875 -29.286708253896417631
-37.290857624342827137 -28.128077304593023911
-35.023331780932124957 -29.033683803626377795
-33.172251936228576596 -27.739360952690756079
-31.125058953990574651 -27.224225951900010045
-29.008526217655479229 -26.677798540480090139
-26.661260761679564268 -26.240868067195901148
-25.154608027374234069 -24.549719680228676566
-24.19870540386243718 -22.432617140384095933
-26.658532957667851804 -18.016338184960481783
-23.265938030920278123 -18.08598138457332638
-22.378605043337870484 -16.359887786760946682
-20.169703736764670765 -15.039336038342625557
-20.848740917308614229 -12.743150747505538334
-21.135344265486409654 -10.728189161686785269
