81.248515679747782769 9.0679731369018554688
81.419132046247185031 11.17260481293559593
79.127357541664224527 12.837124010517896977
80.854135240401120654 15.390661688263863383
75.61890602846234799 15.40090955460806299
74.737519766817470668 16.771333732508992398
73.340669429310608507 17.747078945594857657
74.736601370776753583 21.080893199899072954
75.483764336678589757 24.715232386836603951
73.15660872833115036 25.256580272143377641
71.217319204645349373 26.080901374635594436
68.679084006780414029 25.428494615174574989
67.250945456464805261 27.091024345334822954
65.69049449996127521 29.277172725672532039
63.420107010520254676 28.336561506689257328
61.394901275634765625 30.553936447331107473
59.390995266380883777 28.133872912975636638
57.768739010462603289 26.127728542869867567
55.489183419931059404 27.243892981716779644
53.479714754922838438 26.845766522927050346
50.885289471080213275 27.271154674069727264
54.409730109861868641 18.682247261641364844
54.519593278879298737 16.70377858159573492
53.511386164514753716 16.166321337140164616
53.232259741263376895 14.998480234554051549
50.370316020130864842 15.433016715660068385
50.891532896026994592 13.744374533643792802
42.647091416818163623 15.159504756261327429
44.083101790477499549 12.74770991170536405
42.558008949886769301 11.047810500991204208
41.456428660709917722 9.0679731369018554688
40.057409841927601235 6.8253132121825412781
43.418577898569807871 5.2469864569916779828
46.370300546987358814 4.186187028263160137
54.299192398568038698 5.9087593181775570628
53.906525661717438425 4.7445587449245225642
55.7652283863803504 4.9777761909845672506
55.717433854263518356 3.9559649249560697726
56.617828612014577061 3.7624974105009245662
57.022363406075101011 3.0496945202647731676
57.21816362733400041 1.8336425565502052493
53.312289001083875917 -9.0858645092882710514
55.735556665643926522 -8.349687401805951481
56.867326718739853675 -12.23259136589160434
59.368498245203966235 -10.211969735107494728
61.394901275634765625 -11.150082010305109037
63.424588957695043234 -10.243256354934892727
65.69211849945050119 -11.148863820568262639
67.543198349183512619 -9.8545390613782366529
69.590400929066177582 -9.3394049873215401192
71.706922130110768876 -8.7929766670264903894
74.054191493631520871 -8.3560480383701509766
75.560850107754788496 -6.6648994987218319608
77.059091839501235199 -5.036127517784505514
75.916708240128130569 -1.4827360357499959065
79.73035788599679563 -1.5180077320800950957
78.336847126313671197 1.5249331557861429687
80.545750367759922028 2.8454851473027051867
79.8667036667156367 5.1416698041196937652
79.580106021378824721 7.1566317764235662935
