-27.408262703112946213 -1.1910474155709822597
-27.589779169977603601 0.17477573739717175427
-28.593056106341041556 1.1655679928212347995
-29.189784691153356277 2.1734689737247516739
-28.557415506983328868 3.4087835179364605054
-28.40042618417635012 4.5998767461381309118
-28.947589099513880484 5.8655346194878568156
-29.570905988252025764 7.2149745380679215501
-30.358527100153214207 8.4165965199736358926
-31.491585532718811891 9.3607038617582460915
-32.050390913565657058 10.684897602150114082
-32.79548624644999677 11.859759684310130723
-33.730939633373473896 12.784685615485935628
-34.471015301235915729 13.324199805084079529
-35.899087161327138062 12.853878130903186872
-37.281592324733736632 12.874021631581076264
-38.596798524104023898 13.213072242278631307
-39.907960854828964159 12.685726600568013822
-41.268372488935355591 12.023401198504489074
-42.675214638412079182 11.773277662321142145
-43.729819411544880836 12.492028911759865295
-44.797213678964581618 12.608195032186191753
-45.936055857445346362 12.331093599967839936
-46.852213970261750831 13.239932211349115576
-47.684253349374763786 13.288589315549222292
-48.48165973813846108 12.104978711711529726
-49.298367352917132678 10.86597639168394025
-50.239451515224267553 10.479177984166824444
-51.36855407800099016 11.276268791962950289
-52.704953965808613248 11.863180117873614705
-53.994080194941652451 12.539259244205007704
-55.090200491969810059 13.585120584170370606
-56.170556126918228301 14.661189667634607403
-57.15349334756381694 15.522142753760043377
-57.800235235061613537 15.14065675325106497
-58.632500192137058548 14.218797308236339916
-59.633038531845144803 13.147511912565418513
-60.945319530881072012 12.381978507600928552
-62.128487045953967538 11.548009068010607336
-63.062951043721561462 10.440071003572990449
-63.827310003122448734 9.3962860231248477305
-64.381565227343031665 8.5395352037942551249
-64.83584122999819499 7.7571963237585155326
-65.270559566715689925 6.9220197475582594393
-65.511749638110828187 5.7113519724115455745
-65.804813498983605768 4.3143595246898431839
-65.347694730176002054 2.9938587458113454787
-64.986379715039618077 1.7316068490291993687
-65.723589954192803475 0.54160486248969574863
-66.599487849347539736 -0.72573441108100811281
-67.316811254699857159 -2.0567439943771010924
-67.267853391911842209 -3.3002042232866539706
-67.138173705145518966 -4.5641871711722048488
-66.901270235685871057 -5.9510259260444042795
-66.564586107058985931 -7.3279436992750506263
-66.15211734468525151 -8.6193363757369851896
-65.667709223507472416 -9.8462280230620802257
-65.135157488791435298 -10.976660570708755671
-64.58889663432198347 -11.976586445304977957
-63.945036554129607964 -13.00618490798673399
-63.159578650827285173 -14.099730336818117493
-62.291314011418606356 -15.150396883510413915
-61.33343187686142528 -16.159231892470408809
-60.248901759933289668 -17.149101984351663219
-59.070869132619094444 -18.074048267336010554
-57.832954980300726788 -18.904514098557882562
-56.585795502727457063 -19.614843473649784755
-55.215863677468469461 -19.904621396411151579
-53.781175874067926657 -19.598528165271304147
-52.818508517879436681 -20.062435825346572216
-52.306568715756839083 -21.259752246599429526
-51.585139856874413056 -21.431393677725182556
-50.75867794909183317 -21.593750503315888523
-49.724720109163769166 -21.60296627449395146
-48.460887112357021067 -21.708307559000363796
-47.142196862388281886 -21.891250829871548689
-45.812471543505672855 -21.573513793420087126
-44.435673769455412696 -21.56848037113655181
-43.131928100298082995 -21.449142409100264928
-41.788795416785085024 -21.112673037987864433
-40.383571493960282339 -20.632681247727436613
-38.990919295384479426 -20.076304187438726245
-37.660571689295409215 -19.406125804887071951
-36.443999760138737543 -18.677942248435606132
-35.326245827275670308 -17.898582443700878031
-34.22601624527102615 -17.01198347695556734
-33.181647555285664453 -16.040445412634159794
-32.364617018998217191 -15.174021926741666277
-32.239927516243305661 -14.171405300025115892
-32.493540785872340848 -12.885646504356305542
-31.582161541912917357 -12.460671560967483629
-30.271564401132831534 -12.353206026102672155
-29.87850041740220064 -11.683936897229067142
-29.78252462766655384 -10.726556533078326794
-29.975618925949628846 -9.4762161902257204815
-28.996586799025841685 -8.576049959614481466
-28.434773342785373274 -7.4792127564796722083
-28.756778638786492763 -6.0161950971655677733
-28.984505378534628051 -4.5226308707577507207
-28.564257947606279231 -3.2019609761417027194
