-3.8076950765541042188 -7.7629575729370117188
-3.6370813326590685222 -5.6583258969032703689
-5.9288491885233867151 -3.9938065722885709441
-4.2020810058206414794 -1.4402690022084945198
-5.5861353853230291122 0.28463017295750070446
-6.1990270553354420713 2.3188980346250751552
-17.087291894476162923 -2.9866533132896471159
-17.594300644184372118 -2.3002008729942158283
-18.216274441849694909 -1.7156358802657196705
-19.831544727535643347 -2.4917355403033285555
-20.035453430119982698 -1.4827949083198390667
-21.540510869747627964 -2.9995640442288333816
-22.275565540249580465 -3.4980791070844592383
-22.405267044867738235 -1.8537554643639868601
-23.17350822561317969 -3.1218505945740551155
-23.661307211517499383 -1.0140357358968214996
-24.127805935404225579 -3.3245393064456791876
-24.272339014794326317 -4.888293714225001807
-29.567028115832755475 10.412961297341723821
-31.576494895208792713 10.014835774832953064
-34.170923928870614361 10.44022299840644763
-35.047323797557716318 7.9085457615154783895
-36.72101103952886092 6.7413052631463248332
-38.776570061345182694 5.8468819392298101434
-39.743516915676792678 3.9214445902700649782
-42.80814286676466196 3.291470713839355966
-41.593292231878379539 0.22087431406684743251
-24.724730270991244652 -7.4174320560268292013
-24.755022014711133949 -7.5304823873984867433
-24.770472556753318827 -7.6463800998273949716
-24.767882184228117382 -7.7629575729370117188
-24.758910274825865372 -7.8783198011230890501
-44.548997200583102085 -12.202771473933873736
-43.562480612675955172 -14.229240363787933887
-41.709978124521491338 -15.798741160108225046
-42.294375284138432392 -18.520761227624085166
-40.001434231631584737 -19.634747336753839875
-39.273940655188596338 -21.820633085807052964
-37.338008628312010728 -22.952466034115943216
-35.67502033867352651 -24.298412201144035549
-33.98418346877970464 -25.642695183201929865
-31.743920588064995059 -25.916797115371814186
-29.320654927720784855 -25.180617118392959242
-28.188886642939706917 -29.06352303306643492
-24.620551604858512462 -16.889505752306927633
-23.661308104495837767 -17.969861406362205969
-22.698782446949373082 -16.92079239514588096
-21.452652989110848836 -18.153884897273854904
-20.52959563229843809 -17.401382596920086598
-19.26533675275151225 -17.636470720252731326
-17.727598317086794566 -18.040442596036392331
-15.683345492280130529 -18.743681072787300224
-9.4953701904285789936 -23.495831381534681981
-7.9971235311441475346 -21.867059751859976302
-9.1395042072558805302 -18.313667014497159613
-5.3258559661452977707 -18.348938018448805565
-6.7193676642795772125 -15.305997571376888544
-4.5104658764217333555 -13.985446767716798178
-5.1895030471570642305 -11.689261432833150778
-5.4761073490280232079 -9.6742998062231908563
