-41.812281199679190991 -4.9000935554504394531
-41.814318194531026052 -4.7791315871161117457
-41.833266777831354943 -4.6594949109817278554
-24.561895638310769385 1.0795002141456420119
-25.195730209523251375 3.011381773792203731
-25.502909175554371757 5.1817618105392391215
-27.45467394374880854 6.3689570569500766339
-27.880399215367305032 8.682317424131239747
-28.87633756745809066 10.747167308955202003
-31.203487248872974646 11.288511195184561586
-32.377910849452462116 13.437619410022520583
-35.412899539929398429 12.062640241249020789
-37.635857224308637115 11.501920649019677256
-39.129325710915949799 13.146244645061042178
-41.201730733967771414 11.878149349787211264
-42.9651947021484375 13.985964264103568411
-44.712886614908960325 11.728099745367117634
-46.131625155478559464 9.9968004514931365634
-48.344202194624095625 11.654789235214696674
-50.492666906355253786 12.006885953051586569
-53.474806517225275115 13.303087498805226119
-54.35120640356544186 10.771410250658396635
-56.024889874542580515 9.6041692348617289099
-58.080452660222135819 8.709745956716382409
-59.047395707162579015 6.7843083592820807581
-62.112025476527350065 6.1543344740526979564
-60.897174829317393119 3.0837381261668177501
-61.713004561971899875 1.1914382992288130581
-60.276997980237950969 -1.2203567974598859003
-61.802087025270843412 -2.9202566432173617805
-62.903667317073285403 -4.9000935554504394531
-64.302686132249320394 -7.1427539913183561993
-63.85287979289336846 -9.3399079641783213646
-62.866367062554843415 -11.366374804055597636
-61.013860725553605846 -12.935877614618235043
-61.598257836074722604 -15.657898721952607346
-59.305313000557639214 -16.771883817099258351
-58.577823289947716034 -18.957767597957825956
-56.641887360986054034 -20.089602539842417173
-54.978902932573952 -21.435548664110275041
-53.288066087656275727 -22.779829723657101681
-51.047803178995074802 -23.053929763563310473
-48.624535823751578789 -22.317755418645283783
-47.492769233203311785 -26.200659494247840797
-44.991594035208080982 -24.180036891965496437
-42.9651947021484375 -25.369954484975519193
-40.935503313817321214 -24.211323535520410388
-38.66797355136611003 -25.116931919568461495
-36.816897626419979872 -23.822607183533779818
-34.769702721700021186 -23.307470268569201011
-32.653169937261573352 -22.761042827281368517
-30.30590453643812765 -22.324116199222235224
-28.799251818681810278 -20.632967825623957481
-27.301004138281975031 -19.004194210136802212
-28.443385862989341462 -15.450803488342183201
-24.629738117497076644 -15.486075482243549573
-26.023248836971188069 -12.443134040444119748
-23.81434179236391202 -11.122581297514614107
-41.659765893784140189 -5.1775710072486926805
-41.633590073979711121 -5.0400508104645762586
