-13.403510496704861055 -6.1253161430358886719
-13.232896037343817142 -4.0206844690027381262
-18.031846967120397807 -2.8890826478066164995
-31.88590781780358796 -5.6797792998284606369
-31.935923411017210327 -5.537077186500848569
-31.989207656277059755 -5.3932812496484254794
-32.061841261774901568 -5.256888547107967824
-32.155846932952499628 -5.133716825681705842
-24.293755052862870514 3.8295187183341283799
-24.993995518351475482 5.2479123252903683294
-24.412716093733347833 9.1936551838420079719
-25.34481676356974944 11.646027630858938551
-27.401081862066746453 11.897734649776303684
-28.961532493580680381 14.083881032516977427
-31.231916545476366309 13.143270821524634329
-33.257129669189453125 15.360647644230521536
-35.131660342034876976 11.709684286329100189
-36.683989446221829667 9.9968004639536118816
-39.034235192988276708 11.654789222419424277
-41.172312465908667889 11.652477679442192482
-43.76674148426629074 12.0778649112197769
-44.643141370606457485 9.5461876630729474158
-46.31682484158359614 8.3789466472762796911
-48.372383779539575244 7.4845238826475188887
-49.339330675578892738 5.559086246640841722
-52.40396042179689573 4.9291124010137075118
-51.189105995011203731 1.858515747015244024
-52.004935719109532499 -0.033784407418815831647
-50.568932950068706589 -2.4455792789607344595
-52.094021994937449449 -4.1454787789465390446
-53.195598469417035403 -6.1253161430358886719
-54.594621099290336019 -8.367976578903805418
-54.14481477306776469 -10.565129536301730795
-53.158298185077647702 -12.591598437094809526
-51.305791885573682976 -14.16110018496237366
-51.890192803115738229 -16.883121309538054788
-49.597247972076893063 -17.997105444846624778
-48.869754332214128567 -20.182991261470832001
-46.933822338448145217 -21.314824164370371307
-45.270837909568022894 -22.66077029079009364
-43.580001014698069639 -24.005055195359059184
-41.339738152847701258 -24.27915520913898817
-38.916467196082365376 -23.542975073729682123
-37.784700078592862837 -27.425881193404066494
-35.283532704184587203 -25.405260445076986997
-33.257129669189453125 -26.595178026235284818
-31.22743457314401283 -25.436547088024543228
-28.959908511924510321 -26.342153552101674308
-27.108828801012300858 -25.047826917325277662
-25.061635777443164841 -24.532695715419286842
-24.687975188326333864 -20.967522826514109369
-23.944595381078990215 -18.942921055414732479
-22.231985234248938355 -18.369976765857764178
-19.822967210159358586 -18.221488850232098855
-19.259748334187996477 -16.295005654141526463
-14.921671149247689669 -16.711298021432430261
-16.315182861813585902 -13.668356653804419665
-14.106276761316355106 -12.34780484465714423
-14.785318715733904327 -10.051619573176477473
-15.071922060852713798 -8.0366579654163281532
