-11.820199415772243867 -8.232929229736328125
-11.649585910489037133 -6.1282970750267651283
-13.941353764801093007 -4.4637777586443636579
-12.214580802017014349 -1.9102404608107486084
-18.993181223077982622 -2.587144716896640162
-21.602318288782171862 -2.4181441401397565372
-24.452940093392903975 -2.986653410650200513
-24.69960356582665284 -1.9533164991049272174
-24.293755262519105997 -0.036535091360885729728
-24.993995520232680008 0.96106288751301072182
-24.412716299591146196 4.3436728026177622297
-25.222420230324939183 6.2571521178404978514
-25.817772605310551626 9.7901210592144032319
-27.378221415851498932 11.976268423334605728
-29.648605459894501024 11.035659164847011482
-31.673818588256835938 13.253034080692923879
-33.67772642665592997 10.832970554556961673
-35.299979129953939605 8.826824229799530741
-37.579530939441774251 9.94298959072541777
-39.588999515806840179 9.5448640989060251627
-42.18342843360677108 9.9702513836962900484
-43.05982843584548192 7.4385754911620818319
-44.733515654025381991 6.2713345268326055049
-46.789074620455743059 5.3769107798430333389
-47.75602149799803442 3.4514731654416284101
-50.82064737779369068 2.821499530035797676
-49.605796817884829863 -0.24909699645274852031
-50.421626543348857297 -2.1413973831119639257
-48.985619982434045028 -4.5531919859585947563
-50.510709010385653528 -6.2530914242930988323
-51.612289295833051028 -8.232929229736328125
-53.01130810588666975 -10.475590191177960975
-52.561501785770033734 -12.672742141537915117
-51.574989026404139736 -14.699211001068363203
-49.722482701686047335 -16.26871186429372429
-50.306879794346421875 -18.990733954887694779
-48.013938807239284756 -20.104718042671549938
-47.286445213668812926 -22.290603810207493041
-45.350513193222255381 -23.422436748699915654
-43.687524898864879219 -24.768382916943824767
-41.996688013562376796 -26.112665905295223467
-39.756425173630589143 -26.386767814966653134
-37.33315791250485205 -25.650589626680648792
-36.201391075712670897 -29.533493766983170303
-33.700223465091049491 -27.512871154476968627
-31.673818588256835938 -28.702790636098566068
-29.644123499428776114 -27.544157791297770643
-27.376597427750581915 -28.449766161275992005
-25.52551961630403099 -27.155441430922692803
-24.939239315133264085 -23.359043069523867331
-24.68797529512137956 -20.332766799915425793
-23.923257756202637836 -18.90065984768121865
-22.546381305212204182 -18.369976915705041876
-20.580400226466331048 -18.221488937620542004
-20.577316275663662282 -16.295005814019752677
-14.607833169184761601 -18.08598144486583692
-14.731872761741858113 -15.775968371055425266
-12.522965679428022412 -14.455417451579041455
-13.202007640210087658 -12.159232208486166371
-13.488611928451387456 -10.144271480021314957
