-22.702709601013943086 -15.300051689147949219
-22.532095141722987108 -13.195420014447934776
-24.8238639734066453 -11.530901538649160898
-23.09709003197052013 -8.9773631636079471718
-24.481149674729913102 -7.2524641443103785576
-25.094040381978327758 -5.2181963299187952288
-27.045807066117987461 -4.0310013087061022929
-27.471532331273071037 -1.7176409499506508638
-28.467470671838583485 0.34720865664707645237
-30.79462036641845657 0.88855252495058323348
-31.969043955002206303 3.0376607924868821442
-34.644016782874331284 2.4712915906887999995
-36.700283657377646307 2.7229983331652718448
-38.260730641012010267 4.9091450088868455737
-40.531118394399292981 3.9685347863403173108
-42.55632781982421875 6.1859116212813027857
-44.560230162568188916 3.765846164002098817
-46.182486662863020399 1.7597007723551278957
-48.462041998583757163 2.8758669188153689333
-50.47151061176153064 2.4777416586220155637
-53.065939645423348736 2.9031288821955101298
-53.942339513219103253 0.37145158634749719795
-55.616022986139377338 -0.79578940000172160296
-57.671585779910927272 -1.6902124176353758855
-58.638528824150697005 -3.6156500118875332106
-61.703158594203131315 -4.2456236596448118092
-60.488307946993174369 -7.3162200075306920155
-61.304137678640820752 -9.208520069788477258
-59.868131078385573574 -11.620315673749598062
-61.393220145572215074 -13.32021432505860048
-62.494800434749066653 -15.300051689147949219
-63.893819246318827254 -17.542712636164466744
-63.444012904002455855 -19.739866605606849248
-62.457500160779467535 -21.76633442812909891
-60.604993841074225713 -23.335835276319162546
-61.189390938103613848 -26.057857359588481927
-58.896446120472546681 -27.171841470877723168
-58.168956371741330713 -29.357727202017990464
-53.8352925373868203 -27.826611565763997191
-51.678110203802624767 -27.855113890112086494
-49.92283920742755754 -28.059229673208022859
-47.935967732495448956 -27.382930221787844971
-45.999333500526837781 -25.896530871405136764
-45.536771696477714499 -29.321942086574402708
-44.582727157448182709 -34.579996455694754331
-42.55632781982421875 -35.769914049184507121
-40.52663642716268555 -34.611283099274245956
-38.259106652835349394 -35.516887665635373139
-36.408030744822326596 -34.222564840630212757
-34.360835848639638357 -33.707431744251344696
-32.244303074265090459 -33.161002402649231158
-29.897037636685094952 -32.724073843419816399
-28.390384922478578034 -31.03292546998758894
-26.892137294307673301 -29.404153816937686372
-28.034519003907618639 -25.850761177193092522
-24.220869311981594763 -25.886034065337977239
-26.32896249587477655 -22.524940235297350455
-24.870280515201869775 -21.046596349250965119
-26.091143951146538171 -18.799833350370761309
-24.371121160018770269 -17.211393939432937827
