-11.114437621332564632 -6.3921111685448845918
-11.372160291757140271 -4.9642836284606994823
-12.520183220397816726 -3.9453943828009512274
-13.934901988717417254 -3.1796318858415331121
-15.476810485077184154 -2.6510737340029462139
-17.050703602797689484 -2.4164501788325765119
-18.647241597896105247 -2.4774978306994981381
-20.247751948735068339 -2.5463479185151953743
-21.869620560513318708 -2.5045417987135327742
-23.480814622076696452 -2.5885285323994899898
-24.813513579442247448 -2.7073995406444093526
-24.848217334582752613 -1.6610263844042945092
-24.521803539446910492 -0.12156870642982456343
-24.780480014906366648 1.3417104758373215034
-24.6769740549061396 2.8837507775838369106
-24.631183576033816252 4.4392717901126221847
-25.101780984608282665 5.9624799469641764915
-25.259774629309390548 7.5474637066449421496
-25.298931726519967356 9.1513251637985835174
-25.5551096287461732 10.698816589779928776
-26.247077877531701517 12.111837886574432943
-27.336294017640479836 12.514275805384738049
-28.714413138789048219 12.432493762256518366
-29.927787394485282135 12.827399730557935698
-30.986636793371999943 12.857537098560136712
-32.013159782526393826 12.833200388688084104
-33.063047941758313186 11.877501941355228965
-34.111002606414963623 10.648717962320088049
-35.350325974600167456 10.319965801593847132
-36.815752129984829821 10.822130504963547892
-38.388081933154460046 10.778124743378995731
-39.958054307155762785 10.752238069448075919
-41.057891711465323681 10.159649246371813547
-42.105625686439026367 9.4648947365294322509
-42.992475821276769921 8.1785398405887335116
-44.337273669821684052 7.2928168312947585505
-45.677091845180335383 6.4717734349698226026
-46.681389674771565979 5.3038484484965042753
-47.513825866215853466 4.1780252594041744629
-48.10631241903857358 3.2625717305210528707
-48.587487127524568109 2.4281144908399099336
-49.055770674933043551 1.5136972127112358066
-49.300006000216413327 0.13150266801323962085
-49.456520607056120298 -1.3396756060651053843
-48.821368881772549742 -2.7270351832382457857
-48.922957379517690413 -4.0375531379365936502
-49.894970429904127229 -5.3260382540329169743
-50.743652285211162223 -6.732983478160625701
-51.00279734112088903 -8.1061409164570505936
-50.89595716714302398 -9.4196983438397303701
-50.674430035530846794 -10.876103231268173133
-50.335752677312868286 -12.35151175871175866
-49.904814637318544612 -13.744808146928717107
-49.393854028534974532 -15.055895233562930358
-48.826009942165256916 -16.261672943444374084
-48.238750688598209138 -17.326835344928518623
-47.531745748533452911 -18.436729485328665845
-46.670148924033384219 -19.60282258185341675
-45.72533136158888567 -20.704523034619807476
-44.657495107803718781 -21.777421467358458074
-43.456322834543001932 -22.810474712047057011
-42.164518131274789425 -23.753687542725376858
-40.836885765910153623 -24.570765996538519005
-39.472374665360192125 -25.189933484536542352
-37.901840427170114367 -24.933739795747385415
-36.689068305461169928 -25.089201555144999389
-36.133632576248366775 -26.452999796177245173
-35.365927074597919955 -26.665878969796057874
-34.497510246517542498 -26.838840583438333454
-33.392255638774585691 -26.844069396697559426
-32.038070802299607465 -27.01879542379332122
-30.631208761708204946 -27.138526639743709268
-29.205473862032309995 -26.741896636126991638
-27.737564501299964093 -26.870221687207344274
-26.4201131641856648 -26.604837469487030432
-25.335386426975563978 -25.722898352139331735
-25.007647105313765223 -24.217137888041271765
-24.973793781181530704 -22.592036409493555738
-24.914011048982462881 -20.969894568996675588
-24.739452713546455698 -19.367343487803189817
-24.905398500530061767 -17.843316717265086169
-25.632567998860071867 -16.423818790941091095
-26.41973652824074037 -15.015490044690455562
-27.206905057621398214 -13.607161298439812924
-27.994073587002063164 -12.198832552189180944
-28.781242116382728113 -10.790503805938545412
-29.549428271102534893 -9.3803860953062994099
-29.505677119195073743 -8.3158227580915031751
-28.182461083352080777 -8.5669030729106623312
-26.71292347610374307 -9.204668440249406558
-25.243385868855408916 -9.8424338075881490084
-23.773848261607071208 -10.480199174926895012
-22.304310654358733501 -11.117964542265635686
-20.834773047110399347 -11.755729909604379912
-19.365235439862065192 -12.393495276943124139
-17.895697832613731038 -13.031260644281868366
-16.426160225365396883 -13.669026011620612593
-14.957586962988706603 -14.281181756361878143
-13.512295741084644263 -14.275048041249714714
-12.313218977104815721 -13.410366090483574197
