-2.3659862733772243359 -9.7752466201782226563
-2.1953722909584740819 -7.6706149451447771526
-4.4871403901682107573 -6.0060955968454337039
-2.7603722016357394864 -3.4525578141335069304
-4.144426345195128647 -1.7276586027666187562
-4.7573180117632851704 0.30660925218102974554
-6.7090837267477709815 1.4938043401602953963
-7.1348094889710225175 3.8071648437122558306
-14.962700547882461066 -1.7156354504391373439
-16.927823872177715003 -2.4917355400454326286
-17.431953534946018181 -1.4827946363662789508
-19.202873909006004993 -2.9995640500656914895
-20.180027802990501584 -3.4980792863072487364
-20.535838924242220571 -1.853755355105825231
-21.52030554844940724 -3.1218506597682118553
-22.2196044921875 -1.0140357358964298129
-22.89760003974566871 -3.3245392686324821696
-23.233933528582902284 -5.0031995697176361304
-24.30884951958646667 -3.345210775140993853
-30.134787293688614085 8.0025476770079784217
-32.729216307264337615 8.4279344340774429156
-33.60561619360450436 5.8962571859306134314
-35.279299664581643015 4.7290161701339457068
-37.334862446235192124 3.8345933732970944874
-38.301805498233115088 1.909155650762455636
-41.366435243434224844 1.2791819560305288661
-40.151584622643170519 -1.7914144691058737635
-40.967406733085198312 -3.6837147977185260572
-39.531407773066753464 -6.0955097561030679998
-41.056496817935496324 -7.795409256088873029
-42.158077107112347903 -9.7752466201782226563
-43.55709592589466439 -12.017906544897536847
-43.10728958949911771 -14.215060521175084673
-42.120769195976080823 -16.241527475730915597
-40.268270513437506963 -17.811030207349435983
-40.852667673054448017 -20.533050274865296103
-38.559722783879351482 -21.64703832158416219
-37.832233091947500725 -23.832920172564726613
-35.896297156235654313 -24.964755123041452833
-34.233312747495645567 -26.310699326573981693
-32.542475857695720265 -27.654984230443140802
-30.302212972439942718 -27.929084257286206139
-24.208531371566941459 -15.896530912672151459
-24.230892165816893424 -19.237612468243476371
-22.967342061925315022 -16.889505737240650518
-22.2196044921875 -17.969861406362241496
-21.468576804293704186 -16.920792383924197821
-20.438668132361563323 -18.153884859741985736
-19.74171951876664366 -17.401382601994882293
-18.719560409256374101 -17.636470730801256934
-17.447691288568883294 -18.040442710377533331
-15.703659447486518985 -18.743681575748624368
-14.480878332844604017 -18.369977049014103443
-6.5554144038850274967 -23.879346796613432957
-7.6977955833009108488 -20.325957887609767738
-3.8841469035935141108 -20.36122702939258744
-5.2776586398976732539 -17.318286657280374641
-3.0687570686456773217 -15.99773389345455854
-3.7477942468543723464 -13.701550493596363012
-4.0343983172719504182 -11.686587993405613162
