-30.956484243958279023 -7.1698508262634277344
-30.785869784807506022 -5.0652191502296863845
-33.07763859502564685 -3.400700060836749028
-31.350870413337446507 -0.84716230992579966141
-32.734922409613844252 0.87773689578940583544
-33.347815029670925924 2.9120047796085266611
-35.299581677089292953 4.0991997485898963305
-35.725305068638789407 6.4125601533182514657
-36.721245383667536544 8.4774100881950715802
-39.048393102144459021 9.0187539243715733051
-40.222816702723946491 11.167862139209532302
-42.897789513625582458 10.601492928253591685
-44.95406001558928466 10.853199848894544033
-46.514507315076251359 13.039346374916906512
-48.808076822992831012 11.878149345441570972
-50.810100555419921875 13.985964264103568411
-52.790824532047132323 11.675460754898775662
-54.436262758550284957 9.8899022087061823072
-56.71581108214382283 11.006068444103675574
-58.725283352139136639 10.607942996214653419
-61.31971237049675949 11.033330227992237837
-62.196112256836926235 8.5016529798454083533
-63.86979572781406489 7.3344119640487406286
-65.925358513493620194 6.4399886859033941278
-66.89230156043406339 4.5145510884690924769
-69.956931318913092355 3.8845774605129399504
-68.742080683821399134 0.81398103139948840834
-69.55790660452191787 -1.0783192818436759808
-68.121903830719702455 -3.490114174357474397
-69.646992881167918199 -5.1900134621740781071
-70.748576985042035403 -7.1698508262634277344
-72.147591978308255989 -9.4125122844285460388
-71.69778565929823344 -11.609664219529269857
-70.711269084275556907 -13.63613212673834596
-68.858766578825083116 -15.205634885431223324
-69.443163689346206979 -17.927655992765593851
-67.150218858307368919 -19.04164012807416384
-66.422729119297756029 -21.227525849012586434
-64.486793203836469957 -22.359360773712900539
-62.823808815704602182 -23.705303052206367909
-61.132971927594681461 -25.04958795584225939
-58.892709039078170008 -25.323689892366527232
-52.074851156612233183 -11.062355330234092676
-51.661046496423523422 -11.173236601926722855
-51.237918061866700725 -11.240256225165101256
-50.810100555419921875 -27.639712709462823881
-48.780409169975754935 -26.481079852962512433
-46.512883321880266863 -27.386686351155191232
-44.661807277952703998 -26.092363495332062229
-42.614608582911941426 -25.577230403940447445
-40.498075803418217333 -25.030801059207924197
-38.150810285136714128 -24.593870533035634196
-36.644159668716810074 -22.902726130620763456
-35.145910017120073121 -21.273952463018705572
-36.288293602547810224 -17.720559776491977999
-32.474643970768561019 -17.755832753056537854
-33.868154690242675997 -14.712891311257108029
-31.659255279998408383 -13.392338583619014969
-32.338292456089263283 -11.096154223951216977
-32.624895796926757896 -9.0811934959535527412
