-26.119847506120244418 -8.8538094294125251338
-26.23543605587602201 -7.5546479236851107331
-27.107493291121787848 -6.5984385996995715828
-27.896690883304323449 -5.7001341905418323464
-27.514328498410854706 -4.5864607205037950521
-26.972667395969669002 -3.4245510769276297225
-27.366371528273749192 -2.30643370492151778
-28.006754900067345915 -1.0931886746236081365
-28.542965602043256723 0.17900734259529577086
-29.497729045986655905 1.1412414904819327965
-30.441599644787636691 2.0951539406213046668
-30.837427632418371815 3.4193750168431082948
-31.666227123457431958 4.4160724525008827612
-32.598903309404569484 5.3176896598041381026
-33.561423382968314399 6.1357517156543313064
-34.600432361219986888 6.9100819939137458903
-35.621175445224302791 7.5753363227109318245
-36.566575308818059398 8.1165019082647908988
-37.671817784703662824 8.3967338306657435254
-39.085508207332345876 8.4022875486330335093
-40.321388978166645245 8.9100879045445200433
-41.240134716474493359 9.913872747521601525
-42.323934039743591029 10.149303656102102167
-43.545902160354195587 10.061471503683860007
-44.639309029258086525 10.446783969039383777
-45.604657032644070114 10.490472846034268883
-46.490025690545316195 10.489525037081484982
-47.415794142882809581 10.301983592825630254
-48.322115027572714041 9.1973605471335737604
-49.246620661626479887 8.153732669374223363
-50.347826072752091875 7.9458558310654172629
-51.625230212630278004 8.4262304437864337103
-52.987700830879212788 8.4609546474768588809
-54.389415504678481739 8.3853224906456258481
-55.525634359469002277 8.094789031985975214
-56.450287716625140888 7.5633868543827205144
-57.267889648829800819 6.7342257893178381067
-58.139780116558867462 5.6839878657466513801
-59.335899193937962082 4.927822253594328572
-60.547232320698938679 4.2474357117517431703
-61.436400188960718083 3.2431492317379380097
-62.238654678829341549 2.205920322558728941
-62.829604374419020019 1.340957143119213768
-63.295110377258311019 0.58330063231043816074
-63.702339076443159627 -0.14855307371096060365
-64.117013606558259653 -0.97790290728903705997
-64.295399184078561916 -2.2312582029522323168
-64.502966911610684519 -3.5249096848900802748
-63.983346209471683608 -4.7483253507201856891
-63.695634419994448194 -5.9225869749908941486
-64.400292818025675956 -7.0309023465407349818
-65.22969546715997069 -8.2059232576430769512
-65.948908038706164803 -9.450555759589258642
-65.994225628626125513 -10.630884753431432799
-65.896172858662453109 -11.779664932496700658
-65.708807964938429791 -13.052561563778644071
-65.430564708697730225 -14.348682392890008686
-65.073610286749016041 -15.603131174325547192
-64.661219084775609645 -16.766372640474674682
-64.181501708490614533 -17.894096757417401022
-63.68375089923780763 -18.896659248419219068
-63.159581744958074978 -19.821978235925151068
-62.532091164019725227 -20.79875373057863186
-61.783680852825924035 -21.821480511444349304
-60.969938254817243717 -22.79707232056965438
-60.076099362177274088 -23.738603488231721172
-59.0707172663423421 -24.665356413783175782
-57.98083205459298739 -25.538818688352996844
-56.833148999151283931 -26.333760234041712067
-55.695137952940704906 -27.012417826770430906
-54.464089142596534998 -27.330118132811787035
-53.154762804563425505 -26.901823576556903816
-51.956902202629677845 -26.308531444471014993
-51.134366610293909616 -26.677893212056570604
-50.656102009817765008 -27.946404119771038665
-50.083774990046798337 -28.776730421706496088
-49.179971383407341534 -28.205242272348879595
-48.159468712209559271 -27.341520443870926727
-47.022589330405310193 -27.4032112019146048
-45.767811077036022027 -28.051578369740486352
-44.433516002452527971 -28.632167987467614267
-43.099179083437924476 -29.173883576966115783
-41.883871884798814733 -29.071471740558028074
-40.636816317845237734 -28.765343851756817628
-39.330431196622633649 -28.321057185926026278
-38.019352534185436809 -27.832517816592634574
-36.758767529225508497 -27.228508904726894002
-35.583199139936837696 -26.562324126074344122
-34.513711015885903066 -25.859559271178429896
-33.482719069446893911 -25.082885042035542256
-32.470923544329963306 -24.210926488539051604
-31.547700030565906104 -23.3029403005572604
-30.892552796474479493 -22.581048959066322368
-31.055944584916947093 -21.448709565501157925
-31.153696979057315275 -20.351336223813952131
-30.147305317851742501 -20.069788556161405779
-28.966641327738742007 -19.944460476580943009
-28.600631669731885864 -19.321339786270264938
-28.429462511871687269 -18.47739061529272675
-28.745735607513839938 -17.269368102987563418
