-43.365693249890384209 -4.2345767021179199219
-43.369436547278368721 -4.0818870501528108363
-43.389188171597673715 -3.9299845684099299348
-25.362949646823601313 2.088111618769515232
-26.747003553718752045 3.8130115515807005977
-27.359896176756222985 5.8472791436363085182
-29.311660933873728396 7.0344743741999327113
-29.73738622195909187 9.347835239001287988
-30.73332456696980941 11.412684162287721534
-33.060474248384693396 11.954028048517081118
-34.446201634752696918 13.737150436208967363
-37.59388787724780201 12.000435891663062904
-39.709084131701168019 11.501920642092906988
-41.127777099302001318 13.146244678108455872
-43.128667782823619348 11.878149344067900017
-44.82218170166015625 14.061022247502005911
-46.494392212420379451 11.675460736453992183
-47.847155082204700705 9.9968005511357365123
-49.984949282989816766 11.654789229348851975
-52.053347281462002627 12.006885959417264331
-54.993506162285285654 13.382673528398409957
-56.20819340307716061 11.436927103990916166
-57.881876874054299265 10.269686088194248441
-59.937439651681835073 9.3752637726658942796
-60.904382708049595863 7.449825687558810472
-63.969012454267598855 6.8198518419316762618
-62.754161833759177114 3.7492556836819739274
-63.569983940544133816 1.8569546497022182407
-62.133981186468702163 -0.55483994057498486896
-63.659077838584934739 -2.2547395429519347942
-64.760654316585004153 -4.2345767021179199219
-66.159676949490588527 -6.4772371091356211181
-65.709862979674852568 -8.6743901479173040059
-64.723346385997558627 -10.700859048046627464
-62.870847720754994725 -12.270359817292550986
-63.455244866880214261 -14.99238086074335996
-61.162300004547596188 -16.106366003928656028
-60.434810313380879165 -18.292249764383534227
-58.498874370918848342 -19.424084723452402557
-56.835889942038726019 -20.77003084987212489
-55.145053100501066012 -22.114311908952409169
-52.904790180777332864 -22.388413862894200435
-50.481519275807542613 -21.652237524806448477
-49.349756249941719943 -25.535141683579361427
-46.848588429462118654 -23.514519109621591753
-44.82218170166015625 -24.704436677968683256
-42.792486611388618201 -23.545805740364802006
-40.524960544395213446 -24.451414111183705558
-38.673884627384836676 -23.157089376999095975
-36.626689723858547154 -22.641954370089436566
-34.510156923888132496 -22.095525012835281586
-32.162891501092218505 -21.658598366889858511
-30.65623879043550204 -19.967449993623677784
-29.157991112227076513 -18.33867637473536405
-30.30037290898605562 -14.785285745316466333
-26.486725092810512905 -14.820557633324057178
-27.880235862257755741 -11.777616291328543596
-25.671334519559316334 -10.457065415207736692
-43.103325740653502862 -4.5999307219061256191
-43.070248311629626414 -4.4187122803889922196
