-6.185779471550429065 -7.3125305382517513664
-6.620945614291027681 -5.7720380050555730733
-7.8129944675820457434 -4.6244408955914373394
-7.5819357574018191315 -3.2405079562968319706
-7.1450844842102831933 -1.7774647955297648849
-7.9341322333278689882 -0.51911969706441063455
-9.5245682176328809732 -0.53930217415547287985
-11.266226378306971156 -1.032099776422175319
-13.008280667799311914 -1.5261354012826582327
-14.750454950568915535 -2.0199621803526044417
-16.513472065598229221 -2.4775124456063846168
-18.295350707895313036 -2.7740476560763736025
-19.814835303745805817 -2.234890113727718397
-21.318991153658799931 -2.1092488419496948637
-22.458434331025475927 -1.9806157712799883353
-23.701301027100473817 -2.8121622031883077852
-24.588145759596020667 -2.624638444269919102
-24.796359091849765832 -0.8916101480999346629
-24.98448766518703934 0.92148462110264395264
-25.158520883966460246 2.7309321661112844204
-25.319374766942654986 4.5386224721114230007
-25.479805621945033067 6.3462563745667726067
-25.640236476947411148 8.1538902770221231009
-25.800667331949792782 9.9615241794774718187
-25.961749993055061481 11.767070470669088067
-26.359459866103268411 11.838074615743487072
-27.424473920262624205 11.724830013121120942
-28.589991835865710357 10.302419948471204236
-29.845494637920992886 9.2757054582265450193
-31.420050045537575301 9.6715009150279573902
-33.161596818507945272 9.7936924279054125009
-34.955399242979339647 9.7721004630272751967
-36.196567579863085484 9.1037217156828802445
-37.307952059359649866 8.1768128977886203046
-38.460516163442385107 6.8550374691718278797
-40.045144977257336905 5.9587922123027841081
-41.322724272794999933 4.8107249796145232779
-42.35674388070614782 3.4885353944764929679
-43.079126219856043178 2.4078184096500443445
-43.631881785503523474 1.4630058264452543426
-44.132819075685418397 0.4879046788897039022
-43.058096496069531156 -0.59731000346731788486
-41.42626493925317277 -1.3533700406176516484
-39.781025674257108449 -2.0967192570789681128
-38.135786409261029917 -2.8400684735402856873
-36.490547144264951385 -3.5834176900016014855
-34.845307879268865747 -4.3267669064629181719
-33.200068614272794321 -5.0701161229242366346
-31.554829349276726447 -5.8134653393855542092
-29.90959008428065502 -6.5568145558468708956
-28.270369925200967032 -7.3036405659528282897
-27.491161000262923864 -8.1248702711168618862
-28.856430816776757808 -8.6535632227819778706
-30.615724739511549046 -9.0365103818056091711
-32.375018662246340284 -9.4194575408292440244
-34.134312584981131522 -9.8024046998528735486
-35.89360650771592276 -10.185351858876504849
-37.652900430450713998 -10.56829901790013615
-39.41219435318549813 -10.95124617692376745
-41.171488275920289368 -11.334193335947396974
-42.930782198655080606 -11.717140494971030051
-44.690076121389871844 -12.100087653994663128
-45.641317825238509442 -12.415519494458216343
-45.381835238988159631 -13.468884914039065848
-44.889863783775751926 -15.009518644485343231
-44.291419328451425486 -16.469556535649704898
-43.648964824753278435 -17.7522815182790481
-42.934444396632528651 -18.957275097406444786
-42.024588952524098318 -20.259136751296487944
-40.981967069402244874 -21.520795507517867406
-39.8016142447607848 -22.728867734230764341
-38.451013325973235624 -23.890263316446837649
-36.989434996294207281 -24.93532732587573264
-35.494320153187430833 -25.816183383454060163
-33.8506212146295411 -26.142386329745370688
-32.210235459800536262 -25.888124413119740552
-31.3503318539592577 -26.989145174456741216
-30.581954953987260382 -27.651392827746576586
-29.630230662880435943 -27.846068930100553729
-28.382937767162434994 -27.849289138748698491
-26.88562620116114843 -28.120537437012963267
-26.033662279209586643 -27.627739312924738613
-25.829858610388200191 -25.882570405594371721
-25.653531678363169277 -24.084192606592111474
-25.477204746338134811 -22.285814807589858333
-25.300877814313103897 -20.487437008587598086
-25.042022032792900177 -18.781929537583589962
-23.900065813591126584 -17.90989880481022567
-22.228428696658621533 -17.622379485931062959
-20.457212717347708519 -18.04576719229273607
-18.731395270824204857 -18.530847272087427768
-16.944859638940226176 -18.429171701901225333
-15.088262203193364641 -18.287246714535644543
-13.251274271456010112 -18.466241393985605157
-11.429488301640869707 -18.679161079161833214
-9.620435096743218395 -18.729041495676572282
-8.7778416725344747817 -18.158678334040409652
-8.5012465188572896579 -17.132993138037932113
-8.6767709072620995414 -15.649533805105521722
-7.5028271278634024455 -14.557875052766519275
