-16.226210043500351787 9.727096975801979184
0.5827526381214873652 11.831778771628124858
-1.7090154913069603992 13.496298194903335599
0.017752786352971838824 16.049836623934510271
-1.3663014209360220264 17.77473465239816619
-1.9791932043441136102 19.809003901784500101
-3.9309586946478898284 20.996197726515916315
-4.3566842060561885575 23.309559523460784192
-5.3526220727789759479 25.374408444845020227
-7.6797717528533322451 25.915752329859785164
-8.8541958601061647727 28.064860561917175374
-16.20320095443637598 17.000435921056688215
-17.240223311636903247 16.501920579109338405
-17.651947105096205348 18.146244695946016634
-18.689880219414817475 16.878149333233604779
-19.441478729248046875 18.985964264103571963
-20.171773864603828486 16.675460722088317311
-20.561576271811372152 14.996800365998410598
-21.692405848291222981 16.65478923696617386
-22.682629163483380097 17.006886010912115381
-24.438745957007377285 18.382673658896777624
-30.827490423534278818 25.398651390482761769
-32.50117765978402673 24.231410420428019847
-34.556736683295738999 23.336988049505592357
-35.523683538215088618 21.41154903187682379
-38.58830948185548948 20.781576600079869621
-37.373458849843586904 17.710978798737350814
-38.18928477860175974 15.818679659279970551
-36.753281987809401699 13.406884071428624594
-38.27837104974485527 11.706984516407079155
-39.379951344172894778 9.7271480560302734375
-40.778970152136380989 7.484486597865155133
-40.329163819992977835 5.2873336473023915261
-39.342647245136241452 3.2608657619713525833
-37.490144756424754746 1.6913631708684597754
-38.074541891534309457 -1.0306561970836085607
-35.781600852010356562 -2.1446429075841564327
-35.054107317047325409 -4.3305259864771130651
-33.118175249078035449 -5.4623608866774038262
-24.950313704628140243 2.1448861501317786349
-23.936948095495527156 1.9407704597159352033
-22.607091180600704661 2.6170697530418598475
-21.268722009964211139 4.1034692295099883808
-21.346996096511723806 0.76238749024812868527
-20.136918476951052526 3.1104942385988518794
-19.441478729248046875 2.0301385936377611685
-18.742752373663012833 3.079207623911490721
-17.766314615815687716 1.8461150918034103796
-17.125279650492934991 2.5986174139059690091
-16.162984661246241558 2.3635292571168564635
-14.956856993994197325 1.9595573233568526206
-6.7821890643636066898 -7.6968746051703398336
-5.2755363380327899847 -6.0057262280222580841
-3.7772891420761833814 -4.3769526242227012602
-4.9196705451509501472 -0.82356250926762442077
-1.1060221226669924022 -0.85883296851214119272
-2.4995336659415876568 2.1841068097794114067
-0.2906320839383553789 3.504659341865278499
-0.96966932582444798072 5.8008437408558108928
-1.2562733752667618603 7.8158053810280190277
