-15.275698111145779023 -6.1392602920532226563
-15.105088420436679542 -4.0346286153526182972
-19.838434183033783142 -2.8890826634490323066
-23.490719101138054725 -2.3576513028627750224
-33.633837620907044652 -5.4734297434862337894
-33.709373553825223269 -5.319455088139568133
-33.802845149291499638 -5.1755214149281654201
-33.908912290058118799 -5.0404020712629629131
-34.025210219889764574 -4.9130239376818236607
-24.99399551824494381 7.8108142989373394727
-24.542032405374488491 12.198453108753724905
-27.217005326840531865 11.632083956521874768
-29.273274056474640759 11.883790916379744829
-30.833719097266808262 14.069937348203968241
-33.104108808780274842 13.129327136783590646
-35.1293182373046875 14.109622444340384817
-37.001720184524636181 11.675460742901396571
-38.559142021129055422 9.9968004667133172347
-40.910955575008905782 11.654789237510698285
-43.04450476758042754 11.638534043388204964
-45.638926081360850162 12.063921329292952578
-46.51533368203233465 9.5322440427581884848
-48.189017179283460734 8.3650030157157022614
-50.244576191352379624 7.4705797014220944874
-51.211519243694127113 5.5451420976235077376
-54.276145074656682254 4.9151684261682149213
-53.061294563948109726 1.844571715361682962
-53.877124287460745222 -0.047728501283075708272
-52.441117725251686466 -2.4595234111651147479
-53.966210563052683824 -4.159422927963873029
-55.067787037532269778 -6.1392602920532226563
-56.466809663799296004 -8.3819212390697401815
-56.016999508752689962 -10.579074245583630187
-55.030486772644039206 -12.605541095736139567
-53.177980451533755968 -14.175043861983125382
-53.762377531204471381 -16.897064071915423256
-51.469436537953015431 -18.011050073782996606
-50.741946837064688225 -20.196933844439726613
-48.806014762345213853 -21.328768753232154154
-47.143030362106919995 -22.674712958636760618
-45.452185695741391669 -24.018997955650430498
-43.211930511855577208 -24.293097938243349176
-40.788659347094210261 -23.556921682249388539
-39.656892811426295964 -27.439823837510715521
-37.15572126773548689 -25.419203164062572853
-35.1293182373046875 -26.609120744741144193
-33.099626850417045887 -25.450489795437750473
-30.832095101970562467 -26.356096255575412357
-28.981021162302798899 -25.061773443535482642
-26.933824341588184836 -24.546638432157489973
-24.817291539761434649 -24.000210979784181831
-24.09641269833815258 -21.324753174934812705
-24.01904128853839282 -18.478472554718472054
-21.71064348109261033 -18.221488885682386893
-21.151134183684916934 -16.295005402803720784
-16.793857745775106594 -16.725240628672747079
-18.187370500617625169 -13.682300380705068932
-15.978469143745954284 -12.361747561984559596
-16.657511083940196528 -10.065564130314156088
-16.94411443584221999 -8.0506025168399979464
