-30.907713339417263398 -4.7070736885070800781
-30.737100787308225591 -2.602442253811841244
-33.028867700242997785 -0.93792257914763599302
-31.30209950403757091 1.6156153496260818869
-32.686155320481866227 3.340513856330490583
-33.299044116478455635 5.3747816639615511036
-35.250810827107528667 6.5619769614406209257
-35.676537978795039407 8.875337291074599122
-36.672474367947870633 10.940187125845705296
-38.999626012300709021 11.481531062127920961
-40.239540320627710912 13.517205430467690519
-43.322666805956465907 12.000435931554381597
-45.454979519823716316 11.624205532087522386
-46.966491522412461279 13.146244640592460229
-49.018156080351907633 11.878149352193869248
-50.761333465576171875 13.985964264103568411
-52.483203783624773564 11.675460728225974805
-53.886736774272655737 9.9968004675500417022
-56.66704399230007283 13.468845581860023231
-58.676516262295386639 13.070720133971001076
-61.27094528065300949 13.496107365748585494
-62.147345166993176235 10.96443011760175601
-63.82102863797031489 9.7971891018050882849
-65.876591423649870194 8.902765823659741784
-66.84353447059031339 6.9773282262254401331
-69.90816423995508444 6.3473543409960573314
-68.693313592745127494 3.2767579931101771251
-69.509139516943605486 1.3844583853821754715
-68.073136747850298889 -1.027336771389625536
-69.598225790011383651 -2.7272365503458666502
-70.699802265803754153 -4.7070736885070800781
-72.098824895677054769 -6.9497341243749968243
-71.64901855632109573 -9.1468880972349619896
-70.662501994431806907 -11.173354988981998304
-68.809999488981333116 -12.742857747674875668
-69.39439663079622278 -15.464877847132520117
-67.101451763985380694 -16.578863950155898976
-66.373962053375450409 -18.764747731014466581
-64.438026124413795515 -19.896582672899057798
-62.775041696001686375 -21.242528797166915666
-61.084204824417859925 -22.586811779458081162
-51.432964568460640464 -6.2155821872941814377
-51.271604031341389884 -6.2775258978418078115
-51.104652316322749073 -6.3222635604641546081
-50.933938553340894373 -6.3493019428701558127
-50.761333465576171875 -25.176936525380792631
-48.731638372417684479 -24.018303680124848398
-46.464112314793844405 -24.92391205262510212
-44.61303639275398325 -23.629585410186091821
-42.565841495714998644 -23.114454221036851322
-40.449308726459626939 -22.568024882565140388
-38.102043299865862025 -22.131096332278875849
-36.595388613104077535 -20.439947903164533471
-35.097142901709709406 -18.811174343193442837
-36.2395227866150762 -15.257783714368807537
-32.425872986145733989 -15.293054522920092708
-33.819387600398925997 -12.250114173500760373
-31.610484372973150613 -10.929561438216959246
-32.289521549928053901 -8.6333780322467710278
-32.576126810020426205 -6.6184155023881183766
