75.78399135164703182 10.614013464840706291
75.526269252258089182 12.041840629558663522
74.420945534398299515 13.075197069913942371
74.079881244137808949 14.20469577105255965
74.832537740426644746 15.543463248201103255
74.629722717907327478 16.803652354781995371
73.878743287271660733 18.161654760665346231
73.281085214342112977 19.616817815041859063
72.162639668969390527 20.690995268395859341
71.282115932863362673 21.91238782015276243
70.679206585446635813 23.308348263689460111
69.634016983527729394 24.376383537609640939
68.550069077699433251 25.332274243516973655
67.373421924409271355 26.22605232043163781
66.208952950389459602 26.985491614220823209
65.12918949359723797 27.592544281808837781
63.723266479794098416 27.731424970847296407
62.152346285594056496 27.949713374736866456
60.979907517527450977 28.938432681740575703
59.812325400850127721 29.471786063927471133
58.443393515488999412 29.454254062730662156
57.186616381413529098 29.820475181756794569
56.101495676090351594 29.862388728035607954
55.084883766533415894 29.84819022046731618
54.161238403088233895 29.084108557514674942
53.959215310956707867 27.577001195644928799
54.061617169040857789 25.975505818819112136
54.166360757511284874 24.373284380339789834
54.271104345981711958 22.77106294186046398
54.375847934452153254 21.168841503381141678
54.480591522922580339 19.566620064901808718
54.585335111392993213 17.96439862642247931
54.686264949812979808 16.366788340488565012
54.330990549642429244 15.256709363744684893
53.137160863722371573 15.313934898578942523
52.646303822340847489 14.915682186609677373
52.108244762503332481 14.08137495630577618
50.663626232976248787 14.047506011716134111
49.245625969133079991 14.431275037332328637
47.820086949716191782 15.166848164039389957
46.394285759526773916 15.905968645544213302
44.968484569337334733 16.645089127049040201
43.54268337914789555 17.384209608553867099
42.116882188958470579 18.123330090058693997
40.691080998769045607 18.862450571563528001
39.26527980857961353 19.601571053068347794
38.577419356978168707 19.907782146999711159
38.412734954442868229 19.618700609550714375
37.99324811173951133 18.826727665959964497
37.69548651197686695 17.608108491194656153
37.391742552006604683 16.116122057425474878
37.865484718436931644 14.706670558745706501
38.165122421982054846 13.3666017181007728
37.474417905376448346 12.106155731244426121
37.811170699846783805 10.81000761705490909
38.515216524910805163 9.3926248182732443581
38.861554459085297708 7.8339773759190096669
39.287844752784693014 6.2885050324901987651
39.725003090105374781 4.9609626380414022506
40.995588945099356692 4.7606067113707695171
42.596491677384065611 4.9812459215029019077
44.198565746113075647 5.2033780221910719277
45.530600519487343547 5.1723814142794726223
45.977297103246222321 4.2533163623607306292
47.052005444059915362 3.701205196502586503
47.70237721191320901 2.8519402332563892344
48.727372771315486943 3.1675144229242175875
50.072891296692958463 4.0867096752993496978
51.454212480390154383 4.9504458280372283241
53.016589119651236217 5.4587282135283494711
54.337039826191194436 6.3332712756661297959
54.907658143012810115 6.6658039668958242174
54.785868455901344021 5.3047836877149006085
54.767496693154221532 4.4347343272249188928
55.251132063741088984 5.3213595977629601919
55.82400167658729373 5.2089521976389168145
56.542140921431318645 4.6039733241942562003
57.184607149138841464 3.2756789242985742128
57.782796515081571442 1.7805325817554276124
58.370063445857162776 0.27909262349973995576
58.957100361451743709 -1.2224798717896057099
59.54413727704631043 -2.7240523670789511534
60.131174192640884257 -4.2256248623682974852
60.718211108235436768 -5.7271973576576442611
61.305248023829989279 -7.2287698529469883724
61.983278450201723331 -8.5531640401862034651
63.239155858036482982 -8.7301405979253772216
64.696161172820879415 -8.0845936883162075048
66.072524116978343045 -7.3397148609544906606
67.311133630183931587 -6.5422560717403612784
68.489430126343904703 -5.654372663312233982
69.636550077821283367 -4.6465793840118436719
70.616456752591744817 -3.6497315281287452393
71.057701073515787016 -2.7517447756106836465
70.687486920390512068 -1.3064398771929472964
71.472155543235544428 -0.71461686049108397167
72.904876509310639676 -0.61937208933857412774
73.325138118627819495 0.096305684453980688886
73.350784062154019693 1.1654402360922078152
73.319040539854356098 2.4465851702953447244
