-11.764591030566579732 -7.5319574372591562295
-11.946107910180092659 -6.1661340023401756127
-12.949384527440349402 -5.1753417208994907384
-13.546112898108203737 -4.1674408354366914153
-12.916324681802175078 -2.9383271262095989051
-12.764676006723304269 -2.0918861114112790034
-14.008916207591981973 -2.089420999186426986
-15.504195712237786253 -2.2387381144994913384
-16.999475216883588757 -2.3880552298125556909
-18.495423184105408865 -2.520860113512889189
-19.996826366895188443 -2.5189113308352073517
-21.497065800168407179 -2.4869268896542346958
-22.97819335526864748 -2.6925319008993398029
-24.233337534252193279 -2.6355769072969725819
-24.54747353482539296 -1.4511771606854990679
-24.533037162433156908 0.0062555895300167403336
-24.829245771319712333 1.379905948755419276
-24.669365055436923484 2.8513315144699782344
-24.577379597924959853 4.3327644961606663898
-24.996638790945834074 5.7840553928266551509
-25.387908252028839939 7.2676069319498504129
-25.656122463125274891 8.7773886416290149981
-26.16101701155252357 10.193615479311892713
-27.078928744716467492 11.232090352214509466
-28.259486964568118594 11.473474286975672953
-29.571131185595852742 11.359098490987214802
-30.681075395439627584 11.742417099003883862
-31.666035095789833775 11.767069255694739383
-32.627347752464842756 11.744327392057485326
-33.613675766255923349 10.905837416094682268
-34.58942025779354168 9.7248356976381824524
-35.698287331704015912 9.1649224705074985309
-37.039610780310404436 9.6252796038008874291
-38.486445849327068913 9.7492608866412808766
-39.987264099077457047 9.6566286682789730378
-41.207399848991585145 9.3486187210263480551
-42.19714765735970019 8.7747027425099730635
-43.03849267155680991 7.7929712251457461392
-44.071653222466125044 6.7484237996953631011
-45.3930356812009137 5.9968171807648991134
-46.548515843868273123 5.1365652092432423359
-47.478075312541292874 4.0237207772153933405
-48.225457267794915595 2.9939695861441677494
-48.770577779930604834 2.1449715763958376868
-49.220927699370349728 1.3638911730156664248
-49.657040238984734515 0.51942697078427713109
-49.887308608871215654 -0.7237144772176345997
-50.158317387471683446 -2.1171489946585615449
-49.65624610143332518 -3.433089317819111308
-49.361248927950477139 -4.690304703672389941
-50.144779925028849732 -5.8795197613531371417
-51.007907004193533851 -7.1552557403896388522
-51.672237817449499175 -8.4843816774423199689
-51.618326426049570443 -9.7217566570173410412
-51.48213867966941848 -10.995257080687526496
-51.238175886193928932 -12.38454620612703927
-50.895310759577384374 -13.758708695826420865
-50.478787858153893353 -15.04271122024288232
-49.989018916501819945 -16.267444581408444293
-49.456007175876223414 -17.386822884042075543
-48.906429816309675118 -18.383648921599913706
-48.253204184111908148 -19.418811996150139976
-47.459701411071471 -20.513234743214646016
-46.587496823595216711 -21.558926434178264486
-45.621153543845650802 -22.567218456503400859
-44.529186858389607551 -23.554140234068320581
-43.346084722828130964 -24.473563554901716088
-42.106201779990016121 -25.296498051669299656
-40.858304238396627284 -25.999336388821035371
-39.473455013111191647 -26.231523383649822279
-38.051409677976785417 -25.929967784739115899
-37.135704132314948822 -26.480441920441805337
-36.613583074795265304 -27.61329885514682303
-35.892113965271725817 -27.783018337263555964
-35.052986122248768197 -27.945392971674191784
-34.000170194597444606 -27.912173021056609912
-32.729842188798208724 -28.088905479085344297
-31.41091716120268984 -28.231201226077732969
-30.079107052874864081 -27.8844526743172203
-28.69824143814479811 -27.937451941243150344
-27.402195054769919125 -27.771435630896085911
-26.094385801105744349 -27.438916050872684593
-25.406915557639170089 -26.244188937149885987
-25.155336309763132618 -24.75770252680250394
-24.947691966810857878 -23.255851243626661784
-24.804678583353620525 -21.745188626660976183
-24.545949813539476025 -20.270567661840470208
-23.778620644082426594 -19.048642244598980255
-22.430504668217828623 -18.434138328441942889
-21.055752399234922478 -18.095536847140838432
-20.53005408757006478 -17.073621411478672627
-19.76658894995114224 -16.580954413210100995
-18.362830607131172655 -16.959399999656209701
-16.918600823305634862 -17.392700555506067417
-15.504338411246918028 -17.787885137321826079
-14.71867729743989095 -17.383541787612738716
-14.5368775415439071 -16.070395059032783536
-13.588223899449328513 -15.087653440499858348
-12.799730511354965756 -14.08086061655862764
-13.039143163551734972 -12.657485811436567147
