-2.1060781042601557367 10.711348790881110915
-2.4490270201437560615 12.197092553325967756
-3.6187622477578957891 13.282615051455813671
-3.674811295049405846 14.539115554706668831
-2.9564297060410353879 15.963042703688271828
-3.4471043419227775928 17.333712364650153859
-4.2005316824213476679 18.833737601909845694
-5.0675055941322151298 20.215429146714928521
-6.2979795933085087611 21.321011837378193832
-6.8469615101964356185 22.885081162935343002
-7.8809286845933801402 24.058187037884124493
-8.6163154582997876219 24.75679862918239138
-9.6149504010432984558 23.976672270638349715
-10.860153413232348285 22.806853836716836526
-12.105356425421394562 21.637035402795305572
-13.350559437610444391 20.467216968873785277
-14.595762449799492444 19.297398534952272087
-15.83235499477708963 18.187221500322745982
-16.938713266084228337 18.0506896996948214
-18.159952950956181894 17.596736318359749163
-19.490504279392457221 16.905166446518673951
-20.300449200802372474 17.562075881731463056
-21.147146599650302079 17.397422413498876637
-21.816105457645047494 18.241569960666492278
-22.343809347514891783 17.893528388163975507
-22.808219971656352953 16.288514671677646106
-23.385094216167839676 15.607894874421944564
-24.276472077633144409 16.836417755587259393
-25.087071445847012541 18.345653621641353936
-25.871861473817176602 19.858532201253382254
-26.656651501787337111 21.371410780865403467
-27.441441529757497619 22.884289360477431785
-28.226231557727661681 24.39716794008945655
-29.011021585697818637 25.910046519701477763
-29.888777744610901976 27.296999918328641144
-31.207838460745733755 27.676328315092977306
-32.345383588724160973 27.040107053086966715
-33.340700820581147923 26.02805511266953431
-34.502763179725491227 24.839381294673774647
-36.010563763781306079 24.00889014254117626
-37.210888423955822191 22.920191774145955321
-38.203609457590651743 21.662102518413462349
-38.912490339283650087 20.617905847555487497
-39.450619794741079716 19.717355710364653731
-39.942951754096156947 18.785456950419025191
-40.241372501607223455 17.421206190275444925
-40.470509994493497175 15.849221554001523771
-39.837304149844314338 14.37036031328414154
-39.946516847815324525 12.977836420761409641
-40.972854468937420336 11.599907319453555132
-41.865315728311813359 10.099960565859644746
-41.980151233930975252 8.6641996071889693098
-41.839473990308704288 7.2374852742667972194
-41.563688177470559992 5.6683020640808337021
-41.162525290846438963 4.1215931054742682704
-40.670547046247257583 2.6923924287137044331
-40.086330632541894659 1.3344673774446995651
-39.477860300839083152 0.15544867766903713857
-38.786711312727582879 -0.98962997278200681706
-37.916827576522344145 -2.2230845259401732505
-36.932344803487772822 -3.4143965758819696532
-35.827271250462786156 -4.5563041992875863428
-34.566372939828340805 -5.6624363013798522104
-33.199015735650853287 -6.6713148040383316584
-31.788875328716411417 -7.5393061457851864304
-30.425256672367741118 -8.002248552771508372
-29.429036023654759902 -6.8985976815818395025
-28.66514569837373827 -5.3790744911025134556
-27.901960472708619676 -3.8582891691534162426
-27.13877524704347266 -2.3375038472043203619
-26.375590021378336303 -0.81671852525522348198
-25.612404795713207051 0.70406679669387284282
-24.849219570048070693 2.2248521186429686125
-24.151728289160899976 3.4770002838032647574
-23.931998026450134631 2.7754773460753363601
-23.873691383754849227 1.3982329414403078527
-23.298825037261199355 2.0131415951245510421
-22.422124031767836527 2.5779781559350811726
-21.406739280553196636 2.5933984871375641568
-20.296886252810377727 2.2907001411381773259
-18.924667243896706736 2.3491154493841897022
-17.256343143924134154 1.8699446807544521931
-15.627853852152561842 1.4493422288396389241
-14.083027059757895927 1.2015765235125890342
-12.674295926964278536 0.29095965972483256445
-11.279111378444028446 -0.69878286388005228513
-9.8839268299237748039 -1.6885253874849368572
-8.488742281403528267 -2.6782679110898217623
-7.2164901078551295655 -3.5371327462766757321
-6.8787526181752109977 -3.155761152120481583
-7.1125894085074818918 -1.8015588328256619821
-6.8476234892676330901 -0.75251561884570061789
-5.2898516912873594364 -0.65873249211292761451
-4.6588636092031450175 -0.018724297017158164635
-4.4421437581750318202 0.98542614662798089231
-4.6255493269490326469 2.3917905383656754559
-3.5027828867026502557 3.4143156732250146135
-3.2118190749049126964 4.796046248778111476
-3.6008360777981085477 6.4902750677581551031
-3.5297752804113255998 8.1025284212207377976
