-10.165395186035915742 -8.6631069183349609375
-9.9947816808928919841 -6.5584747622916701459
-12.28654952735003647 -4.8939554835379563968
-10.559776578089600463 -2.3404178931128036822
-16.372180931798990144 -2.5871447199557424668
-19.202419749786926673 -2.4181441573606878848
-22.206041545326669961 -2.9866532688046518729
-22.952289089465139682 -2.3002007755525575305
-23.763481696481900229 -1.7156355417405926289
-24.993995518525743194 -1.746764145339549934
-24.412716185255543877 1.0472835852415176561
-25.222420254474197776 2.1102166656407774781
-25.324295723999863839 5.7857413054860575841
-25.723417246399087333 11.546090747549712319
-27.993801174278249988 10.605480516700840354
-30.019012451171875 12.822857345768607473
-32.022922114606423349 10.402791920935484882
-33.645174666710595091 8.3966465908343295155
-35.924726645499220012 9.5128128766629664881
-37.934195252672992638 9.1146873788512401404
-40.52862425572642735 9.5400746188329108577
-41.405024159719658883 7.0083973594302193533
-43.078711393150648234 5.8411563894339639802
-45.134270405219567124 4.9467330751403562061
-46.101217264264832352 3.0212954823442217389
-49.16584319289357552 2.3913218829878672977
-47.950992582860060054 -0.67927459121695399347
-48.766822312002197748 -2.571574828335928764
-47.330815743210081337 -4.9833696299214036429
-48.855904779545468841 -6.6832691023893389115
-49.957485066096722903 -8.6631069183349609375
-51.356503877666483504 -10.905767865351478463
-50.906697561616880421 -13.10291980386978139
-49.92018480509456424 -15.129388663732115106
-48.067678468111552093 -16.698889561513009738
-48.652075600745043005 -19.420911580898764015
-46.359134584010213587 -20.534895722313709854
-45.631641074853320106 -22.720779490479685592
-43.695708986633476911 -23.852614416456393798
-42.032720696526972404 -25.198560585636350595
-40.341883856679316978 -26.542841644483363694
-38.101620929153781958 -26.816943602779534928
-35.678353584588634817 -26.080769254528487266
-34.54658700806678695 -29.963671421128420747
-32.045419183538179198 -27.943050755870373791
-30.019012451171875 -29.132966417348566068
-27.989319208983602039 -27.974337380864270131
-25.721793259010880206 -28.879943862839855484
-25.032042749965079054 -24.011415628744749995
-24.939239318746636798 -20.072465846401200906
-24.514614471463151091 -18.197005539464147006
-22.695045373260352761 -18.743681221340992238
-21.278910054509942995 -18.369976972227263445
-19.403352413937270171 -18.221488845398749135
-19.514602492055182381 -16.295005593025578605
-11.683555854421374676 -19.249088347334584626
-13.077067566855511416 -16.206146033879210933
-10.86816145093381536 -14.885595144000529189
-11.547203405875055893 -12.589409875449602438
-11.833807696928413833 -10.574449151621140075
