-5.5869039750984157422 -7.5704860687255859375
-5.4162899924163241394 -5.4658548730348268663
-7.7080583300231459987 -3.801335285151427712
-5.9812901411696550724 -1.2477977413826470965
-7.3653445231163239271 0.47710147041778760979
-16.516399838219079754 -2.4181441817945730222
-19.131416460870006802 -2.9866533640473704736
-19.587274020082237058 -2.3002008193947460768
-20.168789367033760129 -1.7156356310818630106
-21.750591127931524937 -2.4917355414524697821
-21.925791055912561944 -1.482794541450367376
-23.405416912174800359 -2.9995641638208283553
-24.117312787828954157 -3.4980791188973263672
-24.225388977299548543 -1.8537554288041873107
-24.945173250088146233 -2.8575622267936413579
-25.440521240234375 13.915478195377982473
-27.444430899559161929 11.495411817302496615
-29.066683430956373968 9.4892664920443436927
-31.346237265249897064 10.60543375118083631
-33.355704041735492638 10.20730822846061514
-35.95013304478892735 10.632695468442285858
-36.826532934520606943 8.1010172657269041707
-38.500220165048958165 6.9337758239865703302
-26.389246982922529128 -6.7162495353544100496
-26.470810608000068243 -6.8219372712364210187
-26.540687767373153605 -6.9353046207860096217
-26.598166878738563668 -7.0550690395279884726
-26.64267934822292716 -7.1798812264768967495
-42.75232451553415558 -3.8907494168196326001
-44.277413563356780912 -5.590649156492508709
-45.378993855159222903 -7.5704860687255859375
-46.778012666728983504 -9.8131470157421034628
-46.328206324412612105 -12.010300985184487743
-45.341689762606293357 -14.036767865992505477
-43.489187265794711834 -15.60627059988996379
-44.073584389807543005 -18.328290731289389015
-41.780643364116244243 -19.442276792380496886
-41.053149816072931344 -21.628160601353858539
-39.117217754853825795 -22.75999549296201252
-37.454229465683361866 -24.105941657838240388
-35.763392619075673906 -25.450222717618331103
-33.523129718216281958 -25.724322753170159928
-31.099864088310926746 -24.988146560178886801
-29.968095762675904581 -28.871052486190968978
-27.46692797260068275 -26.850429906260998791
-25.440521240234375 -28.040347475087823881
-24.457762228057433163 -16.920792393437380952
-23.190947372122824532 -18.153884850845429355
-22.246266625141444706 -17.401382597847010913
-20.958858324382049432 -17.63647075230775485
-19.395689351812499979 -18.040442719827957774
-17.32272161775578212 -18.743681391616100029
-15.716615909647789096 -18.369976847508265649
-9.7763326425404226683 -21.674587265579635442
-10.918713297733772194 -18.121196399978934721
-7.1050646434838746757 -18.156467497725209626
-8.4985767754676153629 -15.113526962948519383
-6.2896750114732000725 -13.79297430394828794
-6.9687121733023538184 -11.496790831403222555
-7.2553160096004170043 -9.4818283062614678869
