-7.9962743974616969922 -8.7219419479370117188
-7.8256604151130382263 -6.6173102722367023176
-10.11742874784955859 -4.9527909472885713882
-8.390654830515796192 -2.3992534159415086492
-9.7747144685384874663 -0.67435417060855584737
-16.931395050228715604 -2.4181441497028037801
-19.955944189123144383 -2.9866533808741593248
-20.717826365407255196 -2.3002007600270530929
-21.541386248254042357 -1.7156355045772349044
-23.323385093394257694 -2.4917355378986272285
-23.67036636145764561 -1.4827946540008953846
-25.14592031910056491 -2.6487223605465661791
-25.3242955710014499 -0.9489546183807107127
-24.862636571337958458 5.332000408949244985
-25.824680385704031238 10.546645487098789573
-27.84989166259765625 12.764022316166556692
-29.853801326032204599 10.3439568913334341
-31.476053853319655218 8.3378106128329179114
-33.755609505847104401 9.4539769472502293013
-35.76507445453496814 9.0558513998329530637
-38.359503488196786236 9.4812386234064476298
-39.23590336401466061 6.9495618581718243689
-40.909590598855032795 5.7823208881463248332
-42.965149616645348374 4.8878980455383054249
-43.932096475002964553 2.9624602152700649782
-46.996722426090833835 2.332486338839355966
-45.781871791409969319 -0.73811003159220867076
-46.597701521414258252 -2.6304103285775406462
-45.161694943476909714 -5.0422050838618570623
-46.686783988345652574 -6.7421045838476620915
-47.788364277522504153 -8.7219419479370117188
-49.187383081879708868 -10.964603917250730802
-48.73757675990927396 -13.161755848933873736
-47.751064003552905035 -15.188224686918163187
-45.898557683847663213 -16.757725535108225046
-46.482954843464604267 -19.479745602624085166
-44.190013790957756612 -20.593731711753839875
-43.462520214514768213 -22.779617460807052964
-41.526588187638182603 -23.911450409115943216
-39.863599897999698385 -25.257396576144035549
-38.172763028105876515 -26.601679558201929865
-35.932500147391166934 -26.875781490371814186
-33.509236248961236981 -26.13960154064746888
-32.377466202265878792 -30.02250740806643492
-29.876298391921068287 -28.001884832117930557
-27.84989166259765625 -10.24571582540728798
-27.690360647333882582 -10.239777249318930075
-27.532070971093059342 -10.217171924644897985
-27.376759919652457143 -10.178092565812557169
-27.227142623380366615 -10.120659897444930664
-22.469854770131114208 -18.040442762598249971
-20.568672206482503384 -18.743681311605026707
-19.162761923286879551 -18.369976849567084543
-17.299579471394729069 -18.221489039226032247
-17.426461965978482738 -16.295005540164517299
-9.5144350416488698841 -19.307922381349662544
-10.907946752506443744 -16.264981959264314781
-8.6990397099756471277 -14.944431131248235189
-9.3780826064832361055 -12.648245807833150778
-9.6646864234642926306 -10.633285058280787183
