-3.2469090677192653516 9.9838962554931640625
-3.0762950846686969442 12.088526970840941743
-5.3680631825815687819 13.753047269752213921
-3.6412899776105227545 16.306584787488667132
-5.0253491367940306134 18.031484743580733721
-5.6382408069754923474 20.065752099557261801
-7.590006540083599873 21.252945930672208164
-8.015732286500524495 23.566307722923674817
-15.626747418880970741 18.284364216220055255
-17.633750765537293148 17.508264458659851925
-18.173814675031326971 18.517205246259223372
-19.976561181306532688 17.000435909698804693
-20.982689836258686 16.501920758374524212
-21.365566149450259559 18.146244656022886943
-22.375909972534206105 16.878149366752943195
-23.100526809692382813 18.985964264103571963
-23.803835067245696422 16.67546070127742297
-24.166049873845139473 14.996800262266738457
-29.006242822253653912 28.159815125771899602
-31.015709611193496897 27.76169055267936514
-33.610136655042317955 28.187076868925782236
-34.486536664411808317 25.655401448047918223
-36.160223858296745902 24.488158597005327266
-38.215782841891289934 23.593736265072525526
-39.182729715307665685 21.668297225838486497
-42.247359519927528027 21.038324712456862642
-41.03250504193947279 17.967728862873769913
-41.848334763777543799 16.075427866797749488
-40.41232819271063903 13.663633074932500122
-41.937421036433974564 11.963732726372352744
-43.038997517268597903 9.9838962554931640625
-44.438020145051766008 7.7412353229017583089
-43.988209994072200004 5.5440823282295310648
-43.001697257565268728 3.5176152293491282919
-41.149190928509497667 1.9481124409443140166
-41.733591910266966352 -0.77390810235645091097
-39.440647023636813628 -1.8878936372598982274
-38.713153441084728001 -4.0737780799175578039
-36.777221409447264477 -5.2056117449991692325
-35.114233105370850296 -6.5515588730727785105
-33.42339622833138435 -7.8958409007518142175
-31.18313528994482553 -8.1699413816148194201
-28.759869657768934559 -7.4337642359601368014
-25.060614812182201661 0.76238738046127707548
-23.822948235827432484 3.1104942727232653965
-23.100526809692382813 2.0301385936377611685
-22.374811752123175523 3.0792075943592651655
-21.370787605306230006 1.8461151182716122321
-20.700900360329182348 2.5986173948685449275
-19.707719593693976634 2.3635292670838579099
-18.46767268046866306 1.959557285221649181
-16.759571125239972389 1.2563186713257330496
-15.578667007028190739 1.6300230739327794538
-7.4363372289121709713 -4.1202046702770420694
-8.5787184479156568528 -0.56681332052113297948
-4.7650697233060199665 -0.60208492223310372538
-6.1585814220581518441 2.4408560073326723838
-3.9496748537253765221 3.7614087514068348383
-4.628717040046737452 6.0575923874838251137
-4.9153211026679279883 8.0725540137075810776
