-30.940394303940305321 -6.6795600511101662633
-31.198117357838611952 -5.2517324773495523971
-32.303437730517984505 -4.2183763568528762633
-32.644501766414485644 -3.0888779216077169032
-31.88983286452044652 -1.7492125134735365677
-32.095463747356177464 -0.48776411989430101812
-32.787644021765672164 0.89390486189142470685
-33.426399924617740567 2.3307698399222842589
-34.561620384367273573 3.3974792326641085616
-35.442272173248746014 4.6188148348416850908
-36.045182172538048349 6.0147751071405455292
-37.090373989551679301 7.0828123842545362976
-38.174321327228966538 8.0387022577377695853
-39.350965566210348356 8.9324780198909294882
-40.515433126767533167 9.6919165230429378255
-41.595196905529519427 10.298969525596952224
-43.001121828962602933 10.437850867205762384
-44.572044122650545717 10.656139603708142616
-45.744480565131539151 11.644858333607620793
-46.91205861749319439 12.178211382898503246
-48.283178375431575091 12.160800971019208205
-49.562488658214377324 12.528513638088092819
-50.679979678568621182 12.569387342892461845
-51.73712360857873449 12.550530692264210586
-52.817378612147528827 11.670052055201907137
-53.868950744121960383 10.426718731462297995
-55.089857681819793811 10.010465969660131691
-56.546857879416890569 10.515516380153751896
-58.113898078394136348 10.501434238688164058
-59.709275685506504772 10.50189820595626955
-60.818323036558595618 9.9100267997406952247
-61.881764260435041081 9.2537713967578980601
-62.745406234959233416 7.9575728564529271125
-64.073643436874917256 7.0530130037989655634
-65.43850017458366608 6.2534600192763427629
-66.446910360630468517 5.0920410831412361574
-67.296380766920833594 3.9535306530781575418
-67.899370194831647041 3.0289362052195691888
-68.384689563589759587 2.1932399861800764285
-68.850929916295200428 1.2901049591982243214
-69.102242110707379652 -0.061893377303427192515
-69.301961720855885574 -1.5380599912293346776
-68.684330343942178843 -2.9293983901080959953
-68.70160251456970002 -4.2460038396528005933
-69.662241499770601649 -5.5291870275463654849
-70.518576253663340481 -6.9313984481762371814
-70.832530787140683515 -8.3118181509847346433
-70.73155455933937219 -9.6213909948072888767
-70.51786732918394307 -11.070354942385145947
-70.186043176866519389 -12.547902925956943676
-69.759675157511239263 -13.949020796589419291
-69.254460470680072603 -15.262428819715335493
-68.687482625683898618 -16.479461801753295447
-68.103769731309625968 -17.547973390473586619
-67.406843742228204519 -18.652024426128029688
-66.552966769395254687 -19.818545264147690688
-65.613092256140504333 -20.924677177548566931
-64.554563761991616389 -21.998310132892747504
-63.360370129220278557 -23.035651559134244337
-62.073172402415664806 -23.985384886983965202
-60.745775466040463186 -24.811269039574387563
-59.462689929044437065 -25.404403136324479107
-58.441227524979787233 -24.531479850211756144
-57.738740919694357956 -23.095843271320340762
-57.042971614623887433 -21.648356532833698651
-56.347202309553424016 -20.200869794347063646
-55.651433004482960598 -18.753383055860425088
-54.955663699412490075 -17.305896317373782978
-54.259894394342019552 -15.858409578887149749
-53.56412508927156324 -14.410922840400514744
-52.868137662414156352 -12.963830525201460731
-52.017142281078079691 -11.925107698115022359
-51.325128939536710959 -12.634519923180242529
-51.236961715062975031 -14.207646616745265078
-51.191836348479370145 -15.812579926920722784
-51.146710981895751047 -17.417513237096176937
-51.101585615312131949 -19.022446547271638195
-51.056460248728519957 -20.627379857447099454
-51.011334882144907965 -22.232313167622553607
-50.966209515561288868 -23.837246477798011313
-50.92108414897766977 -25.442179787973469018
-50.842237488610273033 -26.987632766377590343
-50.144557967449081559 -27.417357715748149616
-48.758320990734901557 -26.996474198773970699
-47.304754131569190179 -27.112788082655729482
-45.91898311384553466 -26.811964806639476677
-44.435393768745939269 -26.354248857103772963
-42.936745427996356739 -25.796935023995640535
-41.497433972009417857 -25.107326359388757453
-40.172355315701146594 -24.33979581361511535
-38.97070188664704915 -23.518225591707444977
-37.796786310913894624 -22.581168738512172212
-36.684681452847016203 -21.546794885452932533
-35.838723889274362477 -20.643576590635422718
-35.851181151994772733 -19.469484434562986053
-35.927738488868470768 -18.241323480053718953
-34.674252127917640109 -17.995897908686622202
-33.660862505940457368 -17.650698561531640962
-33.23457182334256288 -16.897011952685705438
-33.541059350898855485 -15.6007851559347408
