2.0474666499864104807 -8.7482322233678253554
1.7045178665180895639 -7.2624881131244229948
0.53478265343396602649 -6.1769660609782439664
0.47873356722662707696 -4.9204657327637137954
1.1971155778161772787 -3.4965383696865721674
0.7064410237380904789 -2.1258689754934900762
-0.046986842056516479882 -0.62584399255852685151
-0.91396079096799287544 0.75584817111630997477
-2.1444348771962009614 1.8614314814969703527
-2.693416811712523451 3.4255003216202375427
-3.7374981263422295541 4.6087076228624788143
-4.8761613908535323958 5.6602600318647446898
-6.1015645056252889589 6.6268297928941919395
-7.3535599234912449873 7.4671547196666345769
-8.5066143231791482293 8.1276472428979502638
-9.7922305028770058044 8.0183604504937395774
-10.724979515873204861 6.7027029461250888787
-11.496694287979922322 5.1815336631749531193
-12.268409060086638007 3.66036438022481736
-13.040123832193355469 2.1391950972746824888
-13.81183860430007293 0.61802581432454717358
-14.583553376406792168 -0.90314346862558769757
-15.352585559775093316 -2.4034806224147930998
-15.9828193916760668 -2.8000487184634108573
-16.640243669605421672 -2.4598439721628486687
-17.418684254655591559 -2.2691903047224251111
-17.941358450737798336 -1.6358679372320228396
-18.398073593769282752 -2.9429400237283305231
-18.809516462133114345 -4.3463510769278368429
-19.591402927950401391 -3.8995679231677580212
-20.904931097059417766 -2.8148712847544139493
-22.145651960490180699 -2.0951804885773017695
-22.953542144469732733 -2.7072849632934170572
-24.343551198303917005 -2.4516973963541905945
-25.722704020285920734 -1.4622912105063565757
-27.078618005334391228 -0.43021201556809240962
-28.434531990382854616 0.60186717937017186753
-29.79044597543132511 1.6339463743084359226
-31.146359960479792051 2.6660255692467007549
-32.472421427766818169 3.5631640792024481534
-33.439256631543230469 3.0008531892556984388
-34.330964386749236894 1.8055442674337136566
-34.961929521889757666 0.83109673973587483431
-35.470123998475436622 -0.056429781812553869713
-35.974994631260067024 -1.0593067539399854127
-36.225506815278002648 -2.6015263674768256408
-36.15605969271456388 -4.1406928251519632411
-35.540339282623712336 -5.5939547846932322628
-36.141790837752786558 -6.9557149476946094069
-37.146194352224910062 -8.3820640901363425712
-37.862735786840765684 -9.8845062371960352721
-37.790226868985072883 -11.281911216943722565
-37.604337643710366024 -12.769471456749542426
-37.281732966705284582 -14.344642051851913322
-36.844656089656481868 -15.855761070430645532
-36.319606559215422692 -17.257773445837944593
-35.718949580721556458 -18.561740927952399716
-35.097576852811570802 -19.699227483053498133
-34.346240558854425728 -20.878301130860862145
-33.423928191599891591 -22.114797513541446961
-32.407732500317152358 -23.277937331798373322
-31.444096183308360537 -24.231605748474919437
-30.268797368694336569 -23.59000190010890563
-28.995324342017958941 -22.443024281132139208
-27.721851315341588418 -21.296046662155369233
-26.448378288665217895 -20.149069043178606364
-25.174905261988836713 -19.002091424201836389
-23.821474038397859374 -18.102155538042026706
-22.224517540155339645 -17.72149686604294061
-20.803745665824333599 -16.792461130669831704
-20.008240974886632557 -16.600605601634256914
-19.91778365917867788 -18.090707579713157571
-19.584263617134084257 -18.526128044467608191
-18.7688452931917098 -17.460593471085566364
-17.804338731974194587 -17.497812759272878935
-16.752928831370656582 -17.457517541329767852
-15.632049247328025032 -17.798443119289302672
-14.698692614294651904 -18.564433074598820639
-13.890926769357696102 -20.061920395911492676
-13.08469833916313263 -21.569558480303037129
-12.278469908968565605 -23.077196564694585135
-11.472241478774002132 -24.584834649086129588
-10.666013048579436884 -26.092472733477674041
-9.7846151324133767702 -27.438529416277553707
-8.5495198686208659922 -27.245243104478284124
-7.1469767599416975656 -26.432721030685563335
-5.8735265532771556707 -25.553431986773759377
-4.6303300304628578488 -24.541746563232027967
-3.4816924740617398726 -23.443654955948975527
-2.6795922100110729502 -22.562305948198311256
-3.0008864852840919646 -21.083773544866751593
-2.5518674374604879418 -20.170723042368937428
-0.93956160988068215811 -20.117574616618451699
-0.45252643185675722748 -19.385444963936983243
-0.36658564029305440446 -18.291684875361301721
-0.38625600576660590324 -16.93470810027218576
0.76579736868860581733 -15.915023940777974332
0.89812181492857201537 -14.468968237512115138
0.52129058821168516857 -12.769421071336475748
0.70077194580445922867 -11.187222233055068799
