6.4076543431482280155 -3.2379238891360633268
7.4698685552468422344 -1.9949653240504379159
8.7260392036724763187 -0.96595742483856539273
9.9076640239515239017 0.1354026158306974037
10.855812422092954606 1.4554652836269392768
10.947592572962872026 2.7249908093737555959
10.317360128809999864 4.0836910843756903944
9.6817313744003516973 5.5337994988562719811
8.6800260941418656557 6.6981252595226852264
7.6231906350802471906 7.8032627416193376391
7.1241691448122974606 9.2822041090119054019
6.1008606094286612631 10.367288453658252578
5.0274617644258814408 11.349393955921135202
3.8736896210655444861 12.259512259724086647
2.6899939555899088361 13.061335972917905934
1.5993954147073683458 13.697511469046840915
0.32584685353989423229 14.00740081988072383
-1.2774945547971485738 14.082080959192888159
-2.5648299999387877968 14.878381310119248582
-3.6768372481903561777 15.655456468767464884
-4.9966851862314340949 15.782948644898464607
-6.3215993916986041867 15.943276453384651603
-7.4405920347993070862 16.10647494679518843
-8.4556308751220932152 16.105434723596413704
-9.5115355674675470254 15.684160198059338143
-10.548141571933456362 14.415778048458147254
-11.669947792658055263 13.529720263840054884
-13.035188065961976989 13.853307844938424154
-14.046516888419041891 13.491931091208938298
-14.599926710792219708 12.030067562109170609
-15.109620855904751124 10.472321134995183911
-15.352321420657196072 8.9037826228448349042
-15.080951487762899177 7.3401732986119752056
-14.758846218596582744 5.7725407545349476379
-14.716065892294297512 4.1784197293294988995
-15.035271468823658836 2.6285710875964869437
-15.332624220421608996 1.4212529962902846759
-16.286383964255236378 1.0766507897177981512
-15.777771040769751565 0.21474302593673613715
-14.815778520712626687 -1.0149997823061258639
-13.906826605475199443 -2.1746079204862356349
-13.601599982365181418 -2.7427438688890886098
-14.989795903604200333 -2.7633906127722811519
-16.601315888787162578 -2.7150235589621747323
-18.212835873970135481 -2.6666565051520683127
-19.82279192764923792 -2.6540133399321717
-21.424386533252317122 -2.8323653933535046789
-23.022350583578568006 -3.093647902430681107
-24.620286706556530731 -3.3555683380898253532
-26.218222829534497009 -3.6174887737489700434
-27.69251745602316106 -4.0669983296274097029
-27.886100889684477977 -5.1756602463355703136
-27.754130749843039183 -6.5161954679138762714
-27.501778823950125741 -7.9927590703440056785
-27.136423799009943281 -9.4573273723302744287
-26.687618251218999887 -10.820309037922079654
-26.154763473897727266 -12.119927301195739133
-25.58533142910217606 -13.279361475113708124
-24.978742649943868059 -14.34031057684590138
-24.230432896508268925 -15.472858643934024769
-23.347836073330498152 -16.624037723557201218
-22.521680855015176803 -17.562880015575849768
-21.244893479740284192 -17.859067241742252463
-19.628148093404174546 -17.838767674240333605
-18.014860096365950426 -17.886133918444055979
-16.446273915082361583 -18.167331716549924181
-15.282117459980021579 -19.190610913262105441
-14.273472256415290715 -20.48271265292817489
-13.46569572668433068 -21.856565718319199476
-12.941504496092663956 -23.248921159089615429
-12.169749663257581673 -23.4325258305590296
-11.275284457875994093 -23.60543272034397333
-10.131115122884216007 -23.537019843488412363
-8.7642489631472049183 -23.841530978049174649
-7.3561016158345164939 -23.879426671093209933
-5.9253216950049507616 -23.460514786927696207
-4.4656958782142961439 -23.585692319671498041
-3.0843864506203342302 -23.292311972817284271
-1.6032433110459574088 -22.850042172468061352
-0.10433795767270304111 -22.294012377409067938
1.3394899021978226017 -21.611043095380882306
2.673531165997331982 -20.846826366993497004
3.8800928972725774457 -20.03001884416937628
5.0550253806953922009 -19.101103716424127299
6.1746512932110366734 -18.069480290678022527
7.0443257910429455393 -17.14809135135320517
7.1036244940788053626 -16.022924197791535761
6.9618815273012391032 -14.746598922915374885
8.1501847854536872973 -14.45300932353860901
9.2374747102307885882 -14.152069873153845236
9.6618479831440922112 -13.406551691693815442
9.4019040257290544815 -12.143589966927764934
9.81689312550165738 -10.997194538225439686
10.708191546443401876 -10.139745104973968637
9.8732100437546286287 -9.3101209051811704143
8.4808185371244135808 -8.4843460445122005353
7.0878500015046119742 -7.6585751686663376958
5.7466241766701688931 -6.7625441747728398667
4.8112174720438822817 -5.5733222483124240654
5.298347748029389237 -4.4381415263181844821
