-42.796261556289813655 -3.7660523633971600965
-41.207064560703983602 -3.2014781878566300755
-39.594190587434731299 -2.6630169500563636298
-37.981316614165464784 -2.1245557122560976282
-36.368442640896212481 -1.5860944744558309605
-34.755568667626953072 -1.0476332366555647369
-33.142694694357686558 -0.50917199885529818015
-31.529820721088434254 0.029289238944968241235
-29.916946747819164187 0.56775047674523460017
-28.304072774549908331 1.1062117145455010458
-26.696083831646795659 1.6461197124678004222
-25.941915596606811789 2.3635709017459021197
-26.550177990809068262 3.695076872959628389
-27.237078188563287995 5.2282970209794896732
-28.333927682867344089 6.4415201558916255209
-29.360555183210614416 7.6792372210675754474
-29.984937536194212981 9.1764704447064779913
-31.093638558530432903 10.30939466636413826
-32.251269058731089956 11.320877496453274347
-33.546134824751263181 12.283618321242023796
-34.777068923838115211 13.059807047551693415
-36.06501170232161968 12.843982956156793307
-37.6262570928129918 12.078080674114122672
-39.259468540329862662 11.740616437078337242
-40.595198814997601744 12.457990025580489402
-41.917204563541645257 12.604669777237809569
-43.274753626832740849 12.356448566064587524
-44.379675889243642928 13.383997080723423423
-45.397490022738196558 13.195996679893426062
-46.393288082468345124 11.844875993573300121
-47.473804533505180814 10.601598705954357271
-48.720742387227787162 10.696647130074099508
-50.14961298147740365 11.561735998706476281
-51.822212881829798903 12.025125812783565848
-53.431403847437437094 12.65210079135584742
-54.883505436407020284 12.988364385932687384
-55.964213219042861169 11.913041496219662463
-57.220469495870496246 10.748887153681369711
-58.723477044816121406 9.9072044387475912686
-59.950922919104066011 8.8467530917376677735
-60.955635669382559172 7.5853921248876048367
-61.680022237440901733 6.5270780252085263129
-62.224531248160765529 5.6223107508973555468
-62.716286868438608337 4.6985638587527454035
-63.026360586733289892 3.368614791573490308
-63.286082756147543193 1.7922411007076082257
-62.678204961748726021 0.30882133220827556741
-62.701148938566724667 -1.0898349788089758405
-63.718692908439891198 -2.4615130221860717086
-64.616918186397015234 -3.9581208889858641164
-64.788106417070167709 -5.4015601032765401257
-64.654375833265831375 -6.8199346901546746835
-64.386608017812477556 -8.3858684191436836386
-63.99206627710225348 -9.9368153295542569481
-63.505152707457050099 -11.372265011126138745
-62.925061213586403142 -12.736679581798982852
-62.317536519387694227 -13.925425983879437197
-61.635185628473095676 -15.066146253986794079
-60.775373008219979454 -16.296736008656033334
-59.795582795766968331 -17.493432598272800504
-58.700079115706181199 -18.636103126952711762
-57.446992480040236728 -19.746319119077341497
-56.084657000697504259 -20.762028112985042583
-54.674934769443666482 -21.639267362548594065
-53.218774715295865008 -22.278381554002198328
-51.559810026799461014 -21.996793003618062556
-50.372529167184389109 -22.346699842253823221
-49.761946493772740041 -23.61494624964215916
-48.937739649235865613 -23.806551124238605865
-47.945937316414379836 -23.989124301576921994
-46.65144620994323077 -23.859842838070935755
-45.17226057501643055 -24.231512586958615429
-43.673333012454399693 -24.066149451624898603
-42.126879699936829127 -23.869953796488271536
-40.63526048220290221 -23.791409030029782912
-39.106244997433591948 -23.400381344586641319
-37.50796489205591655 -22.84914713664857544
-35.953550828576183562 -22.160741557908515631
-34.500347927354951594 -21.36524357575749633
-33.198247758334908042 -20.509838902193564536
-31.948831393499432352 -19.540681753481514704
-30.753601057924083051 -18.449886711776336767
-29.831417215948086152 -17.473797983368328346
-29.835619960518432237 -16.227050328763379383
-29.82337178865379812 -14.991280670281165399
-28.39354900089830025 -14.802921689320271526
-27.540092319213361094 -14.30082657866676854
-27.121904859135064214 -13.436249059279907314
-27.508112719313054129 -11.96933394109360016
-26.53435001440952945 -10.940319112818198022
-26.527184811536844933 -10.211649286975029938
-28.05275408528257941 -9.6569104024616194692
-29.672119389974390913 -9.1128049937942563474
-31.29148469466619531 -8.568699585126895002
-32.910849999358006812 -8.0245941764595301038
-34.530215304049818315 -7.4804887677921678701
-36.149580608741629817 -6.9363833591248038601
-37.768945913433448425 -6.3922779504574416265
-39.388311218125245716 -5.8481725417900793929
-41.007676522817064324 -5.3040671331227153829
