-30.805252478211208711 -4.1833038330078125
-30.634639926409068522 -2.0786721569740711502
-32.926406832456436291 -0.41415281421189309441
-31.199638644605741433 2.1393848529579893025
-32.583692550978142322 3.864283948116776557
-33.196585173807676483 5.8985524925109693584
-35.148351828077657899 7.0857462779281732423
-35.574075220860450486 9.3991085888801571002
-36.570015512755887244 11.463956593346580348
-38.897163243630203056 12.005300440705884313
-40.4394762334735276 13.517205430329060079
-43.453404046168842001 12.000435902848195724
-45.555523598126299589 11.523179030348682517
-46.975360736616089241 13.146244649745373323
-48.970743227953484222 11.878149354287128148
-50.658870697021484375 13.985964264103568411
-52.325694726321785311 11.675460750004114985
-53.67294551655850654 9.9968005449545120911
-56.564581229972503706 13.992615912173139492
-58.574053498522602013 13.594490464178388578
-61.168482501576036725 14.019877704160059295
-62.044882391307716318 11.488199501444677608
-63.7185658636942307 10.320958485618765721
-65.774128643017149898 9.426537123084496983
-66.741071700660313581 7.5010976067804957523
-69.805701427857442809 6.8711252255882460105
-68.590850825833797444 3.800528083336990548
-69.406676746878630979 1.9082278879017744444
-67.970673977900730733 -0.50356696893265828763
-69.495763022769480699 -2.2034664689184628728
-70.597339497249066653 -4.1833038330078125
-71.996362123516092879 -6.4259647800243300253
-71.546555794333102085 -8.6231177340046745172
-70.560039219393402732 -10.64958563027473204
-68.707536722581821209 -12.219088364172190353
-69.291933877888425286 -14.941107487694887723
-66.998988993191574082 -16.055094574575669242
-66.271499272860040719 -18.240978365636085101
-64.335563371490707141 -19.372811372813551145
-62.672578942376581779 -20.718757500309202157
-60.981742075862783281 -22.063040481900557666
-51.113572891371781282 -5.204581728476891378
-51.004329209072238882 -5.2465164372278740856
-50.891305288436534227 -5.2768226574691174946
-50.775729052009523912 -5.2951351771946733038
-50.658870697021484375 -24.653163332021417631
-48.629175602419522306 -23.494534301311020386
-46.361649536515230352 -24.40014076454747638
-44.510577420280831973 -23.105816025475366615
-42.463378717896475223 -22.590681023552949824
-40.346845938577203583 -22.044253585395523487
-37.999580479024729129 -21.607325008279818945
-36.492929740923287341 -19.91617669069575669
-34.994680145938325211 -18.287404978728631022
-36.137063674421867177 -14.734014117776160546
-32.323414076072694456 -14.769284266420461549
-33.71692481895681226 -11.726344765893022881
-31.508023513964928952 -10.405792066319087041
-32.187060689532103197 -8.1096077037215525962
-32.473665942778026761 -6.0946460662939916375
