-18.758999273865505586 13.642547607421875
-18.588384814188049887 15.747178324770242597
-22.295215574254513058 17.11091735485964449
-24.561895621968638181 18.207900430020231397
-25.195730209185789761 19.616129068413901138
-24.858221527230323744 21.583650665275502689
-25.669820921257837654 23.046036678205371828
-24.778100468116409871 26.099198019876400423
-24.523754567836995477 29.289807933670552131
-26.850904316600967547 29.831151880672305055
-28.025333844381179915 31.98026212141747493
-30.70030076751435999 31.413891855996972424
-32.756569511855246901 31.665597866959046769
-34.317016511980050097 33.851746215528947914
-36.695974382034535211 31.878149352545207762
-38.612609562683708475 33.985964264103536436
-40.507945889834090281 31.675460730354910055
-42.088816430356331466 29.996800492390569559
-44.465143454227295194 31.654789203537038844
-46.527800208254255665 31.42034194286330262
-49.122229421986837394 31.845730026235845145
-49.99862910844460373 29.314050998920599511
-51.67230884465126195 28.146809926048454997
-53.727871632026207749 27.25238760089719392
-54.694814680242039628 25.326948572265976622
-57.759448345841349237 24.696975977299679528
-56.544597601564632328 21.626378376422611183
-57.36041972733222849 19.73407921067157389
-55.924413163135781701 17.322284382225383581
-57.44950599847532402 15.622384067798680718
-58.551090107600629153 13.642547607421875
-59.950105097260568243 11.399885638108155916
-59.500294949426518087 9.2027336538914674691
-58.513782193866710202 7.1762653133629541458
-56.661283508404622467 5.6067635310127759141
-57.245680714518826449 2.8847430700331688769
-54.952731976387717339 1.7707573457730578781
-54.22524225157443567 -0.41512701710406396671
-52.289306344631938828 -1.5469606546769814059
-50.626325785362901399 -2.8929067407465254291
-48.935488953891493225 -4.2371897091677048763
-46.695225953664674989 -4.5112905150999544901
-44.271954775954412753 -3.775113309775608883
-43.140188226260079318 -7.658017374039566505
-40.639016711452207176 -5.6373962179419727647
-38.612613677978515625 -6.8273123684288883339
-36.582922288203931771 -5.6686828493335390533
-34.315392520713572821 -6.5742898016439106357
-32.464316603703196051 -5.2799650674593010535
-30.41711978358541657 -4.7648310101087716362
-28.300592833166376749 -4.2184029173416455194
-25.953321482821515076 -3.7814742323847667649
-24.446668804687902821 -2.0903258732347573812
-24.198705345701654323 0.66420816625254452958
-24.934743638012932365 3.704994509012545123
-20.277159016518425005 3.0565661300256774524
-21.670671581595705391 6.0995072255276081563
-19.461764587286921824 7.4200588981549122636
-20.140807475988989239 9.7162437799785461578
-20.427410820797632596 11.731204518326622477
