-25.315292930242787151 22.760588276189618995
-25.430880436968699598 24.059749506600422109
-26.302937385816896665 25.015959761406097783
-27.092135292043003858 25.914265116416213885
-26.709774309465355913 27.027938151023619184
-26.168113553377654767 28.189847373796574459
-26.561817707913657927 29.307964726008563616
-27.202200590389242763 30.521210083663699919
-27.738410153894275112 31.793406814823118367
-28.693173174880776344 32.755640702319858804
-29.637043762949240033 33.709552457679400561
-30.061438107123517938 34.948403075388085881
-30.854352257671230575 35.298323255951018496
-32.100017839076620874 34.750662657656178567
-33.378531166372503947 34.137881325707802205
-34.661256174200310909 33.536612854081155888
-35.980450506633864904 33.035035286603921634
-37.298704712373186965 32.759791142767397787
-38.46191451116629878 33.104775043434294446
-39.601137202098094292 32.836190388936081774
-40.807616175805655701 32.088120962165071148
-41.980926353014936581 31.857864399812591216
-42.77272670899163387 32.580931974818106767
-43.63621294105935533 32.458261849342868288
-44.467031821653549173 32.584027919615252245
-45.102212602385485241 33.465326807092573347
-45.68350770877926692 32.925927297533881699
-46.237972849562588351 31.629871254057501773
-46.80925266292128839 30.558864907020854673
-47.618710392122387987 30.841629404187383301
-48.715381713669465569 31.684491491630801363
-49.988879572747443092 32.284576143998762632
-51.159130403167644374 32.933289102078397548
-52.07403054135503595 32.66585678110401858
-53.105132360058647123 32.111338677179588785
-54.44401627264310406 32.342297496776616583
-55.687977655377252972 32.98470055821491087
-56.904449063698855582 33.70025696837807061
-58.120920472020493719 34.41581337854123035
-59.334320773234800583 35.120633047650663627
-60.336515160650286305 35.206359582763738558
-61.113062084760784387 34.252393047272846616
-61.794091954502093245 33.305079294458664663
-62.302039802606060448 32.513688755393872043
-62.725383347779370524 31.784531328444611376
-63.129608248260709047 31.014106819704757356
-63.377927370260167095 29.947920121650177805
-63.686624414318679044 28.635724708379523662
-63.462584561817187989 27.384338055638231424
-62.893644131586448509 26.186190223223722029
-63.216410293814554677 25.056386530797322365
-64.092851874468124151 23.927367852539315862
-64.836704332072471857 22.696577618086905659
-65.211330237685075417 21.475293182751478582
-65.142742987296429646 20.337478105295712538
-64.996663074660290249 19.119615282092350839
-64.755759353305606396 17.818841259848198888
-64.429726936684645011 16.537998682699196706
-64.04101275771435553 15.340149989758446125
-63.588865320579238016 14.195045064710132721
-63.092192081202078668 13.129656128978329122
-62.588033473646532912 12.189659988236542176
-62.012337353996862532 11.243590455236013526
-61.312065207617180818 10.231180509298569703
-60.519896258017482182 9.2269378935615371518
-59.668553007754837836 8.2789339185048316239
-58.709270156922016781 7.3418820326215090688
-57.651756488935888001 6.441321978666980641
-56.525169277509533572 5.6100841284631783878
-55.362950013207679945 4.8713094872664335355
-54.195681058114303141 4.2358094541355058027
-52.873069519225587953 4.1330395889095772333
-51.553345512737337231 4.4217615351734576024
-50.699477269801384693 3.9065267964222782915
-50.235261169047930707 2.7479803675399914198
-49.562843361707862755 2.5862010497797918163
-48.814671168248452204 2.4347491888452097442
-47.904450632941518506 2.2900967683683361997
-46.754987001586684414 2.4498061169230842538
-45.527236449504975724 2.1116470509974902825
-44.294529064528241236 2.1785110303898180817
-43.036845321797819963 2.5559856396301574577
-41.75992922566653931 2.4111270142136937977
-40.55742720413066138 2.6607215500380050344
-39.271170439748537717 3.0149378496965866248
-37.95410081049687534 3.4763637073339452854
-36.668114253579460637 4.0305469897671883928
-35.436779538735791562 4.6662135657186851745
-34.309528142042104548 5.3482986579621467627
-33.267288710240286775 6.0749809963568850435
-32.238560339776626051 6.895947730579077728
-31.251284681824714085 7.7972022839258610105
-30.424236934235779017 8.6540307010084571715
-30.005253087709018445 9.3978357532435463639
-30.395690448086821078 10.711658436546100504
-30.03905649445280801 11.473296429922527295
-28.742567957495968045 11.540499170255921868
-28.004777582871767549 11.931463309554981578
-27.632344602309807158 12.589552024355999293
-27.850782217065006563 13.681977973511564528
