-25.767450904994394278 -8.5445757639510890868
-25.883038587614464632 -7.2454142615276451167
-26.755096290926868363 -6.289204951768339491
-27.544294983307942459 -5.3909005717386770939
-27.161934205267332487 -4.2772271671582622332
-26.620269875458674846 -3.1153161637390400784
-27.013974014492049491 -1.997198989867563057
-27.654358682558438431 -0.78395525662149123658
-28.190568241521123838 0.48824074424139507489
-29.145332036936320463 1.4504748857264444517
-30.089203118547750648 2.4043872978784990302
-30.48503029450160895 3.7286082667362383525
-31.313828985592067511 4.7253058918988468662
-32.246505153116146403 5.6269231100549408353
-33.209025233279291456 6.4449851970416069946
-34.248034272710327741 7.2193155411877114602
-35.268777472759424541 7.8845699554263930509
-36.214177387573258216 8.4257355723656637281
-37.319419866002490949 8.7059674961320521192
-38.733110308546493172 8.7115212142290339159
-39.968991796331913235 9.2193215748094967665
-40.887739151694496798 10.22310699311140425
-41.971537796237427642 10.458537637099588835
-43.193502452583224738 10.37070448645846632
-44.286908652927465369 10.756017463703756221
-45.252258341054357516 10.799706495216859992
-46.137628623325397825 10.798758682784274754
-47.063398702944532204 10.611216622824358069
-47.969719821402740934 9.5065935172023365851
-48.894223601987569339 8.4629660655555500881
-49.995425891025320198 8.2550894479389018699
-51.2728268982166 8.7354640358382287246
-52.635299443505736861 8.7701882657481231576
-54.037017192310521807 8.6945561507556732295
-55.173236444013518565 8.4040226957003945074
-56.097889852576741987 7.8726204864705522368
-56.915491724791401396 7.0434590979035771596
-57.787382191462775438 5.9932210652395667694
-58.983501271260372789 5.2370554455358426793
-60.194834635951956159 4.5566691301857424889
-61.084002456333045927 3.552382672272855757
-61.886256886754949846 2.5151538127229731145
-62.477206571851226613 1.6501906286612673114
-62.942712573374862473 0.89253410123327725501
-63.349941264260138496 0.16068039052087712548
-63.764615761385634585 -0.66866939781915135654
-63.942999767072493 -1.9220247791124720482
-64.150566562737523668 -3.2156762252267463431
-63.630948680687438923 -4.4390917486550973692
-63.343239727868947853 -5.6133532570568727138
-64.047898706449487349 -6.7216686385673298787
-64.87730136140247339 -7.8966895773558061222
-65.596513934693618353 -9.1413220883759525037
-65.641827722426143055 -10.321650866230903887
-65.543774989591398139 -11.470430833471553456
-65.356410159440528673 -12.743327270212674307
-65.078166851951181116 -14.039448479218151533
-64.721212176352281631 -15.293898107634145589
-64.308821114160949151 -16.457139108238585834
-63.829104092240839918 -17.584862437382980715
-63.331353376019784207 -18.58742483937449208
-62.807184248382590397 -19.512743869418756049
-62.179693690690676533 -20.489519414182595369
-61.431283397169607952 -21.512246253552628872
-60.617540721327138442 -22.487838222015561485
-59.723701393170628648 -23.429369872422867616
-58.718318923062739145 -24.356123113648997958
-57.628433678305043486 -25.229585364067599329
-56.479713180294623953 -26.025193053026374201
-55.317565397042500308 -26.717064373961381563
-54.130737392247837647 -27.222753916450017186
-52.828215687333809569 -26.833074485170168799
-51.632561569416722591 -26.281957875905327171
-50.834092838322263219 -26.753378002678797287
-50.348623688915530749 -28.038105390875308842
-49.741000044412608361 -28.777882399352144205
-48.806116193263285652 -28.134713880358727778
-47.766148857198608368 -27.306316149220787537
-46.599592642981711776 -27.442580420816334197
-45.30064790285807419 -28.030234201084905266
-43.909538502883620481 -28.458530843608958349
-42.558239380323939827 -28.938210150983035618
-41.359388135875548187 -28.725016576959731651
-40.098405405229385678 -28.403091559970281565
-38.788029929211894853 -27.949845869549374555
-37.483938627562963575 -27.44223816621168055
-36.231843367227945407 -26.826919548774860402
-35.072195117358141658 -26.15496941653420393
-34.013737541840427525 -25.445442194481259435
-32.983235184659584149 -24.654064566741574538
-31.978658016703096933 -23.771529545210217549
-31.082020932462739893 -22.873853886342544683
-30.466563955331629643 -22.186157633525780852
-30.76085790227090655 -20.950680437269983969
-30.72490956628808334 -19.952095636500068565
-29.596163650999958605 -19.760952239638992722
-28.561136540894622726 -19.547943284071507719
-28.194508784285631009 -18.916120000482145258
-28.159557242372240893 -17.984327537858483481
-28.354084138690303973 -16.813028087120041931
