3.1369677328178440234 -9.3790740966796875
3.3075817152015503098 -7.2744424213128100476
1.0158136179555405931 -5.6099230824206376411
2.7425868213127095885 -3.0563853212986078489
1.3585275428469927306 -1.3314860816406657307
0.74563587410838039204 0.70278174780694335766
-1.206129535129628394 1.8899769737714162687
-1.6318553659572589964 4.2033373698658156314
-2.6277931448585984953 6.268187750190772789
-4.9549425561114421868 6.8095316077979219926
-6.1293661443332609906 8.958638384955143863
-8.8043389722053859714 8.3922691831570617182
-10.860604026208987349 8.6439761922710438569
-15.117093914056244586 -1.8537553485787272578
-16.058986921009946514 -3.1218506237923522306
-16.716650009155273438 -1.0140357358964298129
-17.353009589554183378 -3.3245392209304993614
-17.646771001810638069 -5.0031994615370134483
-18.677170074947152756 -3.3452108044723942726
-19.559860992710063954 -2.9931140920809911066
-21.197897682269285724 -1.6173264949795509438
-21.34489874427628564 -3.0088364422859408265
-22.587679803013472224 -2.858633662436629308
-24.608998044610878253 -2.2727722446650604482
-32.79885291889647192 2.3053282984982690351
-35.863482719390418652 1.675354360284009303
-34.64862823811565562 -1.3952419587541733392
-35.464457964247294797 -3.2875422500553233007
-34.028451392173529655 -5.6993372772403514404
-35.553544241148060223 -7.3992367220879504686
-36.655120716731488528 -9.3790740966796875
-38.054143344514656633 -11.621735029271093254
-37.604333206668471234 -13.818887008481274492
-36.617820447302577236 -15.845355868011722578
-34.765314122584484835 -17.414856731237083665
-35.349715102212016404 -20.136878696655941212
-33.056770228137722256 -21.250862909614909313
-32.329278584993829782 -23.436748629307960101
-24.322847098323926218 -17.826611556070059095
-22.874851330447690145 -17.855113873751015774
-21.728139025717219113 -18.059229638925827999
-20.280196441903299842 -17.382930237414910835
-18.834298676955732788 -15.896530733563949411
-18.812149501410502239 -19.237612368524949602
-17.506028673586090605 -16.889505752024454921
-16.716650009155273438 -17.969861406362241496
-15.923982098858116885 -16.920792390154140605
-12.419429832821649029 -29.595911034701966713
-10.56835103720246849 -28.301586297866052178
-8.5211580353238840502 -27.786453196930331444
-6.4046252507109908692 -27.240023849067398487
-4.0573597911585164155 -26.803095271951693945
-2.5507073301772820173 -25.111946905791072027
-1.0524603126798908193 -23.483175264771297464
-2.1948415271927306236 -19.929782680505077508
1.6188069504621793726 -19.965055516604955699
0.22529522848556737813 -16.92211322188950362
2.4342019453781631455 -15.60156232043382829
1.7551597496727708858 -13.305377061907529779
1.4685556978691813867 -11.290416338465270485
