-6.4377145028999294141 -8.4207563400268554688
-6.2671005205162231277 -6.3161246646599780163
-8.5588688552164704504 -4.6516053303046751566
-6.8321006711501617303 -2.0980675291405121996
-8.2161550496275879141 -0.3731682673396292671
-15.894501194796369248 -2.4181441684571973738
-18.811929869371908808 -2.9866533275128279712
-19.493764353917370613 -2.3002008106126892173
-20.25401352325052784 -1.7156356269351062949
-21.983648153536371694 -2.4917355389022182166
-22.285698192474363566 -1.4827945493639660413
-23.877663106647421642 -2.9995641529444867501
-24.69185868075160073 -3.4980794181623355854
-24.810600323743244644 -1.4544523532480742034
-25.065359147320993571 3.2435966353007668062
-26.291332244873046875 13.065206970402396536
-28.295241912417356644 10.645143452485953617
-29.917492786570150543 8.6389971195090033973
-32.197050088122495026 9.7551625551603855513
-34.206515036810358765 9.3570370077431093137
-36.800944070472176861 9.7824242313166038798
-37.67734396055161028 7.2507484093946690251
-39.351027428709983269 6.0835073936564949548
-41.406590198920738999 5.1890836534484616749
-42.373533251262486488 3.2636460496498749251
-45.438162992037618437 2.6336723326593567407
-44.223312375739553204 -0.43692413027262144709
-45.039134485770745187 -2.3292245175671588697
-43.603135525752300339 -4.7410194759517008123
-45.128224570621043199 -6.4409189759375058415
-27.337147904124257991 -8.4207563400268554688
-27.331418815361299579 -8.5300738547490411179
-27.310289564061640988 -8.6373423241425051344
-27.299525952554667185 -8.7483384073921062196
-27.249103265916566841 -8.8471834589124362935
-44.924395363152441973 -19.178562010467388177
-42.631450545521374806 -20.292546121756629418
-41.903960796790158838 -22.478431852896896714
-39.968024929763352304 -23.610262916775099029
-38.305040500181192442 -24.956209046422614506
-36.61420361038126714 -26.300493950291773615
-34.373940725125493145 -26.574593977134838951
-31.950676878491140798 -25.83841782473201576
-30.81890474955556769 -29.721319919937734255
-28.317738974196458912 -27.700699224207774307
-26.291332244873046875 -28.890616792714777006
-25.06087719897254118 -20.127749245187573024
-24.222491238847883466 -18.153884879548158438
-23.373351318531970122 -17.401382585283947435
-22.188232236182876989 -17.636470743365812552
-20.737404216046279259 -18.040442722844609591
-18.791290458500014893 -18.743681419852698866
-17.333015778222709002 -18.369976940754341399
-15.406516780734717642 -18.221488929156272718
-11.769523428956448541 -18.971465828071998772
-7.9558756723208290396 -19.00673876461345202
-9.3493873347818343689 -15.963796351354158531
-7.1404855389641816998 -14.643244574293843741
-7.8195227238887454746 -12.347059302550297488
-8.1061265378485920508 -10.332098581812438454
