-16.605150625794216523 -6.6016783714294433594
-16.434536166643443522 -4.4970466953957020095
-18.992380092285952031 -2.8890827274291273064
-23.396991993016531097 -2.3576512914910905394
-25.195730201427814166 -1.5870500700282477169
-24.858221527890087543 0.095900651196711983459
-25.669820920481488002 1.2369495198873670105
-24.778100471528155424 3.9156402748709755457
-24.293755060905525056 6.9089347621816017408
-24.993995518747158968 9.1782273432780492328
-25.871485075920148233 11.736034642547650719
-28.54645216781078787 11.169665421843195219
-30.602722763779201642 11.421372362555626268
-32.163169761647090183 13.60751880412342274
-34.433557510281190162 12.666908580733096557
-36.458766937255859375 13.985964264103568411
-38.379771900624916725 11.675460747285523411
-39.986883604329499065 9.9968005562408741582
-42.364481125356086011 11.574240948754638936
-44.373949733975074139 11.176115451048637794
-46.96837875233269699 11.601502682826222212
-47.844778638672863735 9.0698254346793927283
-49.51846210965000239 7.9025844188827250036
-51.574024891303551499 7.0081616220458737843
-52.54096794227000089 5.0827235433030768519
-55.605601616004420862 4.4527497411751326695
-54.390747066068172444 1.3821535449153596886
-55.20657298686128911 -0.51014670934980088646
-53.770566422413125451 -2.9219415966259338902
-55.295655450514288987 -4.6218410283448756459
-56.397239552180707278 -6.6016783714294433594
-57.796254549627199992 -8.8443388361475854254
-57.346448215270562798 -11.041491817228827443
-56.359935453144053952 -13.067960665488364214
-54.507432960661027721 -14.637462430597238949
-55.091833958149280193 -17.359483412756510745
-52.798885240143299313 -18.473467673240179465
-52.071395501133693529 -20.659353394178602059
-50.135459606514551467 -21.791186392763925994
-48.472475177634429144 -23.137132519183648327
-46.781638282764475889 -24.481417423752613871
-44.541375420914107508 -24.755517437532542857
-42.118107987977268181 -24.019337396632213455
-40.986341485537423068 -27.902243352890884864
-38.485169972250993453 -25.881622673470541685
-36.458766937255859375 -27.071540254628839506
-34.429075546037800848 -25.912909304870300531
-32.161545779990916571 -26.818515780495228995
-30.310469865886808805 -25.524189139906290791
-28.263271126271270361 -25.009057938519216435
-26.14674416300860571 -24.462630552371383175
-24.096412713232275848 -23.617000957972823727
-24.216669264582186827 -20.197903437485319245
-23.5536552136278452 -18.221488748472992825
-23.117047911032024388 -16.295005340541855787
-18.123312287894911776 -17.187660346619129115
-19.516822956475831319 -14.144718804873420481
-17.307915937973511689 -12.824167076873552062
-17.986958837925204335 -10.527981769117232602
-18.27356218726210102 -8.5130201683116784039
