-40.491406773567831578 -5.2877912521362304688
-40.493634504683797104 -5.1627298884324241968
-40.475099562513527474 -5.0309349474889941689
-24.561895637071820886 0.27535897200076409064
-25.195730207900087549 2.0530432710773078853
-24.858221521330641224 4.4262953465242418361
-26.172994763026796505 5.9812593227170935961
-26.598720085294868198 8.2946211839118735298
-27.594658457091824744 10.359469174218162379
-29.921808095952407314 10.900813022040733102
-31.096231792147740691 13.049922245678992283
-33.771202594718630507 12.483552977061059153
-36.228207144902242476 11.501920621235825593
-37.765239651176408131 13.146244664485209341
-39.879301074772605773 11.878149349554643521
-41.683513641357421875 13.985964264103568411
-43.466422782850692386 11.675460743729104252
-44.932352828622107666 9.9968004878604261876
-47.188490139351522146 11.654789211686299666
-49.383600875624296123 12.006885962494653342
-52.193125445911974225 12.915390285031641326
-53.069525335643653818 10.383712082316259639
-54.74321257189340173 9.2164711122615159411
-56.798771587353087398 8.3220497039560790142
-57.765718453075074024 6.3966106735987402487
-60.83034439396486448 5.7666372919133657149
-59.615493771813092394 2.696040898936118424
-60.43132350118088425 0.80374060254302204243
-58.995316925026415333 -1.6080542819764755968
-60.520409780907797881 -3.3079536411139689456
-61.621986256282269778 -5.2877912521362304688
-63.021008889187854152 -7.530451659153931665
-62.571198738669039585 -9.727605153133092486
-61.584685995280111115 -11.754072997533384637
-59.732179666917758709 -13.323575783300608322
-60.316576822224369892 -16.045594906823303916
-58.023635769717522237 -17.159581015953058625
-57.2961422411174226 -19.345464804522734426
-55.360210166397948228 -20.477299713315161966
-53.69722187675946401 -21.823245880343254299
-52.006385033531792317 -23.167526939656806206
-49.766122121609868145 -23.441628889244213951
-47.342858227721002606 -22.70545084484668763
-46.211088181025644417 -26.58835671226565367
-43.709916677874005586 -24.567736030854575802
-41.683513641357421875 -25.757651704824152006
-39.653822248695888675 -24.599022662262530758
-37.386296424024294538 -25.504629164658584983
-35.53521656926180583 -24.210302497214158279
-33.488021664879219941 -23.695169397534119327
-31.371490822012113142 -23.148740069180693268
-29.024225461521783842 -22.711813476123356992
-27.517572713017255381 -21.020665088491931272
-26.019325018096854052 -19.391891466921364895
-27.161706665242810743 -15.838500647211379402
-23.348057020408635509 -15.873771685548879518
-24.741569647689964029 -12.830832133471737677
-40.268384951204595268 -5.7475944019893638881
-40.215247478244691592 -5.599880845911415328
-40.186320334740109672 -5.4451525897890808992
