-11.762982886550629402 -6.1097539524485187101
-12.020705556409787107 -4.6819264148886219346
-13.169388427468907921 -3.6668946405845308512
-14.600700081269742725 -2.9981197678842113064
-16.177949428646261509 -2.6678786937112750621
-17.773394729842515005 -2.4321865847459-20.184212716678931798 17.490575719577076796
-21.684345451384999137 17.589263713790483479
-23.193885081167994855 17.514852395916030048
-24.487333787067210977 17.671171966766245021
-25.194838037583430435 18.663457574258540461
-25.240109432696154812 19.928432598557733968
-24.741615720266704415 21.339116642338058938
-24.473817838306406003 22.81476395726809514
-24.747856911908659328 24.238857361934709189
-24.800860035001427661 25.709634613437838624
-24.579269610377551203 27.225945324059320996
-24.622924163112639206 28.721891960179448233
-25.1088181172388758 30.15204901398345072
-26.033427503607470044 31.29723623895060669
-27.113051069833243645 32.367573024051523589
-28.094734647102875158 33.367542552911764631
-29.275293182131935765 33.608926560852303567
-30.586937386914097914 33.4945502173149805
-31.696881594883702604 33.877869369577496172
-32.681841133744818251 33.902521526140219521
-33.643153078785296373 33.879779704176918642
-34.580310835394080016 33.011184455509173574
-35.313197305069834897 31.668129794387066767
-36.040848187114939094 30.518179583061328941
-37.119246980386790824 30.718039084820802032
-38.417802134003359527 31.457193485338354577
-39.887934299746014233 31.679762365543577829
-41.402058335039711778 31.817583051784708914
-42.491324460769362759 31.336016193120951101
-43.479613439315144774 30.742242304151890409
-44.2785627933192103 29.608741352316219064
-45.427036303732712952 28.662848169916586016
-46.772477081297225254 27.955481604773147808
-47.817715851500850022 26.984604707131715884
-48.719412990227432658 25.862702393092920516
-49.399908199662931452 24.891901014417651794
-49.912812679500575541 24.06922352805641907
-50.351650891287761169 23.286170192569606741
-50.797397166569602689 22.394200108767670088
-51.000288149886280564 21.03539976618672469
-51.11468425463240095 19.660342513841946754
-50.498546754624968003 18.360093164821982725
-50.510462281556470998 17.12549565697569065
-51.411263691082076832 15.929267810001993766
-52.228823571102637402 14.623858178660276153
-52.680861994637673718 13.310547633299080417
-52.60719473115177891 12.088574999894218465
-52.443395875023149699 10.773860742381696554
-52.171921790194531354 9.3814497771491556222
-51.805647352140454132 8.022244028239782665
-51.372386251006915359 6.7642862797962841626
-50.86322978617282331 5.5526678736805834546
-50.329529728129145383 4.4773570663206108122
-49.761742357372853007 3.4841353707865945211
-49.069947142455006883 2.4271128297607429403
-48.248057616264389935 1.3352970987474943598
-47.358104482356623066 0.30709353638905767525
-46.356811542266413539 -0.69912091392209951835
-45.23696609211948072 -1.6719505027293486421
-44.034583237015375801 -2.5684185763094191657
-42.790171537733002083 -3.3595439074149595626
-41.539192040733297517 -4.0330605686521039388
-40.096553847748317878 -4.0209239312652016451
-38.749332690490774667 -3.805466643759912504
-38.014248818621936721 -4.6888876254716098657
-37.435656987869876389 -5.5261974096954560309
-36.703458271245111177 -5.6905660662517121295
-35.813614258032352211 -5.8519875778438539271
-34.687594330857564273 -5.7059369843797647093
-33.393457892825779254 -6.0850885963968401882
-32.073890716781619403 -6.0879965011398624597
-30.733306444704911797 -5.6693071729444390883
-29.356306140849859787 -5.8177453855806646743
-28.069175126849188473 -5.5564451986745559964
-26.731842686994685465 -5.1179584345990400962
-25.614382106510838355 -4.1149059459755283896
-24.946837304333126184 -2.8717257173821932881
-24.787540968783805084 -1.3764541609295188884
-24.453940788603517831 0.057882392861950245078
-23.417805319852512014 1.0988813056955095693
-21.954204925482784461 1.5442781972142480829
-20.437236005394701976 1.709569871783916728
-19.254040854221237566 2.2113868440739072874
-18.570570229335437773 3.3053270037246180735
-17.351492908759322376 3.5838584806610493949
-15.854582355367812241 3.4524036980704537747
-15.346244810792072144 3.9422433748945628906
-14.988079699549789581 4.700051843513702643
-15.412519393345080587 6.019968565038108288
-14.682377693115990169 6.9922330814530857523
-13.829446058162277566 7.972077491449544695
-14.028945618508325666 9.37792004016896108
-14.332351786131676263 10.880237355096761931
-14.133933587467545578 12.265966285136043368
5
-16.108420554028047178 -10.198247457560423612
