-15.218277119573368594 -5.3901177999401372887
-15.548235131698739053 -4.1156187393701664234
-16.929398766437653734 -3.5931161130564457373
-18.507274140881712299 -3.2115669215806725845
-20.097298480512485241 -2.8689474207430434305
-21.715302821504046449 -2.6159859920366508312
-23.325650622731270545 -2.478564541221019546
-24.878145339627213417 -2.7844472797899060268
-26.40925792050555998 -3.2541724579478286117
-27.940294678206537782 -3.7244786376645775405
-29.471331435907522689 -4.1947848173813264694
-31.002368193608496938 -4.6650909970980745101
-32.532240531155288465 -5.115488739779300964
-33.577500370948811792 -4.8242409232821978904
-33.069985587985037512 -3.5672333549624903881
-32.143707157047110456 -2.2622243050528330066
-31.217428726109176296 -0.95721525514317418182
-30.29115029517124924 0.34779379476648397684
-29.364871864233318632 1.6528028446761422465
-28.438593433295384472 2.9578118945858005162
-27.512315002357453864 4.2628209444954583418
-26.586036571419523256 5.5678299944051170556
-25.665240765334118578 6.8749293730595253393
-25.004791316531232326 8.2812895052503225912
-24.783421795203036453 9.8550551080563391082
-24.885342557852517587 11.038078334136592673
-25.685442970054076284 11.490635338284810985
-26.976212795562304336 11.746350250698123219
-28.574138736965171148 11.85483156689175388
-29.831611368716338006 12.70233099676501709
-30.955562879853388836 13.420386080418509778
-32.29912176439444238 13.495114004612858594
-33.792749979564803198 13.507321743925629676
-35.156634809887556514 13.706748672826631008
-36.222103923846802331 12.690012941980445049
-37.262032034616311194 11.415639220999056036
-38.40648070823871052 10.437193203513427164
-39.693718020072608965 10.799856378456750505
-41.102729849802550177 11.519444598784229328
-42.686200978310111509 11.666889536408584505
-44.208420219320437639 11.681230924525451087
-45.291944987776290077 11.086331643511687872
-46.289649032047364585 10.283708840996666822
-47.247499182263986484 9.0536039215698380644
-48.621147163823550841 8.2032539318148813834
-49.908657990206961585 7.3355724144512421958
-50.903545477556910726 6.1560133922892621428
-51.700968649059205973 5.0580787950065406733
-52.274057288204787142 4.1591824483100587884
-52.748235237157317101 3.3250814046684276093
-53.221904462283859516 2.3847249080567411994
-53.453295574863439299 0.94685823821763837049
-53.508426088435889767 -0.51349652604863882388
-52.86175875029815785 -1.8932252723731386457
-53.131740036822264983 -3.1919578694216212966
-54.112648574944905988 -4.4934418687396355807
-54.949491664369510602 -5.9073958996379758446
-55.097584300779850253 -7.2654709376547419453
-54.978522254487764087 -8.590606837167415577
-54.741459711247912878 -10.058942269718778917
-54.389270425060033176 -11.529458964215340444
-53.949378062565543246 -12.907225139302523687
-53.427140535823923528 -14.21327410996387286
-52.858254248551212129 -15.395870249760543302
-52.262349415859027602 -16.457169122561708718
-51.5348376557755401 -17.57861921684336437
-50.659029481146937712 -18.741961140795112328
-49.703413219932656375 -19.835820277587490779
-48.617016131816527036 -20.906860148034589031
-47.402411430157542327 -21.930751148826342245
-46.102051433363200772 -22.860478136699448726
-44.773993878947798919 -23.660111634596368901
-43.375633326434119397 -24.180671883845583636
-41.819141295495029453 -23.888870556047656635
-40.697614117501885289 -24.209849040369835649
-40.143200886592588006 -25.500587229512078125
-39.371446720176024314 -25.684191756113456506
-38.476980473912774983 -25.857098853862886756
-37.332809483558648367 -25.788685101864924576
-35.965944219871602172 -26.093197165991014685
-34.557798802578489017 -26.13109276273309689
-33.127019790237156371 -25.712180157387614088
-31.667391100891649103 -25.83735818251379257
-30.286081323492233253 -25.543977661720951744
-28.804940284790532701 -25.10170762238867681
-27.30603364772299102 -24.54567814644340018
-25.872398132012250471 -23.86803436597701733
-24.674571215778232869 -23.189136089720598477
-24.225685146446391371 -21.667737432177304413
-24.063125565315658605 -20.054221271551703865
-23.706874794413032248 -18.715752452737984157
-22.415404026416823058 -18.232492291865881384
-21.451365922279912013 -17.30246771327808375
-20.524795062016366387 -16.450069300131882954
-18.972495964730018869 -16.510123015738241037
-17.914777494430488503 -16.32059551941531339
-17.511255274289389661 -15.605191700595577586
-17.818389343951992032 -14.310172016069966361
-17.312293405012447067 -13.191219245990419395
-16.309644633554132298 -12.185640561156890982
