-30.526239798157497773 -8.6860704421997070313
-30.355625339006724772 -6.5814387661659656814
-32.647394144687993389 -4.9169194596987475521
-30.920625967940136292 -2.363381865015685257
-32.304677963338548352 -0.63848260200336603987
-32.917570584292676017 1.3957852836133852747
-34.869337226595114032 2.5829803646122844185
-35.295064466574999074 4.896341046471007985
-36.291000937866755294 6.9611904722587922834
-38.618148656343677771 7.5025343084352940082
-39.792572244797128178 9.6516420394351243317
-42.467545072669253159 9.085272837637042187
-44.523815577141888866 9.3369797585103633253
-46.084262872478902295 11.523127236498698522
-48.354646681094727967 10.582516986637106271
-50.379856109619140625 12.799893821903861379
-52.383765773053688974 10.379828397070738788
-54.006018325157860716 8.3736830669695834217
-56.285570291492241779 9.4898484031705301334
-58.295038901556452515 9.0917229055702577512
-60.889467935218270611 9.5171101291437523173
-61.765867811036144985 6.9854333639091290564
-63.43955504587651717 5.8181923938836295207
-65.495114063666832749 4.9237695512756101124
-66.462057115320931189 2.9983317100049173831
-69.526686867669454273 2.3683579732132766793
-68.311836238842289504 -0.70223846717301796616
-69.12766215897285349 -2.594538838950009918
-67.691659390498386983 -5.0063335781245523748
-69.216748435367136949 -6.706233078110357404
-70.318332539241254153 -8.6860704421997070313
-71.717347536113749129 -10.928731389216224557
-71.267541206930758335 -13.125884343196569048
-70.281024619023611422 -15.1523532330506292
-68.428522130869140483 -16.721854029370920358
-69.012919290486081536 -19.443874096886780478
-66.719974410267468556 -20.557860223929480981
-65.99248470937914135 -22.743743994586210988
-64.056552634659666978 -23.875578903378638529
-62.39356434502118276 -25.221525070406730862
-60.702727501793511067 -26.565806129720282769
-58.462464589871586895 -26.839908079307690514
-56.039197219408663386 -26.103731832395872914
-51.536644236898155214 -14.128331704247395706
-50.961437616555045338 -14.219435545515114683
-50.379856109619140625 -27.969861406362237943
-48.463308690801206069 -26.920792382182760605
-46.241845173084541898 -28.153884893929632227
-44.231562831425350169 -27.608583587869425457
-42.184364133140938691 -27.093448587597595889
-40.067831338289693122 -26.547019233473850619
-37.72056592648002038 -26.110092596471577764
-36.213915181278977684 -24.418944278555407834
-34.715669439747784963 -22.790170708118075993
-35.858049133504529493 -19.236779837274855964
-32.044399488670350706 -19.272050875612357856
-33.437910257329313879 -16.229110479301859016
-31.229010837064770101 -14.908559638890920951
-31.908048004879685067 -12.612374291278243277
-32.194651355375683011 -10.597412675485886169
