4.3121095441886936328 -16.925266265869140625
4.482723049735241716 -14.820634590502262284
2.1909551899434660527 -13.156115247073220331
3.9177233786010994265 -10.602577701596127113
2.5336692362728143735 -8.8776777768325381146
1.9207774458584161437 -6.8434099424630243647
-0.030987965587311094851 -5.6562151907246391858
-0.45671373317819785598 -3.3428545611517765934
-1.4526515524444505445 -1.2780049133593927024
-3.7798009829636516343 -0.73666103837074459193
-4.9542248325358837491 1.4124471229621811119
-7.6291976279827906637 0.84607796332814899642
-9.6854626769685161491 1.0977849719773828951
-11.245912486032519695 3.2839313936086611534
-13.516296472768477344 2.3433214106032949076
-15.541508674621582031 -1.0140357358964298129
-16.971002325138279332 -3.3245392560838311624
-18.075622993866950594 -5.0031994425679275906
-19.953937604200660871 -3.3452107390142771237
-21.744503647776809885 -2.9931140312265682724
-24.379553591254026657 -1.6173265095262863156
-26.927519449124407203 -1.2537620023655193791
-28.601204793702926565 -2.4210029924285887404
-23.038425622850709829 -10.174980946463644926
-31.623710632686904631 -5.2408638734417980487
-34.688338426643682055 -5.8708371637301279833
-33.473487857616319729 -8.9414336519151191851
-34.289313771609577941 -10.83373466664688678
-32.853311006570336872 -13.245529424111893491
-34.37840004724719023 -14.945428907030985144
-35.479980335872113528 -16.925266265869140625
-22.456788456333242721 -17.652091429447352766
-19.570151641764606865 -17.78158008201867446
-18.19040099880136907 -17.785941299553297057
-16.61013985674352611 -17.401051365348486399
-17.849534238450544876 -18.257804020849768278
-16.492341994674593053 -17.616085708383902642
-16.929545080611120511 -18.175063320067273764
-16.35308700803972215 -17.826610831701128035
-16.217082064733386204 -17.855113919180439552
-16.196200579894984628 -18.059230127732757154
-15.745273836293870673 -17.382930240004785816
-15.207251550445986865 -15.896531219352187492
-16.033010665837416298 -19.237612831442135075
-15.537749961317814495 -16.88950603459321087
-15.541508674621582031 -17.969861406362237943
-15.54197890299369611 -16.92079225151942623
-15.280357001539639938 -18.153884808595638134
-15.386807898605294298 -17.401382661792677453
-15.224858850054722836 -17.636470653463263147
-5.2294839161772994629 -34.786216018256851612
-2.8822182062118919532 -34.349287432426734767
-1.375565805033973632 -32.658141025376536959
0.1226813270708628778 -31.029367425971180694
-1.0196998697137988898 -27.475976640702171494
2.793948526907172436 -27.511247679744833761
1.4004369678934445176 -24.468307192310639664
3.6093385122578247604 -23.147752580066246253
2.9303013328678026994 -20.851570136582878945
2.643697023903470722 -18.836607634846831871
