-22.349796003838196867 -3.4870214350940678116
-23.569715265407371163 -2.7805356628778912231
-24.77965997718796487 -2.0560217424386659779
-25.936635907646547139 -1.2699101141693112105
-26.381930410463478864 -0.39235466330794616097
-25.627447587010188101 0.60536513210538200891
-24.883873192456643864 1.6779943250956108614
-24.964706555309476244 2.9683015565421473347
-25.055538410489571532 4.3812336024903038023
-25.064888537314150341 5.7599385785349408451
-25.687626812301367352 6.9529138624302344596
-26.245061598194435959 8.2180817632905043268
-26.705621263494805362 9.4911227085873903775
-27.608683721980249004 10.440009848401160752
-28.546004821562597442 11.305344043379561114
-29.537593845263334202 12.109927914141353611
-30.584239892150996809 12.853396931336057207
-31.575742408918983983 13.469966450737629771
-32.517063667078460298 13.98459944952054812
-33.707626570936746191 13.812700317274011041
-34.844760391184145476 13.019610627131294578
-35.92384072398676409 12.145603459859373174
-36.941304282052065844 12.007910168057245315
-37.90224475305708296 12.722246496147542771
-39.009549521317914866 12.512405181890981609
-40.109250714917621394 12.313805058134791537
-41.033225582500747919 13.181361596063293717
-41.892983685049173914 13.438745718892123548
-42.714529005729517053 12.460369246024493251
-43.574374612837473819 11.33028549425007192
-44.532231274693742762 10.528850627326036715
-45.632399768249165106 10.890447213669819604
-46.853346598318637461 11.58892373223469896
-48.218917627265568626 11.95645275461919077
-49.563757548085774829 12.434135225473543329
-50.857504565515988304 12.997014575146248916
-52.002422421074228964 12.837725133028031976
-53.024859330202012586 11.929358272566002341
-54.159027713180478258 11.079793683104027124
-55.401692067225603466 10.392121097466471724
-56.479627800698210649 9.5900863060966461404
-57.353375582523383969 8.5541369156327675682
-58.083063955007077084 7.5659952913881767245
-58.617457938921418759 6.7521269565976034244
-59.054260132276738204 6.0155247872718415891
-59.457715627448138207 5.2636731598500681173
-59.787595353023498035 4.3050855628036233114
-60.040264317805458916 2.9898902718175994764
-59.994346335520205571 1.7218902333599526155
-59.38787173037201228 0.51473308163897724121
-59.474227235158870997 -0.63202645983999317103
-60.329398120853241494 -1.7460694321901049086
-61.099869462756025484 -2.9597824970283630464
-61.633395456039473004 -4.195573214530997852
-61.578531642001699709 -5.3434069625614259991
-61.451733017689520011 -6.531083881430637561
-61.230314076539386292 -7.8278350579032531797
-60.921741565151890541 -9.115904334759399319
-60.54413760285606827 -10.335815052159951222
-60.107668193827862524 -11.485419170548992085
-59.614438447196221205 -12.57928257421502316
-59.114609582278205835 -13.537866250456907835
-58.561250607109570865 -14.47195670225467623
-57.888005217639722844 -15.47286571040506864
-57.109284200977747048 -16.48817801488899093
-56.274533843579682468 -17.443779622736638402
-55.339788313639289186 -18.383274818215387114
-54.300608107805217628 -19.295118592312515915
-53.187119939542519376 -20.142760700217465342
-52.027450247788500803 -20.904165482858367398
-50.863010279446598361 -21.55990789709958122
-49.584542832553225367 -21.836463968748866193
-48.231646648303467373 -21.539064583175850487
-47.242827385249810845 -21.805540997547996795
-46.772911560389253793 -23.028525064221156526
-46.121978742772988369 -23.30566197089595093
-45.405189390351971213 -23.456834687412651874
-44.52867095837006417 -23.604874625341427219
-43.426153190345168298 -23.420807581714829126
-42.207371896566996838 -23.806886030865626935
-40.97697402066489758 -23.804125960477925616
-39.726574075217072846 -23.387305460571663929
-38.432913216098747 -23.556695111198187931
-37.236181190928547835 -23.324829403735531486
-35.968411824004128619 -22.994877552082805039
-34.655754167784706965 -22.539803096550773631
-33.356191806445167458 -22.020182935827460113
-32.108789259580959197 -21.399470542669615014
-30.957233896994537758 -20.724847285297940402
-29.903579817417092812 -20.011515881839141429
-28.873325353087569312 -19.212688766559057996
-27.872696554663150437 -18.325137553463218154
-26.991413960664289107 -17.435091255943962807
-26.394092841807044181 -16.763119973243561844
-26.750275626159091047 -15.477452938725575038
-26.639829593589404055 -14.533913098074156878
-25.45928062609933562 -14.381045471794905666
-24.498363479919156305 -14.123588585977094212
-24.130805078593695612 -13.486244071530640198
-24.16231556834301486 -12.512170650778715597
