-21.38023152516285208 15.015151840489121327
-21.620673075255087525 16.24124775440960633
-22.854165574715388232 16.707535422596937025
-24.344026580466600507 16.977669101756720949
-25.784020445385205988 17.264741935894292624
-26.177991665696087153 17.907133711351630012
-25.281223317929573113 18.999041246775572489
-24.841660116792169788 20.251303769460488269
-25.068357412565646314 21.691302698613966982
-24.993121727999952242 23.186576680234900039
-25.28694442380315266 24.601304172971630635
-25.817591224370765701 26.000759130865617408
-26.206794950444351144 27.449476344089443813
-27.160991774284806155 28.470800183760900381
-28.164186159514748908 29.405610857855656093
-29.226775143172556426 30.267744112872254192
-30.34666784869527234 31.055752032534609697
-31.395440857688871716 31.696169048327423212
-32.414203427112546763 32.237770672414598039
-33.859785468779108442 31.961021952482845165
-35.284728936295209678 31.725832332917740075
-36.494292682988138665 32.320842672623783187
-37.649899950072075683 32.783105359306098592
-38.909896774277726195 32.279757637264417269
-40.030579982883025991 32.59279899145044368
-41.021653701928215696 33.486944701904604926
-41.980959399968654111 33.090537224105510461
-42.935406906710305464 31.925733229440972138
-43.949614251492640449 30.830228717161062946
-45.0778995072612787 30.501293318858255788
-46.341343891657558629 31.221380002483428484
-47.746240971277543963 31.765021283700676236
-49.265837522813590965 32.035254383545080259
-50.618577973311644769 32.005520069131151217
-51.615628554408928608 31.442666427863390055
-52.511555340520558843 30.600611255825985069
-53.444309577119064159 29.474679190802717699
-54.735101021303158575 28.679016368710513518
-55.972200372320031647 27.894520254522351621
-56.914843341925795528 26.798336221182395889
-57.71240340546435732 25.728734263092690071
-58.286521741666611263 24.854754375358481866
-58.749879106788348793 24.067970756990355596
-59.182897432516355707 23.248741947090671545
-59.455261148111894443 22.106284700090260031
-59.767643135454569858 20.703675926176899225
-59.415126013078761957 19.373262449698700038
-58.940067337615779763 18.10179163748366804
-59.565115357653773742 16.907511015598718274
-60.465476958377529115 15.657296996033153391
-61.238370122701347498 14.325446733611054029
-61.250294520700983014 13.067703341374217629
-61.133099686920012061 11.820750763546641338
-60.910544288856428352 10.441353966515867668
-60.586489874898830976 9.0597608245024616735
-60.182203407529527794 7.7531427869962694643
-59.708758315879009615 6.5224398209189340392
-59.177888408936411224 5.3707568419367088808
-58.636844005513481193 4.3618912439894579336
-58.011073242519103133 3.3430105561869360997
-57.24271562211318809 2.2530168442088545078
-56.382165677799832793 1.1921584355501337882
-55.440542355567018262 0.18182793332634794581
-54.371476673563606141 -0.81317006292166382764
-53.203915914248099739 -1.7488555753291450401
-51.970925290616918346 -2.5938447357667122617
-50.724970980316030023 -3.3194784054353405622
-49.385830423963334113 -3.7192393792636742056
-47.931362999279400583 -3.4220831243777087849
-46.875958922306175225 -3.7152259019265483353
-46.378100148569714634 -5.0269857376517919079
-45.654049315844552837 -5.2031319528226269711
-44.852023093987476443 -5.365338797108538671
-43.856991904872550947 -5.473702195583675767
-42.606593792141417509 -5.4270788482172651612
-41.288806483121085478 -5.6852378804251095801
-39.962874663072852854 -5.4362111358333695676
-38.594549725717278932 -5.311614302551818767
-37.274759971139275194 -5.2782004155793202926
-35.946079314762712897 -4.9583004557579783977
-34.545690452489317579 -4.4870439623657549788
-33.145087876836960561 -3.9519632096836367907
-31.804281925028732303 -3.2930803207862240356
-30.57048428982893995 -2.5704056910934838243
-29.445081530742239551 -1.8009628338988719065
-28.3428565998812374 -0.92964343779935809664
-27.285812723543443781 0.035237296365570713874
-26.424111495326947363 0.93459737082473104408
-26.149900705283144475 1.8432999558219926861
-26.481333575436870831 3.1865579847841205563
-25.738026384505189981 3.7357170391094198791
-24.297713836544108545 3.7654012409827561925
-23.903344662754577143 4.4288305860762449129
-23.671625756131685847 5.2963560860366234451
-23.993471694893173662 6.5855322298627871902
-23.122926234447831462 7.5164509716744056789
-22.407014172261128238 8.5516530201825311508
-22.679905114840821057 9.9902889001458010654
-22.949275854198106117 11.489638478276425815
-22.641009990018744702 12.843387850148078044
