-20.136073014959034566 -13.903877124072121063
-20.393796066595665906 -12.476049560408663197
-21.499116396510466132 -11.442693477440666783
-21.840179547310551555 -10.313195077898027918
-21.085508919697510066 -8.9735297021280704399
-21.291138852177436291 -7.7120806301621440682
-21.983323761568644983 -6.3304125861528977026
-22.622078871657429033 -4.8935477041050088332
-23.757297921233714533 -3.8268384624825513285
-24.637948347554022632 -2.6055028774842896588
-25.240856794845530686 -1.209542268367956197
-26.286048020565011996 -0.14150551001644728899
-27.36999544281965413 0.81438454411450500459
-28.546640753604670238 1.7081611507197607125
-29.711109870058180604 2.4676005642989728983
-30.790873361252547369 3.0746532660301006956
-32.19679712470258437 3.2135333274741313403
-33.767719025009618861 3.4318220552034239823
-34.94015546869935207 4.4205407844945012741
-36.107734071015819666 4.9538944210533522039
-37.476665860474831504 4.9363609228402154372
-38.733444161810794526 5.3025840885567596672
-39.818566911639074135 5.3444977929217394319
-40.835180742344540761 5.3302992315726989148
-41.890421691052210917 4.6028604803246073729
-42.930623826269481924 3.3426970029010405483
-44.115625985943175635 2.7560148161324491412
-45.554181807363178791 3.2435252401832292968
-47.10961983913245632 3.2996906086417707726
-48.710867051940113015 3.2659957027759469739
-49.88234403346552881 2.7607175228699318836
-50.935450813699148398 2.1224612477773838748
-51.219245182606400135 0.68445768800374273688
-50.793731528574475931 -0.85043092646788198685
-50.269052839257035714 -2.3824692768549113886
-50.134799609966144374 -3.4606300047931717323
-51.245785347902881313 -3.0911748375299152869
-52.686571474433506523 -2.3383199395024800715
-54.122291303877950952 -1.6014385055998223706
-55.260943661068012034 -1.6712772381501643792
-56.156244141358826027 -2.800349182779973134
-56.851254884051094507 -3.8080282175867683492
-57.376503238812148311 -4.6686394683091858582
-57.839433037051954045 -5.5189373768630343164
-58.206359626767110171 -6.6280393532254038291
-58.501914745732698009 -8.126743019072570462
-58.19508127183856061 -9.5522407486953273548
-57.708844825476639073 -10.90758355369877286
-58.420424316699360645 -12.181288978699027936
-59.35516386412010803 -13.532552616733402928
-60.045495049913498065 -14.948513726024479809
-59.982663301795007271 -16.265300349988017103
-59.822731524071116382 -17.645273303879903892
-59.540630744033180122 -19.129022332787087635
-59.150497855363568078 -20.577163766955933966
-58.683082603306090164 -21.915116673965609806
-58.132447675436594636 -23.194710227356786447
-57.561387111324748389 -24.311798031294223676
-56.92771144913561443 -25.380973878564599744
-56.126215649236470995 -26.548729770788117577
-55.182886537287643591 -27.728016692200142757
-53.789004862662629591 -28.028652060217563502
-52.16018488083091853 -27.8778045117963309
-50.515604145124115121 -27.848476550926797302
-48.86810979090876117 -27.937590246793909898
-47.248341601654615829 -27.841441420134813711
-45.718482435307031153 -27.662974395731875887
-44.668028460790885958 -28.533567577141180749
-44.5011613262761756 -30.056797380834364475
-44.521422020342562575 -31.669914380820912925
-44.54168271440893534 -33.283031380807464927
-44.393771259323159484 -34.176262804750379587
-43.845686336490544477 -34.290253880700618083
-42.86953170700009963 -34.454115435563224423
-41.580137750602617075 -34.326757301281602963
-40.178424229991357208 -34.653762582223173183
-38.765610521554613399 -34.427046501056558725
-37.305983370305845881 -34.296245427773115466
-35.904348625113101434 -34.22030781821827361
-34.472154507668378187 -33.861317107258855685
-32.969186041611443727 -33.352972705010515142
-31.493998796771023763 -32.732764837548955938
-30.095246765233660824 -32.002084873236100293
-28.832616088935637322 -31.213863113054959086
-27.651231842521198701 -30.349047451072912907
-26.492848891200157624 -29.360211733793690314
-25.47568379078416001 -28.3530033419120997
-24.971378348361835009 -27.64087351593815356
-25.706720943193751339 -26.21287303539621405
-26.275444037700616207 -24.87067362201584686
-25.503605196903794905 -24.196717768284589312
-24.442207314689365916 -23.714604501698332228
-24.9767055480814264 -22.588569557491787521
-25.836170973777811355 -21.301224393889341968
-25.572792824662776923 -20.136373870110482187
-25.334040949883736005 -18.908824400100371577
-25.53641785737309533 -17.738186314955164846
-24.290013576731801948 -17.189396058967648884
-22.717441060679561815 -16.761846686011221408
-21.379492766749326194 -15.964453613105259677
