-0.60071770915298117188 9.8001804351806640625
-0.43010378565887208424 11.904811150069972925
-2.7218718862718702667 13.569331461916103621
-0.99509873048707575549 16.122867989599171779
-2.3791577794953546743 17.847768926115332278
-2.9920496858519882721 19.882036277554632875
-4.9438149567385476502 21.069230129133302398
-5.3695406831407375137 23.382591895531106729
-6.3654785284437842563 25.4474407989689837
-8.6926277594606879973 25.988786616347944403
-15.421558550303346991 18.517205401395990805
-17.248572145706290826 17.000435981459524726
-18.276805059085681648 16.501920809159116743
-18.680320244572087063 18.146244572921194305
-19.710407628049111395 16.878149388166193035
-20.454336166381835938 18.985964264103571963
-21.176956043890413639 16.675460731226980471
-21.55890992960932806 14.996800338113878581
-22.681530491914735137 16.654789124697458647
-23.662966528833852209 17.006885911890513796
-30.963947991980965924 28.003361006524123411
-31.840346021101261442 25.471685627735418223
-33.514033214986199027 24.304442776692827266
-35.569592198580743059 23.410020444760025526
-36.53653907199711881 21.484581405525986497
-39.601164961361561723 20.854609066316175614
-38.386314398628925915 17.784013042561269913
-39.202140306976673401 15.891711089096355991
-37.766137549400092155 13.479917254620000122
-39.291230393123427689 11.780016906059852744
-40.392806873958051028 9.8001804351806640625
-41.791829501741219133 7.5575195025892583089
-41.342019350761653129 5.3603665079170310648
-40.355502782703943865 3.3338993571668593674
-38.503000285198950792 1.7643966206318140166
-39.087397380294873983 -0.95762403800151929545
-36.794456380326266753 -2.0716094575723982274
-36.066962797774181126 -4.2574939002300578039
-34.131030766136717602 -5.3893275653116692325
-32.468042462060303421 -6.7352746933852785105
-24.991963248250641527 1.9407702223039740019
-23.652457565222452018 2.6170697964027898053
-22.305308835920012456 4.1034692504611873787
-22.375375195783369975 0.76238741775877905127
-21.15744940628416515 3.1104942626308904607
-20.454336166381835938 2.0301385936377611685
-19.747927543477182155 3.0792075678935137972
-18.763643965691333193 1.8461151687571017987
-18.11440022314851106 2.5986173849045339779
-17.143321738874856663 2.3635292861973047351
-15.927545628274428324 1.9595574305160310402
-7.7950449990197885342 -7.6238421737335038131
-6.2883927629058113951 -5.932692842446076753
-4.790145608907025121 -4.3039204650229265781
-5.9325268847041119358 -0.75052918731862661161
-2.1188785959365610267 -0.78580072072393214455
-3.5123900720986398483 2.2571401676890339161
-1.3034836139802195021 3.5776929322889765572
-15.320631623516110409 8.708984084623486055
-2.2691298043204497503 7.8888381875517401554
