-7.356907949986585038 -8.0322640914640501819
-7.6998567791535981186 -6.5465199804756633029
-8.8695921224059528498 -5.46099792587970434
-8.9256413097397384604 -4.2044975980806293947
-8.207259481586874017 -2.7805702908801253059
-8.7131968403590427386 -1.4631697238631165003
-10.090984640956021323 -1.0287515342168376264
-11.746035487936126174 -1.3823656977430114345
-13.414168836238607341 -1.7736597898836719001
-15.082423144462067555 -2.1641427840639662072
-16.755239369705645203 -2.524035798024735211
-18.424540186681365839 -2.7955065553774516296
-19.945574381425501542 -2.3794866423177833958
-21.436914075010761849 -2.0399033079301158722
-22.760907582097907209 -2.0388754862280462632
-23.862793760338078641 -2.2541593646476409951
-25.002515613690938778 -2.5352711846067572665
-25.176216446276107774 -1.1313977247761710654
-25.028136988786027217 0.58060356359663112258
-24.908578124828231637 2.2922663073153795033
-24.935355070920653731 4.0021920182429608914
-25.017411638006535668 5.7114615499734204818
-25.099635973289686319 7.4207290902647420339
-25.185740827369755834 9.1283475538584362141
-25.603047960768421376 10.695217321310023451
-26.683976516705207871 11.159910140444470272
-27.766025193899462664 11.162342941900615045
-28.886225092349359755 10.700865164541328411
-29.988506870276843586 9.3551798234920067188
-31.21524156551377871 8.5787213852371611011
-32.730225003776894255 9.048435706537782508
-34.382001719250311567 9.1170723797101711483
-36.082949754116484087 9.1070137862019144848
-37.269047356552121641 8.4895258179927566289
-38.371160488296020219 7.7308428641133879466
-39.352022295520633577 6.3949499849654722894
-40.807807576261005522 5.4894350533356357502
-42.145233509635474434 4.5373392491139394878
-43.187122376649242028 3.2781472880135407166
-43.979799904744197647 2.1585345815907395206
-44.553710516937258035 1.2318778871919278117
-45.047272888301634453 0.33183732058189896463
-45.434746422393182286 -0.85237169109447230575
-45.735747369183819444 -2.441425718188667382
-45.300640741781968757 -3.945332454459717475
-44.9988247983440246 -5.3681977019750313218
-45.927671580168073717 -6.7239184981875590452
-46.860227309584594479 -8.1991682393037539356
-47.252269247360814575 -9.6723083244860781349
-47.144591691470594697 -11.067270422627689896
-46.909484412419217847 -12.611546474547914443
-46.542654612279036996 -14.17592996779921144
-46.075341657263450657 -15.640121731822668849
-45.515052022832094281 -17.023956724389648798
-44.909724399124769434 -18.256915780838674834
-44.257819839940921725 -19.386706743840278477
-43.440759505257680928 -20.60031638148444344
-42.48048287442048121 -21.81763939958762677
-41.420877139617587659 -22.96484337504294615
-40.201233328942258538 -24.08869672529945305
-38.860696662973225557 -25.130418306989948718
-37.454311305023175294 -26.044255027121792523
-36.03821420788116825 -26.80697487666590817
-34.385376542936775479 -26.68153962155919956
-33.017201394678124871 -26.709667626647252803
-32.391701872697581166 -28.093544707882863065
-31.584703023977759528 -28.360531335472213499
-30.648555780428825557 -28.544064047768230807
-29.593396177881661657 -28.160987902453690879
-29.127373037070928063 -26.616990720483400423
-28.934093426679929451 -24.924234861945908648
-28.741641566001888464 -23.231027535497727143
-28.54918970532385103 -21.537820209049563402
-28.356737844645810043 -19.844612882601381898
-28.164285983967772609 -18.151405556153214604
-27.971834123289728069 -16.458198229705043758
-27.779382262611690635 -14.764990903256872912
-27.586930401933649648 -13.071783576808702065
-27.371083416617203454 -11.395556832414815318
-26.643555188311680126 -10.67258907801561385
-25.677784660710891274 -11.836992156742812909
-24.798360639936085192 -13.301695745978959096
-23.918936619161293322 -14.766399335215099953
-23.039512598386490794 -16.231102924451249692
-22.100204789306658881 -17.623968481515820628
-20.722107646903140221 -18.452259568025610292
-19.071997136799300421 -18.486644548513172737
-17.47673116836667262 -18.158909639926363866
-16.882359452638873165 -17.088460234748431787
-16.033262483332094916 -16.693895622974302739
-14.465965542910202757 -17.275318774312534487
-12.872151500508770994 -17.892552902296991135
-11.278337458107341007 -18.509787030281444231
-9.9996192970657560295 -18.9179129156740089
-9.6881675112555143414 -18.364650989712067997
-9.9434690400762271167 -17.046843983820323842
-9.4119424920519527689 -15.855983976495467758
-8.4263140513331524772 -14.755350485506516733
-8.6586441800563900273 -13.155856367381268512
-8.9282768935036536107 -11.464572834033267767
