-22.485052511780544648 -2.9211802482604980469
-24.866207308673054399 -1.0847506438670302398
-26.830490103848379846 0.37518443544370727594
-24.561895626703819318 2.8548425832654915624
-25.195730212896553013 4.7113486888699895871
-24.876385200093562133 7.1606751109686559431
-26.828149990084014576 8.3478708656045412795
-27.253877151158320657 10.661230731321181153
-28.24981354031114833 12.726080566092287327
-30.576963276677719961 13.267424501911232682
-31.751388785243477741 15.416532717212461989
-35.695137654780538128 12.000435928487281245
-37.652321552170519681 11.501920679712714701
-38.923435065324383686 13.146244647170881592
-40.783201206175576203 11.87814934796952393
-42.338672637939453125 13.985964264103568411
-43.872837036565812241 11.67546072042409655
-45.084471788404727022 9.996800428999025101
-47.0746901272277114 11.654789199760349661
-48.985075664659021299 12.006885950441493094
-51.751703803608556598 13.382673611017541049
-53.173121104880898713 11.991163495359030478
-55.39836781033359614 11.583082542051670316
-57.453926752315588544 10.688659296114414232
-58.420873644328892738 8.763222141416232347
-61.48550341231836569 8.1332477812426393626
-60.270648962117846281 5.0626514070630896924
-61.08647868729316599 3.1703513549891990664
-59.650472117517239212 0.75855631437381498827
-61.175564962702857486 -0.94134305361725068018
-62.277141438167035403 -2.9211802482604980469
-63.676164064434061629 -5.1638411952770155722
-63.226353909387455587 -7.360994201790906466
-62.239841153827647702 -9.3874625423194189011
-60.387334854323682976 -10.956964290186983035
-60.971735803159511136 -13.678984406885938085
-58.678790936348654839 -14.792970509909315169
-57.951297300964128567 -16.978855366695441376
-56.015365307198145217 -18.110688269594980682
-54.352380878318022894 -19.456634396014703015
-52.661540103042696614 -20.800917431171619398
-50.421281121597701258 -21.075019314363597545
-47.998013688660861931 -20.338839273463268142
-46.866243047342862837 -24.221745298628675869
-44.365071974041981662 -22.201124538130049046
-42.338672637939453125 -23.391042131459894193
-40.308977541894016383 -22.232411193249152603
-38.041451480674510321 -23.138017657326283683
-36.190375566570402555 -21.843691016737345478
-34.143180665431472676 -21.328559825937517758
-32.026647885937748583 -20.78213048120499451
-29.679380434068043826 -20.34520184331717374
-28.172727757709331797 -18.654053484250191275
-26.674482099639600818 -17.025281885015775885
-27.81686195897835745 -13.471890274122225506
-24.003214093799407181 -13.507161131070068549
-25.396724888364968109 -10.464220784803874409
-23.187819730066355106 -9.1436689498817536048
-23.866860727700139222 -6.8474841406094366647
-24.153465978134004644 -4.8325224985454848792
