-19.151495430174112045 -9.5204639140663136487
-19.33301189705230172 -8.1546407415996498003
-20.336288833409060572 -7.1638485006535574939
-20.933017418453193415 -6.1559474998617496055
-20.302474509147206305 -4.922594834364377725
-20.11699000337812393 -3.8077778744658656862
-21.207038512920920681 -3.0033972514016462618
-22.621018945795999144 -2.4623106206127753914
-24.087206231164888237 -2.1005025614410630652
-25.17421834985457707 -1.257862432293030297
-25.442380717173271876 0.10187303686019125171
-25.088932888486471739 1.5630483116097300123
-24.851562696246848105 3.0584747797019624649
-25.255829421828956072 4.2500858386626685359
-26.149890982200538758 5.0530671738196222265
-27.222107555077890595 5.8983411175833779794
-28.33623438497539837 6.6600738010773241626
-29.367144187096357655 7.2724074379826042502
-30.457065154192516587 7.7161756365892095744
-31.969488157937849593 7.6697402015466042968
-33.316403367811155078 8.16800803514866125
-34.313293145380100668 9.2069435913064090471
-35.481252025981682152 9.4556422898308838398
-36.793079541467001548 9.3477767906729365421
-37.927228131457752625 9.7464183902434307072
-38.927030823653637981 9.7781176125207380778
-39.881154259058249067 9.7617296549733225675
-40.8710952065339157 9.0751840940288293069
-41.844249380564171759 7.885742783337351014
-42.920909578482095981 7.1730140001092150825
-44.240892060065917235 7.5701308571530372404
-45.67510563145102509 7.779040114052581778
-47.174125346815309001 7.6603428795818437891
-48.457315664693155099 7.4337063131739284927
-49.45234410766742883 6.8669873548412034836
-50.328347454513014725 5.9760762972778369573
-51.295311616406493727 4.8775920696861509995
-52.597375593554474449 4.0973179321423982557
-53.807825802080458288 3.2886695528390639254
-54.746611685113975909 2.1863392657277014308
-55.527745424046429434 1.1292098583079557272
-56.091652223137494104 0.26414634889324339895
-56.550268390861127443 -0.52010680684283272512
-56.983961373114439652 -1.3468931384567000009
-57.238972869119912446 -2.523949512039263432
-57.546025154482855157 -3.9240120571139884831
-57.139007270583419995 -5.2493368875377228733
-56.717422704079432094 -6.5163410739416862683
-57.401637290973233974 -7.7080567414207683541
-58.290136339996223569 -8.9668442634305431937
-59.060572829508892312 -10.298771439294528207
-59.016608904120417378 -11.549061955903434651
-58.893261717827805057 -12.804143866869599933
-58.663494409742398261 -14.187709316535652704
-58.333086200414221878 -15.567087205807943917
-57.924685036350624046 -16.866050795969531606
-57.445738699214075496 -18.094882941671659893
-56.913882306495857222 -19.23612797679901476
-56.370457439558265378 -20.240071739815853391
-55.735767351626599009 -21.264210299153212702
-54.958697679689485938 -22.356277138372611546
-54.094292259008994961 -23.412029764848576008
-53.144666638206103926 -24.421524043675482574
-52.067771227960207625 -25.414087702252579959
-50.895390468494994707 -26.344109969888826583
-49.671106766834412838 -27.174893676406963294
-48.563445007971864698 -27.819681542032704158
-47.091966857071575703 -27.486914686437465605
-45.600016830135686519 -27.155219855836328691
-44.508018439395613086 -27.444665428543935093
-44.118929372534132938 -28.766794134723685517
-43.698854493821848166 -29.676196666621784459
-43.058485003235325905 -29.817810052813229049
-42.184711693144620881 -29.975946185982984105
-41.058689354660707238 -29.82989586248422853
-39.764554144946970382 -30.209047230263635697
-38.444989432503241744 -30.211955124239370463
-37.104406801470723565 -29.793266104905239189
-35.727405360455335881 -29.941704252956348853
-34.440273029638987623 -29.680403866599682772
-33.063278301844960083 -29.301023196411993155
-31.65375494274745094 -28.799294245120744762
-30.28193928396818535 -28.191771321720509036
-28.983646055361049321 -27.497214352195925358
-27.808397889048400486 -26.755799586695079739
-26.701548232100478231 -25.945646658943218199
-25.642245670456887296 -25.051960944571767698
-24.710189149693434274 -24.152056381427481568
-24.588354694936509048 -22.997400952611240399
-25.281029501597810594 -21.679968744974566164
-26.013643648152761756 -20.371291180414907274
-26.154168975214485471 -19.357145554734106696
-24.941629057877619857 -19.005320213371881266
-24.082172381520368987 -18.252768861093610298
-23.693764233081932247 -17.110589690796548012
-22.429314712229977857 -16.727084780577154532
-20.943250635332237408 -16.539797194310892792
-20.188246077429258918 -15.855935042654984102
-20.47608534211547493 -14.445782495451885197
-20.725674833108676864 -12.948927030063433818
