-34.403773870094127574 -5.9816555142886631558
-32.994321213373169144 -5.2677761893648646918
-31.53493576189327996 -4.595625155283418195
-30.075550310413387223 -3.9234741212019708101
-28.616164858933494486 -3.2513230871205220929
-27.156779407453608854 -2.5791720530390747079
-25.763359571865635189 -1.8503960343480085893
-25.065735934348879255 -0.60927576649715675661
-25.353287719290243274 0.85824578805581108742
-25.221357673279481304 2.3547674019045015115
-24.766419167204727358 3.9204490712728583546
-24.478061430768782714 5.5228069837042985668
-24.514472393205924305 7.1209845203155914817
-24.938800664338060642 8.7114280460378363813
-25.283757258967391124 10.295119583979865041
-26.209402693593794709 10.855252437804558951
-27.262789760947626405 11.413496344436612873
-28.854411498673886882 11.350200470338858594
-30.312300220085166558 11.835374302513011813
-31.38809735159659553 12.908130851588811794
-32.641797026291278883 13.169665665943821153
-34.098378490536859431 13.016833384510556826
-35.51101546391262076 13.461820981220757432
-36.71785018430811931 13.192079690146080395
-37.784956500053105799 11.964323568942585752
-38.882407129005784441 10.787507922099546676
-40.075967189835473903 10.431818659776263658
-41.393741795778623782 11.178051414274357001
-42.863887629748830932 11.450992783772958816
-44.46053283123288935 11.365255662216103616
-45.73193761865693574 10.996695154706216613
-46.786622308677721094 10.374106561789314895
-47.659139252443750934 9.2174460195971015253
-48.878534262790552134 8.2054431982551339075
-50.312314663717373264 7.4535435215520529084
-51.382868241338044868 6.3679472750445871299
-52.307798680315961803 5.1842690133823801091
-52.97287317649241345 4.203982175682092759
-53.484977592633796917 3.3528712785677967645
-53.947001230699186181 2.4916286826048690273
-54.263895259836331775 1.308816604808214823
-54.573352266240206632 -0.18589919994694148464
-54.151145085538878732 -1.6004908637071708633
-53.782705532248122893 -2.9459189940745531544
-54.599029927818733654 -4.217280417051122221
-55.508327826683135697 -5.5854430183701246904
-56.091725705192075679 -6.9948204181620905473
-56.018291396056518749 -8.3037435697529193845
-55.843457928564745885 -9.7049355471820177854
-55.546854087648860343 -11.188829277026234976
-55.14541201766800782 -12.625754382733667569
-54.667919859325223797 -13.954279989153631547
-54.110597396287275274 -15.219540414150456442
-53.53767696127006559 -16.318745026456241476
-52.887738740984460151 -17.395853389957558477
-52.078097546726098699 -18.55493336900845236
-51.160265724280307609 -19.686418356514369776
-50.146997647591149416 -20.763401556796594605
-48.990519095088821189 -21.818823794148720197
-47.72868243800462551 -22.799412337576299592
-46.405441681417357813 -23.668400323741828117
-45.072889770042664281 -24.402357659697401004
-43.553243058637178819 -24.461693583916236605
-42.125243707602145093 -24.253928211115130864
-41.376767410181656714 -25.261889909458826509
-40.723750317561297152 -25.98709248026194274
-39.91983427672033713 -26.160864485186777983
-38.919004718760838557 -26.329514586174589397
-37.629611699139545067 -26.202155874475700159
-36.2278999001309856 -26.5291612243210011
-34.815084961881701986 -26.302445112609511568
-33.355458273262762248 -26.171643435282746282
-31.953825176510875394 -26.095706438806750782
-30.521627906491868742 -25.736714807043195918
-29.018659666413835652 -25.228370326494424347
-27.54347446091492202 -24.608163019488646484
-26.136524236081321249 -23.872777113798047566
-24.829686184610309851 -23.05364818711985464
-24.150160574106052991 -21.983090500585383609
-24.145930972138049952 -20.391169082933206624
-23.630423769275754609 -18.92878160583452285
-22.943608995524826355 -17.464915241906865617
-22.115817965974461146 -16.511820596838916231
-20.608489741175361587 -16.638302889544277718
-19.019630959567916051 -16.899074196916060941
-18.66117579330887466 -16.326896547190209219
-18.580824610876138792 -15.318764033289532733
-18.693753422940456943 -14.013130860122897658
-17.60591003131037624 -13.061398517318361101
-17.261577817759320652 -11.793233444397046128
-17.995590103569423235 -10.545634278751796487
-19.434585686981915131 -10.054700198055330773
-20.999349573078703202 -9.7077230114614003753
-22.564113459175494825 -9.3607458248674699774
-24.128877345272282895 -9.0137686382735413559
-25.693641231369070965 -8.6667914516796145108
-27.258405117465862588 -8.3198142650856823366
-28.823169003562654211 -7.9728370784917510505
-30.387932889659438729 -7.6258598918978215409
-31.952696775756233905 -7.278882705303891143
