-19.620071814148708711 -5.4147281646728515625
-19.449463076877115952 -3.3100967286438858217
-26.67520708952405073 -2.6943254977675468176
-24.561895644658996218 -0.56959095045575924843
-25.195730212404725989 0.94223025953505157304
-24.858221518146638829 3.0235176691954244177
-25.669820911605334857 4.6143726748990889774
-24.778100472228700824 7.8172427822865770963
-25.384838688417083574 10.232533237889752442
-27.711982578524064991 10.773877061956916634
-28.886406000113737491 12.922984219953697504
-31.561379083055633998 12.356615153919520367
-33.617649681532981276 12.608322094864320206
-35.528434554284302749 13.146244635846624504
-37.656141229556659766 11.87814934375532161
-39.47369384765625 13.985964264103568411
-41.26994305864888446 11.675460736039529053
-42.749514376776104996 9.9968004903908269654
-45.019914843278897365 11.654789214677961695
-47.230295849958075394 12.006885950008342689
-49.983301712756983193 12.78845249084891833
-50.859705556204033883 10.256776113092328728
-52.533392789635023234 9.0895351430960733552
-54.588951809755961619 8.1951108661854750181
-55.555894854045689613 6.2696742250038788313
-58.620520706779728926 5.6397000390021219118
-57.405670173478000606 2.5691037253782811334
-58.221499896506543337 0.67680332091695660779
-56.785493327234036087 -1.7349916020385385274
-58.310582359601880853 -3.4348910475164169398
-59.412162647883832278 -5.4147281646728515625
-60.811181456421309122 -7.6573891405396015131
-60.361375119104252462 -9.8545421182032590934
-59.374862370028168357 -11.881009961939771102
-57.522356061885318468 -13.450511734602754288
-58.106753078968452542 -16.172533960288518529
-55.813812152782809051 -17.286516986564546272
-55.086322423494806344 -19.472402697301124164
-53.150390383117851911 -20.604235662794284423
-51.487402093011347404 -21.95018183197424122
-49.796561292759882633 -23.29446678964222528
-47.556302330179228477 -23.56856675444424809
-45.133034981073009817 -22.832390500866377891
-44.00126840455116195 -26.715292667466311372
-41.500096881129941551 -24.694671990036699327
-39.47369384765625 -25.884589571035089506
-37.444002457881666146 -24.725958621428265616
-35.17646875045949173 -25.63156507028204345
-33.325396771201226898 -24.337242269357272306
-31.278198035348253825 -23.822107254336248872
-29.161665211014035748 -23.275679787747062477
-26.81439962305256941 -22.838749200514328663
-25.307752891558052966 -21.147601022360795753
-24.198705364871130996 -19.168388276279081595
-24.951886918026637829 -15.965436670054806712
-21.138233404523226966 -16.000710492466318158
-22.531746110969187669 -12.957768253324697838
-20.32284284741819036 -11.637216390338419814
-21.001885742916794442 -9.341032013751387808
-21.288489093412788833 -7.3260703979590307
