-25.146381781189724336 -1.7924010801085856759
-24.866207309909821532 0.15412870580688209365
-26.83049006257726532 1.7266227636172222226
-24.561895650842693328 4.3239855713756769617
-25.31101798805869052 6.2551867004325210075
-25.92390869820618704 8.2894535678784091459
-27.875675371034880357 9.476649288928911119
-28.301400648808467508 11.79000918797988362
-29.297339023682386738 13.854860047178220839
-31.624488683401825284 14.396203913837677391
-32.798912256495050599 16.545310205427565364
-37.245228373690579815 12.000435896927289292
-39.066609020908607874 11.50192064774042322
-40.210891735755332377 13.146244680750511336
-41.94936188710227043 11.878149358209897812
-43.386196136474609375 13.985964264103570187
-44.818225542921126703 11.832441265177353173
-45.892069282669801566 9.9968005607306213989
-47.755453266073445207 11.654789234131381903
-49.530031949944053338 12.006885915709373691
-52.147532288701647474 13.382673473595030345
-53.400541849139742112 11.991163540859419712
-56.44589131888119482 12.711861944352344622
-58.501454095554812795 11.817437720430090664
-59.468397142520224463 9.8920005995310713587
-62.533026916296392983 9.2620262294569144501
-61.318176269395308964 6.1914308317540589499
-62.13399837586202068 4.2991297980704210602
-60.697999414564122844 1.8873350865809466193
-62.22308846156620632 0.18743557971567437193
-63.324668751399457278 -1.7924016714096069336
-64.723687563870782924 -4.03506249063897382
-64.273881232144560727 -6.2322156993392248125
-63.287360825674809917 -8.2586836447443090492
-61.434862160418568067 -9.8281858485765472011
-62.019259266489164872 -12.550206963896366474
-59.726314438802269535 -13.6641910932001025
-58.998824697362259428 -15.850076816688988046
-57.062888804430670575 -16.981909813126279118
-55.399904375609047236 -18.327855939277018393
-53.70906750698273413 -19.672138921159959324
-51.468804620416669593 -19.946240856595629509
-49.045533713575395041 -19.2100626123478051
-47.9137665437246838 -23.09296684144478462
-45.41259916576432687 -21.072344185911024539
-43.386196136474609375 -22.262263673818292631
-41.356501045842207986 -21.103630828827849797
-39.088974980019990824 -22.009239199856921232
-37.237899062017646656 -20.714914465441051306
-35.19070416429747894 -20.19978136844321881
-33.074171386083548896 -19.653352024493297989
-30.726905940263876005 -19.216423458556526782
-29.220253228719705874 -17.525275085248832596
-27.722005601370582895 -15.896503430923500488
-28.864387337989882099 -12.343110825819803011
-25.050737619557629898 -12.37838367425452013
-26.444250268075499832 -9.3354422683761715263
-24.235348953656984605 -8.0148900246655170321
-24.914386127633026291 -5.7187056549710337805
-25.200989477731585708 -3.7037438125936068545
