-26.710199759094997773 -9.8596858978271484375
-26.539585300277657609 -7.7550537417838576459
-28.831354096551752519 -6.0905344811776256364
-27.104580197474366088 -3.5369968726049911822
-28.488639826583572301 -1.8120976517207925127
-29.101530546444955405 0.2221701728167158052
-31.053297180492517526 1.4093652569228485305
-31.479022509184034107 3.7227258170678112492
-32.474960911317474199 5.7875755047354555671
-34.802108617281177771 6.3289188528078526019
-35.976532242112732263 8.4780280353220653922
-38.651505014228945356 7.9116592807306815871
-40.707771889726593884 8.1633653106058190474
-42.268222827009537923 10.349510825835118055
-44.538610338770638464 9.4089015186117066492
-46.563816070556640625 11.626279319950736379
-48.567722075700771711 9.2062129250042659123
-50.189978261278639593 7.2000666629427811927
-52.469533926260346846 8.3162339469877757381
-54.47899888162156401 7.9181093487752889359
-57.07342786458890771 8.3434961222529260283
-57.949827771973644985 5.8118179082816876502
-59.623515012535413859 4.6445774099417764802
-61.679074022591322546 3.7501543363024190114
-62.646020883993429607 1.8247166215880863405
-65.710646812958700025 1.1947428874161030166
-64.495796202655668594 -1.8758535120272545882
-65.31162974084985251 -3.7681537917183476338
-63.875619362594846962 -6.1799486094135911429
-65.400708398930234466 -7.8798480818815264115
-66.502292500178754153 -9.8596858978271484375
-67.90130750426379791 -12.102345822546462628
-67.451501167868258335 -14.299499798824010455
-66.464992256030086537 -16.32596759135455855
-64.612482096116977459 -17.89547042899152629
-65.196879282717361548 -20.617488544637488701
-62.903938194438509868 -21.731476621482059386
-62.176444694238085731 -23.917358469971873092
-60.240512606018242536 -25.049193395948581298
-58.577524315911738029 -26.395139565128538095
-56.886687449397939531 -27.739422546719893603
-54.365670438694095878 -27.382930245202601327
-51.774502982613839208 -25.896530835817191729
-50.682718008122897402 -29.237612522078723742
-48.353723080854727812 -26.889505750942301887
-46.563816070556640625 -27.969861406362237943
-44.534128385609420775 -29.170916343034786422
-42.26659884674090506 -30.076522855297266545
-40.415518997007886526 -28.782198096107240559
-38.368324091431631473 -28.267063088372285762
-36.251791312112359833 -27.720635650214859425
-33.904525852559885379 -27.283707073099154883
-32.397875114458443591 -25.592558755515092628
-30.899627421729455534 -23.963785130543364232
-32.042009047957023427 -20.41039618259549826
-28.22835942540957177 -20.445665335652819294
-29.621872076889182779 -17.402726779162655646
-27.412965070318580985 -16.082174123492716689
-28.092007965817185067 -13.785989746905684683
-28.378611324812581529 -11.771027258305437613
