-2.8552228395977001796 -7.4840240684591305964
-3.2903889273203801302 -5.9435315352098303521
-4.4824376689172913402 -4.7959344256870188872
-4.2513791043263573499 -3.4120014851126283517
-3.8145276596064690011 -1.948958192459919303
-4.4691754782532226997 -0.44343457650361756128
-5.2088521344250029443 1.1718947357151547894
-6.4206387754597340489 2.3833298861889535836
-7.9913671065735725207 2.4500560107435038759
-9.5475179819537956405 1.5765950657015661562
-11.102546605488475606 0.65232584524968284523
-12.657575229023153796 -0.27194337520220046578
-14.212603852557833761 -1.1962125956540836658
-15.762400240355921355 -1.9411087408590010916
-17.342059926562413352 -2.0496589003395140338
-18.675579509944377321 -2.01386562535282998
-19.841808083735500645 -2.4566918403335256116
-21.036863857410324385 -2.9678993988691235728
-21.651204188236118142 -2.4260726413163871129
-22.366071851623811284 -2.3206700421805273038
-22.843546127443350002 -1.6944765924724971562
-23.233074511122186578 -3.1844946712184158955
-23.613085784919757515 -4.3989148959942232509
-24.393006081485847147 -3.3059258031116796062
-25.209024095793157727 -1.6787414090633372421
-26.006977769228754482 -0.057311665123626759355
-26.804931442664344132 1.5641180788160840009
-27.602885116099947993 3.1855478227557947335
-28.400838789535548301 4.8069775666955045779
-29.198792462971141504 6.4284073106352161986
-29.997394733452527049 8.0489748512515788548
-31.04359892616309935 9.3403962731806071673
-32.403162874198756072 9.1947377602664310814
-33.593335244594285882 8.4857368050008972205
-34.597885691926968832 7.1292551144985401024
-36.081360021684865558 6.1061036289947621114
-37.548606994402447867 5.142473600272950307
-38.656586626611172619 3.8163085097670830237
-39.49738356658831151 2.6296066554498569445
-40.097206685995942621 1.6543899500192242868
-40.618809511485551411 0.68898550115259027393
-40.970244883937226632 -0.68158697647703858635
-41.219876591408755928 -2.3491657874006497408
-40.574612793228752139 -3.9155590123013417347
-40.779405011702451134 -5.3842275422266041573
-41.860050636614133168 -6.8601297907301610479
-42.197447033552379025 -8.1195382744035846656
-40.748877438127145467 -8.3444288135039954568
-38.941227721143185647 -8.3561544189980612174
-37.133578004159225827 -8.3678800244921305307
-35.325928287175266007 -8.3796056299861980676
-33.518278570191313293 -8.3913312354802673809
-31.71062885320734992 -8.4030568409743349179
-29.902979136223400758 -8.4147824464684006784
-28.095329419239433832 -8.4265080519624682154
-26.287679702255481118 -8.4382336574565375287
-24.589474842386778164 -8.5524894123019237213
-24.524875685642509637 -9.4026227674819313762
-25.912578799750633607 -10.48686221034739674
-27.3653749313269401 -11.55658544082151451
-28.81817106290324304 -12.62630867129563228
-30.270967194479549534 -13.696031901769753603
-31.723763326055852474 -14.765755132243871373
-33.176559457632158967 -15.835478362717992695
-34.629355589208458355 -16.905201593192110465
-36.082151720784764848 -17.974924823666235341
-37.534947852361064236 -19.044648054140353111
-38.719702174604748279 -20.199334166808085911
-38.008224517155156263 -21.283814362613185267
-36.885803456448819304 -22.498839779643141412
-35.585713016417678034 -23.685029425524426472
-34.154667513822147384 -24.774338960942053234
-32.663365311007275693 -25.712617957312314587
-31.115616027830316881 -26.371094236795205035
-29.366882213615546959 -26.007677352989599484
-28.063668497385091172 -24.962337011806525311
-27.215121414380018194 -23.385523396375447192
-26.39125697011244398 -21.779880488928689886
-25.565729077029537564 -20.174786642991957564
-24.688376832163914543 -18.586798677671154678
-23.718975640869093269 -17.409730515189906441
-22.584655389517340751 -17.492347965924686548
-21.34002267600045144 -17.513920286454272457
-19.970205601762302194 -17.679591822365477327
-18.287864636888674141 -17.745127783489536455
-16.527301088856944489 -18.277526105007712687
-14.876112814322418387 -19.066224537303305908
-13.435778483382129878 -20.168927534778752886
-12.021233041660940088 -21.309124606009607561
-10.606687599939748523 -22.449321677240469342
-9.4343401018111787693 -23.237936520842609411
-8.6531384368865502665 -22.500395771291749725
-7.7187653106757903032 -21.503656971288201305
-7.8475122385581990159 -20.092828517956586865
-7.5552305451354850874 -18.990743356074737846
-5.8926110907069872979 -18.90152477385539953
-5.3419548612581522207 -18.145435800733814347
-5.3197457919469099963 -16.941635169513592274
-5.143228214537458598 -15.564361673964178578
-3.9960100735558956586 -14.447423984180110423
