-6.4671758605511602269 -7.7438764779869337929
-6.9023420037257015025 -6.2033839428029171614
-8.0943908579773466982 -5.0557868286583058648
-7.8633321470520591845 -3.6718538924217805075
-7.4264813158248230707 -2.2088108368153882566
-8.2162388051967081282 -0.94492512577755860548
-9.8115025968990536853 -0.92742457198345873426
-11.559582395330858517 -1.3700976642001478911
-13.308062497644073119 -1.8139761883644756058
-15.058328088074992124 -2.253080006421176229
-16.829925891436626983 -2.6351377728353728713
-18.545130441102433139 -2.7298979419254862933
-20.076812702960058488 -2.0678719400544074425
-21.602541939325284659 -2.1254824848360605039
-22.722620785623888651 -2.041053043475510087
-24.020317599181129964 -2.9498164239758954963
-24.765005994198286743 -2.4011420740588982348
-24.877562995209107299 -0.63063137728717111319
-24.952523738811059673 1.1709082376187069929
-25.030067834295451235 2.9718186725723150232
-25.194651744017601658 4.7696640167600561355
-25.452637488297884971 6.5642202328272185596
-25.715694408195830079 8.3585978683942503409
-25.978751328093764528 10.152975503961288339
-26.262186638056665089 11.40807071059726141
-26.933651065823127624 11.400774629878615229
-28.093991667192891981 10.822720956307170681
-29.264887780133538087 9.4113246378444266327
-30.621475782012403499 8.8628204700388888426
-32.267093862634567358 9.3791180419331894313
-34.043277277346469134 9.3080919889648914278
-35.672375538781963655 9.1189754920403878202
-36.871382923050127545 8.4361751435993994619
-37.891400392868000324 7.2391403013420223544
-39.250516239413265396 6.0937956126682637503
-40.83733438610892108 5.2288447583881580982
-41.974825161097768955 3.9312610134467611545
-42.909431907136166728 2.6689350563912377368
-43.556533007319636397 1.6548272994296091554
-44.085857783445234759 0.71032451418614428462
-44.553006155186523074 -0.47191167685944990229
-44.83513844417671379 -2.155014126547138531
-44.389166336443977912 -3.7482454206169517619
-44.164854516614212798 -5.2477511233138551816
-45.188030130226856329 -6.6927900251218206407
-45.898067216104259103 -8.1302833779736420894
-44.864148283644894377 -8.5981339078552387889
-43.06782117606242366 -8.6121281189973828418
-41.267104844673809794 -8.623509455535385726
-39.466388513285210138 -8.6348907920733868337
-37.665672181896603377 -8.6462721286113897179
-35.864955850507996615 -8.6576534651493908257
-34.064239519119396959 -8.6690348016873937098
-32.263523187730797304 -8.6804161382253948176
-30.462806856342183437 -8.6917974747633977017
-28.674409920846741784 -8.7210006960599031345
-27.850509533867125356 -9.2946390863934613691
-29.01455219786405948 -10.375293727091305485
-30.470079121182077841 -11.446593677101594366
-31.925606044500099756 -12.517893627111883248
-33.381132967818111013 -13.589193577122170353
-34.836659891136122269 -14.660493527132461011
-36.292186814454140631 -15.73179347714274634
-37.747713737772158993 -16.803093427153036998
-39.203240661090177355 -17.87439337716332588
-40.658767584408209927 -18.945693327173614762
-42.041930742788046871 -20.039843534336156949
-41.953090580585026714 -21.141435162247205426
-40.890711234051323686 -22.355950766897315418
-39.648729695788105687 -23.556801430321133495
-38.254955793358760729 -24.685077660071144123
-36.77289683967160272 -25.679617507604124427
-35.274737270559100466 -26.505123697480186706
-33.544934370121218592 -26.452443865365104614
-32.105721180854715158 -26.503480810277103785
-31.444430677337059876 -27.939913370921182434
-30.570994211949525265 -28.1476763509704071
-29.536762777058800822 -28.340981342508783314
-28.167017472151741231 -28.229276237474824285
-26.742481881877978367 -28.588305046566347301
-26.125776586503427268 -27.526504186665945895
-25.827991594443655998 -25.747809692150610772
-25.531044116745292172 -23.96735321269197172
-25.232313040981818375 -22.186675805118383664
-24.878014392166033275 -20.399115434725235474
-24.385900300482312275 -18.645877537981501604
-23.191841821659547662 -17.638770514075396534
-21.393738029335235495 -17.921610932945192474
-19.624236430031960055 -18.463770678021191429
-17.824302097935891709 -18.46325331070489284
-15.961831381198246405 -18.305674304962458621
-14.164751362939876245 -18.587820036131887491
-12.396116163721229597 -18.988290536470540104
-10.60411653353386896 -19.151568993460021062
-9.2413776781204077793 -18.899126944511230874
-8.7628124173294317245 -18.057940815550416858
-9.0749445554292851313 -16.601967404887744806
-8.2575546108460482486 -15.416126059292473371
-7.5202286574423817811 -14.125828213754274998
-7.8940786985958419919 -12.364579506169572909
