-26.172317907898708711 -9.5050897598266601563
-26.001705356096568522 -7.4004580837929188064
-28.293472262143936291 -5.7359387410307407507
-26.566700252012832806 -3.1824009779900803707
-27.950757979716613022 -1.4575017424150562562
-28.563650601910683946 0.57676611591285364966
-30.515415358922556521 1.763961316491192477
-30.941142563566366164 4.0773217146839186853
-31.937080979983029749 6.1421721308400503148
-34.264228673665151348 6.6835159446509493364
-35.438652261886971928 8.8326227218081712067
-38.113625089759096909 8.266253520010089062
-40.169891960585715651 8.5179604997105116126
-41.73033895430364737 10.704107893244273697
-44.000730391823495324 9.7634986099607417032
-46.025936126708984375 11.980873550602591848
-48.029842135962866223 9.5608100162471210126
-49.652098342247704466 7.5546637493426302967
-51.931653969958432526 8.6708291353605808638
-53.941118918646296265 8.2727035879433046262
-56.535547952308114361 8.6980908115167991923
-57.41194784238754778 6.1664149895948643376
-59.085635074409154299 4.9991740196278549035
-61.141194080756676499 4.1047502336486569874
-62.108140939801941727 2.1793126408525225202
-65.172766877955709219 1.5493388163820913661
-63.957916257164654894 -1.5212576087543112635
-64.773742177069564718 -3.4135579212571833807
-63.337739407588237839 -5.8253528957515054998
-64.862828452456980699 -7.525252395737310529
-65.964404926936566653 -9.5050897598266601563
-67.363427553203592879 -11.747750706843177682
-66.913621237153989796 -13.944902645361480609
-65.927104649080902732 -15.971371557093579696
-64.074602147958984233 -17.540873346997873483
-64.658999244988379473 -20.262895430267192864
-62.366058255069084737 -21.376879523643488312
-61.638564678626096338 -23.562765272696701402
-59.702632672591661844 -24.694596294890597932
-58.039644382017129942 -26.040542466222419193
-56.34880749221720464 -27.384827370091578302
-53.985657975395398012 -27.382930223427212724
-51.351838337920170829 -25.896530836583899315
-50.220208771278414872 -29.237612539417167312
-47.853109041949110747 -26.889505737556852694
-46.025936126708984375 -27.969861406362237943
-43.996248444648706766 -28.816319251663408352
-41.728714959720115019 -29.721925736314084077
-39.877639051707092221 -28.427602911308920142
-37.830444150230782441 -27.912467905224549014
-35.713911381149856084 -27.366040473327938543
-33.366645873854594129 -26.929109956098798762
-31.859995142852749694 -25.237961638846840629
-30.361747554581647535 -23.60919193874962474
-31.504127310792384264 -20.055799247871803459
-27.69047955415676654 -20.091072184413256707
-29.083990274419157629 -17.048129796928812141
-26.875085126470924735 -15.727577985492228407
-27.554126130037197129 -13.431392727758900918
-27.840731372465523208 -11.416431993112839294
