-0.0807811997225726941 -9.7473211288452148438
0.089832730815313510675 -7.6426899332482332028
-2.2019353892673301232 -5.9781705555400339591
-0.47516713229427409715 -3.4246330477121365021
-1.8592213399639199167 -1.6997338236162757852
-2.4721131238951805642 0.33453405723275686512
-4.4238786024426932642 1.5217292375164355178
-4.8496041226211357156 3.8350896174321515986
-5.8455419946539759479 5.8999392599695319461
-8.1726911977317637792 6.4412831448684819691
-15.162871568335436478 -1.4827945770225170463
-16.930105624843768908 -2.9995641673978630237
-17.903895255606169457 -3.4980792745341542371
-18.256570815401502728 -1.8537553219619331557
-19.238035089182478288 -3.121850662684678035
-19.934398651123046875 -1.0140357358964298129
-20.609460518645658311 -3.3245392499409351927
-20.942791994665714839 -5.0031995646359606056
-22.01457209731145781 -3.3452107000478354948
-22.941563431079085689 -2.9931140988811071324
-24.628254733391422349 -1.617326536405608195
-31.320410345409278818 5.9241822056072752645
-32.99409758165902673 4.7569412355525315661
-35.049656611209755397 3.8625181426673584895
-36.016603462153042869 1.9370805594176516706
-39.081229433666266004 1.3071067077029976389
-37.866378776648652149 -1.7634896819555025971
-38.682204698463038994 -3.6557899962350761669
-37.246201920843347466 -6.0675846891084628254
-38.771290974245452787 -7.7674842166121376152
-39.872871266047894778 -9.7473211288452148438
-41.271890077617655379 -11.989982075861732369
-40.822083748434664585 -14.187135029842076861
-39.835567173494965232 -16.213602926112134384
-37.983064672373053838 -17.783104716016428171
-38.567461769402441973 -20.505126799285747552
-36.274520770526677893 -21.619112812338208585
-35.547027203040158838 -23.804996641715256089
-33.611095155321422112 -24.936831516139132958
-31.948106906431195995 -26.282773835240973881
-24.733281294192074995 -18.059229606270442048
-23.333989414834078957 -17.382930228759860825
-21.932398842105634174 -15.896530895075514422
-21.951619660894245101 -19.237612558676634222
-20.685071604951900781 -16.889505739916060634
-19.934398651123046875 -17.969861406362241496
-19.180437343730545763 -16.920792371595322123
-18.14753075162699858 -18.15388492660757791
-17.447442302248969526 -17.401382593756355988
-16.421924421877736933 -17.636470750714494216
-15.146363631582431708 -18.040442738319466542
-7.2751083982686584051 -27.171341325117353449
-5.7684563015448357959 -25.480196880899381284
-4.2702091023011039539 -23.851423282201565712
-5.4125904321622009263 -20.298032361413014257
-1.5989420785708290396 -20.333303553431811395
-2.9924536232570062566 -17.290361143394374466
-0.78355200485764342488 -15.969809363231668442
-1.4625892382430158989 -13.673624992797954292
-1.7491932865042620904 -11.658663367576325598
