-34.562867703449541068 -6.1867615015492871677
-33.059672600145049159 -5.6500317046644648045
-31.533001280961407531 -5.1360991551299788327
-30.00632996177776235 -4.6221666055954928609
-28.479658642594117168 -4.1082340560610077773
-26.952987323410468434 -3.5943015065265218055
-25.4263160042268197 -3.0803689569920358338
-24.038036079521543087 -2.5636761396627867349
-24.221207987460882549 -2.0037615101556482955
-24.987190268847150776 -1.042182019446312502
-25.200469306437295103 0.40745478374825733203
-25.37979668673586886 1.8698184140126334896
-24.94021414015900362 3.3893834062340806312
-24.594242606477934032 4.9506093434420819221
-24.419941121136755413 6.530800920484763239
-24.705421243996710245 8.0952898783234328306
-25.168958462473895565 9.6501460463012964652
-26.016827286677990827 10.524062698270455485
-27.022492510373055552 11.091580006164285521
-28.393054625679134517 11.269053693087709433
-29.974929917847504157 11.449269263089068005
-31.174546268947175065 12.39374386824404084
-32.326464786919913763 12.989288022309136039
-33.697364795959956041 12.988643441132667888
-35.118209372650532885 13.212610376517771371
-36.394963119480649993 13.39707203246950229
-37.465905759082680504 12.638435772788175981
-38.519315032419669365 11.426046499152800351
-39.651138043339678063 10.445743413125615717
-40.935585300853553292 10.708739073914381734
-42.34260345361360578 11.358560176664013852
-43.907362970717521478 11.298881562488276131
-45.423521369556986826 11.217852454366081361
-46.507493194505833856 10.622725210583190858
-47.505195917982980802 9.8201035891289389923
-48.463044917166577363 8.5899989733593411501
-49.836693815612996161 7.7396487471207562336
-51.12420528328243563 6.8719656899582552967
-52.119091981695888194 5.6924073749208581319
-52.916514944930327147 4.5944729184371766451
-53.489603942215765642 3.6955758569333756469
-53.963781673804732009 2.8614750211733834817
-54.43745043514336146 1.9211193048285792884
-54.668841284984239337 0.48325293750257303227
-54.723972612597790999 -0.97710180676600710825
-54.0773070897488779 -2.3568304781741327147
-54.347287779646265449 -3.6555631241121764319
-55.328195351459726226 -4.9570471298692133644
-56.165040109672609958 -6.3710009158831235609
-56.313129960701516552 -7.7290757649873462753
-56.194067925490067239 -9.0542116289620970804
-55.957005456472700189 -10.522546741823624927
-55.604816047705526216 -11.993064004373222176
-55.164923529402813074 -13.370830587644949361
-54.642686171267399686 -14.676879079753595292
-54.073800157566978442 -15.859474688967269529
-53.477895600550986899 -16.920773168896221961
-52.75038385886286818 -18.042223356869858009
-51.874575901976207604 -19.205565123296484131
-50.918959931853578382 -20.299424079264646537
-49.832562355530647835 -21.370464555031478682
-48.617957024018402024 -22.394356122859992553
-47.317597884064774405 -23.324082541148786873
-45.989541154803468714 -24.123715669042326226
-44.591179645903345374 -24.644277755395954443
-43.034686985503107337 -24.352476431661550293
-41.913160454485080209 -24.673454904411425304
-41.358748391506743758 -25.964191677332099317
-40.586995291455707502 -26.147796050059856299
-39.692528210426260671 -26.320703427410442998
-38.548355699511944294 -26.2522909734982548
-37.181489879656609787 -26.556803046522446721
-35.773344483202080824 -26.594697690548709801
-34.342565663238559637 -26.175786039501595326
-32.882938111767117562 -26.300963347994482433
-31.501628960095025889 -26.007583083548944103
-30.020487506874754757 -25.565313502360265119
-28.521580026825393617 -25.009283381570657667
-27.076176823411323369 -24.325490307741286955
-25.699705888202544202 -23.534510475341896552
-24.541565554279220152 -22.748519382393819654
-24.163271055307347979 -21.561751103024796805
-24.063603753614792424 -19.956431645104000694
-23.56715779320498072 -18.436594630242751691
-23.059201475446847951 -16.96458969229668412
-21.941571145909399831 -16.504683190884097854
-20.357227720714305974 -16.768741370703320825
-19.146122255384735666 -16.810866303102329766
-18.780349576121135868 -16.167792655395231805
-18.992436723605887749 -14.9452411799125926
-18.669370999154125457 -13.771118216523902333
-17.736541854565274434 -12.951725710998806207
-18.572981067334389138 -12.365283322499800889
-20.089526083576306092 -11.857036471708626735
-21.60848282252557695 -11.349066910058262181
-23.127439561474847807 -10.841097348407897627
-24.646396300424111558 -10.333127786757531297
-26.165353039373382416 -9.8251582251071667429
-27.684309778322653273 -9.3171886634568004126
-29.203266517271920577 -8.8092191018064340824
