-35.802747481001084395 -6.6191887855529785156
-35.805224625935409222 -6.4942458944406293853
-19.445201856166946186 -2.8890825754055264873
-23.878311424783550621 -2.3576512783284986341
-25.195730214224880683 -1.366271814433151377
-24.858221511458360453 0.38739048371037831942
-25.66982098613988228 1.6082892890227533655
-24.778100452487318961 4.3800326773537392455
-24.29375518465653272 7.4858391704825013591
-25.23226723198747834 9.5694169184613642187
-26.406690724709271478 11.718523163739583026
-29.081663697086781895 11.152154038981311857
-31.137932434247701963 11.403860999536295395
-32.698379423815673306 13.590009345036026644
-34.968767162943414917 12.649399119958111726
-36.993972481837872124 13.985964264103539989
-38.916820314467834407 11.675460739507901309
-40.525812918712176725 9.9968004863550454786
-42.899690768663553797 11.556729585003417071
-44.909163108947602439 11.15860412576409999
-47.503584468640596583 11.583991387056592259
-48.379992044876004798 9.0523160209147750521
-50.053675540717748049 7.8850749939015365442
-52.109234555117289744 6.990650245305348065
-53.076177599407017738 5.0652136041237518782
-56.140803441255314965 4.4352396753952287867
-54.925952919661000351 1.3646432218619271026
-55.741782642874724729 -0.52765706464339157122
-54.305776078174844201 -2.9394520107494690464
-55.830868918765574449 -4.6393514214636288884
-56.932445393245160403 -6.6191887855529785156
-58.331468023118461019 -8.8618492214208952618
-57.881657871032281548 -11.0590022313523626
-56.895145121873213157 -13.085470086027896741
-55.04263880509148521 -14.654971883486300754
-55.627035871270464895 -17.376993069353545707
-53.334094900383256288 -18.490977127525631829
-52.606605180816856659 -20.676862828060365018
-50.670673133689717815 -21.808695802145663833
-49.007688712843282985 -23.154641932589331788
-47.316844044787750079 -24.498926929836269295
-45.076588868703737489 -24.773026908074808006
-42.653317714620719414 -24.036850648747822845
-41.521551158525838332 -27.919752809678453076
-39.020379624969827148 -25.899132134239579273
-36.993976593017578125 -27.089049715078058256
-34.964285204686461839 -25.930418765622949451
-32.696755429270019988 -26.836025239566524192
-30.845679517289120497 -25.54170241363631888
-28.79848269862447907 -25.026567403083625152
-26.681949901916905077 -24.480139953840723166
-24.334684354288533825 -24.043209401609786369
-24.216669340620185835 -20.809826723723688247
-23.996936433619033835 -18.321773376293876368
-23.676355146130784846 -16.295005528707154241
-18.658516113587136687 -17.205169619965992922
-20.052028869217938478 -14.162228426313296481
-35.716163964866495917 -7.0343752551787996907
-35.675692085662987552 -6.8993987635103097844
-35.649482302655165711 -6.7605008254553133895
