-32.535010467954315061 5.6358674663066112842
-32.716527760094130883 7.0016904836498827791
-33.719804054697064544 7.9924830781352840248
-34.316531924325246905 9.000384354875201609
-33.686192953109696191 10.232992365914149957
-33.499050956659459644 11.3048049826514454
-34.639367864459345014 11.970350043643655624
-36.066552840486636455 12.387457246960630997
-37.576070271254252475 12.504598437562920665
-39.094549018370599924 12.526750892436412599
-40.600202482636035484 12.354156399393058763
-42.090389744278077444 12.164104897876065081
-43.479832753237815268 12.503709717033338222
-44.844043410971110575 13.030740599569467619
-46.243320506087663091 12.840260467210081075
-47.36663451049714979 13.044504173046398421
-48.436844197194609762 12.717316133317378757
-49.644292389446007974 11.931238396265595014
-50.492659859548076895 12.309793614920028659
-51.15695271201746408 12.537667690249225672
-51.89010332540583903 12.5881464366824396
-52.402352106194712178 13.431856576983925322
-52.855903821362304029 12.634988629385587089
-53.25510388624903868 11.192199157540716925
-53.732513210840807005 10.548423702449486683
-54.477472490145899542 11.543538141613529646
-55.210870725161981909 12.859351773165725419
-55.907398857999410779 14.190559123619108206
-56.603027092945474408 15.522142192455715914
-57.298655327891523825 16.853725261292318294
-57.994283562837573243 18.185308330128922449
-58.689911797783629765 19.516891398965530158
-59.385540032729672077 20.848474467802134313
-60.122397436242835056 22.124161233917092773
-61.273233173232100057 22.838598305885973616
-62.312004128638434963 22.331078535213016778
-63.301911968449509516 21.731052962470258194
-64.095819670343317398 20.566327418183288245
-65.268449197339904799 19.642513239889307641
-66.616520290220378797 18.942507321130019449
-67.63541010253618424 17.943671966073850399
-68.527563266411320342 16.82298281646025373
-69.192325606960778828 15.866571061510549967
-69.69805867658517684 15.049520508840824817
-70.1350336070210858 14.264188931920880776
-70.584293131961828749 13.357386992815067472
-70.781286243485766363 11.973936410130246344
-70.843216980677340189 10.604259683926807512
-70.21711268352140678 9.3074511833432982399
-70.311057612374895598 8.0788450224126204802
-71.226083011659454769 6.8783456466709269606
-72.034303688452695269 5.5669626443261659432
-72.432823697835758026 4.25932805081706789
-72.354132909621938552 3.0385745198100062581
-72.183109285196920268 1.7135746405217844313
-71.904910656369111166 0.32163561386828742883
-71.533214008482133295 -1.0325948900105270667
-71.095488531866323001 -2.2852707073050630981
-70.582236236159531018 -3.4920236605311352207
-70.048330768674290425 -4.5569886451774355152
-69.474803794041179117 -5.5512752032223851018
-68.773203467381705423 -6.6134738545023239453
-67.945251496124114965 -7.7030841472431497152
-67.050119268873643819 -8.7277609968193843315
-66.040055552994303412 -9.7332228790075880909
-64.913663201703855066 -10.702028388797206304
-63.706728070359687877 -11.592544504658352622
-62.461925586724859727 -12.37538738143178918
-61.210388902470995731 -13.041604683155409106
-59.753463781488420636 -12.965720724522071805
-58.432306799715391321 -12.790259267058699422
-57.738164394598015861 -13.749148096731595103
-57.142506015614458192 -14.505429775522582503
-56.404881680706083102 -14.669014122170519698
-55.502737528389410215 -14.82985983776970329
-54.358811969287074817 -14.670882488143302425
-53.059099980048152645 -15.055650353805130948
-51.7394667955961296 -15.05268263305219989
-50.396724104435890013 -14.628294522074609674
-49.025261388057160161 -14.770702385788549549
-47.735323411739635446 -14.502854266487251067
-46.352549016641575008 -14.114811105044321238
-44.94446414562495562 -13.605692207724246146
-43.575846516431255395 -12.99138791069081833
-42.284885572577579183 -12.292628018578454885
-41.117255063350469868 -11.548413315885664332
-40.011261530477746362 -10.731026484778855234
-38.924495666122538751 -9.8033739495996137236
-37.939044262404422625 -8.8346134667388440675
-37.256299645957000166 -8.0776581905277318185
-37.542717560147551126 -6.7750692396684382146
-37.411837555626213714 -5.7734030467654200436
-36.115964163750433613 -5.6325209725423555085
-35.24035632586970479 -5.2644421317081651068
-34.841024030366895659 -4.5586229421440709331
-35.109487426894453677 -3.3624112132774603978
-34.808195732946508372 -2.2611932282227074076
-33.746646898367046674 -1.3710040492723729599
-33.654073524464671152 -0.086171495481342105793
-34.010342971463757067 1.4127519952896594457
