-27.067515503470009008 -9.3546495139040590772
-27.249032796847007631 -7.9888263408595046045
-28.252309108789006586 -6.998034101407422547
-28.849037845055622853 -5.9901331687132435277
-28.216671081843966107 -4.7548187174473204308
-28.059678746884287648 -3.563724213778175276
-28.606842641464993449 -2.2980675403629478026
-29.230158187006502146 -0.9486275477377688059
-30.017779264456340371 0.25299456594773073181
-31.150837692604632423 1.1971020974917847557
-31.70964311118962442 2.521295691437275277
-32.45473889883518126 3.6961580834235867599
-33.449222680021200915 4.6755100622349772266
-34.476388251947916785 5.5565907846757163213
-35.588455023442179481 6.3853923406153718645
-36.675549115945869971 7.0874657824528952688
-37.685981158401304469 7.655442256039439286
-38.974281854565454353 7.8167765516548621818
-40.470834432615674814 7.9475788900896473521
-41.648238748412431676 8.745244971139433332
-42.68708896368826089 9.4789348657946455035
-43.908822266715489491 9.653643485489842746
-45.186955074401105037 9.6530729552999314791
-46.257810438736754577 9.9314531187557335556
-47.219731465087996014 9.9429026988228592643
-48.202496993315030238 9.9067816186296582259
-49.175717454032096043 8.7660610258444933152
-50.163894860858000868 7.6381585561124678563
-51.343429692115968521 7.4138909247580384587
-52.718345781775362013 7.9041635208531548784
-54.188537064154424172 7.8802479724472300759
-55.689920801492917235 7.868331183801774209
-56.778441996852563989 7.377871706260336282
-57.766730709845603542 6.7840979456990133656
-58.565680444063808352 5.6505974675688470654
-59.71415608937154218 4.7047044414798451228
-61.059597870028575528 3.9973375474655248318
-62.104834413546839755 3.0264587179394606409
-63.006530871310985731 1.9045570301715564199
-63.687025578916255597 0.93375625648572757598
-64.199929872394434938 0.11107902079652376415
-64.638768334223072998 -0.67197482078498538272
-65.084514924165134175 -1.5639456852962325684
-65.28740890701764954 -2.9227447772113297475
-65.401804349787695969 -4.2978017053302828288
-64.785665023659689155 -5.5980510056504018124
-64.797579392590179737 -6.8326482523311691253
-65.698380699350096279 -8.0288757113111479669
-66.515940577500501263 -9.3342856645013636552
-66.967978999724635969 -10.647596531244399642
-66.89431173554631016 -11.869569188033038287
-66.730512879145635452 -13.184283447263146272
-66.45903879182336027 -14.576694422696068187
-66.092764430960784239 -15.935899917738863607
-65.659503652161049558 -17.193856869700077539
-65.150347511066868833 -18.405474746066754932
-64.616647347355410602 -19.480785970902847026
-64.04885999521262363 -20.474007779143910568
-63.357065331330247204 -21.531029667405334749
-62.535176396540208543 -22.622844890609130175
-61.64522354801574977 -23.651048427583262423
-60.64393042986166904 -24.657263339167052152
-59.524084013806422888 -25.630093951653662998
-58.32170040024001878 -26.526562654836670418
-57.114212736400347126 -27.296029576961899465
-55.895716748760570169 -27.634593898080513696
-54.444551235188392013 -27.181257313805986087
-53.104799164961512759 -26.478355087698989934
-52.075548841505145958 -26.465751624416213872
-51.543034937325252542 -27.710260866266676061
-50.985406410990677273 -28.739311908057551648
-50.043689424762561657 -28.207946127674251358
-48.936332912462404465 -27.313027535874621066
-47.682979463781592244 -27.504406154873343837
-46.352289863810291592 -27.591889132151557362
-45.117717133118922845 -27.45433081369566608
-44.123779391996073684 -28.415633065397440049
-43.172883737331780196 -29.56784252034503524
-42.156115059579256865 -29.465967818931485311
-40.790712158511851726 -29.074901822007944929
-39.384359649666116354 -28.558478586573713187
-38.019078115350048108 -27.937462816235470342
-36.735713658297086681 -27.234717246481480402
-35.575378032368334402 -26.487568823818168795
-34.470156450383960589 -25.662841371257293588
-33.38673574035514946 -24.729125689344972017
-32.414995925831654233 -23.765309596019498883
-31.752407838396461415 -23.025573178931402651
-32.099189467566745293 -21.674652156145839399
-31.885884791458195764 -20.733887365486673104
-30.548109072338807124 -20.623966107884669441
-29.746976816237889807 -20.21117130075823809
-29.34545101038941084 -19.496891475751063183
-29.663601683327168956 -18.266937131324009869
-29.272964922846092861 -17.19266945358536347
-28.234229413398324482 -16.291379733961409926
-28.210849039587237996 -14.978437342428659207
-28.561052247317032737 -13.477352969487212064
-28.559714423147163131 -12.036437466932591533
-27.790204509474218497 -10.820243632800366385
