-29.413466072029390119 25.268379795290996981
-29.529053757650501666 26.567540703531363988
-30.401111475326409561 27.523749570463934333
-31.190310178622734583 28.422053614744385186
-30.807949386611408471 29.53572685816163812
-30.266284505699086793 30.697638009916389024
-30.656872389900929221 31.807672648688182448
-31.654381414976644038 32.547794644758134552
-33.027633068658403204 32.630173641119029071
-34.454043685843977585 32.600745080546914778
-35.873659843690454352 32.50767286230219355
-37.281628356955607728 32.305497230904421713
-38.67912452234320142 32.158163892831581165
-40.01395866361902165 32.518701340910006081
-41.296382889783650683 33.033657551735799984
-42.592891506919364986 32.889518263466804626
-43.728075360813313921 32.938485117603718777
-44.691585474761311048 33.01926478021540845
-45.785540319270246812 32.249460209052273285
-46.861111955710320842 31.905027438719621102
-47.506218179097622567 32.580185314423744103
-48.230837696216376287 32.40934354474988055
-48.879284461081581981 32.817977013512155793
-49.357965238011324516 33.437177269123367296
-49.796372498542446294 32.492982892274525852
-50.187850732486595007 31.143976331874718255
-50.663305716989590621 30.514756293223033623
-51.464977437561962859 31.299792483576748481
-52.604924226627886696 32.101632403404764204
-53.771025788725076211 32.919045591876226808
-54.814710216810418331 33.872616783649327488
-55.774627534406782559 34.9049482370360451
-56.726808575672031054 35.944550554709294943
-57.67898961693727955 36.984152872382558996
-58.631170658202528045 38.023755190055808839
-59.583351699467776541 39.063357507729065787
-60.562339134656205886 39.876110925428164933
-61.672192524978825645 39.613059652734470717
-62.901206091238258011 38.912400442205147044
-64.034396174369859978 38.16233513817610401
-64.915153113029347764 37.138172751878499867
-65.675882694999785372 36.126682342738881459
-66.230752179505358868 35.29470974747716383
-66.678261456906938065 34.550641614475239294
-67.08242758659730498 33.808416302679148657
-67.486577539634410527 32.924456155036352811
-67.67066862720214715 31.609051496694352323
-67.737573049928229807 30.330136733685204575
-67.143963016405265876 29.116989187010950957
-67.072982971120140405 27.958662493444485619
-67.887475472161611378 26.849962256710739439
-68.679949745426824848 25.650620934056188815
-69.318467468772439588 24.408688918494451769
-69.272758592837305969 23.24976602632518663
-69.15799281591205272 22.080109308896197717
-68.94997235234410482 20.790005461646600793
-68.653424536272211753 19.49836691791185217
-68.283610980620039754 18.263792029766655389
-67.857275698628981786 17.110246156018554586
-67.368207346801426638 16.000482687090098466
-66.869764138445276558 15.025952689416318009
-66.329381143282219568 14.097320329784624349
-65.67451037783666834 13.105567220926060301
-64.906655083653362226 12.085449418464385474
-64.081159246601487212 11.12284201658436622
-63.162965921535175085 10.182421758169663661
-62.136801903883750242 9.2639847635306260543
-61.032465409380428412 8.4057552254790266488
-59.876194686092631514 7.6301246270518170434
-58.713193361810525062 6.9603863700889334609
-57.465583378687902893 6.5764618891514166066
-56.098831793625166142 6.8519142701088666669
-55.025563666313203726 6.7403416086449228217
-54.512040774858647296 5.5977404429192594293
-53.899338298486462406 5.1485207163098074545
-53.199691374419792567 4.9970964717655803611
-52.345234020054775215 4.8472930700496306144
-51.276526598637943266 5.0180414677509785903
-50.067899727897497542 4.6311052223741668854
-48.836830744271580329 4.6229261390909783813
-47.590198982928392013 5.0089853729580875452
-46.297154826091478697 4.8995246299627179809
-45.091641653384797905 5.0690880351359339784
-43.837606247642042945 5.383060776607390352
-42.529312516665804367 5.8327604482992203572
-41.221370109612088584 6.3299614457517705546
-39.964886086273850196 6.9397074228007262775
-38.797220988714457235 7.6088511411498558346
-37.733480264675264948 8.3148634160944858706
-36.702752383978129558 9.0988417171052464738
-35.694442698513640266 9.9761858886131644653
-34.783853640241218841 10.879798963995483518
-34.149051431196333795 11.584223227381523103
-34.378958727210381596 12.76842347241784914
-34.412573876419280339 13.81840731925431065
-33.342044609625396845 14.052565837999436482
-32.233594286012390739 14.221427489276569744
-31.867491828325526626 14.848499669699686265
-31.764817483760790395 15.73686073248745565
-32.02316346519388901 16.927410030185942702
