-28.60902449820997262 -9.5218114554505728364
-28.790540964219857756 -8.1559882867768767056
-29.793817897093887836 -7.1651960635602574001
-30.390546480509730287 -6.1572951428624476122
-29.758177300446991609 -4.921980688953179417
-29.601186218378089166 -3.7308868822014620292
-30.148350893079403079 -2.4652294877403875262
-30.771667783619296443 -1.1157894458041086594
-31.559288888004306983 0.085832676966302978716
-32.692347466902347719 1.0299401681015794008
-33.251153773073049535 2.3541338811197389802
-33.996247962294347644 3.528997559599812206
-34.990730785337639475 4.5083484736708090423
-36.017895976751276521 5.3894288462348889368
-37.129962744389445106 6.2182303990870444466
-38.217056855623013689 6.9203038521792592519
-39.227489033770737592 7.4882803955169521259
-40.515789568194726655 7.6496153271744251612
-42.01234226732085375 7.7804172979672809873
-43.189747878324752151 8.5780833941790035624
-44.228600249782438425 9.3117737071474842026
-45.450335750861015072 9.4864819824542028215
-46.72846870457252777 9.4859110468443486042
-47.799320794587337957 9.7642912720042183139
-48.76123889253098298 9.7757407608607245209
-49.744002503949424465 9.7396198128214770406
-50.717222382264630198 8.5988992461185986826
-51.705401659063795705 7.470997250829514158
-52.884939834100791245 7.2467296294792520328
-54.259858949559529151 7.7370018970574072625
-55.730047542693363027 7.7130866398536461759
-57.231428682868290991 7.701169866296302402
-58.319949649493786126 7.2107098031359875279
-59.308238429659766666 6.6169360048967291732
-60.107188165011073977 5.4834355260405258647
-61.255663810201959052 4.5375425139225207261
-62.601105589981102639 3.8301757248569923142
-63.64634205226730046 2.8592968714980635525
-64.548038661210298983 1.737394996229333799
-65.228533792574481254 0.76659356574841908127
-65.741438413821697395 -0.05608431068942110187
-66.18027687495028033 -0.83913830531442101801
-66.626023329332355161 -1.7311090858653699343
-66.828920434831118769 -3.0899066977600617712
-66.943315877194763175 -4.4649636163095909325
-66.327176545114951978 -5.7652128831081190796
-66.339090914799569987 -6.9998101276184270247
-67.239892230445718724 -8.1960376236059442334
-68.057452112573400882 -9.5014475643813796069
-68.509486741575528868 -10.814757766849016463
-68.435819617675065274 -12.036729359750372836
-68.272020841760081566 -13.351443862951075658
-68.000546831464390607 -14.743854990902825364
-67.634272869837616327 -16.103059525370866822
-67.201012183471789285 -17.361016690279882368
-66.691855949225441691 -18.572635126571650943
-66.158155918832790121 -19.647946320599864123
-65.590368701935091167 -20.641168105328780769
-64.89857397581783971 -21.698190290645875677
-64.076684599459611036 -22.790006235447812344
-63.18673152791095049 -23.818210089725493361
-62.185438812535046793 -24.824424661317365803
-61.065592168981098098 -25.797255543353124096
-59.863207907885026771 -26.693724743284658274
-58.618796098593364263 -27.484850133113486237
-57.379917225635679756 -28.152391152669263619
-56.063489682009851833 -27.874763622542182873
-54.869866010709657189 -26.940779275353310851
-53.805728937258599842 -26.345280664970406548
-53.191249487290285458 -27.235219369585312421
-52.708081259745448222 -28.534524744962858733
-51.903674633386579274 -28.527444775339997562
-50.835741266835725582 -27.530172919023740974
-49.647599962361091741 -27.337650047590418723
-48.342423864900545993 -27.655747866976987837
-47.072183363662361444 -27.292540226650032764
-46.055781513720852161 -27.912214685356214972
-45.166962636917702412 -29.13028941812852679
-44.275709457905897182 -29.767625218816359478
-43.081917029258107732 -29.469764388102007047
-41.67978146577680576 -28.993423118531993055
-40.282804747328540884 -28.448519000648730071
-38.947061814268025159 -27.783886871196386892
-37.721881376539784014 -27.058413017192616934
-36.600568112439368917 -26.284192431119453914
-35.499200284666187599 -25.405153036211444828
-34.448161036824927805 -24.43660067259376234
-33.608518343383494198 -23.553196303883833451
-33.4098151705252846 -22.598205849085356789
-33.705330606974349905 -21.28148539306750564
-32.876375458118751283 -20.795609360488438
-31.499394671910618371 -20.727952289679343778
-31.105916532834971377 -20.062023924870395319
-30.942433392156665661 -19.149116049505472859
-31.202881469139011728 -17.878459532383423891
-30.273665497710727124 -16.964392210467298838
-29.633310029984553324 -15.898923139689879136
-29.933614406519687634 -14.447129829318555494
-30.183203898183126768 -12.950274550374075488
-29.818956215133614052 -11.613014087708441124
