-8.1607264734971849407 -7.8385108488862060838
-8.5036751283900624543 -6.3527667412418207249
-9.6734106699044115629 -5.2672447015784866764
-9.729459678796144928 -4.0107444505956770797
-9.0110771912603588873 -2.58681717235443287
-9.5166275747760700199 -1.2701093054638319391
-10.887692617744450629 -0.8477042812539490324
-12.530126494289694605 -1.223863069758501787
-14.185360964697853348 -1.6382054836385977481
-15.840625817671867281 -2.0524807424009865464
-17.50590172609665629 -2.444628389878877428
-19.193193760508464152 -2.7630131376631488216
-20.738674966109861941 -2.5089744307714298976
-22.218272831486267194 -2.0265342265264871813
-23.579494737098997348 -2.0704770231580389428
-24.689704080864199653 -1.8464268784395900802
-25.26801829981113201 -0.98301631992396654169
-25.256850958990355593 0.72960252407149994713
-25.14242990984785564 2.4420614855711484381
-25.023517738111241471 4.1537016674763194146
-24.93521941945509468 5.8618812647737579269
-25.172005967251418923 7.5333133255198676537
-25.635358503564624755 9.1789071556002372887
-26.267629296952613061 10.730527331392490709
-27.354430588561562843 11.349309008129672804
-28.442730346223225268 11.35884576581151606
-29.560666914668949801 11.051567757920247814
-30.661862679530084819 9.7055129423265533717
-31.85753474545802888 8.7821672064438232042
-33.347536721966307027 9.1816740140689159233
-34.986454585248580429 9.3317494722707419186
-36.68698313069363337 9.2792722522857804535
-37.941375511889049221 8.7585229449773862598
-39.069358929716386797 8.0684456394527153122
-40.00644014791037506 6.7186710130837710153
-41.430675325758819838 5.775244240565847953
-42.821402267608341674 4.8717757047155565431
-43.876420882881596697 3.620967958452840918
-44.705520670891381485 2.4701215187470442203
-45.296547571860699577 1.5296426011714618909
-45.793380156846922091 0.63669635691404380395
-46.242755301930458245 -0.47112019419492873196
-46.514816812714990135 -2.0636075195006391425
-46.196543052811648522 -3.5788990471552755146
-45.759588471659661479 -5.0128801491285983616
-46.606254590526361881 -6.3667651576912067668
-47.561790978373110761 -7.827216907413909297
-48.062367039238210964 -9.3129787821851355289
-47.966787912719141218 -10.703612007534486494
-47.748245718823255856 -12.231488334399134743
-47.39582671613192133 -13.800896058813691525
-46.938261176318263779 -15.280861375193939722
-46.389377646746858375 -16.671334248294854774
-45.784905173305332937 -17.928371801756675552
-45.145267296582524352 -19.057152373762683339
-44.350267021723894345 -20.259953499396338827
-43.401144788966860233 -21.485767579361073842
-42.357528541622045282 -22.636829251693953324
-41.155877780547108102 -23.765817911275632923
-39.827034376989246311 -24.819862476201375756
-38.42404142777370879 -25.751249762727717041
-37.008593558403923396 -26.531014811991791902
-35.383434354637813612 -26.534605651977948071
-33.939019337793041586 -26.434971774728229121
-33.252108954117652218 -27.705646382608865252
-32.485238103539316512 -28.145157858711897347
-31.575182906905737923 -28.328867860584576732
-30.5068882614468464 -28.118890124166679101
-29.956314161123827944 -26.620377033284071899
-29.758646123532852101 -24.929097038914079576
-29.565112896284393429 -23.235558498516116543
-29.371579669035924098 -21.542019958118157064
-29.178046441787458321 -19.848481417720194031
-28.984513214538985437 -18.154942877322234551
-28.790979987290516107 -16.461404336924275071
-28.597446760042057434 -14.767865796526310262
-28.403913532793588104 -13.074327256128349006
-28.193991186109592206 -11.39023292716374236
-27.407506008481142601 -10.441121964675639688
-26.257969006624520603 -11.375516913014813269
-25.236751946298511484 -12.73702557419822412
-24.215534885972498813 -14.098534235381631419
-23.194317825646486142 -15.460042896565038717
-22.173100765320469918 -16.821551557748449568
-21.123688139347958526 -18.110329494411242734
-19.70167671958861888 -18.474960973760275351
-18.076186637340097008 -18.158909800545288249
-17.44015204159213539 -17.087764064142088927
-16.569306971624467195 -16.683409327242760156
-14.998363562625216971 -17.247723787495498726
-13.401562201159110899 -17.847583440012400047
-11.804760839693004826 -18.447443092529294262
-10.770049764588179642 -18.666774203252060715
-10.412263255341994039 -18.022377864091648547
-10.778963749419730789 -16.605116353031654342
-9.9878797262722702754 -15.491447992677008116
-9.2033776541968403961 -14.308088551876693373
-9.5340525437754557458 -12.661578940570951346
-9.7169991768296100076 -10.986304866745031816
-9.0159692929546473295 -9.5566991955432882833
