-3.3529873943645376322 -8.9503358380697193297
-3.6959361774773236142 -7.4645917294376369355
-4.865671495334948915 -6.3790696868104763695
-4.9217220691915279929 -5.1225694248254427521
-4.2033383064168070575 -3.698640986682470988
-4.6940127724750908556 -2.3279720179749112674
-5.4474409056715797917 -0.82794785809058790704
-6.3144147262102254814 0.55374429839261041231
-7.5448887084082061349 1.6593276254541011738
-8.1261995757230884863 3.0891151404937202685
-9.0917984469241055479 3.1696146536798472937
-10.471110343143109844 2.2145315062988295551
-11.861391902904255602 1.2319897277664093593
-13.251673462665397807 0.24944794923398946884
-14.641955022426543565 -0.73309382929843047716
-16.06698710625391513 -1.6531173013221636126
-17.552375194690426952 -2.1645934006655189741
-18.709968435706461065 -1.938653408964876812
-19.979959420995477615 -2.7083805134450118501
-21.174038228339846057 -2.9354355441631159174
-21.885287018140470394 -2.4082238367823984859
-22.694281517098524148 -2.4455141067095049756
-23.255446654429984932 -1.5902779827287709669
-23.742345521080821413 -2.6518836258495888103
-24.20299985592581038 -4.0889682693919278123
-24.735936085530358497 -3.6417370944612308392
-25.324175483448726709 -2.0570374149095513872
-25.913442945530785977 -0.4514744641160813865
-26.502710407612845245 1.1540884866773888362
-27.091977869694904513 2.7596514374708598361
-27.681245331776956675 4.3652143882643299477
-28.270512793859015943 5.9707773390577996153
-28.884229994741236425 7.5338568883920311592
-30.009075975770102218 8.2126092146534812599
-31.679365924404116583 8.1508948367312772376
-33.001064237232974108 7.7212313469248599063
-34.124308182267370171 7.0461911425759709005
-35.057209264749587874 5.7434869066601308418
-36.443794724671732865 4.7587636607123204868
-37.885082926679778836 3.8989874139557105792
-38.950807559889938148 2.6596037598199604446
-39.816433816975063564 1.4791425773385427078
-40.426398959112859188 0.52280069973713949594
-40.928065553284227462 -0.36594745556056196278
-41.440735471670564039 -1.4021174581943061099
-41.670386536345404238 -2.9900604041399541089
-41.477031525908294896 -4.5171940834181665281
-40.933812453983804858 -5.9613014544116040838
-41.670316463260029138 -7.3173686921683538387
-42.651022126837851545 -8.7612152293119525126
-43.259593216520336512 -10.256925821075661531
-43.175671761943853255 -11.648559380921792439
-42.973609546411168481 -13.157108903659100463
-42.635935827792835084 -14.730210448762836251
-42.188375047549435237 -16.226058734785976156
-41.651387614212865174 -17.62222458382156276
-41.048299325878197408 -18.903311179511661066
-40.418857319058290045 -20.034540025915497097
-39.645847585759319998 -21.225705399077693158
-38.709325345319427925 -22.458021981234903564
-37.680175639212826866 -23.614365082541336704
-36.497228400781679625 -24.747421189808136432
-35.180621697142399285 -25.813276601623034168
-33.782331906525101317 -26.761553180926480167
-32.367933717200372712 -27.558431193947569682
-30.771392343161799943 -27.689624619287968699
-29.26373115927129831 -27.492486821470826897
-28.501809062180967658 -28.62489168670390427
-27.801004863186555838 -29.228641228211145631
-27.39568174292809033 -29.31858098512918076
-27.120962547223960826 -28.528384095434361711
-26.681158587376817337 -26.87954299337233266
-26.241354627529691612 -25.230701891310310714
-25.801550667682558782 -23.581860789248285215
-25.361746707835429504 -21.933019687186259716
-24.921942747988303779 -20.28417858512423777
-24.482138788141156738 -18.635337483062215824
-23.96170104780489396 -17.43619359704006655
-23.068038119184272716 -17.473612807881014675
-21.992304358833628442 -17.543556599752662351
-20.766323006654658911 -17.670852157477156652
-19.170469346193041105 -17.835369173610637006
-17.505874460196274356 -18.397343383386346005
-15.843669679737478972 -18.590345482042874181
-14.352375652900752456 -19.172415475847554234
-12.952384608053629123 -20.140754558077762937
-11.553011339566291227 -21.11182626858836997
-10.153638071078955107 -22.082897979098977004
-8.7577691754514752631 -23.049227910895325522
-8.2615235270350577679 -22.973221283625676392
-8.2193431330842177118 -21.932924061220226974
-8.3505180010707800164 -20.591182391324398537
-7.0381151991886481412 -20.316064197267909464
-6.0357561707413864838 -19.904263492728937024
-5.5778500213159212251 -19.083830365924626449
-5.9710025814741083394 -17.637535790602655084
-5.103493904957407068 -16.54617539534912396
-4.3966990634477260969 -15.3314327479416459
-4.7486405684556958207 -13.673138192728007567
-4.8972844646106103994 -12.005282617582842875
