82.532695367247782769 8.3204517364501953125
82.703311734414043599 10.425082452464835114
80.411537229164224527 12.089602610066236821
82.138314934356614572 14.643139314269891571
77.278757114284701402 14.820650205425824453
75.640641694146921736 15.803813054924752635
73.814676211380884752 16.410937181409941843
74.206198318346167753 18.69950539517395427
76.767943949099318957 23.967713915009603909
74.440788416989320808 24.509054102478675219
72.939830425517158119 26.092595369882825906
69.970305670387404007 24.696793697942656109
68.194159827308041599 25.294116935244115751
66.974674219495597072 28.529646550040187236
64.704286688721794008 27.589037246191953301
62.679080963134765625 29.806416000553763723
60.675174966210150274 27.38634865279688313
59.052918822046216007 25.380202400421410402
56.773363119885317474 26.496370631637436333
54.763894432859025585 26.098246071891622933
52.169469137535635639 26.523632307793654661
51.293069297371658877 23.991953184277306832
54.584603560517905407 17.310271767650842634
53.658885250699064784 16.442271770864884672
53.327619561410330107 15.114683567297939604
50.364826558984198357 15.43008397352587302
50.538711546169068356 13.725693007998149398
43.93127110834561222 14.411982414530548624
45.367281477977499549 12.000188511253703894
43.84218864263795723 10.30028819682700103
42.740608348209917722 8.3204517364501953125
41.341589533033882731 6.0777913005822785664
45.352083894575834222 4.637484693378727485
53.746425975379608531 5.4180545331874832016
55.955053297355512143 5.3267209203176140164
55.093751070884984244 3.9410598832704781813
56.730922792004605526 3.9988633907277266744
56.51092943882416364 2.7666234054038918444
57.22731436876155442 2.2656477560788159664
57.274659947171130625 0.88190451638205846763
52.35620959762654536 -9.5592858738147228337
54.59646868631334371 -9.8333868624033371475
57.019736329516675255 -9.0972097482549649783
58.151506423466543083 -12.980113723679227888
60.738744952705125968 -10.14067016330220028
62.679080963134765625 -11.370982545888605131
64.708768648081985475 -10.990778708757442672
66.976298180467892962 -11.896386176072159202
68.827378038136657779 -10.602061415032064673
70.874580613919363259 -10.086927342625955362
72.991101804725616375 -9.5404990285917143922
75.33837116370270337 -9.1035699283217432765
76.845029781375771449 -7.4124213885073757524
78.343271514217917684 -5.7836494092706249859
77.200887962491876237 -2.230258103471552289
81.014537559885269502 -2.2655296925494265992
79.621026829117482748 0.7774112234632948315
81.829930054304213627 2.0979632670725036903
81.150883359624444324 4.3941479522772937116
80.86428571312852398 6.4091099395679611561
