-1.856225535958095918 -8.6675472259521484375
-1.6856115539516274282 -6.5629150701589313854
-3.9773797580629270954 -4.8983957911551438968
-2.2506065698595314473 -2.3448582023438664379
-3.6346657241608291145 -0.61995903607044766659
-4.2475571578258950467 1.4143088596843575999
-6.1993228541328413428 2.6015038315921081846
-6.6250486387175246961 4.9148642450183963604
-15.450318225893852286 -1.7156352835623041031
-17.222858285562431035 -2.4917355365468552009
-17.561723979109203242 -1.482794540969226027
-19.186296796222233496 -2.9995642040328700517
-20.030183855305612184 -3.4980795240646669342
-20.261528047357352023 -1.8537553149775076733
-21.126969930630682626 -3.1218506887150168083
-21.709842681884765625 -1.0140357358964298129
-22.271417092151693851 -3.3245392274902823004
-22.488724151054540812 -5.0031994342566488143
-23.439176454277841799 -3.3452106809012196464
-24.236265660398206734 -2.993113965050636871
-32.219454486439317975 9.5356343112157233577
-33.095854376170997568 7.0039561085003416707
-34.76954161814214217 5.8367156101311881145
-36.825100635932457749 4.9422927675231687061
-37.792047494977722977 3.0168551747270342389
-40.856673423606466145 2.3868815753706797977
-39.641822813572950679 -0.68371489883414149347
-40.457648733252206341 -2.5760151520628928878
-39.021645973922971962 -4.9878099375385911429
-40.546735010258359466 -6.6877094100065264115
-41.648315296809613528 -8.6675472259521484375
-43.047334115591930015 -10.910207150671462628
-42.597527779196383335 -13.107361126949010455
-41.611011204256683982 -15.133829023219067977
-22.7835403960479006 -9.1455882883996313382
-22.725375320946323399 -9.2538651913894494072
-22.652037852802319406 -9.3520919193864315844
-22.571349290152141975 -9.4432511839257564645
-22.478392711322722874 -9.5211083475695410527
-33.723550927239863029 -25.203000893253538095
-32.032714060726064531 -26.547283874844893603
-29.792451159866672583 -26.821383910396722428
-24.058682543227838835 -15.896530877044959595
-23.956581477042348638 -19.237612388131026364
-22.574008308053205241 -16.889505770749334346
-21.709842681884765625 -17.969861406362241496
-20.842390470755297827 -16.920792387845768445
-19.693463624769972142 -18.153884948578998149
-18.872046714729606265 -17.401382592647429703
-17.716621215413479007 -17.636470744336332217
-16.298399313072117423 -18.040442720013935229
-14.389108152689182418 -18.743681618365584995
-7.5439007412838261502 -24.400420055882058534
-6.045653544710278382 -22.771646445885053822
-7.188034739384162819 -19.218257557205497221
-3.3743860367376967702 -19.253526663777819294
-4.7678979815683533161 -16.210588126618795002
-2.5589914430728590844 -14.890035451139858935
-3.2380336257703454805 -12.593851085848287497
-3.5246375788478339075 -10.578888589617712057
