-2.4394918591688119491 10.685558452164977794
-2.6972143001235306947 12.113386025589822026
-3.8025350921358609391 13.146742144993629253
-4.1435983512699783304 14.276240544478275396
-3.3889271511438781026 15.615905847953365893
-3.5945610453260705697 16.877352962161541683
-4.2867416682682035756 18.259022428686122907
-4.9254973541401838588 19.695887959801030576
-6.0607169513371230707 20.762596915099184258
-6.9414906417503967617 21.983435963426519066
-7.4785131374052706832 23.066545499400849195
-8.623451674763469299 22.579075730493382679
-9.93948846181502077 21.668938203959491773
-11.25552524886657757 20.75880067742560442
-12.57156203591813437 19.848663150891724172
-13.889178659481254741 18.940819789297549391
-15.281814948250747932 18.141916488554851838
-16.680243332745590124 17.853992019508563516
-17.784707207600082057 18.032082236295121191
-19.031147858701920939 17.208170614609709759
-20.155082870971874343 17.026334297760801206
-20.835680243902860553 17.618552110355867768
-21.648450913105357074 17.440163300137662361
-22.229518543504745764 18.36314080227996115
-22.718899123290885456 17.769655284276577589
-23.149374578101717503 16.240382108972227115
-23.6597621263834057 15.580418294638027632
-24.452423305008910148 16.700675601073555754
-25.232383755815476434 18.118689311736794423
-25.981962513635032508 19.546571793190114619
-26.731130430440565249 20.974587726581088276
-27.480298347246101542 22.402603659972065486
-28.229466264051630731 23.830619593363046249
-28.978634180857170577 25.258635526754016354
-29.733899772689142083 26.678259521089891848
-30.778717818633779757 27.699386295151853687
-31.98588389030526713 27.461529385924499991
-33.040568206760966063 26.838941031941182302
-33.913083669069592929 25.682279067451002419
-35.132478675649757349 24.67027637971553844
-36.566259067767475699 23.918376248133046857
-37.6368145977633759 22.832781426549459525
-38.561745115435115849 21.649103045629690456
-39.226819843134990151 20.6688158192833491
-39.738924308168783739 19.817704768308573193
-40.200947818235015063 18.956462335478228454
-40.517839916103355336 17.773649707130172004
-40.82729666375485067 16.278934513271821061
-40.405089487500639223 14.864343097912335878
-40.036650580045005654 13.518915008854072823
-40.852976944227670231 12.247553736911562794
-41.762274062829767729 10.879391195014015636
-42.345672006268969767 9.4700136556580236658
-42.272237674136434293 8.1610903488518218296
-42.097404154528405229 6.7598981787974130597
-41.800800157774695265 5.2760039585959992436
-41.399357899358669499 3.8390785099581243855
-40.921865658815022471 2.510552961408992978
-40.364543387238597916 1.2452931495196768452
-39.791623384467079916 0.14608939859174796538
-39.141684708010885174 -0.93101969789024607849
-38.332042724833002012 -2.0901006524226666272
-37.414210934775162798 -3.2215853955688356081
-36.400942666562670524 -4.2985686122780197849
-35.244463824780510208 -5.3539909087737633797
-33.982627107084056206 -6.3345792933786739809
-32.65938654744439873 -7.2035669755609141873
-31.344785328511278522 -7.9284979911696815691
-30.180575418922501285 -7.5607961279861433113
-29.415760653881243059 -6.1977994350699248116
-28.691898192437371051 -4.7607899463951763863
-27.968035730993499044 -3.3237804577204275169
-27.244173269549630589 -1.8867709690456779814
-26.520310808105755029 -0.44976148037092894549
-25.796448346661886575 0.9872480083038199794
-25.072585885218011015 2.4242574969785688488
-24.451316972859672205 3.4343364271516003683
-24.290512048455827454 2.5282505565198660769
-24.192466779466183624 1.3420083343248720986
-23.611451852874640878 2.0536633932825574256
-22.784434209196870569 2.5857401692366970281
-21.83076375778236411 2.5893911257518547053
-20.79585967747158648 2.3240247476968289853
-19.570427911269213439 2.3663529677416939023
-18.017503642959088239 2.030956459548594939
-16.467107649693776494 1.516019099579138274
-14.964031879447494688 1.3832898873164034548
-13.604227620157569589 0.73090379127422633321
-12.29439433672025217 -0.19662367798117438844
-10.984613165900679377 -1.1244443406671111862
-9.6748319950811101364 -2.0522650033530478453
-8.3650508242615391197 -2.9800856660389847264
-7.4920163685881586701 -3.4516180616724074781
-7.1025670722872007445 -3.0062667223718797516
-7.4996987019273442243 -1.5546148724815567199
-7.0819681352927030815 -0.69167035022179901294
-5.5716627584947779894 -0.63604256564820860209
-5.004267929939587134 -0.01904907255890542217
-4.7123825184472050154 0.87073443564597396982
-5.0375098701959686309 2.2403733357934441095
