-22.520140097229763398 14.616778373718261719
-22.349527545287440233 16.721410048418274386
-26.830490080921162388 17.92060211322412755
-24.561895620053174838 20.404200930716825724
-25.195730206317932698 22.264930865561449735
-24.911472783852651958 24.69863325318286229
-26.863237584920028667 25.885829023665962723
-27.288964733067505364 28.199188872531181005
-28.284901138273582433 30.264039676175151783
-30.612050862242753624 30.805383600811300226
-31.786476334314588854 32.954489887676835735
-34.461449205816592212 32.388119754833937236
-36.887440555672235121 31.501920724400541474
-38.435199596579955994 33.146244648209943762
-40.559515089667257826 31.87814935866424193
-42.373760223388671875 33.985964264103571963
-44.166694622297761441 31.675460719239669771
-45.64287906648974058 29.996800333720450737
-47.909738986412889972 31.654789140089523158
-50.116328107648435264 32.006885881800144489
-52.883372070032379497 32.819957979237315726
-53.759771931936455758 30.28828265148344201
-55.433455401504211579 29.121041635716018448
-57.489014341790820595 28.226617436784678716
-58.45596122840281339 26.301180288450780154
-61.520591019539068611 25.671205888674936801
-60.305736547567065031 22.600610029041849458
-61.121566276769833337 20.708310918247079258
-59.685563481950026699 18.296514389116612875
-61.210652549136668199 16.596615737807610458
-62.312232838313519778 14.616778373718261719
-63.711251657095836265 12.374118448998947528
-63.261445320700289585 10.176964472721399702
-62.274928745760590232 8.1504965764513421789
-60.422422439772901726 6.5809943317917767303
-61.00682337296183988 3.8589737111544586412
-58.71387852291744025 2.7449883520289670713
-57.986384901364253608 0.55910386793442157227
-56.050452891670389022 -0.57272973790286130225
-54.387468462523109736 -1.918675894149149741
-52.696631595563431461 -3.2629587558605699371
-50.456368704776380696 -3.5370597397214282864
-48.033101321364569003 -2.8008825434792221643
-46.901330632792081587 -6.6837866766499161031
-44.400159557969757884 -4.6631654394740422731
-42.373760223388671875 -5.8530825558068180214
-40.344068833614088021 -4.6944520830371523346
-38.076539066123729071 -5.6000590353475239169
-36.225463149113352301 -4.3057343011629143348
-34.178268248233877102 -3.7906002491060064585
-32.061735471386967333 -3.2441718592262347443
-29.714468023874466951 -2.8072433437133952339
-28.207815345760867132 -1.1160949540215323594
-26.709569669109690437 0.5126773507560553611
-27.851949556048822387 4.0660685702798335939
-24.038301691347765399 4.0307969931152047849
-25.431814358211422444 7.0737378887245814241
-23.222907314559858349 8.3942901518755483892
-23.901948313149357972 10.690474481369323101
-24.188553572082625465 12.705436996241171954
