-25.819921896546169648 -9.1958560943603515625
-25.649307437395396647 -7.0912244183266102127
-27.941076243076665264 -5.4267051118593920833
-26.214308066328808167 -2.8731675171763297882
-27.598361965932813433 -1.1482683208280271003
-28.211252682258812996 0.88599951151160283302
-30.163019324983785907 2.0731947124516398873
-30.588744641325156692 4.3865548993814638123
-31.584683048768646074 6.4514053082022524421
-33.911830754848168112 6.9927491331959537035
-35.086254343185800053 9.1418563872744798005
-37.761227171057925034 8.5754871854763976557
-39.817494041884543776 8.8271941651768202064
-41.37794497086757417 11.013341584338053991
-43.648328779483399842 10.07273133447646174
-45.6735382080078125 12.290107216068900442
-47.677447871442360849 9.8700427449100942567
-49.299700423546532591 7.8638974148089388905
-51.579248728504587973 8.9800627011929066157
-53.58872099994512439 8.5819372534096132199
-56.183150033606942486 9.0073244769831077861
-57.059549916555596383 6.4756481834048287283
-58.733237149986585734 5.3084072134085733552
-60.788796166081510819 4.4139834178064702996
-61.755743020413120803 2.4885460688467251344
-64.82036897150098298 1.8585721924160161223
-63.605518336820125569 -1.2120241780155485145
-64.421340447898643333 -3.1043245072204346258
-62.985345284609067562 -5.5161191410135854696
-64.510434346245389747 -7.2160187092662280151
-65.612010822932660403 -9.1958560943603515625
-67.011033452231970386 -11.438517012526647321
-66.561227144316418958 -13.635668927361656699
-65.574702898828945763 -15.662137943497054238
-63.722204224947489593 -17.231638737538400363
-64.306601357580973399 -19.95366075692415464
-62.013660340846151087 -21.067644898339100479
-61.286166783846368844 -23.253530626988624164
-59.350234743469414411 -24.385363592481784423
-57.687246453362909904 -25.73130976166174122
-55.996409560182961229 -27.075594665997439137
-53.756146690530790977 -27.34969468413174809
-51.099919306346642145 -25.896530914190641681
-49.933542035149542926 -29.237612510937097454
-47.533216049198117048 -26.889505749060525375
-45.673534295388513726 -27.969861406362227285
-43.643846818233228646 -28.507086551115765616
-41.376320984192076935 -29.41269305183046967
-39.525241131552789398 -28.118370199044772306
-37.478046234176424889 -27.603235194610995507
-35.361513475333843814 -27.056807768975197348
-33.014247990011057254 -26.619877269632358008
-31.507597251909615466 -24.928728952048295753
-30.009349610313861945 -23.299957291214401067
-31.151731278378200329 -19.746564599742306712
-27.338081611257312176 -19.781837523359975251
-28.731594265890063156 -16.738895184129752636
-26.522692933542014515 -15.418344331494481025
-27.201730114085957979 -13.122159040657393803
-27.488333453764351333 -11.1071983276465307
