-25.013969599181059777 -3.9259094707575337146
-25.271691590833981422 -2.4980819769678683784
-26.377011795151503293 -1.4647257079687743264
-26.718075830520092495 -0.33522724153502403421
-25.963406975870793048 1.0044380173332370099
-26.169037904526419425 2.2658867912790316979
-26.861219437999583448 3.64755585207699351
-27.499974227940274574 5.0844209204575125938
-28.635193396712207203 6.1511301212661058102
-29.515845734742494955 7.3724657083748308395
-30.118756826388366932 8.768426419654044679
-31.163947731570647903 9.8364627421699371013
-32.24789478614940208 10.792352425340583366
-33.424539546593791783 11.686128624880709026
-34.568140295534107054 12.43295232305438347
-35.465338304483296383 12.944907194415687712
-36.827440305009979227 12.369836130237208849
-38.340589701503404285 11.820820789077728818
-39.777202374113592498 11.868200009198503153
-40.931531177177575387 12.693698381344693971
-42.202678350977613775 12.49286491351095485
-43.437469929358222487 12.406416912179963674
-44.456872079538591436 13.461985681557269601
-45.410589990614170119 13.393547489024580699
-46.337942240372271385 12.134405855697076859
-47.348669571262547606 10.862719392060709467
-48.503481756752677256 10.467513119795972543
-49.805067543211194447 11.275053506723269336
-51.294368416674075206 11.827761497639972532
-52.842120745599309828 12.27906718897093441
-54.298407748073856283 12.958761074811960157
-55.181506085674307371 12.493971903932077794
-56.128639057118505207 11.656431825804196123
-57.12217855781814535 10.454882863516145264
-58.508321515285750536 9.6210929976189323298
-59.768706823421666741 8.728291553642703704
-60.758052238932663158 7.5439327248426408801
-61.537773699410884376 6.4608489209781794216
-62.101893954388870611 5.569437820462621147
-62.573215086053849632 4.7344242994004552827
-63.050249759528348648 3.7792860005224824249
-63.274702063124998119 2.3162065213418472354
-63.273374491040961232 0.86156481411094876233
-62.632904952788862829 -0.51439763304128205412
-62.985251388140149231 -1.8076326521069130404
-63.964728569135580472 -3.1165876765658335756
-64.797283991152838212 -4.5328756262429950041
-64.889100320135625566 -5.8833088120933165754
-64.763666326630428216 -7.2158162439656026166
-64.518925100996597166 -8.6887083272600236228
-64.16010248324144527 -10.156402555573707858
-63.715763391389110382 -11.526642488016781485
-63.188109051506941682 -12.82970636814858878
-62.618921668641576161 -14.00065006961401437
-62.017923436118181257 -15.061361326050210607
-61.280035665133965495 -16.188438689549897731
-60.39774699095190158 -17.349478797806678898
-59.436220850973342067 -18.439968965354552211
-58.340611374254670807 -19.509846175629149911
-57.119554537970671504 -20.528871855235266253
-55.815289800147937171 -21.45161456498966146
-54.486903370031832594 -22.242687902673139888
-53.072234285221632888 -22.711344271106689519
-51.52472206583773584 -22.408451876034884975
-50.450657441597748232 -22.816415898618398472
-49.889932102043005102 -24.050303195685390989
-49.117994845676406612 -24.231873426911683111
-48.210180573164151951 -24.404660368836708528
-47.046967723830846353 -24.307850385065634669
-45.674062796365646477 -24.662211005449339751
-44.265184569703080797 -24.665316958553361815
-42.831895059510856072 -24.242821626232018417
-41.378327788151345601 -24.359137343558504796
-39.992555674317650016 -24.058313758137874316
-38.508965136826645903 -23.600598993739492215
-37.010318487845147217 -23.043283925044132587
-35.571007719795098012 -22.353675525627163978
-34.245929021548754179 -21.586144920771687339
-33.044275072747709032 -20.76457427649687304
-31.870359441136056233 -19.827517266770971816
-30.758255542735987831 -18.793144243981274144
-29.912298460320634774 -17.889926498995926352
-29.925345336821358444 -16.715627750831163922
-30.572788269219707047 -15.288174020458106028
-31.709115708108310372 -14.208480390728277953
-32.974923756310786871 -13.22089070196724947
-34.240731804513259817 -12.233301013206220986
-35.506539852715718553 -11.245711324445192503
-36.772347900918198604 -10.258121635684164019
-38.038155949120664445 -9.2705319469231319829
-39.303963997323123181 -8.2829422581621034993
-40.475427539043124625 -7.2646731626698475282
-40.610282440204770182 -5.932996616011831037
-39.514646570789928148 -5.14474246118738332
-37.934675953388413916 -5.0654689356248159271
-36.333090612713988321 -5.0170024314998693526
-34.731505272039576937 -4.9685359273749227782
-33.129919931365151342 -4.9200694232499770919
-31.5283345906907293 -4.8716029191250305175
-29.926749250016303705 -4.823136415000083943
