-30.998367712586208711 -7.4298729896545410156
-30.827755160784068522 -5.3252413136207996658
-33.119522066831436291 -3.66072197085862161
-31.392753878980741433 -1.1071843036887392131
-32.776807784878627672 0.61771490961355368654
-33.38970040649255111 2.6519828560996874245
-35.341467043679060112 3.8391780491161213718
-35.767190448155389504 6.1525384706959034276
-36.763130759644099044 8.217387924803958299
-39.090278478121021521 8.7587317609804600238
-40.264702078700508991 10.90783997581841902
-42.939674889602144958 10.341470764862478404
-44.99594539156584716 10.593177685503430752
-46.556388755787715183 12.779324185898325084
-48.826772807683397559 11.838713974905981985
-50.851985931396484375 13.985964264103568411
-52.855895592776150238 11.63602537299472317
-54.478148134526847457 9.6298800453150690259
-56.75769645812038533 10.746046280712562293
-58.767168728115699139 10.347920832823540138
-61.36159774647332199 10.773308064601124556
-62.237997632813488735 8.241630816454295072
-63.91168110379062739 7.0743898006576273474
-65.967243885444176499 6.179967003820776128
-66.934186937785923988 4.2545294000221893782
-69.99881668400392698 3.624555554395055168
-68.783966061030469064 0.55395904405403406656
-69.599791981253630979 -1.3383412687449540712
-68.163789212275730733 -3.7501361255793868033
-69.688878257144480699 -5.4500356255651913884
-70.790454731624066653 -7.4298729896545410156
-72.189477361497367269 -9.6725334255224577618
-71.73967103527479594 -11.869686382920383139
-70.753154460252119407 -13.896154290129459241
-68.900651954801645616 -15.465657048822336606
-69.48504909661653528 -18.187677148279981054
-67.192104229805693194 -19.301663251303359914
-66.464614519195762909 -21.487547032161927518
-64.528678611076259131 -22.619380047931528566
-62.865694161821998875 -23.965328098314376604
-61.174857316904322602 -25.309609157861203244
-58.934594412784193196 -25.583711103094231021
-52.194329269914057079 -11.561183324004939976
-51.755150850725243572 -11.678930357085381075
-51.306059932644117794 -11.750092485539092024
-50.851985931396484375 -27.899733919179620756
-48.822290832464091181 -26.741104888014081808
-46.554764780614156905 -27.646711353772563058
-44.703692655382397447 -26.352384705521011199
-42.656493956241689602 -25.837251612478809193
-40.539961166509620227 -25.290822261485470079
-38.192695765686174525 -24.853895633426336786
-36.686044961419270294 -23.162745358008603347
-35.187795367530021906 -21.533973644340903775
-36.330178932039373763 -17.980582829576288617
-32.516529322546844583 -18.015853920860678272
-33.910040066219238497 -14.97291347464822131
-31.701138747384216998 -13.652360743187273329
-32.38017592931589661 -11.356176408977530556
-32.66678118140272602 -9.3412147865367760602
