-21.663959906189724336 14.376154899597167969
-21.493345445565044116 16.480784654258982869
-26.777921628767842321 17.509165954738634241
-24.561895632321594007 19.885388788909725832
-25.195730215188213208 21.643108528306697735
-24.858221520033193741 23.994438235207173449
-26.00705736660037104 25.645205511997684056
-26.432782634678833489 27.958565398410087255
-27.428721002822868513 30.023416252106915891
-29.755870671377081749 30.564758219468256328
-30.930294235925916979 32.713866413555741985
-33.605267107427920337 32.147496280712843486
-35.953079804345286163 31.501920644087981316
-37.527873936042347225 33.146244666084101027
-39.678045263160377942 31.878149348159659837
-41.517578125 33.985964264103571963
-43.335807566074130648 31.675460741879433613
-44.83785085830078998 29.996800588816302735
-47.131746457965832064 31.6547892310383574
-49.367285432974632897 32.006885954678480743
-52.027189971643707622 32.579334505116221976
-52.903589805024672899 30.047657290736971447
-54.577273303115539704 28.880418161594924698
-56.632836087099711619 27.985993930455492773
-57.599779130014141515 26.060556814329686404
-60.664408921150396736 25.430582414553843051
-59.449558265315793903 22.359988459034788377
-60.265384170326271374 20.467685561567748209
-58.829381383561354824 18.055890914995519125
-60.354470440245620466 16.355990456261430666
-61.456050739924847903 14.376154899597167969
-62.855069551494608504 12.133493952580650443
-62.40526322231161771 9.9363409986003059515
-61.418746647371918357 7.9098731023302484289
-59.566244148405168346 6.3403708404293723788
-60.150641274573168005 3.6183502370333648912
-57.857696423409201714 2.5043646379483508468
-57.130206694858188143 0.31848012190845054192
-55.194270790025129259 -0.81335351297942359849
-53.531286361646174043 -2.1592996084966493697
-51.840449493841489925 -3.5035824703247087086
-49.600186606955347202 -3.777683452008371745
-47.176919234789522761 -3.0415064905989979138
-46.045148525790068561 -6.924410629438991549
-43.543977456538200954 -4.9037879602406384549
-41.517578125 -6.0937065067650699746
-39.487886738112358387 -4.9350746037873598482
-37.22035697097636131 -5.8406829869947358702
-35.369281049998107846 -4.5463582518850920167
-33.322086150506905255 -4.0312239619402880919
-31.205553376219583583 -3.4847955736257212322
-28.85828793750367538 -3.0478671322997179516
-27.351635225052042699 -1.3567187894923673497
-25.853387580308496041 0.27205350835911801255
-26.995769285840903962 3.8254449667054242212
-23.182119592959093524 3.7901735189941110349
-24.575632259822750569 6.8331144146034876741
-22.366725216171186474 8.1536666777544546392
-23.045768117510615269 10.449851028883427873
-23.332371465194551519 12.464812649312181136
