-32.409527227967068086 4.9398226737976074219
-32.238910861134229435 7.0444538698217984418
-34.530681557709087315 8.7089740541521596384
-32.80390767054147716 11.262511711930770275
-35.478441227787271828 12.412855271746636276
-39.026754855700147573 12.58185585588363864
-42.527269528871798343 12.013346670911703384
-43.644818820034487317 12.699799282448742233
-44.749679948456119405 13.284364302202481767
-46.764346928346952836 12.508264460055528389
-47.310985656732427174 13.517205355999205807
-49.119556803867901351 12.000435815404198792
-50.130989321767849276 11.50192053567805317
-50.518818202584817811 13.146244742147555229
-51.533891895473331601 11.878149372048165233
-52.263141632080078125 13.985964264103570187
-52.971084470640661834 11.675460730304010326
-53.338034645525837618 9.9968004439045383691
-54.444967332547790306 11.654789264570482032
-60.178324438363098636 22.717617445691928424
-62.772753405067767574 23.143005659702087229
-63.649153333497082485 20.611326479906445286
-65.32283680447422114 19.444085464109775785
-67.378399582101764054 18.5496631485814234
-68.345342635718907331 16.624224113585917451
-71.40997240645899069 15.994250703300744831
-70.195121762535748644 12.923654824869956315
-71.01095530237329001 11.031354779906408226
-69.574944924118284462 8.6195599622111647165
-71.100033955202491143 6.9196595860306846504
-72.201618061702191653 4.9398226737976074219
-73.60063306037783093 2.6971619823553907302
-73.150826733495875942 0.50000909013263328262
-72.16431782079538948 -1.52645877133380381
-70.311807653330077983 -3.095960913373605905
-70.89620479730012903 -5.8179814848278326167
-68.603259932728406056 -6.9319671079321683038
-67.875770219879356659 -9.1178513687097790807
-65.939834301338777323 -10.249685347536876989
-64.276849872458640789 -11.595631473956597546
-62.586013004254837711 -12.939914455781224234
-60.345750113467786946 -13.214015439642082583
-57.922486253884542862 -12.477838337908874422
-56.790716180361641818 -16.360742307663834083
-54.289544664032327148 -14.340120674888993335
-52.263141632080078125 -15.530038255727472318
-50.233453948576332948 -14.371407294724587445
-50.514720506517193144 -3.2857665473446164839
-46.114844557804758551 -13.982690001083568632
-44.067649656925283352 -13.467555949026660755
-41.951120784046651124 -12.92112761068752036
-39.60385143151214038 -12.484198990974331167
-38.097200689860898137 -10.793050673224216851
-36.598954974992025768 -9.1642780831552208554
-37.741334655965466993 -5.6108867212775415112
-33.927685023230438333 -5.6461582574085298347
-35.321199548584694128 -2.6032172602051337762
-33.112292539954914616 -1.2826653158015428602
-33.791335433471047622 1.0135191284734945683
-34.07793687996147014 3.0284806587134007749
