-32.176445410340114961 4.8938050270080566406
-32.005829042893481073 6.9984357403552444055
-34.297599773659079858 8.6629556116554091716
-32.57082966761178966 11.216494065141219494
-33.954885482158019272 12.941393044419660541
-38.713964919795145647 12.581855823125696503
-42.230848592369575556 12.013346828539384958
-43.360627625169350097 12.699799212176598573
-44.270092371498250827 13.51212268996274446
-46.497833102429851238 12.508264458998986868
-47.051338181413299822 13.517205294837946639
-48.865982871554265898 12.000436010870455306
-49.882957894418652245 11.501920597042900596
-50.275955226720618896 13.146244683811914911
-51.295976886480993073 11.878149375208678862
-52.030063629150390625 13.985964264103570187
-52.74284346148284186 11.675460734756317294
-53.114735058235098109 9.9968001576876943659
-54.226839354016824757 11.654789191198831944
-59.945246406741986789 22.671596950653668756
-62.539675465271812982 23.096985115439309766
-63.416075316305835941 20.565307889804202546
-65.08975879010174026 19.398066873949044719
-67.145321603328127935 18.503642613940890271
-68.112264635539830238 16.578207416684787034
-71.17689440352930319 15.94823305651119405
-69.962043759606061144 12.877637178080405533
-70.777869680517824236 10.985337100897311302
-69.341866898870691216 8.573541466744808659
-70.866955949647206126 6.8736414873848623586
-71.968532429377972903 4.8938050270080566406
-73.367555053841854829 2.6511438244172387257
-72.917748724820341977 0.45399099907843876167
-71.931232148280443539 -1.5724770186548635564
-70.078729652555551866 -3.1419790321597389493
-70.663126778723551524 -5.8639996355557464369
-68.370181927559599444 -6.9779852346407604813
-67.642692216949669159 -9.163869015499329862
-65.706756298409089823 -10.29570299432642777
-64.043771869528953289 -11.641649120746148327
-62.352935001325150211 -12.985932102570775015
-60.112672110538099446 -13.260033086431633365
-57.689401203297776988 -12.523855795680471914
-56.557634038553800337 -16.406760023360121181
-54.056466661102639648 -14.386138321678544116
-52.030063629150390625 -15.5760559025170231
-50.000368535991903229 -14.417424964609711679
-50.296770979625655684 -3.2605734409804174589
-45.881766554875071051 -14.028707647873119413
-43.834571653995595852 -13.513573595816211537
-41.718038877148686083 -12.967145205936439822
-39.37077342858245288 -12.530216637763881948
-37.864118748920269297 -10.839068208981636587
-36.365873065283928156 -9.2102956276783043421
-37.50825295018929495 -5.6569049988536708184
-33.694607032399886748 -5.692176401991565271
-35.088117763973144747 -2.6492354579856236541
-32.879214537980942623 -1.3286834423696349816
-33.558253620308803988 0.96750104344662934963
-33.844855061658108752 2.9824625415222882907
