78.200457111005604816 10.553117544180832255
77.942735009355004649 11.980944718995946374
76.824555856987160496 13.019300067747272109
76.15704124586457624 14.272903151926163545
75.843491631204656755 15.685395665968583145
74.726164376960355185 16.71112479473978496
74.160963694826506298 18.072852655602613225
73.983806130763156261 19.69338136349487911
73.744689911124837067 21.320425179053163589
73.400750572260861304 22.903602187134953994
72.385981606157685064 23.989815873282257286
71.386588026809292273 24.917355184116857458
70.26473763997887545 25.532273776648008123
69.260549639636209918 26.460312404471402203
68.184382495951609826 27.183216805735163746
66.948394048728204098 27.663515536881778445
65.331020350090398097 27.698374581472169353
63.926076542905924782 28.289835304045936937
62.845352561627045418 29.276849550544987721
61.577207592107662038 29.530622801720010528
60.195213359829850219 29.464522899139900858
59.041693671216194161 29.788631116725817094
58.014501664696709327 29.800922989217340842
56.963657181681206509 29.688000672051739315
55.927831815855398645 28.425300006958714505
54.850469759943010217 27.330345448744097325
53.520586612941265514 27.424610307707123269
52.017585750927018751 27.812435026758230094
50.779902547782405975 27.38745624462952577
50.872429763008938153 26.099023182837385093
51.386384106989481779 24.570160119398270382
51.900774710937668033 23.041048163617908529
52.415165314885882708 21.511936207837553781
52.929555918834068962 19.98282425205719548
53.436024215076898258 18.452036438734388923
53.850079852340165587 16.902247989658683025
53.814756379153337207 15.493174395885770167
52.707624140914127508 14.791466623786424961
51.420712192903380355 14.49988252149046275
49.900004633997106396 14.847270897351531715
48.35930753894039924 15.294983026127438208
46.82567325904358313 15.771462578336862492
45.292331521786536541 16.249133680629320509
43.758989784529475742 16.726804782921782078
42.225648047272429153 17.204475885214250752
40.774688808853134958 17.495852116025034206
39.900591754714142212 16.600362461001214598
40.013336214755419462 15.165531075544093298
40.617050903410849116 13.797287671371758933
40.110982016395652749 12.512572548988879717
39.221153078782300838 11.157424849882758622
38.769757784106666065 9.6328865084113317607
38.88220394141318792 8.0242023507033994889
39.261840635673621591 6.4871505525232420197
40.327015371160342738 5.6904120455752771335
41.908761547057842733 5.4779033557700227419
43.511286368553768966 5.2891262226206379182
45.106851099238923553 5.0950110804984642954
46.540051889531362406 4.796850989356093109
46.832948972766658358 3.8039976274713005466
47.378127411763870214 3.4169058480075404916
48.807478768884699605 4.0059714486617279405
50.285768836727569919 4.6486833404480156773
51.760180377176389754 5.248854141423636932
53.214256390597924451 5.3336223191914564623
54.720283829467234682 5.1291062224296490868
56.113578227818436517 5.2164890224970319466
56.920937257505961782 5.5291777471464786942
56.885500488652645856 4.2262835719086053743
56.808085315483445754 2.811860828326681272
57.343535689516194509 2.6596226055314611258
57.662742473206392901 1.7008001497289348958
57.744621362780243601 0.10053072131263221523
57.825624938290864918 -1.5020869055934829017
57.90662851380147913 -3.1047045324995972138
57.987632089312107553 -4.7073221594057139683
58.06863566482272887 -6.3099397863118262819
58.149639240333343082 -7.9125574132179448128
58.24022000495281759 -9.4978432634378542332
58.783870925472932356 -10.191068321632634763
60.109418656112261203 -9.7966694545950243622
61.579285860835049959 -9.9246663779064299149
62.954173625353057275 -9.6454568614511373426
64.427856654423848681 -9.2317103044951061008
65.927673270994617383 -8.6809337169960443248
67.379796615542716154 -8.0116539740924785917
68.731361153428707667 -7.2545763302957553265
69.949315527521150671 -6.4463142089182312588
71.125737891226847864 -5.5339050062081671655
72.258172128023119285 -4.5100715710055681029
73.174303962383405064 -3.554727803105114603
73.381866698633430701 -2.5246002981825479417
73.129610551104207161 -1.1666199346608401299
74.169840995017651153 -0.76362503531585002037
75.401503064313175173 -0.54889003027010474511
75.823035367323385003 0.18236632791792395381
75.668058323647557017 1.3728829045411825582
75.899630001872708362 2.5746034930118257833
77.001679530177185029 3.5348625973749183693
77.041466834207966485 4.9298761298891315974
