-1.4883934713294948438 9.863193511962890625
-1.3177794883314923879 11.967824227810815785
-3.6095477020258925904 13.632344510342896626
-1.8827743698828918184 16.18588010171540148
-3.2668335467289111307 17.910780106907232323
-3.8797254509558953828 19.94504935940725332
-5.8314906984553438463 21.132243177755135832
-6.2572164548796340711 23.445604982933435423
-7.253154282259433927 25.510451960874419797
-15.787540286898270381 17.508264459457091533
-16.345615762109055424 18.517205519735338015
-18.16430527871462175 17.000435890457396226
-19.184954640796419767 16.501920764473641867
-19.581396186553824634 18.146244695953818393
-20.604709588735204306 16.878149345338435694
-21.342010498046875 18.985964264103571963
-22.058009699006078108 16.675460759546776757
-22.433192037311798117 14.996800493112431241
-23.548732991538443571 16.654789208905317111
-24.522585668169149642 17.00688591246472825
-31.851622323646004986 28.066374083306349974
-32.728022220856217928 25.534698733040762875
-34.401709405697275201 24.367453989618280019
-36.457268452094567124 23.473033505438209545
-37.424215307013916743 21.547594487809440977
-40.488841250654317605 20.917622056012486809
-39.273990618642415029 17.847024254669968002
-40.089816539345704882 15.954723232654353993
-38.653813778926128464 13.542930376038045281
-40.178902818543683395 11.843029972339696343
-41.280483112971722903 9.863193511962890625
-42.679501920935209114 7.6205320537977723205
-42.22969558879180596 5.4233791032350087136
-41.243179023660651694 3.3969119630919708541
-39.390676521990833692 1.8274093347959503575
-39.975073642730393431 -0.89461130808165201245
-37.682132624167863355 -2.0085967317729789272
-36.954639067905063143 -4.1944812657258268018
-35.018707023087401353 -5.3263149492160390963
-33.355718723495861866 -6.6722620771497638259
-31.664881863555095265 -8.0165440983020275212
-24.568188969834555024 2.6170697850754720548
-23.213458317047848567 4.1034691730944370391
-23.27644517301749616 0.7623874892033839501
-22.051747853881181527 3.1104942515035363115
-21.342010498046875 2.0301385936377611685
-20.628983025514123995 3.0792076046667684608
-19.637924935026223494 1.8461151603038281621
-18.981608602298685184 2.5986174179439549548
-18.002944754321099197 2.3635292594283701106
-16.77884321059131878 1.959557312865340073
-15.088750934057907571 1.2563186386138962547
-7.1760685852039696186 -5.8696802966347796371
-5.6778214183972739448 -4.2409079176250799037
-6.8202025787887716746 -0.68751637444385593767
-3.0065543888999570754 -0.72278808469634014955
-4.4000658073960323691 2.3201529472148898492
-2.1911592587571142587 3.6407055266644503533
-2.8702015554455257984 5.9368892020282038047
-3.1568055013584626067 7.9518508401479142123
