-30.849115774719997773 -4.3715410232543945313
-30.678501315569224772 -2.2669093472206531814
-32.970270123235373205 -0.60239013572343269587
-31.243496209871615577 1.9511475151966086727
-32.627553940138298572 3.6760467578701945257
-33.240446562967832733 5.7103153022643873271
-35.192213217237814149 6.8975090876815912111
-35.617940443137499074 9.210870465416320485
-36.613876901916043494 11.275719403099998317
-38.941024632790359306 11.817063250459302282
-40.374656810470142432 13.517205380061536601
-43.413460263874732448 12.000435864012789722
-45.529842801824727871 11.548984421046204929
-46.979217627443333072 13.146244699035438686
-48.994821541890502203 11.87814934848499604
-50.702732086181640625 13.985964264103568411
-52.389342839002253527 11.6754607616913475
-53.756819080532039834 9.9968005842362064328
-56.608449941885346846 13.804378821560529644
-58.617914887682758263 13.406253273931806547
-61.212343890736192975 13.831640513913477264
-62.088743780467872568 11.299962311198095577
-63.76242725285438695 10.13272129537218369
-65.817990040229332749 9.2382989702209226124
-66.784933089820469831 7.3128604165339137211
-69.849562817017599059 6.6828880353416639792
-68.634712214993953694 3.6122908930904085167
-69.450545754461131764 1.7199906122148460597
-68.014535364619874258 -0.69180425200326567392
-69.539624411929636949 -2.391703659165044904
-70.641208515803754153 -4.3715410232543945313
-72.040223512676249129 -6.6142019702709120565
-71.590417183493258335 -8.8113549242512565485
-70.603908271655086537 -10.837822716781804644
-68.751398111741977459 -12.407325554418772384
-69.335795267048581536 -15.129344677941469755
-67.042850386829968556 -16.243330804984168481
-66.31536068594164135 -18.429214575640898488
-64.379424750229802044 -19.561049526117624708
-62.71644032158368276 -20.906995651461418362
-61.025603478356011067 -22.251276710774970269
-51.236081263633877825 -5.5694630053730440622
-51.107943704798209694 -5.618653286586215323
-50.975366014800847836 -5.6541829305991573307
-50.839800160350876013 -5.6756571607089334464
-50.702732086181640625 -24.841401475942316068
-48.67304439834748564 -23.682772421832918752
-46.405514868848513288 -24.588378935776749046
-44.55443501408602458 -23.294052268332322342
-42.507240109703438691 -22.778919168652283389
-40.390707314852193122 -22.232489814528538119
-38.04344190304252038 -21.795563177526265264
-36.536791157841477684 -20.104414859610095334
-35.038545416310284963 -18.475641289172763493
-36.180925110067029493 -14.922250418329543464
-32.367275465232850706 -14.95752145666704358
-33.76078620811696851 -11.914581956139604912
-31.551881085943580985 -10.594029248919962782
-32.230923981442188619 -8.2978448723329307768
-32.517527331938183011 -6.2828832565405736688
