5.8540378355094961904 -4.7957158088684082031
6.4507067726160034482 -3.2319466956194791152
6.3290996651016051544 -1.6590913417720618561
11.031668385925318177 1.5269727554046053086
9.6476097188251301873 3.2518719532755167023
9.0347275930521711018 5.2861395368397001704
7.0829523815429649147 6.4733342457467824005
6.6572313323790819339 8.7866961357908337504
5.6612934924194142638 10.851544079329014991
3.3341440247080189607 11.39288798786607515
2.1597202856065642607 13.541998121249296361
-0.51525226634686482896 12.975628898642490583
-2.5715174498948085713 13.22733495820691374
-4.1319674690979955045 15.41348041805518676
-6.4023514677688808661 14.47287115259261725
-8.4275636672973632813 16.690248932072318411
-10.431471499531820513 14.270182545561336696
-12.053724171769399476 12.264036228068405876
-14.333279686085759863 13.380203536224172467
-14.780451494589783579 9.4731048961539023878
-15.509611781133562758 7.4707520462954537521
-14.630308695486952786 3.7416308408065059865
-14.677084818584150483 2.1450802236073061025
-15.252361991671282482 1.3493603012772092953
-14.901861184608142352 -0.091864745248426693536
-16.826323761402861123 0.053310259838107221242
-14.661071771690647125 -2.0203792678537073613
-15.219727965356097954 -2.5888081952899049121
-16.9769109829524254 -2.9784966609925156433
-27.264456946167758389 -2.8158784395278644297
-28.366035328547891226 -4.7957158088684082031
-29.765056048224359131 -7.0383767486723698426
-29.315247814709774588 -9.2355292152676327078
-28.328729309522469038 -11.261998141829666409
-26.47622873894729878 -12.831499863725875699
-27.060625860775633811 -15.553519998787626477
-24.767682922634513432 -16.667506066038988877
-23.286832443272214022 -18.175062310062106263
-20.160634719749047861 -17.826611562146624124
-17.915767758203585913 -17.855113884732844554
-16.085258696671385081 -18.059229575005957713
-14.94787718924056108 -19.440581754082245425
-14.086906503560289394 -22.213375827323034173
-12.955136128913169458 -26.096281782119184811
-10.453968548695915075 -24.075659163640789728
-8.4275636672973632813 -25.265576738393487943
-6.3978695003457204393 -24.106945797599223624
-4.1303435006876600966 -25.012554179469045579
-2.2792644587706192283 -23.718227533816975239
-0.23207133228538623371 -23.203094430700119233
1.8844612195885090955 -22.656665079088693204
4.2317267488258814012 -22.219738443925798776
5.7383792161692621647 -20.528590079041926231
7.2366264082218023646 -18.89981647633807782
6.0942405723568011666 -15.346425509335141157
9.9078987474234665456 -15.381696594884866514
8.514377486886836266 -12.33875616498781369
10.723283514803476635 -11.018204521958224973
7.0418344862048591892 -8.0838366174357823013
4.6068270320923137007 -6.1656857282824422128
