4.9556220572583882245 -5.7035531431076789133
4.6346787021737227974 -4.1706876500095857452
3.5905144710914425055 -2.993534056616759198
3.8394836418442639392 -1.6541312687059783748
4.3427969205990244461 -0.26327343379841661175
3.7780471020433803453 1.1453132429671590842
3.0567944786234382271 2.6650257146266320696
2.0746189419628646711 3.9620267953797601024
0.92701486958074375 5.1205548685239969942
0.3713068178008587239 6.6738407650411808447
-0.72097676353517314851 7.8213164741621046261
-1.8670964799628162467 8.8509125688507541696
-3.110885878126930848 9.804661366888396401
-4.346992619899250343 10.611117107911425705
-5.4961036918258781014 11.251281867376960122
-7.0523102304440614674 11.336226128152395276
-8.6652633921806092587 11.706480839347310763
-9.8267932312649683979 12.875594522315154222
-11.15350980984874063 13.160984760005632666
-12.623548573257943772 13.097176786218804878
-13.856180443783596701 13.453190902408874052
-14.588629199429121286 13.468845594463140003
-14.694955177682231806 12.744769929602234981
-14.729927171158335497 11.036940495883669655
-14.764899164634435635 9.3291110621651043289
-14.799871158110542879 7.6212816284465398908
-14.834843151586643017 5.9134521947279754528
-14.869815145062750261 4.2056227610094101266
-14.904787138538852176 2.4977933272908461326
-14.93975913201495942 0.78996389357228113948
-14.974731125491061334 -0.91786554014628385367
-15.00358171773568472 -2.6306558659828058744
-15.024885647309849546 -4.205894308444033669
-15.449011113808039042 -3.9776558500920873307
-16.487591949364489352 -2.6765166837769216457
-17.274499297518612906 -2.2228642246545544658
-17.49862868251896586 -3.3999133835429611317
-18.747418760630363721 -3.2946346642075177158
-20.303917508906085487 -2.5413778246177174402
-21.922529552912582318 -1.9606016414491540534
-23.206597885543857274 -1.8598514957352032528
-24.048823586076590431 -2.4126852371612974579
-25.626980502662053851 -2.1522581549731931716
-27.299118946007048692 -1.7836963174690325662
-28.97125738935205419 -1.4151344799648712947
-30.643395832697045478 -1.0465726424607102452
-32.289589279403635658 -0.69670330002398861424
-32.957285710032842019 -1.0518080572735570843
-32.353846952484957455 -2.4106539116375036436
-32.801429084857389284 -3.7808906119674037249
-33.824026042755320987 -5.1897926066454118654
-34.649023270070486547 -6.6952589000516944395
-34.587859796364639919 -8.1025815888245471541
-34.417664593102124115 -9.5687361465359153101
-34.110422706306749774 -11.144104290334723828
-33.684514624803966854 -12.669117017371442913
-33.171050454105618144 -14.078211461211951772
-32.574257987561352934 -15.402933821095235345
-31.958893898363136543 -16.550627692539681135
-31.228682009603723202 -17.717538103306640807
-30.323626817325106231 -18.953940613426894402
-29.535993654846208756 -19.887639362575573188
-28.478039048258210642 -19.683121264106802073
-26.961396070540022407 -18.913348968917770065
-25.435859907565991023 -18.175439785299474238
-23.793216432659704651 -17.858276884344917335
-22.043597021657625135 -17.936648105484596982
-20.354424507663210875 -17.679701246869068854
-18.869314304936793292 -16.853145586650200016
-17.813865787565514864 -16.448222613013083304
-17.494255143225274196 -17.814453085116333853
-17.095979093085190925 -18.665103105853262377
-16.222930332743068504 -17.654373922924410323
-15.65878422587771901 -17.858872554572393199
-15.458149189725290285 -19.492444728673177679
-15.274900095575874914 -21.194366374712711121
-15.091651001426457768 -22.896288020752251668
-14.908401907277038845 -24.598209666791785111
-14.672388085285209769 -26.197631544450668883
-13.746689121612400086 -26.463489377675848857
-12.233302355740176992 -26.117342247847517456
-10.719232435237106671 -26.141044495201697373
-9.2134143778458010843 -25.778056469135776752
-7.6187138447753470771 -25.245385672405163291
-6.0506411144398040136 -24.588088409899270914
-4.5729079963525229857 -23.807007376785627173
-3.2478168911037510469 -22.962650354765099081
-1.9958544755160492201 -22.019129537449273926
-0.78253956487501064032 -20.942929068235368817
0.21088286582798687618 -19.916245408157735142
0.42786461601160047374 -18.810447234739427813
0.23452612962586039114 -17.422773817374284988
1.478264589671771656 -17.096921688653907268
2.5546368114651762937 -16.729633996723421774
3.0101263368203099446 -15.918852658408862766
2.6451082794743174809 -14.498427610442375268
3.4361921880544996633 -13.384758978315865363
4.2206942727374086033 -12.201399142226305727
3.862782051247090731 -10.563965602356628182
3.5218350271087204284 -8.9238135414037031978
