-24.952036306946560273 -7.9462432861328125
-24.781421847795787272 -5.8416116100990711502
-27.073190653477055889 -4.1770923036318530208
-25.346416743712051556 -1.6235545042962327145
-26.730476375621428531 0.10134466461477309451
-27.34336709350426986 2.1356125596214159401
-29.295133735384176532 3.3228075206791789498
-29.720859058805615405 5.6361686691465280319
-30.716795471204640933 7.7010170901687207135
-33.043945165016921806 8.2423609875808843128
-34.218368777838257699 10.391470163178272657
-36.893341571769411757 9.8251009430644771214
-38.949608437578156384 10.076807922300154985
-40.510059374861100423 12.262953437529453993
-42.780446889721687853 11.322343176957495814
-44.805652618408203125 13.539720977970755911
-46.809558619442576344 11.119654583456238583
-48.431814809130202093 9.1135092746371171302
-50.711370474111909346 10.229676558682111676
-52.720835419909320763 9.8315510110533885779
-55.315264422962755475 10.256938251035059295
-56.191664312694435068 7.7252600483196776082
-57.86535154894418298 6.5580190782649339098
-59.920910568429881948 5.6635971886510017015
-60.887857430813511428 3.7381588770742641969
-63.95248337101564573 3.1081852579167836836
-62.737632748453037834 0.037588806257649487463
-63.5534624782316655 -1.8547114314535599888
-62.117455899287456589 -4.2665064220576578435
-63.642544944156199449 -5.9664059220434628728
-64.744129048030316653 -7.9462432861328125
-66.143144044902811629 -10.188904233149330025
-65.693337715719820835 -12.386057187129674517
-64.706824972330892365 -14.412525031529966668
-62.854318643968539959 -15.982027817297190353
-63.438715830568924048 -18.704045932943152764
-61.145774742290072368 -19.818034009787723448
-60.418281242089648231 -22.003915858277537154
-58.482349153869805036 -23.13575078425424536
-56.819360863763300529 -24.481696953434202157
-55.128523997249502031 -25.825979935025557666
-52.888261096390110083 -26.10007997057738649
-50.464997228399042228 -25.36390382484061945
-49.331274169518245287 -29.237612435827522006
-46.79667417083680192 -26.889505762757138996
-44.805652618408203125 -28.416102785146417631
-42.775964933460983275 -27.257473731340450485
-40.50843539459246756 -28.163080243602930608
-38.657355544859449026 -26.868755484412904622
-36.610160639283193973 -26.353620476677949824
-34.493627859963922333 -25.807193038520523487
-32.146362400411447879 -25.370264461404818945
-30.639709693304531868 -23.679116088304688503
-29.141463969581018034 -22.050342518849028295
-30.283845595808589479 -18.496953570901162323
-26.47019597326113427 -18.532222723958483357
-27.863708624740745279 -15.489284167468319708
-25.654801618170143485 -14.168731511798380751
-26.333844513668747567 -11.872547135211348746
-26.620447864164741958 -9.8575855194189916375
