8.1917329572746329092 -1.1745852231979370117
16.843137554996829408 0.93004603249401585074
14.551364950060719394 2.5945658043239663293
16.278142662223338277 5.1481031903325273902
14.894083977746227276 6.8730026741720919858
14.281192310359884345 8.9072705009250245922
12.329426612029733334 10.09446619167112047
9.8611865325858651943 10.568734794781207142
8.5898485043925134619 11.898369488063023525
6.7404085683196015566 12.481192507462537833
7.0834214811849669502 16.604075627088942468
4.731217352648136476 16.596758887329286836
2.6749522883283969321 16.848464947140818992
1.1145021340861474002 19.034611364266787348
-1.155881613810816777 18.094000188684265851
-3.1810936927795410156 20.311378921696341848
-5.1850024329082433638 17.891311586322725447
-6.8072546250182446315 15.885167181796994385
-9.0868092461119900349 17.001333522150215316
-11.096276026988354246 16.6032089505293321
-13.690705025946945383 17.028595237939761375
-14.567104932522154215 14.496918929522376374
-14.67708489417302431 11.593011206801058677
-15.252361971231952253 9.6944356928586064015
-14.901861197509637336 7.3410514963872834926
-16.826323629535160364 6.7034936890758265449
-14.661071795662191874 3.9366323779818497286
-14.726676441136246964 2.5768021036272279467
-12.748849362632460824 0.85910438098829411402
-13.946454249916605761 -0.04309972594461397577
-14.938472614924846127 -1.1745849860205279658
-16.669684809714702567 -2.5922926516697089028
-24.068778316783234317 -5.6143987499632261873
-23.082265566137451174 -7.6408670992768117358
-21.229759238690718348 -9.2103689262131318571
-21.814156383863871014 -11.932389019516492112
-19.521213428260001166 -13.046375118190118414
-18.793721801942716354 -15.232258910075383795
-16.857787813818276845 -16.364092867754248317
-15.19480145320374298 -17.710039015589057243
-13.50396458157026558 -19.054321998928742232
-11.263701696757960846 -19.328422025590171529
-8.8404361033309299955 -18.592245821087281854
-7.7086666609884373358 -22.475151786170343371
-5.2074995008030544597 -20.454529176859768569
-3.1810936927795410156 -21.644446748769464506
-1.1513996397994095133 -20.485815807424689439
1.1161261007137941448 -21.391424193137201115
2.9672052793549061889 -20.09709754353457356
5.0143982860146198988 -19.581962533099670054
7.1309310640540992665 -19.035535095724846144
9.4781960200341401901 -18.598606538273742217
10.984853659116653901 -16.907458022792138053
12.483101275800075669 -15.278685394558699784
11.340714668997184944 -11.725294799212234054
7.5670878719817924463 -7.3800512025111331127
4.7186545200811016443 -4.6917806597984430539
6.1910183337558652994 -4.2197683409068726945
5.2509948445498526581 -2.9668814323714860492
5.2463972577684891974 -2.0603498776161210948
