-21.957708761780544648 -4.6105031967163085938
-21.787096209671506841 -2.5058717620210697596
-26.830490096331850225 -1.4262285399441188005
-24.561895622801237948 0.99417480611405117941
-25.195730208240131986 2.7872382658138388223
-24.858221516838725051 5.177376328581660303
-26.300806240084014576 6.6585479171487307326
-26.726533404698354701 8.9719082636341358494
-27.722469802824363683 11.036758105740583247
-30.049619526793534874 11.578102030376729914
-31.224043056009254116 13.727210204090638968
-33.899017841300661757 13.160841032480981028
-36.576084748087033915 11.501920653969332164
-38.037013837395122096 13.146244642002361758
-40.078298700755631501 11.878149363052603604
-41.811328887939453125 13.985964264103568411
-43.52305197529346259 11.675460742516772683
-44.916205339339128955 9.9968004614518992668
-47.09624304476093215 11.654789239406252221
-49.209864392726238691 12.006885922705652803
-52.199690392090758451 13.382673619274225274
-53.197340596487237008 11.061001081048871697
-54.871024066054992829 9.8937600652814499114
-56.926582998289575244 8.9993368289670989668
-57.893529894328892738 7.0738991929604218001
-60.95815964054689573 6.4439253473332875899
-59.743305217047904421 3.3733291627899140153
-60.559134936286312723 1.4810281712136097454
-59.123128372399278874 -0.93076644843394884532
-60.648221212374657796 -2.6306660585550951659
-61.749797688167035403 -4.6105031967163085938
-63.148820318040336019 -6.8531636325842253399
-62.699010159387455587 -9.0503171502467161247
-61.712497410311371482 -11.076784993983228134
-59.859991102168521593 -12.646286766646211319
-60.444392068806401142 -15.368306851403383817
-58.151447188587781056 -16.482292978446082543
-57.423953586846302244 -18.668176844788600732
-55.488021551987607438 -19.800011699579538771
-53.82503712334149526 -21.145957824923332424
-52.134196346376157294 -22.490240860313516436
-49.893937368191899395 -22.764340833824292076
-47.470669950474487564 -22.028162694917753583
-46.338899288729521686 -25.911068725752468112
-43.837728225563417084 -23.890447963263110154
-41.811328887939453125 -25.080363649404230131
-39.78163379045054171 -23.921734618390402716
-37.514107733915814435 -24.827341083308212433
-35.66303181584383708 -23.533014441794236404
-33.615836911461251191 -23.017881342114197452
-31.499302190396200274 -22.471453884447267768
-29.152036701496857773 -22.03452528127291643
-27.645384021588348844 -20.343376922039880128
-26.147138311289680246 -18.714603360368212037
-27.289518232220849825 -15.161212777731437384
-23.475870331700267712 -15.196483581732392665
-24.869381151252390794 -12.153543285368154869
-22.660475979110639599 -10.832991418559021923
-23.339516977700139222 -8.5368070890652472116
-23.626122232383707455 -6.5218450105973468922
