-30.789690897652697288 -3.5723012465297947493
-31.132639552213518641 -2.0865571602430805775
-32.302375092788274458 -1.001035178411294968
-32.358424102432763902 0.25546508059382921907
-31.640040733031352005 1.6793926546608810568
-32.13071519886977967 3.0500618182753997942
-32.884143053401068357 4.5500870323997526512
-33.751117801633938598 5.9317791492122733388
-34.981592857089118809 7.0373618144339751268
-35.53057574408971675 8.6014309888091631251
-36.574655417228001397 9.7846395928640674811
-37.713318112544271798 10.836191372519611065
-38.952920385505407808 11.81307899077905077
-40.264750039223784484 12.688603489245650735
-41.4825932601312104 12.952298443287853402
-43.057369062217595967 12.218749829939811846
-44.707914926230678532 11.772316762638308063
-46.141220549724856426 12.255552754860543629
-47.438372657220035933 12.722724019325610811
-48.84559751948714279 12.269793738347587464
-50.006317637508828966 13.099795846375139163
-51.061474755136273984 13.348666378224159246
-52.093663838861161253 12.090960174762509283
-53.169635460547915784 10.77630124342049811
-54.23993243256672514 10.727117282548515931
-55.273644006783825944 12.022108157281065743
-56.349937251022915063 13.285588628219750618
-57.818090421908301835 13.573094695232336804
-59.515731041612099261 13.566976631975942169
-60.701828598286432737 12.949488649995803513
-61.803941703244099415 12.1908054073103429
-62.784803508632705871 10.854912369735609801
-64.240588791536026747 9.9493975578633726542
-65.578014810677458968 8.9973020032126402867
-66.619903819571774761 7.738109839167947257
-67.412581181996699797 6.6184973386026086928
-67.986491559919514316 5.6918410351778607748
-68.480054008963733736 4.7918003571467124857
-68.867528209734402367 3.6075910457091899808
-69.168531259448513993 2.0185369254921674553
-68.73342385837797508 0.51463023456934431366
-68.431606251879529168 -0.90823493780320863067
-69.360453164237810597 -2.2639556706601537961
-70.293010913919374616 -3.7392054212881968844
-70.685050454219933158 -5.2123457796393122265
-70.577372835927860706 -6.6073082447082018831
-70.342265585778193326 -8.1515838693376228008
-69.975435843577912465 -9.7159670803388724636
-69.508122858110027664 -11.180158938446169259
-68.947833004695866066 -12.563994408732487074
-68.342505476935940578 -13.796953201129497302
-67.690600772070126823 -14.926744361466756317
-66.873540052343344087 -16.14035446053518541
-65.9132637814796567 -17.357676920677249655
-64.853657889254861857 -18.504881000624088472
-63.634013953258481422 -19.628734384885810016
-62.293477968922616128 -20.670455400651537303
-61.054386581930330635 -21.484204439585756319
-60.265128738045980583 -20.952899563407047623
-59.402470261407287921 -19.485380137858594907
-58.540180739903270535 -18.01599758349677316
-57.677891218399246043 -16.546615029134937203
-56.815601696895221551 -15.077232474773111903
-55.953312175391204164 -13.607849920411284828
-55.091022653887179672 -12.138467366049454199
-54.22873313238315518 -10.669084811687627123
-53.366443610879130688 -9.1997022573258000477
-52.504154089375106196 -7.7303197029639703075
-51.623270952513806265 -6.3351626541947299032
-50.92183124787295867 -6.3813929047201440881
-50.823294580738902937 -7.9835740154229046794
-50.811094804503944999 -9.6894256036897523643
-50.798895028268987062 -11.395277191956596496
-50.786695252034014914 -13.101128780223444181
-50.774495475799064081 -14.806980368490291866
-50.762295699564113249 -16.512831956757135998
-50.750095923329148206 -18.218683545023985459
-50.737896147094197374 -19.924535133290831368
-50.725696370859225226 -21.630386721557680829
-50.712412636025149482 -23.334371815863658384
-50.342954852785872788 -24.368304769979264535
-49.017253179527699558 -24.008389211604555413
-47.455399742045571543 -24.106151043387239241
-45.99243114535185839 -23.808955075715644512
-44.423234650055576367 -23.356182035005335962
-42.833213817099803578 -22.758239536380322932
-41.304701116021107055 -22.025917644475075718
-39.906438222009981587 -21.207218580111124595
-38.637110056335203012 -20.322113584541476428
-37.395945629519331987 -19.302362641530752541
-36.25959181127258546 -18.206124464735381707
-35.479946657486635786 -17.343310516731797577
-35.854293180836002364 -15.822613175288514853
-35.311012292806935875 -14.979209500992991977
-33.711178385037108285 -14.920811273898351601
-33.263030428574431596 -14.162189934008591052
-33.23990508117597642 -13.025373479874414073
-33.171845727493945333 -11.694859332270230112
-32.021323363334644796 -10.670988709318809384
-31.96321645334598216 -9.194556764389758996
