-2.6724266267707790234 9.9471302032470703125
-2.5018126443520287694 12.051761878280515816
-4.7935807435617654448 13.716281226579859265
-3.0668077745562349889 16.26981873362869635
-4.4508667042828804483 17.994716802936579825
-5.0637583650512070221 20.028986045621039125
-7.0155241059550181859 21.216179887812913307
-7.4412498282044410303 23.529539744062493156
-15.019164558748514082 18.284364383539511323
-17.03256020103452073 17.508264460486255842
-17.578105830409079147 18.517205247658516498
-19.385710326947616977 17.000435898888298425
-20.39626379072199569 16.501920672502514265
-20.783265688505924373 18.146244597615023508
-21.797561969026993722 16.878149383178985943
-22.526044845581054688 18.985964264103571963
-23.233219088568453969 16.675460723374939676
-23.599383758952996004 14.996800361206965135
-28.431760883050827715 28.123050972781175716
-30.441227627954557278 27.724922601600798799
-33.035654733020152207 28.150308885030870698
-33.912054671777362103 25.618633509176440555
-35.585741894185417777 24.451392544759233516
-37.641300893884007905 23.556968287592447098
-38.60824775119633756 21.631531173592392747
-41.672873640560780473 21.001558834382581864
-40.458023064681313485 17.930960932807312957
-41.273852799666215674 16.038661814551655738
-39.837846228599310905 13.626867022686406372
-41.362939077573841473 11.926967577838807344
-42.464515553157269778 9.9471302032470703125
-43.863538180940437883 7.7044692706556645589
-43.413728029960871879 5.5073162759834373148
-42.427215270760910926 3.4808474383310361588
-40.574708965475750233 1.9113461526999291351
-41.159106049225812285 -0.81067460064466700942
-38.866165057846146169 -1.9246600494452721364
-38.138671470993031676 -4.1105443772240946032
-36.202739440125398573 -5.2423782787740105249
-34.539751151212570335 -6.5883239644132451929
-32.848914244220452474 -7.9326083950561603331
-30.608653330374565371 -8.2067093391877321551
-28.185387670030355167 -7.4705293422088772104
-24.478318539280277122 0.76238740141039151865
-23.244603738716758556 3.1104942567455706737
-22.526044845581054688 2.0301385936377611685
-21.804197597253939023 3.079207625237393664
-20.804122077461961737 1.8461150924311588994
-20.138366008913671124 2.5986174010875542351
-19.149604552284152703 2.3635292830749969895
-17.914415587770619709 1.9595573453657690877
-16.211803729491041537 1.2563184944771794704
-15.037288963006014697 1.6300230944457272386
-6.8618547828451976756 -4.1569709552570586197
-8.0042360064219586491 -0.60357972964467343502
-4.1905872830758390535 -0.63885127933450114313
-5.5840989804038052569 2.4040897182533900178
-3.3751926543851986651 3.724641020413703707
-4.0542346002479270339 6.020826329828929957
-4.3408386621661030347 8.0357879572117845157
