-19.300663397400661836 -12.863864898681640625
-19.130048938109705858 -10.759233223981626182
-21.421817751645889416 -9.0947138798857203312
-19.695049566216010106 -6.5411758476374712856
-21.079103469218566147 -4.8162768812700367249
-21.691996092152066922 -2.7820088130451345876
-25.454664369536985191 -2.9105108157423256188
-24.77810048181655489 0.080507240385607303779
-25.065424490905499511 2.783396331802080681
-27.392574163051293112 3.324740328874664641
-28.566997775640992074 5.4738485506294445315
-31.241970569572146132 4.9074793305156489964
-33.298233801734838266 5.1591863685784460358
-34.858684443805600495 7.3453327543892932283
-37.129072187686524842 6.4047225301551726773
-39.1542816162109375 8.6220993654219277857
-41.158191279645485849 6.2020339405888051942
-42.780443831749657591 4.195888610487649828
-45.059992149161956831 5.3120548464993113669
-47.069464417712055138 4.9139293985045604529
-49.66389342076548985 5.3393166384862311702
-50.540293324758721383 2.8076393790835396658
-52.213976792896126256 1.6403982453947207887
-54.269539568245619421 0.74597533544792682392
-55.236482622944208742 -1.1794623902688563533
-58.30111235793263802 -1.8094360973588123898
-57.086261746666608019 -4.8800327476092917323
-57.90208385811550329 -6.7723328409021652519
-56.466084897090190964 -9.1841280346064859685
-57.991173941958933824 -10.884027534592291886
-59.092754231135785403 -12.863864898681640625
-60.49177304991810189 -15.106524823400954816
-60.04196671352255521 -17.303678799678500866
-59.055446332966965883 -19.330144760650323832
-57.202947641771274334 -20.899649429846018478
-57.787344765784105505 -23.621669561245443703
-55.494399912381027207 -24.735655640249497367
-54.766910192049493844 -26.921539431309913226
-52.626796416029058889 -27.82661159062213585
-50.046060709280517642 -27.8551138421422948
-47.927329211076227011 -28.059229612605300019
-45.618584893305140326 -27.382930233671128661
-44.479001304429722552 -29.251667697147471614
-43.681856207559235372 -34.164427486803177203
-41.18068833640566595 -32.143804922799077417
-39.1542816162109375 -33.333726305043882121
-37.12459023798413682 -32.17509154195350618
-34.85706044273945281 -33.080699920116828139
-33.005980745854081704 -31.786377102774277859
-30.958789637085928348 -31.271242089226777949
-28.842256857766656708 -30.724814651069351612
-26.494991328498912253 -30.28788411595391139
-24.988338746623327324 -28.596739658189036959
-24.198705378223433371 -26.329925461518470797
-26.658532995270547872 -21.942554362204447216
-23.985050369101180934 -21.621822272170788892
-26.328962526692517798 -18.574064068553219897
-24.637345564961790956 -17.580703562249166083
-20.682471608721552769 -16.790168769395378945
-20.96907496490489109 -14.77520627615873039
