-12.680735872757438187 -5.6380337251646341912
-13.023684874065367012 -4.1522896205001806891
-14.301759707585572912 -3.1205962427175526486
-15.8814591415118187 -2.6211225788928937952
-17.601903917029968483 -2.5037554260507315362
-19.326580470161282221 -2.4084194157788840762
-21.039766292380253532 -2.4196092882874742358
-22.742492956084234379 -2.5090833959905398665
-24.378631236884615419 -2.1960961254260009667
-25.30868130247876735 -1.0608651417466605782
-24.872219411850590376 0.51345740433352704546
-24.489694058129686027 2.1768556922706481238
-24.742478021827601253 3.7749773533146946392
-24.772017118203944364 5.4270006095663134715
-24.54956646012477961 7.1268905160238480434
-24.778556315742825689 8.7810986713570464701
-25.507843750713099951 10.284197480277819992
-26.634904343088265932 11.551907436684897945
-27.706965887388683711 12.899082983076576525
-29.015500519492089637 13.240021524035064715
-30.487290241131685065 13.170627390438218285
-31.738854638401548414 13.544445849689559225
-32.836638821595052207 13.561251893071020191
-33.94736290587589167 13.406779022439115678
-34.934963657616506794 12.007952390437584
-35.817969013632065867 10.651466499983062164
-36.997367997313666876 10.650814681854223309
-38.439467077522309069 11.413485599504690882
-40.098788820736189109 11.44833147463068812
-41.708258056547464321 11.365148514152949133
-42.854554845537208507 10.730033563907969807
-43.867570411037689837 9.7650527261549342484
-44.994396882964231565 8.5471570239249690104
-46.495074151816609742 7.7045071171297268009
-47.722518585748332498 6.6440555219340176052
-48.72723216389866252 5.382693286408686717
-49.451618586143254674 4.3243791141828022973
-49.996127181835632314 3.4196123044160167126
-50.487882323270405038 2.4958661498857050987
-50.797957813039552377 1.1659178271585126652
-51.05768393317741527 -0.41045546505045987784
-50.449805115501376918 -1.8938752712334372408
-50.472746506112358134 -3.2925316274621954094
-51.490288273863122015 -4.6642096504569288129
-52.388513187900180412 -6.1608176406047778784
-52.559701418103792037 -7.6042569067092049551
-52.425970818892174918 -9.0226316100104213547
-52.15820306861490252 -10.588564985704230992
-51.763661873885681075 -12.139510127612730628
-51.276748212883234146 -13.574960491595016165
-50.696656206984229698 -14.93937639868756051
-50.089132124375552735 -16.12812169410150176
-49.406781535733841793 -17.268841647843011344
-48.546968630358591668 -18.499431987673254696
-47.56717777186412377 -19.696129426877082125
-46.471674855737113319 -20.838799215236978313
-45.218588179317052322 -21.949015351170217514
-43.856251667010454298 -22.964725141436691302
-42.446529360812839116 -23.84196439479647367
-40.990369958010610674 -24.481079183653758236
-39.33140695393783659 -24.199489764318272478
-38.14412693924003861 -24.549396166260919472
-37.533542818952767561 -25.817642712416720485
-36.709334718676984721 -26.009247910125282033
-35.717532167562616507 -26.191821125539576087
-34.423041212330176108 -26.062540591976389948
-32.943855785658136881 -26.434209383524290615
-31.444930076806571151 -26.268847199358194899
-29.898478370675562132 -26.072651551427142635
-28.406858794133512447 -25.994106539051134774
-26.891156400404007343 -25.60704454130017993
-25.64153077327829422 -24.408381859504302724
-24.930729651406959846 -22.915297013273953297
-24.75762991774318067 -21.233441248296259118
-24.268190241575101851 -19.667884876589891263
-23.016651068887544085 -18.674514498121752126
-21.338147732000919632 -18.353818167179976939
-19.801508030008836414 -17.988101843086301557
-18.973477166605345445 -16.800988407146942194
-17.63297458709445209 -16.511020191778847277
-15.946794480207653777 -16.765332913861318076
-15.325673087938469052 -16.527496371227108796
-15.726332245385091113 -16.161660897693430172
-17.194342461448556492 -15.300067313434297489
-18.662352677512018317 -14.4384737291751577
-20.130362893575476591 -13.576880144916017912
-21.598373109638945522 -12.7152865606568799
-23.066383325702407348 -11.853692976397741887
-24.534393541765869173 -10.992099392138602099
-26.002403757829338105 -10.130505807879465863
-27.470413973892796378 -9.2689122236203260741
-28.938424189956261756 -8.4073186393611880618
-30.381941413824023357 -7.5352899666014101498
-30.712774980072556019 -6.7374098721212458685
-29.220595375249089898 -6.5649940101365711342
-27.512257602535022727 -6.5517546892074607356
-25.803919829820955556 -6.5385153682783494489
-24.095582057106874174 -6.5252760473492399385
-22.387244284392803451 -6.5120367264201286517
-20.67890651167873628 -6.4987974054910173649
