-30.923752710909553798 -4.5240969151756429412
-31.266701366885989444 -3.0383529123868262545
-32.436436954976073821 -1.9528308080239924482
-32.492486573152142171 -0.69633050571646537552
-31.774104413943991432 0.72759695130311641265
-32.264778903193032988 2.0982661992830387021
-33.018206772530511728 3.598291039414418524
-33.885181514851211659 4.9799831887972327849
-35.115656061747721139 6.085566656764133775
-35.664636919495940504 7.6496350741725294142
-36.708718227213068985 8.8328431059510403855
-37.847382181167219528 9.8843960916862005917
-39.072784827860317591 10.850965414143285415
-40.31945865162741427 11.688001357958086146
-41.398863157215131992 12.309741045605687049
-42.849653316502276823 12.137782754078614289
-44.554730719582153142 11.873180533100157419
-46.060642797671192739 12.402487369703347753
-47.450523000248210792 12.722559194703190855
-48.886830168775070149 12.261692824916885058
-50.099229322497414785 13.100282066514321144
-51.201707535715094366 13.368258561596151779
-52.258394801993780732 12.156479747523391666
-53.359723604896437621 10.862973313237715089
-54.514083681734234688 10.581818999602926823
-55.697107316768004637 11.724122794931673752
-57.008203225136469428 12.61264669389519355
-58.649767824893302759 12.565985729452954445
-60.163696129676509372 12.368721797038425336
-61.294435459876254413 11.724765137299378637
-62.260605793868869284 10.625038563307860784
-63.489677199355433856 9.4931739780993034117
-65.006439331274847859 8.6817061178347927353
-66.15399839129197801 7.5368074488001628453
-67.119580690748506413 6.2900572362829549888
-67.799742827824587721 5.2718712006118089164
-68.326228721816363532 4.3781960773510917306
-68.820983803283013458 3.4270337972003908078
-69.101471500806752601 1.9976481616115544515
-69.249752458354862483 0.43559762394797058027
-68.589747670540290869 -1.0346114563164587885
-68.871100962613923002 -2.4153542335498734417
-69.902352278902810667 -3.8078020573549302696
-70.78647532078689153 -5.3121273804994872947
-70.787062100877392368 -6.7329020657824401042
-70.631962509010378426 -8.1783979377363849039
-70.340330730606538623 -9.751894547041182193
-69.926408546568907809 -11.288794291065300968
-69.423962808185308404 -12.706914518890755517
-68.832652127303219913 -14.049684938039170845
-68.221462242807476173 -15.211378516201968125
-67.511464384183625498 -16.366679747118645594
-66.622496942114196372 -17.60387566390503622
-65.628343814428731662 -18.784766968811958066
-64.503776888593378658 -19.92517306494293905
-63.227870026108476509 -21.022421915175762308
-61.859667484816803551 -22.011545012343390226
-60.929003344961181199 -22.590280366973178872
-60.029640801367868619 -21.302850547725057595
-59.156438605575715428 -19.834495898427231708
-58.283236409783555132 -18.366141249129405821
-57.410034213991409047 -16.897786599831576382
-56.536832018199255856 -15.429431950533750495
-55.663629822407102665 -13.961077301235921055
-54.790427626614935264 -12.492722651938093392
-53.917225430822782073 -11.0243680026402604
-53.044023235030621777 -9.5560133533424362895
-52.142726386005591621 -8.1516571919603588725
-51.243610812694356582 -8.0480938544260816059
-51.047959045665024291 -9.5818603203344885344
-51.025799940360919038 -11.283050177719118778
-51.003640835056827996 -12.984240035103747246
-50.981481729752736953 -14.685429892488375714
-50.959322624448610384 -16.386619749873005958
-50.937163519144526447 -18.087809607257636202
-50.91500441384044251 -19.788999464642266446
-50.892845308536344362 -21.490189322026882479
-50.870686203232239109 -23.191379179411516276
-50.816225990655645717 -24.836676033561527532
-50.086520563006352802 -25.309258823121972171
-48.605024324559074955 -24.895525817248845613
-47.07647025638121363 -24.966654848290591673
-45.585005825992496398 -24.621489414327275114
-43.996905992676751396 -24.097456658611022817
-42.418855683369677934 -23.46550527197899072
-40.926325777851523924 -22.695227223858935872
-39.584094467361609304 -21.85744415393441642
-38.329802521249803249 -20.930229916490887376
-37.107431838622389364 -19.866533121519939442
-36.070492789950648671 -18.812454260025170072
-35.697484209471831207 -17.794798824826852268
-35.994835949648297913 -16.330273092719696848
-34.905897037668772498 -15.890042994987124914
-33.684586520235860974 -15.609332741009426471
-33.233158476758035249 -14.816068175960607434
-33.525859076732693609 -13.454515013040637683
-32.903941300136310133 -12.290707287069707832
-31.978888892006210654 -11.164815594796198894
-32.25007381635538195 -9.5475581722221392056
-32.493357400832074688 -7.8606504833135071308
