-4.2119969583442653516 -7.4212198257446289063
-4.0413829759605590652 -5.3165881503777514538
-6.3331513151976785991 -3.6520690330967311432
-4.6063778674285842385 -1.0985314154419150157
-5.9904370307406473728 0.62636783533838524818
-15.400032508038080437 -2.4181441646353318831
-17.961954360499909455 -2.9866532214412311319
-18.378148573882022276 -2.3002007387658141013
-18.928286344410402364 -1.7156353712848542159
-20.484136435139681964 -2.4917355386455239952
-20.637062175153566557 -1.4827946377349334739
-22.096966360067067825 -2.9995640984858438216
-22.790910907833584531 -3.4980794838341378039
-22.882215617809777086 -1.8537552967590524844
-23.613733247646607083 -3.1218506554467371217
-24.065614700317382813 -1.0140357358964298129
-24.496192743406666636 -3.3245392629024470565
-27.69177524201448648 9.6385336337912299598
-29.971330712878653912 10.754699044534106633
-31.980795627867387054 10.356573502897724381
-34.575224545667317955 10.781960787687989267
-35.451624540775249272 8.2502844234974332949
-37.125311760364539282 7.0830434591387145815
-39.180870740568309429 6.1886192212177402183
-25.047647069954358301 -6.7077316941187676846
-25.113200639598332486 -6.8163958468934353618
-25.166826517512536299 -6.9309286934439846561
-25.208018025140066953 -7.0500305193024166428
-25.228072187355373046 -7.1741318840458783157
-42.902508932310169598 -5.4413824511528918748
-44.004085407893597903 -7.4212198257446289063
-45.403108035676766008 -9.6638807583360346598
-44.953297897830580609 -11.861032737546215898
-43.966785138464686611 -13.887501597076663984
-42.114278818056916975 -15.457003404295187821
-42.698679762080352873 -18.179025433597605144
-40.405734914821593406 -19.293009598517933512
-39.67824130180791542 -21.478895386457562466
-37.742309315703877814 -22.610726381650714245
-36.079321020878481363 -23.956672552046494928
-34.388484112289852135 -25.300957462675693677
-32.14822128796167533 -25.575059363638363408
-29.724957572021182273 -24.838881263195286664
-28.593187204999903628 -28.721783405655507693
-26.092019580194488526 -26.701162703839763424
-24.065614700317382813 -17.969861406362241496
-23.067171308991817114 -16.92079236702037548
-21.784318091518908744 -18.153884910738362635
-20.822861918885063659 -17.401382593735842619
-19.517490176347941144 -17.636470732269458495
-17.934605029156148959 -18.040442744762778204
-15.839367066950444496 -18.743681404458541806
-9.8996717474556739091 -23.154091649248741192
-8.4014251514954398914 -21.525321979100979775
-9.5438063443512834993 -17.971929290547276281
-5.7301576439425652154 -18.007202238232082436
-7.1236693191268649628 -14.96425984995935643
-4.9147627457839462295 -13.643708049498769697
-5.5938051793330814121 -11.347522788268070926
-5.8804089932929279883 -9.3325620675302118912
