74.867892815978251519 9.8419599533081054688
75.038509182758019733 11.946591626674392117
72.746734662465215138 13.611110899514098804
74.473512391477157735 16.164647505305801189
73.089456557791208979 17.889549403626332946
72.476563941195280449 19.9238167450703898
70.524797273183793322 21.111012458925159763
70.099073913525941748 23.424372346875813378
69.103141483981943338 25.489223007970046808
66.775985866763420518 26.030563272252656759
65.60155843773790707 28.179673402619190625
62.926593089419334603 27.613303310656103662
60.870322411644067984 27.86501122056819213
59.309871782387048711 30.0511556963067612
57.039484022592894519 29.110546428796371998
55.01427459716796875 31.327923263737357473
54.314464331111871331 16.500249739490715939
54.263297146431597184 13.375046363106365632
53.538792865812304456 14.383035746965921575
53.029137759629783488 14.300653818200476763
51.838646879233195364 15.342304333623069112
52.221741529203811183 13.685561062358571505
51.587113514146324178 13.648207109841184348
50.264189894016233495 14.118952252782005274
49.367971433991719721 13.944237178175917791
35.867443888103480276 20.896389526450622753
37.082298259842744415 17.825793486452052861
36.266468551841697376 15.933490615278685709
37.702478907732682956 13.521696638839937776
36.177382271419972426 11.821797317397454208
38.559867991764605222 9.8419599533081054688
38.703631008521021784 8.1276422213209968959
39.327093814010993356 6.5075465620180406034
39.629043847268867751 4.8429972683788182763
45.442884412786156645 5.5805012859637326272
45.2659883934440046 4.2137860698500668732
47.253532517096950016 4.2034513073105896908
47.246387696610860019 2.8477259057137249698
48.113414852877824046 2.1777874283690001889
51.535383074889175248 5.0536762711804987802
52.31597666774406008 5.1683576990049466815
53.276144699101692481 5.9380536627763005342
54.236710980269727145 7.4488589355321845886
53.786236379421787035 4.0644533346142894814
54.644982883241809191 6.3283383481662101033
55.01427459716796875 5.1164933261511889029
55.424463292932983904 5.9392526136790690927
56.183322580705926441 4.3420483043719606542
56.832817852265826275 4.2450483977243607114
63.209774250599380707 -8.5654181709152901192
65.326299355612249542 -8.0189897990796055183
67.673568821771652892 -7.5820610825333716321
69.180227367298840591 -5.8909125712834704558
70.678469067812812909 -4.2621405991118095358
69.536085247075945404 -0.70874951649537543119
73.349735077354608848 -0.7440208499928129271
71.956224218252259561 2.298919813106573784
74.165127506474647134 3.619471971354661477
73.48608079374869817 5.915656577255521853
73.199483154036002475 7.9306185588322186675
