-7.4163326478889430859 -8.8315038681030273438
-7.2457186654701928319 -6.7268721930695818401
-9.5374870021341706661 -5.0623528493071079382
-7.810714036231235724 -2.5088150927219476927
-9.1947727199441047219 -0.78391590976317715445
-16.161682586383847138 -2.4181441769388767327
-19.225200875631305308 -2.9866532505152338928
-20.016200482054436804 -2.3002008259732509288
-20.862793435735483172 -1.7156356222004287559
-22.663839191738578194 -2.4917355402367720174
-23.027168156790757791 -1.4827947644834180707
-24.673401584030408173 -2.9995640384458264194
-25.324295903766177673 -2.843399013148971477
-24.862636418650037484 2.4940167682485849809
-25.244737741436381384 10.437083573131769043
-27.26995086669921875 12.654460396000541067
-29.273858700988554915 10.234394962947899188
-30.896111408396322418 8.2282495914328315223
-33.175665061026563762 9.3444159268949000818
-35.185133668200336388 8.9462904290831737342
-37.7795626712537711 9.3716776690648444514
-38.65596256811622311 6.8399999380058087439
-40.329646039093361765 5.6727589222091410193
-42.385208820746910874 4.7783361253722897999
-43.352151872401009314 2.8528982841015970706
-46.416781624749532398 2.2229245473099563668
-45.201930996744053459 -0.84767177571256535629
-46.017760726522681125 -2.7399720134237748326
-44.581754147578472214 -5.1517670040278726873
-46.106843192447215074 -6.8516665040136777165
-47.208423481624066653 -8.8315038681030273438
-48.60744230040638314 -11.074163792822341534
-48.15763596401083646 -13.271317769099889361
-47.171123233589341339 -15.297784619916185989
-45.318616887949225713 -16.867287455274240671
-45.903014047566166767 -19.589307522790100791
-43.61006917630400892 -20.703291730156639261
-42.882579466459219475 -22.889177420489531301
-40.946643551589524179 -24.021010444851270904
-39.283659102101260885 -25.366958496310051174
-37.592822232207439015 -26.71124147836794549
-35.35255934695166502 -26.985341505211010826
-32.929291976488741511 -26.249165258299193226
-31.797523336928367854 -30.132069362685822256
-29.296355752662108785 -28.111448652907153445
-27.26995086669921875 -10.282971509717590664
-27.11478207415952113 -10.307834212430604381
-26.960200973922493262 -10.288761907524843764
-26.807896967628401796 -10.253557908365426243
-26.660670330988590848 -10.199970498184764978
-21.953165278605847988 -18.040442652331183382
-20.068330602366817317 -18.743681174498867392
-18.681469091938737392 -18.36997675345905634
-16.841311990680406296 -18.221488740693089881
-16.99731725731246712 -16.295005747513695127
-8.9344932781052328608 -19.417484277317392127
-10.328005014409392004 -16.374543905205179328
-8.1190989102543547062 -15.053991132300085454
-8.7981408592098340193 -12.75780773881676744
-9.0847446917836691682 -10.742845241330417849
