-6.3778642608197131381 -7.5730543344322462929
-6.8130304039942570782 -6.0325617992482287733
-8.0050794913666631913 -4.8849646835290672087
-7.7740229218919569831 -3.5010317328286935101
-7.3371701197014900231 -2.0379874947127785134
-8.1270405605086537548 -0.77654034330077825743
-9.7230669693226250416 -0.77561748568255328706
-11.472162592199168785 -1.240341592497079759
-13.221659182237624819 -1.7062854687010831078
-14.972351117460753755 -2.1700251319946102235
-16.751253199042267283 -2.5817453706009101388
-18.51246138719664458 -2.7488664457885700898
-20.072930222913377918 -2.1012333393263240566
-21.617222947283931234 -2.116587740900476966
-22.75057859816104866 -2.0624201521581353447
-24.062285673511397022 -2.9727937709577676451
-24.746044828202926169 -2.2982650372341431044
-24.861912836702682483 -0.50562665895199243593
-24.959661337538747716 1.2944060974985887036
-25.074143914162696944 3.0942840828997808522
-25.271793714791311203 4.8972358762418126688
-25.496951717377598357 6.7012043553110380856
-25.722130449581033673 8.5051736005337872371
-25.947309181784472543 10.309142845756534612
-26.193096158436123488 11.579002400301025233
-26.845324914825095419 11.571569490692272808
-28.004681458362824742 10.9935436499637742
-29.175577039868926477 9.5821472180504159155
-30.532164777165153424 9.0336423743956437704
-32.177783315646323103 9.5499393778560932589
-33.953964928598878714 9.4789131707999221277
-35.583064643249969095 9.2897972661412104856
-36.782072817606184856 8.6069963665287190224
-37.802090158274133103 7.4099630888217564717
-39.161203950208928859 6.2646182803832974884
-40.748022958805272253 5.3996667215767892856
-41.885513498738148996 4.1020832349897560221
-42.820119731709269217 2.8397580449826733684
-43.467220944237496383 1.8256502196917594461
-43.996546085191269526 0.88114684526829556432
-44.463695093975104555 -0.30108951590231902706
-44.745823530197462503 -1.9841919935483467441
-44.299852957548452537 -3.5774232657619737807
-44.075543444901029488 -5.0769289530050292214
-44.60050662171324376 -6.2588610049599608942
-43.289482010117197319 -6.6455390387065200741
-41.500435194491821278 -6.8446288295088013598
-39.711388378866452342 -7.0437186203110835336
-37.922341563241076301 -7.2428084111133621548
-36.133294747615707365 -7.4418982019156443286
-34.344247931990331324 -7.6409879927179265025
-32.555201116364948177 -7.8400777835202086763
-30.766154300739572136 -8.0391675743224855211
-28.977381351783776608 -8.2385446662089449887
-27.707969185627234765 -8.6980714597584647407
-28.593566043075252736 -9.631566368605790629
-30.151663487766590777 -10.543757877917791177
-31.711248084581523443 -11.455350103054989575
-33.270832681396449004 -12.366942328192191525
-34.830417278211371013 -13.278534553329393475
-36.390001875026307232 -14.190126778466598978
-37.949586471841243451 -15.101719003603797375
-39.509171068656172565 -16.013311228741002878
-41.06875566547111589 -16.924903453878201276
-42.628340262286037898 -17.836495679015410332
-43.594366369261763339 -18.450961227776637941
-43.200802488633186726 -19.101103528924340935
-42.326801272812474508 -20.37331811790507885
-41.294453801675217619 -21.645972540596815747
-40.134295283472610549 -22.855865425585101036
-38.799622454262625126 -24.026610242895770853
-37.347237649901828149 -25.087098340449607292
-35.853367637740404916 -25.986845237261547936
-34.240235113808772383 -26.430436832575825434
-32.556846372802411338 -26.135034864358186013
-31.604022265896055899 -27.064772641608573878
-30.869565304408403961 -27.889700380538592128
-29.940746471712820664 -28.084982126996944629
-28.737044010219815249 -28.170263287351328785
-27.233618840987805498 -28.321985533641207411
-26.234144862344322746 -28.046445264961352706
-25.934779930435986728 -26.3513767647381556
-25.683095943774514325 -24.558972039107587193
-25.431411957113045474 -22.766567313477025891
-25.167212721775968021 -20.976856863724123059
-24.666402441983411364 -19.240959309520373921
-23.660873430892976899 -17.847716902276065554
-22.046716887972074517 -17.700010309475953107
-20.298752923122947323 -18.208918685165350837
-18.547991001734239092 -18.563698688403022174
-16.771081132457119622 -18.346834330434077742
-14.968300782869432553 -18.350066622365730495
-13.194771340994924103 -18.676990423954848097
-11.414889969003530368 -18.943044504926209726
-9.6122185923150293974 -18.991150549152237659
-8.917560229770977287 -18.327927781324120815
-8.7716779083915081827 -17.210939839159316023
-8.7780552379224126014 -15.778499601103236571
-7.5957558671872202893 -14.681825458450854072
-7.5897028805459125778 -13.094677635745281208
