4.8494338578098776793 -5.9041595830298598813
4.5917111878023231242 -4.4763322375575320677
3.4863904707790966953 -3.4429760338952051235
3.1453272883883425237 -2.3134775346049929468
3.8999985018619596211 -0.97381215675550947264
3.6943649253455213 0.28763551298892409136
3.002184201497742233 1.6693052059375785845
2.3634285160170951379 3.1061700515777430631
1.2282088062465295053 4.1728794171570786631
0.34755664949924680585 5.3942150234852386248
-0.25535380905223270531 6.7901756763272391737
-1.3005451009017559016 7.8582124651006814986
-2.3844923979980841011 8.8141023810060588062
-3.5611371608970188163 9.707878584781635567
-4.7256049254066034848 10.46731722145981891
-5.8053687815306496134 11.074370256321600436
-7.2112930592121529116 11.213251041895183846
-8.7822122829863875637 11.431539828248453716
-9.9546504102570718686 12.420258549121456326
-11.122231447774336033 12.953612248686155795
-12.441976856430498444 12.772846757777260862
-13.182209421275553396 11.557261576274397541
-13.44046515411717202 9.9748992959300331052
-13.684099704622823879 8.3814105163792085307
-13.927734255128473961 6.7879217368283821799
-14.171368805634127597 5.1944329572775576054
-14.415003356139777679 3.6009441777267330309
-14.658637906645431315 2.0074553981759080123
-14.901855313783682888 0.41394092128573761746
-15.131321887775225576 -1.1804206500407101732
-15.328718469527562007 -2.7808869672531595363
-15.448222990239779406 -4.2417541446665767424
-15.870679465006396924 -4.0173044494577441199
-16.850566316351361706 -2.7831088649589177386
-17.720510037317662722 -2.1389638597513864759
-17.692953356743139182 -3.2471287307876441908
-18.229178951709553047 -4.1859654205962923967
-19.613757109330656192 -3.7137393332256700695
-21.058760788380993745 -2.9805941321466855598
-22.503764467431341956 -2.2474489310677014942
-23.744501301056331499 -1.8374790975182404562
-24.485577652453507369 -2.3762193132936495488
-25.877351385595602551 -2.260726266942565843
-27.454019478352574168 -1.9232782434860227205
-29.030687571109556444 -1.5858302200294778217
-30.607355663866531614 -1.248382196572933367
-32.184023756623510337 -0.91093417311638968936
-33.358523111508262105 -0.86130339034409963972
-33.022474519655290237 -1.8978109424576834474
-32.797103952313321429 -3.2319024376445986135
-33.690284909406912561 -4.5049047223636859982
-34.57586204381814099 -5.8884790285717283354
-35.052116714814388843 -7.28814089553920752
-34.967936672753950234 -8.5935341700219023409
-34.777740291034341169 -10.015394898859993233
-34.466858870982562735 -11.49777388865478045
-34.054927128463624797 -12.921425902297656307
-33.566721093875194981 -14.242695532127788383
-33.004346352975396428 -15.490640290976839921
-32.428352724175439903 -16.574919315954630861
-31.760519262472694635 -17.661957023873114281
-30.9321111215384974 -18.825938006681141701
-30.005748095023541566 -19.946917725841267099
-29.006573799761742549 -20.991600993524087926
-28.049066285132454368 -21.301908417090761105
-26.743200883393413392 -20.406814895125126696
-25.439917737113884044 -19.46825818362039584
-24.134091160007756116 -18.538021744638026433
-22.709033995929566174 -17.993815786297357562
-21.131841867775083443 -17.81621461377754656
-19.679208610008348757 -17.16788627417277624
-18.492537076705009014 -16.385956792868892506
-17.958411239015770633 -17.079944182868818103
-17.747140039928471111 -18.50661991162805009
-17.128519020430339026 -18.322974013505039181
-16.217607123280163961 -17.384490003186925833
-15.321797651496387616 -18.093530847619643254
-14.739105997125587777 -19.572323430647564635
-14.320538605743273308 -21.133248276430570911
-13.904191082836808491 -22.695254400649297111
-13.48784355993034545 -24.257260524868030416
-12.918365207795043048 -25.685298195326314641
-11.684698558115439226 -26.36722888615899052
-10.308152221477794086 -26.081243378885051953
-8.8292942036439523434 -25.656795635677326572
-7.3310172184878554802 -25.099782538849652269
-5.8829282340113948635 -24.423595786936814989
-4.5400459686244190038 -23.662857523281918048
-3.3280457539011951695 -22.8504786013075325
-2.1522996804028391438 -21.929797804152400431
-1.0259175065789616355 -20.901716406393379799
-0.13277453872282407588 -19.96287272401178825
-3.3845399558751765312e-05 -18.885840525267560963
-0.20048599713144832357 -17.566136219990863054
0.91658549500741637317 -17.219917268213247752
2.0767870864639306205 -16.962555294786078264
2.4995618841767210938 -16.224530223054753009
2.2902686170596817661 -14.99684830938626412
2.6133356102542601995 -13.822725334693197752
3.6924811102109900141 -12.851035192925372996
