-26.155512259094997773 22.603414535522460938
-25.984897799277362651 24.708045251537100739
-28.276666569330522805 26.372567254617674593
-26.549892694246615577 28.92610307397346503
-27.93395231804227663 30.651004908211966438
-28.546843052413233721 32.685272300334894169
-30.498609673452421021 33.872466038210461647
-30.924335007414022414 36.185826010033039779
-36.391960777433560281 33.284364527631396413
-38.812835546118471086 32.508264460657223083
-39.708050144891750222 33.517205517180947538
-41.825310070234451132 32.000435788668482928
-43.117828937622675767 31.501920640114075667
-43.768180732166605651 33.146244653729510787
-45.013330440474724981 32.077806787351633488
-46.009128570556640625 33.985964264103571963
-46.962642118826266824 31.675460775158910565
-47.580641359425740688 29.996800529522147372
-48.95009821392848437 31.654789227673106211
-50.195822479349814671 32.006885928378608241
-52.232539046365481283 33.382673448309020614
-52.829725851042425688 31.99116351038696493
-59.068827523978200134 37.107678786662567916
-61.124386524604332749 36.213254528997779857
-62.091333385024910285 34.28781741114585202
-65.155959236078160757 33.657845137757888665
-63.941108717445850118 30.587249033870264725
-64.756942238836131764 28.694946170991702417
-63.320931896071719791 26.283153096951227923
-64.846020891053456126 24.583250995899266655
-65.947605000178754153 22.603414535522460938
-67.34662000426379791 20.360754610803144971
-66.896813667868258335 18.163600634525600697
-65.910304781964953236 16.137134829163038319
-64.057794591806640483 14.567630948351247611
-64.642191751423581536 11.845610880835385714
-62.349250698916740987 10.731624771705631005
-61.62175717031664135 8.5457409831359587571
-59.685825106018242536 7.4139070374010280773
-58.022836815911738029 6.06796086822107128
-56.331999949397939531 4.723677886629715772
-54.091737050809086895 4.4495768984144774549
-51.668473174640666912 5.1857542333139896584
-50.536703127451552575 1.3028500327290011285
-48.035531601748168384 3.3234714251744854607
-46.009128570556640625 2.1335540828345394004
-43.979440887774629232 3.2921848053429876302
-41.71191134674090506 2.3865775780523428296
-39.860831497371172816 3.6809025755429090054
-37.813636594078438691 4.1960363901245720797
-35.697103812112359833 4.7424647831347499505
-33.349838352559885379 5.1793933602504544922
-31.843187614458443591 6.8705416778345167472
-30.344939947296072802 8.4993143207373282877
-31.487321594442029493 12.052705140447312004
-27.673671949607854259 12.017434102109811889
-29.067184602664042359 15.060374549970010349
-26.858277566495729616 16.380928228971058047
-27.537320465817185067 18.677110686443924692
-27.823923824812581529 20.692073175044171762
