-12.740160391419216523 -6.4372735023498535156
-12.569546886012851417 -4.3326418256492491565
-14.861314737949712139 -2.6681225198488940364
-20.037983187323511913 -2.3576513426745862034
-23.946247096434785107 -2.5871447142813117637
-24.836571217593792937 -1.9586476435489137415
-25.669820973971514633 -1.4067265086513263128
-24.778100491782183212 0.59999394698158781125
-24.293755144176309102 2.7808353956306319787
-24.993995519331175359 4.0229305411816049798
-24.41271627857661386 7.7327425860935417035
-25.22242022925663818 10.119068182580921444
-26.737732514697427177 11.585778180531008275
-28.298183456130320934 13.771922743794345223
-30.568567275906190162 12.8313134498126864
-32.593776702880859375 15.048691238590873098
-34.597686364260525238 12.62862486029941067
-36.086947067102812525 9.9968005267382942236
-38.472242578139692171 11.654789212536968535
-40.508959509163879886 11.340521269544467486
-43.10338849691312646 11.76590851773022095
-43.979788390036304691 9.2342293604462923895
-45.65347562769544254 8.0669883903623027521
-47.709034652902538198 7.1725669724339606859
-48.675981513223206321 5.2471279484409070193
-51.740611381629420862 4.6171546102547225132
-50.525756832514851169 1.5465585313587215666
-51.341586562075036682 -0.3457417947454644036
-49.905579983760112839 -2.7575366382746993033
-51.430672841118436622 -4.4574361172557299682
-52.532249317805707278 -6.4372735023498535156
-53.931271950711291652 -8.6799339093675556001
-53.481461793625790335 -10.877087911077735427
-52.49494906328726529 -12.903554750955011698
-50.642442726286027721 -14.473057561517649106
-51.226843755068053099 -17.195077535800194823
-48.93389882900184773 -18.309063746085723068
-48.206405290680137909 -20.494947544857240018
-46.270473222710847949 -21.626782445057529003
-44.607484933306373875 -22.972728611009689104
-42.916648088388697602 -24.317009670556515744
-40.676385184268568196 -24.591111615789543521
-38.253117777229512342 -23.854933473549980505
-37.12135123393573366 -27.73783944114725486
-34.620183433725721045 -25.717216863208019362
-32.593776702880859375 -26.907134431874933256
-30.564085314549746641 -25.748503482419824451
-28.296559488789039705 -26.654111892398326233
-26.445479630058674303 -25.359785224028865258
-24.939239329161328129 -23.62965197774710191
-24.687975317743610759 -20.130526822741998672
-23.652653077133830806 -18.7436815370864025
-21.849525836712977878 -18.369976984626198657
-19.506078411663558825 -18.221488862124871844
-19.025773655352743674 -16.295005348518436961
-14.258322029321622182 -17.023254481952562855
-31.35632336935489306 -6.9882233241108400179
-31.302910795538142708 -6.8567012182381983365
-31.258149447761844897 -6.7211698596705380382
-31.230404519618577552 -6.5805696818178747165
