6.7858443998405491016 -8.4253330230712890625
6.4678748176598190867 -6.3720533736273070602
4.2125273111639103263 -4.7522909561965649416
6.3914539416697699892 -2.1026444555705241513
5.0073995602735479338 -0.37774527527871093469
4.3945078920820073165 1.656522582800665333
2.4427424197067590939 2.8437175752490304603
2.0170166530525914794 5.1570779653604752468
1.0210788569343360876 7.2219278577579455458
-1.3060706573880942472 7.7632717276795304429
-2.4804945156050788313 9.9123794767525943428
-5.155467062673444012 9.346010251921008205
-7.2117321049264608845 9.5977172585260532856
-8.7721824224873348186 11.783863687777245133
-11.042566356773367175 10.843254411964512229
-13.067777633666992188 13.060630287357962942
-14.913337274152620893 9.1339616249323363206
-14.467928258788317564 -1.8381456941089950874
-14.820857240368459529 -3.0299079287503163371
-15.486359167231187328 -2.9931139858650821495
-16.998381253951137637 -1.6173264188089087057
-17.003092364051290986 -3.0088364651852304021
-18.080057945522309382 -2.8586335792803101441
-19.900887207364739595 -2.272772213656803153
-21.125162120152388923 -2.571302003828932925
-25.15708094504756076 -1.4455716306924930592
-30.999757762273887352 -0.44150113606742991124
-31.815581778289271142 -2.3338014278764811493
-30.37958281240724645 -4.745596114360324691
-31.904671865659782526 -6.4454956484795520311
-33.006248341243207278 -8.4253330230712890625
-34.405270961813819497 -10.667994977959889269
-33.955464643910417522 -12.86514689780138454
-32.968944227296070437 -14.891615839857102799
-31.116443659227325469 -16.461117554235666915
-31.700840783240160192 -19.18313768563509214
-29.40789784369296811 -20.297123755682672908
-23.895951975463255224 -18.175062180222781194
-21.532729889581577964 -17.826611506501368609
-19.918918880710108965 -17.855113752091511969
-18.629912630350897729 -18.059229551240811418
-17.055957091121513258 -17.382930238045602778
-15.495318381488678128 -15.896530920197076142
-15.44234399887021425 -19.596781410272182455
-14.935834341541610826 -26.198669808479085219
-13.067777633666992188 -28.895192522084894193
-11.038084391478719226 -27.736563485600598256
-8.7705584415059973935 -28.642169967576183609
-6.9194791334089291723 -27.347847129935413335
-4.8722861343515564414 -26.832710214939833548
-2.7557536072167572172 -26.28628278512287153
-0.40848791649610838306 -25.849354215772109455
1.0981646453567606159 -24.158205843459374051
2.5964117476811452434 -22.529432236612542795
1.4540305388088565763 -18.976043365945884034
5.2676789630835081368 -19.011314452070912751
3.8741673021990763459 -15.968373930181648745
6.0830690703304455269 -14.647822216895361791
5.4040318981349102501 -12.35163688837622864
5.1174276054663714319 -10.336676133415064527
