-16.077520820790009992 13.406636267948524477
-16.259037285482779822 14.772459544980794277
-17.272952307930736993 15.760313508250522574
-18.555837963453004846 16.578670833678870622
-19.948898791471783909 17.240020179662032263
-21.403535228248149025 17.599637270727040317
-22.910980355315075485 17.613410754797264701
-24.337061465324225651 17.673377565381326093
-24.950333917670985073 18.527010858809436655
-25.319932231780438059 19.883460773545159839
-25.294804598361171344 21.260929615843192408
-24.850078310489891464 22.710450320024964554
-24.544677942318017472 24.195155350874181011
-24.432535755038223613 25.685331523153525524
-24.760270408068670633 27.155361696798316018
-25.087295979563659643 28.638933250654165619
-25.527379387229405694 29.752705833267917512
-26.377304667245596193 30.245864285758603529
-27.482885451121749298 30.628775103498874444
-28.995602681029197356 30.608949658185331089
-30.316112032508719665 31.156362760586301164
-31.315642176508426076 32.152535148976127743
-32.489483523112582475 32.397519371762584228
-33.813798784750780158 32.278379689200079383
-34.988675609618198337 32.680745410990908795
-36.037067678487694877 32.705601332203450227
-37.046054970181046428 32.677591637267113356
-38.043064724247237507 31.600526339836200407
-39.032891306481786842 30.488709741898428973
-40.179985952829952112 30.126738078182761171
-41.539600474951917874 30.620552195512075855
-42.998608029196589086 30.665377496872686436
-44.500114078007769081 30.609619950699933355
-45.655257835614676765 30.213374723801187827
-46.642730110050933945 29.630499634354585226
-47.458293906436026077 28.567617715890033736
-48.552566003928745886 27.57431581255839248
-49.888566000172573922 26.847455213752038361
-50.988376369617121497 25.932574270369077141
-51.905889274572182046 24.812725915476196548
-52.619315504625014057 23.812315327495898742
-53.147545339596874214 22.977325931884813315
-53.591306538822010452 22.196687211784805527
-54.031387814724205043 21.330684323666513791
-54.24596678270815886 20.026582170211941758
-54.451061623945520296 18.641587462603261827
-53.877508009534565758 17.333982151226919655
-53.729879875195514671 16.087654851779841891
-54.584940292651985771 14.896992183177896862
-55.423885344389113072 13.605431941454616762
-55.982274695326808001 12.28269673195944911
-55.918511159034395064 11.054965668999770401
-55.768809648971561899 9.7611737284791324498
-55.510953565445049662 8.3691467975443050165
-55.156082775841341004 7.0015788754604812993
-54.731357790597925828 5.7314554239965129767
-54.231380579363005268 4.5121688838763702734
-53.697928430322775739 3.4151275880679392571
-53.14021843238745646 2.4217722167677191436
-52.467884490930785546 1.3755220295504599903
-51.65938242739086661 0.2811516861478118301
-50.778813758290823444 -0.7551965175692814114
-49.795109323280200897 -1.7625470872850446113
-48.688850730722670335 -2.742849198549455636
-47.495917473639721607 -3.6509551897391077091
-46.253109801580279736 -4.4583037308988195946
-45.003616248543622191 -5.146396376010041962
-43.589619364049354999 -5.258884980791659558
-42.199619643927100299 -4.9861941665121909395
-41.376633646011107714 -5.7075807983528514811
-40.82902362611153535 -6.6992925736800472691
-40.104347456146214768 -6.8658803373099104306
-39.239662789195620007 -7.0280259398881810284
-38.149937127583008589 -6.9262966579832854208
-36.867415541188535144 -7.2308083472999227226
-35.548006346823306956 -7.2895224358987320556
-34.211845131595083558 -6.8973563771115617982
-32.825944438200124864 -7.042989052992432164
-31.541693902696035678 -6.794117322239518586
-30.177379859672363693 -6.4320270968307156068
-28.765982172733778555 -5.9453552998202567892
-27.388085244355981018 -5.3515500801062998448
-26.070917762526914174 -4.663167099875249022
-24.832686240831002067 -3.8951459489641990785
-24.159704373760817475 -2.8232073509972499537
-24.176605981184835059 -1.2929003840617601107
-24.095835926177798569 0.24586891802587737543
-23.862711291386599299 1.7763910310854176267
-23.544021280670232699 3.1367243538789395529
-22.515618821979263231 3.4034753122067087361
-21.063558981464261421 3.0292882602204236342
-19.601158474915113317 2.6394577359110078518
-18.714518574697063258 2.6225054272656826981
-18.381385552775931558 3.21613239139406204
-18.651998413210492345 4.4083574352084422543
-18.350706719057328087 5.5095755232893228737
-17.289157883972201546 6.3997648461849925283
-17.196584497348286646 7.6845972015560226609
-17.552853452549843638 9.1835204420262481761
-17.593788780382617176 10.635608738882991631
