6.2043748640129141592 -6.417308807373046875
6.1363852547900172851 -4.7596061129442492899
4.618796871586431152 -3.3874419131326196641
9.823631973683422558 -0.094620275377543805462
8.4395723356607312837 1.6302789699554089964
7.826680667350562004 3.6645467984989075205
5.8749154487575356853 4.8517427234753469634
5.4491896718734906813 7.1651016985199369458
4.4532515276769597534 9.2299525639065223004
2.1261021177646437508 9.771296420299076857
0.95167835300848935276 11.920403690177206357
-1.7232942874048893245 11.354034467619250393
-3.779559329657906197 11.605741474224295473
-5.3400096536256480562 13.791888858511626381
-7.6103931194125102877 12.851278629212501414
-9.6356048583984375 15.068654503056205129
-11.639513607260379757 12.648590027787637524
-13.261766237016349379 10.642444676979526008
-14.725374417612627553 9.247393858449989068
-14.780451583704170559 5.1382125835284160331
-15.509611586144973927 3.7567750604071665776
-14.63030885159119876 0.45731633339298394247
-14.677084930926124429 -0.81817471672773489644
-15.252361949165742061 -1.3599560243870172371
-15.094483390691348035 -2.451200102127326641
-18.246903449839603439 -1.4455711727850895087
-18.095094686831455277 -2.6509005915836310052
-21.418521373666457919 -2.588808186227587349
-26.947408139277690964 -2.7375719432978926626
-28.472499090391227838 -4.4374714327813098436
-29.574077473323281851 -6.417308807373046875
-30.973098193757820695 -8.6599697399644526286
-30.523289968843446474 -10.857121692907867327
-29.53677721232112674 -12.883590552770201043
-27.684270879648444463 -14.453092394544260202
-28.268668007971605505 -17.175113469936849953
-25.975725077380886319 -18.289097620308268688
-22.693906258445995405 -18.175062487133217815
-19.908584275702811084 -17.82661160200386874
-17.945652074078715543 -17.855113901082788175
-16.357064155065238253 -18.059229751011564247
-14.947877214473086482 -18.348876420582378444
-14.479001393056718072 -21.323754002579335065
-14.163178380573810955 -27.717873327393196092
-11.662010666041590312 -25.697252641865567568
-9.6356048583984375 -26.887170213735284818
-7.6059111531067413736 -25.728539271345830741
-5.3383856662374418178 -26.634145751877941422
-3.4873063581403744848 -25.339822914237171148
-1.440113364376623295 -24.824687908947094428
0.67641923378073620654 -24.278260490443773989
3.0236848587724463044 -23.841330000073867268
4.5303373283281853645 -22.150181630363448448
6.0285847159901173598 -20.521409978660482665
4.8862034510826664047 -16.968017382482500466
8.6998517383520628243 -17.003290236372670563
7.3063400516927750061 -13.960348818700349938
9.515247096134999083 -12.639797031127187665
8.8361994300235586763 -10.343611710399677861
6.3557627331929413828 -8.0980697268300598779
