-4.9351510263374294141 -7.1542387008666992188
-4.7645370439537231277 -5.0496070254998217663
-7.0563053831908426616 -3.3850879082188014557
-5.3295324141146060981 -0.8315501656434456379
-6.7135915744886354162 0.89334901739000294185
-16.585613725054543011 -2.4181441477632965587
-19.052579996333300016 -2.9866533963877568425
-19.397811359866047098 -2.3002008176988724131
-19.891831192932144745 -1.7156353686370504619
-21.401260225834288775 -2.4917355414507449396
-21.514360958297597648 -1.4827943906051013201
-22.938986548126628406 -2.9995640302458150828
-23.600809865557696554 -3.4980792949716286167
-23.662119142798697879 -1.8537552727139212649
-24.364948216244442847 -3.121850656758568654
-24.788768768310546875 -0.93011358814557532071
-26.792678427635333804 11.911659185161383334
-28.414929285190940078 9.9055138102697952718
-30.694484793326068939 11.021681119039723029
-32.703951569811664513 10.623555596319501859
-25.410833644174417145 -6.0767907347735548029
-25.523863042710122073 -6.1424680579320085627
-25.627690529485626314 -6.2225216022977294372
-25.721247231589554616 -6.3146312543142810725
-40.87096977332468839 4.5301632138658209925
-43.93559953180372446 3.900189585909668466
-42.720748896712024134 0.82959315679621692396
-43.536578627127148877 -1.0627070815072281462
-42.100572043610327455 -3.4745020489607458813
-43.625661094058543199 -5.1744013367773495915
-44.727241383235394778 -7.1542387008666992188
-46.126260194805155379 -9.396899647883216744
-45.67645385248878398 -11.594053617325601024
-44.689941122233236115 -13.620520446263853387
-42.837434793870883709 -15.190023232031077072
-43.421831949177494892 -17.912042355553772666
-41.128887068958874806 -19.026028482596473168
-40.4013973680705476 -21.211912253253203176
-38.465461432358701188 -22.343747203729929396
-36.80247700371258901 -23.689693329073723049
-35.111640160484917317 -25.033974388387274956
-32.871377248562993145 -25.308076337974682701
-30.448111592759847355 -24.571898246322646742
-29.316341238539695979 -28.454804195449494131
-26.815175503719746786 -26.434183491756609641
-24.788768768310546875 -18.051406282460874309
-23.762262668809924548 -16.920792378819314195
-22.450724790060263558 -18.153884924994862615
-21.459269760317937425 -17.401382590246214477
-20.121778296647573114 -17.636470740774811361
-18.503618668350561904 -18.040442769942949042
-16.368545500676489723 -18.743681269569602676
-14.69007227726796927 -18.369976833883995937
-9.1245791683553747475 -21.258338890085216377
-10.26696087229494303 -17.704948142426847113
-6.4533121473617605091 -17.740219134279350044
-7.8468238324444783416 -14.697279607977058902
-5.6379172909248005396 -13.376726925576553739
-6.3169592256910434003 -11.080543468953138131
-6.6035630612860920508 -9.0655809426522822037
