-7.5061663303340351305 -8.5261000257848280626
-7.763888808257114249 -7.098272451164994834
-8.8692097612504756654 -6.0649163246477710842
-9.2102741491410959895 -4.9354178614525494595
-8.4556050720570645751 -3.5957524008388070946
-8.6602776521539617249 -2.336896001268758738
-9.6537546463004240138 -1.4552249302073478887
-11.162130611105453681 -1.5780694819141931617
-12.735795317222143197 -1.880118809878395858
-14.309613045782407781 -2.1820949685634585258
-15.89474678404434016 -2.47866025905613796
-17.500959654278080535 -2.759305032581499173
-19.024499672903903758 -2.6532716258685429267
-20.413024309867992656 -2.021524128100435469
-21.841331961792686656 -2.1414295864154699878
-22.97523401277181776 -1.9505219005444898173
-24.132316544665190605 -2.482358734517920773
-25.109593313068540255 -2.4111581411066165259
-25.169010404922790514 -0.95719981970264322868
-25.034709495167515314 0.66546000165981156194
-24.919271519292088612 2.2872170294640103982
-24.94908849854087407 3.9020220508292222661
-25.06503239017514062 5.5127049763322863996
-25.182790025451708971 7.1233010947624437748
-25.30450471678575397 8.7321373605473979751
-25.718843703571739212 10.210832523219911749
-26.7321972071307421 10.71183371032017817
-27.755133916571782748 10.720741286833003869
-28.807634495016962717 10.530517019756473474
-29.843631898549162429 9.2663116599403689833
-30.930126913629774066 8.2140202015564458549
-32.276813038996884586 8.3827460327142002683
-33.786726389747713029 8.732753352595185703
-35.380988672229996439 8.606910034747102145
-36.779600817733587803 8.397180804441937596
-37.842359152118703491 7.791911806065680679
-38.760594080707640785 6.7942811216740635061
-39.858402962660960611 5.6777430002327227143
-41.27393883911575756 4.887588659599297003
-42.451357576463429666 3.9141485134675590984
-43.419288332293547228 2.7215475778408606544
-44.146865837553519896 1.6842887684785292635
-44.686587345381767022 0.81256942101586382421
-45.151778833462714147 -0.029546549951351863683
-45.584729348350975897 -1.0628457913542612712
-45.836337271065474397 -2.5637986014645766097
-45.652904980790268041 -4.0008257017545334477
-45.07994887464901268 -5.3650026258103311605
-45.661780842278247405 -6.6445273661054118364
-46.619790761129024759 -7.9783773541122009476
-47.417393772766970983 -9.3972708224796726029
-47.365183543322018522 -10.725637501551171127
-47.219561392323434745 -12.085081635056265981
-46.952198639896721488 -13.566595439657447741
-46.574147864533074426 -15.023826593949635821
-46.116237162977128605 -16.373377963539208935
-45.573822144638981513 -17.66434292119777183
-45.003797253458643013 -18.801708575847555949
-44.38461242092607506 -19.865363951230889938
-43.615437313100684946 -21.008216549635712056
-42.716105005691026975 -22.158982882359861577
-41.734600094730666342 -23.241657659090648735
-40.61194315952995737 -24.306832213663838616
-39.37254906216405459 -25.310220782799934369
-38.058259052076380158 -26.210985807609791465
-36.728345560524076063 -26.977062014465595041
-35.267065961004384178 -27.279437914166525303
-33.756820688350316573 -26.977040055496466664
-32.827270329022830708 -27.65122252873242914
-32.235819036385656489 -28.687396888530038552
-31.456819745557098145 -28.864317084072197872
-30.508951245111521899 -29.036082246095133996
-29.289765896517749866 -28.890926947101046807
-27.899907049158450434 -29.270600449294708056
-26.496463429726823335 -29.195274199416800798
-25.484069322904325361 -28.164553079062017105
-25.247276153169547541 -26.642267250393405931
-25.131758040633918938 -25.046062717031169598
-25.016239928098293888 -23.449858183668922607
-24.905506767836513404 -21.853344222290509435
-24.839544699479716883 -20.2539350533202267
-24.798135371994749931 -18.660519676069888817
-24.286958340718435068 -17.663245315036711247
-22.827752090886225034 -17.91154615902744851
-21.255301025641593071 -18.431079180849085475
-19.678777873985197289 -18.497340225697566751
-18.158339821205121467 -18.184660264147563424
-17.61386869153806245 -17.19495020707014632
-16.999415708238551304 -16.658550989118708685
-15.565373886481667753 -17.196442575465574976
-14.072867985076895181 -17.810186873181361733
-12.580362083672124385 -18.423931170897152043
-11.087856182267351812 -19.037675468612945906
-10.112516136125883293 -19.302806704482122768
-9.797222136021741079 -18.737738594109821122
-10.106832153467442126 -17.447324237001129887
-9.6007356545089113098 -16.328371733277339928
-8.5980858046566481789 -15.322793736641992624
-8.743051451592647183 -13.850976486945643984
-9.062953828712181803 -12.249832344566087272
