76.608535452778909303 10.617038519772348693
76.350809106073526777 12.044865684490304147
75.242740585939912989 13.079369555975798534
74.832680950957893629 14.237717954102773632
75.352782004831155405 15.616077212011296282
74.834703799598798923 16.801365530663169068
74.100906290281727706 18.044048531324452966
73.985618481099905352 19.530834024025633511
73.063293820105499776 20.632992380203443616
72.13795720843384629 21.823289343876844271
71.565742859265355946 23.242776999706514118
70.525351093224969645 24.315777263679503761
69.444655051186074957 25.277624534257313371
68.273037072445845297 26.176048667242739043
67.103076762310820413 26.946314509070568022
66.021819155115338162 27.559850416743948642
64.648755798851027521 27.738645720769305569
63.066880601548554353 27.918861340659837822
61.86726202847346201 28.863335156468515663
60.715341109680949216 29.458879033992001695
59.356653903172428954 29.471912430729368282
58.084827036775088516 29.818512142214522953
56.989891908576183255 29.864580306171880864
55.974973727030530313 29.853690741588586377
54.918914518061768604 29.202594769126168472
53.887075939942100433 27.92814648494911367
53.2372005774861492 26.549863719993162192
53.341215275364305626 24.987997550817688364
53.56310880781203565 23.397449175583826531
53.785002340259744358 21.80690080034996825
54.006895872707474382 20.21635242511610997
54.228789405155197301 18.625804049882251689
54.37881170960044841 17.038556465734739476
53.818918914654496177 16.062304108304697792
53.174625044875213575 15.658259364608284159
52.918780097463070433 14.534116540801051087
51.663005820631710208 14.208936023038155838
50.259223201336688192 14.209439174143291496
48.740215059373056761 14.683770456786225722
47.212712903555456023 15.179330503405710218
45.685420814589704719 15.663103388060786614
44.158146977878061534 16.145852111723684175
42.630873141166411244 16.628600835386585288
41.10359930445476806 17.111349559049489955
39.597903018482895732 17.544840317467389923
38.494751971208941654 17.073773827449723939
38.266446960778907282 15.669474556175938318
38.901604078788373897 14.282114906948121913
38.801106428961155359 12.971478195684676749
38.137209912084749419 11.649482315054704884
38.39754631186534084 10.113988393728993387
38.719689513686972759 8.5277906919904342686
39.105026291968187024 6.9312167354745000125
39.381427031252179916 5.3359682101512611041
40.038120354147949342 4.43645317280225715
41.547425330092174534 4.5639525764883153158
43.149130316816147968 4.8012909595403563401
44.750835303540149823 5.0386293425923991407
46.012983770408908413 4.9670707072159769879
46.339400665323971396 3.9600140122550642197
47.555476330929586481 3.5547236396315571305
49.095232312249684981 3.9352803128066309313
50.60066093697560774 4.5456289485011387441
52.132205281626049498 5.1695055778139922253
53.721780388802379491 5.442116755941221129
55.024756554699045807 6.0848444059256054928
55.642781494344106363 6.4589324181469081054
55.548774870052262997 5.1405582085749230714
55.497647501290117589 4.0727146282170600955
55.990905525117504737 4.7923474590341932355
56.594679202786153382 4.4452528828104487246
57.360452359206050232 3.122103143148265314
57.858982769381825051 1.6290558615936305831
58.265159905168957266 0.077099019941492652475
58.671337040956089481 -1.4748578217106451671
59.07751417674320038 -3.0268146633627828201
59.483691312530332596 -4.5787715050149220275
59.8898684483174506 -6.1307283466670590144
60.29604558410457571 -7.6826851883191968895
60.708987150989948134 -9.21670104784437072
61.366708109527699833 -9.5804661289439216887
62.741647615353095091 -9.1979410431154953187
64.24322253249910375 -8.6549813620681241844
65.69918362132527534 -7.992715126500051781
67.059238538253538309 -7.2394950963382065368
68.283635620163281033 -6.435068963781997553
69.460655199213874766 -5.5309235558792870791
70.598511410132942956 -4.5119510195434351374
71.536920989017232841 -3.5412942557589079939
71.820819497907919526 -2.5567168316610806578
71.523232685027238631 -1.1652450151711868376
72.481872225777962626 -0.7019655430967354226
73.783084656835640658 -0.52864361377342206083
74.203765217416602695 0.19661118724232373722
74.106331915282964928 1.3482213510314211558
74.247697744323147617 2.5771509743046787655
75.362111930233496082 3.5297237781085346597
75.473786967889765265 4.8954252843489820535
75.105290333860779128 6.4950768954804356525
75.163584288041107584 8.015721834230360443
