-27.290325567810818086 1.3802075386047363281
-27.119713015841959702 3.4848389746337020689
-29.411479922056045666 5.1493585574006557337
-27.68470790708331819 7.7028955902845854808
-29.068767543597061831 9.4277955484240756334
-29.681658260027028007 11.462062904594414903
-31.633423018834665896 12.649258614922588961
-43.035170391078899854 5.0797637526170085209
-43.444388346153694158 5.4889816306497403176
-43.894137849543412244 5.853181534492348348
-44.379494359232452894 6.168375701896703589
-44.895138687906609221 6.4311095000912095188
-43.855202115522672557 11.501920583529079423
-44.63708860198235584 13.174028035122701041
-46.04056371725108221 11.878149363246734538
-47.14394378662109375 13.985964264103570187
-48.226020388438335829 11.675460761884053795
-48.975455406540859826 9.996800421220914501
-50.482355441483974801 11.654789179754823536
-51.875246676585909711 12.006885967849271424
-54.073568913532497504 13.382673594772739989
-58.529955473776539066 17.051710401400882233
-60.203642734321263674 15.884471318059251388
-62.259201744694792069 14.99004705077155819
-63.226148599714051102 13.064609939283919005
-66.290778476255397322 12.434635393936083858
-65.075920114086187596 9.3640396633834139806
-65.891753643423982112 7.4717386873246489642
-64.455750863222348812 5.059944491951502421
-65.980839923545872239 3.3600446977707214558
-67.082416401545941653 1.3802075386047363281
-68.481439031296034159 -0.86245331566798544287
-68.031632709796326708 -3.059606309858597939
-67.04511614054378299 -5.0860742067924187282
-65.192606003005323601 -6.6555765033217486604
-65.777010838808280369 -9.377596494845606756
-63.484065912742082105 -10.491582705131133224
-62.756572374420372284 -12.677466503902650174
-60.820640316872157882 -13.809300441045445851
-59.157652026999663519 -15.15524660914946864
-57.466815158795853336 -16.499529590974095328
-55.226552265738270364 -16.773629622171544185
-52.803288408425558487 -16.037453473101745516
-51.671518334902657443 -19.920357442856705177
-49.170346821616227828 -17.899736763436361997
-47.14394378662109375 -19.089654344594659818
-45.114256100230406332 -17.931023383288344775
-42.846722629356150946 -18.836629870461049308
-40.995646712345774176 -17.542305136276439725
-38.948451808819484654 -17.027170129366780316
-36.831919034619389208 -16.480742694339760135
-34.484653586053156005 -16.043814126167202261
-32.978002844401913762 -14.352665808417087945
-31.479753222754631281 -12.723893116081624655
-32.622134947462001264 -9.1705023942870074194
-28.808487177771450405 -9.2057733926014009285
-30.201999805841065694 -6.162832894839241682
-27.99309278638303411 -4.8422806870608310348
-28.672133779131709019 -2.546096332109003324
-28.95873903290884499 -0.53113464013095001981
