77.337344720275126519 9.8469820022583007813
77.507961087441387349 11.951612718272940583
75.216186582191568277 13.61613287587434229
75.955735882747291043 15.84890125786158066
74.06484413452295712 17.229370257605076233
74.141854774137243567 19.46455389643835332
72.994249194492738297 21.116032577111624846
72.568525806483279439 23.429392501071220067
71.572593377205933507 25.494241252193049263
69.074028162990401825 25.799659647589940903
68.071010174011505001 28.184695548577654023
65.396041353111996841 27.618325282095049999
63.339774496992156116 27.870033210691268266
61.779323553302347705 30.056179680956706335
59.508936051047598426 29.115570372045702641
57.483730316162109375 31.332945312687552786
55.479824306908227527 28.91288177833208195
53.857568100623389284 26.906735511427591234
51.578012460458403154 28.022901847073224957
54.434049181839910148 16.696669155046876654
53.351578769343504405 17.00407423889087255
53.798204004881370111 14.919671437624634436
53.25903813706045753 14.538976143340555325
52.103808642184098687 14.691084435908003059
51.710813548487145397 14.041247807792302638
48.657318571430600684 14.942910111927576011
39.551750188993153756 17.830813683875557984
38.73592046137295597 15.938512680338654093
40.171930831004843299 13.526718777061809362
38.646834183175727162 11.826818483639870649
38.550472392399370847 9.8469820022583007813
38.832438064957614188 7.8866535987287180731
39.375445118336784844 5.9979458451237084304
43.252643867650085951 5.2230226112468640665
46.780286761496924441 5.081501202342409762
46.260411435041703498 3.3671953274639871978
48.055385654353543146 2.996894569020197352
52.23668325515262012 5.1225193657928214108
53.573150514340021289 5.5038536336138301763
54.243261089852140344 5.3868610613438656642
54.699559264134776981 5.0246521268984345454
55.538008496619625021 5.4768252524747049748
56.457324885901691403 6.68803826541882529
56.022617254788379171 2.9730236206985178882
56.946508524649367189 4.7356339968285903197
57.483730316162109375 2.2772785243628588248
59.513417998222386984 -9.4642474895784474143
61.78094753997784494 -10.369854955211817327
63.632027389710863474 -9.0755301960217913404
65.679222292640304204 -8.5603961431395880766
67.795751170638112626 -8.0139678016700450769
70.143020534158864621 -7.5770391730137056641
71.649679148282132246 -5.8858906333653866483
73.147920880028578949 -4.2571186524280602015
72.005537292276727612 -0.70372739281684815182
75.819186923499358954 -0.73899899117202139109
74.425676168451929016 2.3039419651561487967
76.634579408287265778 3.6244940126591504992
75.95553270724298045 5.9206786694761390777
75.668935061906168471 7.935640641780011606
