-41.237179366013521076 -4.4884043341337971356
-39.638562157892302196 -3.93023033707051761
-38.016389177937320198 -3.391208695483967972
-36.394216197982345307 -2.8521870538974201104
-34.77204321802737752 -2.3131654123108700283
-33.149870238072409734 -1.7741437707243217226
-31.527697258117427737 -1.2351221291377731948
-29.905524278162452845 -0.69610048755122422293
-28.283351298207481506 -0.15707884596467533433
-26.661178318252513719 0.38194279562187349875
-25.182254178406218159 0.99408778031844657885
-24.947253322852020574 2.2491121388708843476
-25.329066933239335668 3.9387034761872881106
-26.029985575386955787 5.3959218356777407521
-27.244053585885982471 6.5088094526647219951
-27.793035177568903293 8.0728782881710134944
-28.837116626953246623 9.2560856572181080537
-29.975780118413133835 10.307638319219254441
-31.201183386422300714 11.274208215057846871
-32.443718431160164073 12.108684680479111506
-33.464153887443430335 12.699060499142913017
-34.869118134448413571 12.326961938057909407
-36.520202754593782402 11.802462643194095548
-38.01386373325883028 12.038725549933024794
-39.26232504379144217 12.771101731517060074
-40.66500252931511028 12.311082441665394782
-41.916522816881219171 12.759092932857443614
-43.020296282275779731 13.504386698019237301
-44.089249402251034837 12.534985125894873903
-45.165929915860040467 11.180289933100945987
-46.33227592416178453 10.414566886921999611
-47.699024710597768717 11.140729338099918166
-49.271549275026075065 11.791675552361690293
-50.948353103124325969 12.236170642120825391
-52.445599489645132962 12.710185405009266191
-53.43319097927982142 12.141650895806989752
-54.389004681614615322 11.048281288176671211
-55.618076088552065528 9.9164166015006731669
-57.134838221755344989 9.1049491933576103264
-58.282397234397905095 7.9600505567300494647
-59.247979736729440958 6.713300070773765782
-59.92814179581661449 5.69511412998046751
-60.454627641668679416 4.8014390788308300984
-60.949382767379887582 3.8502767015379255611
-61.229871838391453309 2.4208911844676510583
-61.378154159717389859 0.85884088169722916373
-60.71814761114146819 -0.61136833239215415681
-60.999499911460951296 -1.9921112880010449775
-62.030752235668430217 -3.384559162982849756
-62.91487707064152346 -4.8888843065222991058
-62.915461023551770836 -6.3096586320183103425
-62.760361420339350502 -7.7551547805429477123
-62.468729623103996573 -9.3286515134167835583
-62.054807750642225983 -10.86555025705977684
-61.552361879727058636 -12.28367102932746846
-60.961050859233658628 -13.626442229065190759
-60.349860932974394245 -14.788135830986059105
-59.639863069430546716 -15.94343701842221428
-58.750895921556391954 -17.180632509893044357
-57.756743022916978703 -18.361523578830919234
-56.632175072254945292 -19.501930685179125646
-55.356267810935811724 -20.599179745821089682
-53.979542640165092848 -21.593928929632976832
-52.568557914014185428 -22.44362270499681955
-51.062501493001505537 -22.928211564004122636
-49.435043381635694004 -22.617961952016955252
-48.395387980300917263 -23.23841301238160284
-47.759055834895050907 -24.317067970635243057
-46.923667415255323476 -24.504442404101041575
-45.889286726738305333 -24.68518101625611294
-44.539867784171690346 -24.568176924929428395
-43.052239530828281033 -24.899904134498434871
-41.548989675931231602 -24.623646495724909045
-39.989398434028409213 -24.608584463818427679
-38.518647524590747366 -24.399535039702076489
-36.967426550491992998 -23.979579324175332999
-35.372438665553552539 -23.402797567803659717
-33.830039490486356613 -22.69191581341049968
-32.403599459674516936 -21.883989043063170499
-31.120298694650262661 -21.015255316089202609
-29.873923542780538298 -20.020233086284875412
-28.703858821329017559 -18.922015638191183484
-27.854730759410593066 -18.002531474983559434
-28.058663243448659586 -16.613761663002261315
-27.793697546036508328 -15.564718689609870594
-26.235925981694318665 -15.47093576172444962
-25.604937524306585317 -14.830927896994477777
-25.388217735749179838 -13.826777021286867253
-25.571622843204490749 -12.420412425228745334
-24.506763454019932169 -11.458285220099654111
-24.890264829658086398 -10.778410443050695733
-26.472170913852046681 -10.237154233006929616
-28.085852880469833082 -9.699573515270117241
-29.699534847087619482 -9.1619927975333030901
-31.313216813705405883 -8.6244120797964924918
-32.926898780323192284 -8.0868313620596783409
-34.540580746940975132 -7.5492506443228668545
-36.154262713558765086 -7.011669926586055368
-37.767944680176555039 -6.4740892088492421053
-39.381626646794344992 -5.9365084911124297307
