-32.614563391297146211 4.9296312332153320313
-32.443950839161573185 7.0342624292395230512
-34.735717745542373791 8.698782252011252325
-33.008943815798225785 11.252318785213027752
-35.660589210676533867 12.412855278828240913
-39.214140408483764588 12.58185584497446996
-42.718286580037300837 12.013346533667984772
-43.838540597525657461 12.699799289391108914
-44.945549731015560724 13.284364605421316696
-46.961982579115648662 12.508264460152837216
-47.51014774906035143 13.517205680924288203
-49.320057400747693066 12.00043586375535476
-50.332718114113426111 11.501920526432410696
-50.721687265692409596 13.146244667290451602
-51.737867015110786895 11.878149313415550026
-52.468181610107421875 13.985964264103570187
-53.177199699591348292 11.675460782194612364
-53.545241215924214373 9.9968004769944407428
-58.373899465811128096 23.105551078030256207
-60.383364402044733765 22.707424580985296814
-62.977793414661974225 23.132812770383203826
-63.854193290132094774 20.60113362435513551
-65.527876788222954474 19.43389449521308876
-67.5834395722071406 18.539470264073656836
-68.550382620622784202 16.614035047724698302
-71.61501236271486448 15.984059777264928215
-70.400161737276377494 12.913462914832589234
-71.215987655433693249 11.021161895185912272
-69.779984890986668233 8.6093680972904866877
-71.305073933229834893 6.9094681454484092598
-72.406658039729535403 4.9296312332153320313
-73.805673036602030379 2.686970286198814506
-73.355866709060720154 0.48981745915122498758
-72.369350132479340232 -1.5366505640515875086
-70.516847632435002424 -3.1061525899541724272
-71.101244759680582774 -5.8281734293484710463
-68.808299910755749806 -6.9421585485144436944
-68.080810185945978219 -9.1280432994129405699
-66.144874284576644641 -10.259876306590404837
-64.481889855462512173 -11.605822434086057626
-62.791052988948720781 -12.950105415677413134
-60.550790090359868145 -13.224206403892651451
-58.127526220098260978 -12.488029305492474919
-56.995756167002333825 -16.370933269578127778
-54.494584643581113426 -14.350312592148515733
-52.468181610107421875 -15.540230173146905912
-50.438493925160202025 -14.381599211992305953
-48.17096438629168631 -15.287205724254786077
-46.319884536558667776 -13.99288096506476009
-44.272689633629219941 -13.477746912182556827
-42.156156851663141083 -12.931318519172378956
-39.808891392110666629 -12.494389942056674414
-38.302240654009224841 -10.803241624472612159
-36.803991059024262711 -9.1744699125054882671
-37.946374633992810743 -5.6210781618598169018
-34.132725013356917998 -5.6563501957842898804
-35.52623575137388201 -2.6134090278325858847
-33.317328701278611902 -1.2928569886273821865
-33.99637160397023905 1.0033274753492795739
-34.282976855863964261 3.0182889999291524497
