4.9556561154335598829 -5.6089483760594989192
4.6366044550175109507 -4.0903541427813348008
3.6492069776299165262 -2.8966825365225332689
4.0440321948850339595 -1.6064012271352763328
4.7928156319608419267 -0.27105382402499156314
4.2974412833823798508 1.0913690102425865902
3.5431514698340658143 2.5940712644047851931
2.6388689090211951971 3.9482101715251625151
1.4307524511147233781 5.067823379881061463
0.90264897100816199327 6.6472455926003490845
-0.1768591277918876159 7.8024749637637018651
-1.3177296875250927854 8.8464138705925403627
-2.549651168695573844 9.8090364641102993915
-3.7968182907131335924 10.638226740365851697
-4.9476085198402710574 11.291351862244024318
-6.438573816161212271 11.449138258278216185
-8.0868534335562554105 11.728821465237999178
-9.2883018413455804563 12.844222780307651632
-10.578947146174593641 13.242740107920710102
-12.050367527767658515 13.173938829614243673
-13.313148153695008702 13.558997396208656738
-14.146921978222804839 13.580211221248283948
-14.328584618660213934 13.0575192874427497
-14.405052278926897102 11.349983637313396656
-14.481519939193590929 9.6424479871840418355
-14.557987599460288308 7.9349123370546896794
-14.6344552597269697 6.2273766869253339706
-14.710922919993663527 4.5198410367959809264
-14.787390580260353801 2.8123053866666274381
-14.86189947501758013 1.1046667784636952092
-14.862534927703737964 -0.60685481994278656082
-14.756942329457201524 -2.3239600553038997077
-14.675210865147134243 -3.9090372698183801781
-15.083216839565659839 -3.7987243438781330696
-16.157912238550210304 -2.5420090371996870715
-16.795672928919785249 -2.3247533349082694087
-17.257233986852632768 -3.3399013840143179088
-18.702774837524135165 -2.9951687965618485343
-20.294974689246359389 -2.3213385943728961358
-21.877782527731994833 -1.8016952422556449243
-22.817364227029411694 -2.1008769003354408333
-23.890408486838879298 -2.3721504170903622288
-25.543338203225264493 -2.0093505720325812725
-27.208240454091193072 -1.6332695295552712711
-28.873142704957121651 -1.2571884870779610477
-30.538044955823039572 -0.88110744460065082428
-32.126719568965363294 -0.56032844826388750192
-32.469418794589145705 -1.1434865333880643856
-31.90690826008647818 -2.5489027508659254373
-32.578641718091354562 -3.9074214321726232768
-33.57163201800536001 -5.3425717677359738644
-34.234159463479478802 -6.8420808088794613511
-34.155963214339152501 -8.2360436517716628657
-33.962037951849382011 -9.734226261801815383
-33.631859698723630459 -11.308582271771095762
-33.189467563867211197 -12.8121897272229468
-32.658469904411461471 -14.211191202505093045
-32.05643874478920452 -15.503929390982312597
-31.431295737956073566 -16.637797214047505889
-30.669176965388256662 -17.822950220104271324
-29.747333030881797811 -19.048113811719417754
-29.031468548417336706 -19.879582663740752224
-27.768897521941120488 -19.443952151687938112
-26.229766512021718938 -18.680207983680567452
-24.663784298044038934 -18.014203285751825945
-22.965703250827658621 -17.865545851991416981
-21.261120829871479998 -17.93782493732732064
-19.624616664980948144 -17.526690332453842558
-18.193391678481436458 -16.63302952920857436
-17.313236339891862059 -16.650870524704032505
-17.058371907262117162 -18.177024539010623982
-16.524961207805240804 -18.524507519932623012
-15.637281415824137554 -17.483947821805173817
-15.198910355657677229 -18.200881734800063327
-15.008926378927345269 -19.88948601189406773
-14.821852619929130057 -21.589474827524679057
-14.634778860930914846 -23.289463643155290384
-14.447705101932697858 -24.989452458785901712
-14.098014008672759445 -26.372863168315628712
-12.910768629114842909 -26.1769580305718641
-11.356418751417987067 -26.101949516644527449
-9.8790501980157081618 -25.938649429251967149
-8.3349520893654478471 -25.528389968176742997
-6.7385151180831952544 -24.960031264588433686
-5.1919341517274268938 -24.256546538327398821
-3.7563694778675777997 -23.452557390733385745
-2.4673238180414909237 -22.588577390951357415
-1.2197614449843197093 -21.602109715508017729
-0.040427357633980420815 -20.505431384161571629
0.83290884594467229363 -19.566781216782210606
0.69268898795957789538 -18.224781647518785377
0.86948821920176022626 -17.110594311538836365
2.3907283453409426954 -16.989780815592446572
3.0954695506781852998 -16.396013138024464695
3.379368919026016993 -15.438106048358088529
3.1215751035619971887 -14.009303856795421339
4.2062182268050527512 -12.983363022943308351
4.477599224555847357 -11.685135743435784761
3.8733031004270825903 -10.082294078270061632
3.5515555842740651471 -8.494578063426359904
