3.8780322813102756641 -16.88758087158203125
4.0486460252929248327 -14.782949196381869328
1.7568779452125298235 -13.118428984488978983
3.4836511335248196986 -10.564892341200403436
2.0995919733943964047 -8.8399923825454287396
1.4867003024332383632 -6.8057245485984481093
-0.46506508688657888229 -5.61852932988015219
-0.89079093782355478481 -3.3051689269227892964
-1.8867285762122278925 -1.2403192812768377706
-4.2138780073727399866 -0.69897552491121928142
-5.3883020999615638402 1.4501326986885878512
-8.063274423693755466 0.88376348112977964888
-10.119539939846934118 1.1354703662644922701
-11.679989750512653757 3.3216170266548061818
-13.950373734872020037 2.3810070432275409757
-15.9755859375 -1.0140357358964298129
-17.40112076171094202 -3.3245392430279494533
-18.501688694767459253 -5.0031994969726785172
-20.375768809631750855 -3.3452107632044398855
-22.161799194819764125 -2.9931140717914992422
-24.791872756078340956 -1.6173264988306979006
-27.361597647830482316 -1.2160764759027653525
-29.035283000407851262 -2.383317350855891803
-31.090841965672897373 -3.2777403806941727282
-32.057786945264751921 -5.2031780069610888972
-35.122416668335958434 -5.8331518129859727395
-33.907566071242378314 -8.9037482510545906678
-34.723391986853712865 -10.796049268332334137
-33.287389240697166315 -13.207843158830071317
-34.812478263247996324 -14.907743507492682511
-35.914058552424847903 -16.88758087158203125
-23.249421521666050694 -17.652091346746740186
-20.181523610928518764 -17.781580198950635463
-18.740459233499720426 -17.785941700175524005
-17.128860468749270041 -17.401051398646693258
-18.348883598636920311 -18.257804426028418021
-16.978288636313187965 -17.616085727150686324
-17.405479170981575265 -18.175062192331324695
-16.821094615910617165 -17.826611222037556104
-16.678541936020366165 -17.855113402291273417
-16.652034649661040078 -18.059230311887549902
-16.196128390231493199 -17.382930127591535552
-15.653572995964719183 -15.89653154283765879
-16.47510403559770964 -19.23761191979672347
-15.975788269205725811 -16.88950588857271029
-15.9755859375 -17.969861406362237943
-15.97209511817390748 -16.920792606399846392
-15.706418968481585807 -18.153884272026115099
-15.808639220613923015 -17.401382723861850366
-15.642159380314975436 -17.636470789683791338
-15.309982219405252835 -18.040443027025563794
-14.6270441891737768 -18.74367885887030738
-14.640828326728772879 -18.369975953997716545
-14.49412926513046429 -18.221488239045342539
-1.4537770032311403412 -27.438291252952016208
2.3598713849844052959 -27.47356228243294396
0.96635970501502654884 -24.430621798023530289
3.175266259430134852 -23.110067175744148926
2.4962240699893847307 -20.81388474229576957
2.2096199992202976148 -18.798922242684572126
