-1.4289687729362383628 10.662432928102074214
-1.7719175783001175351 12.148176686085456311
-2.9416528477163148558 13.233699127083253799
-2.997701885518732734 14.490199012342960927
-2.2793186733547834422 15.914125704345917001
-2.7699931930788537215 17.284795308338686937
-3.523422311656587258 18.784820681069675175
-4.3903963364033398165 20.166513177526752543
-5.6208703384682729975 21.272095955770488729
-6.1698522508278044185 22.836165299488541791
-7.2038315320136305786 24.009284686715552937
-7.9398405014817114989 24.70845670879333511
-8.9453170245585198472 23.923811335593409666
-10.196046007996969252 22.751076960385695713
-11.446774991435418656 21.578342585177981761
-12.697503974873871613 20.405608209970271361
-13.948232958312319241 19.232873834762557408
-15.187295389922580213 18.142234003769054596
-16.295324461835910768 18.061533297466034753
-17.539073587571511581 17.536592371513137323
-18.861300356644790099 16.911991146495271465
-19.654756143632805987 17.585452703560235932
-20.51350065764799524 17.402782982060465145
-21.170294563230147133 18.290452903714708555
-21.69877002269541677 17.809630755878924191
-22.16357882133186763 16.199104993362734461
-22.769247167943351684 15.641119885818635993
-23.879424244339183758 16.703256400690982275
-25.066928937434621361 17.857358259149755497
-26.021706802243976142 19.269053947409616967
-26.965597886661448968 20.693381969411944965
-27.909488971078921793 22.117709991414272963
-28.853380055496394618 23.542038013416604514
-29.797271139913870996 24.966366035418932512
-30.741162224331347375 26.390694057421267615
-31.431505961333677135 27.131722149235812935
-32.270555914900000971 26.61332470762158664
-33.202885220703130642 25.287068437636854412
-34.609105026477152478 24.3234204272846668
-36.025489621516655347 23.442421797496166391
-37.086103686844076321 22.197030289805770309
-37.933521800182390393 21.031082869899300647
-38.533775199888232521 20.082940399069318715
-39.032819598538047501 19.192463224538403921
-39.518978869611203208 18.123453365647577584
-39.76594181690569485 16.529873282184396999
-39.509708764629074551 15.008703327811121042
-39.01563790476310345 13.569532153028337262
-39.810597726757698922 12.215031439739348684
-40.778650584176439509 10.762712058508830282
-41.333259150656914471 9.2716047109218315825
-41.243551603035072617 7.8811083355728239752
-41.033274836560124754 6.362606596773325407
-40.68818685820363612 4.7911662800060490497
-40.235577251561608136 3.3032289289424392464
-39.692609181598285772 1.9098591196943663917
-39.088727591003667783 0.64071920066468379673
-38.454452876451171051 -0.48882638010613099766
-37.6704723090176401 -1.6858902130634998429
-36.727455890548817763 -2.9152285375055324579
-35.691265845079385599 -4.0687435746614539767
-34.498887563064144501 -5.1998933528209256849
-33.176090848639546493 -6.2599123382049519648
-31.85920780244712347 -7.1482309098871539277
-30.996997801603423994 -6.9957839122420457656
-30.044377187036257482 -5.5883960461922068674
-29.094426169766560264 -4.1649989121967934125
-28.144475152496895021 -2.7416017782013786253
-27.194524135227197803 -1.3182046442059656144
-26.244573117957536112 0.10519248978944846507
-25.293887917342004812 1.528007006213639718
-24.280755788051877175 2.9005515684481437688
-23.391312841849572379 3.5586919731713089199
-23.247207818793036438 2.2834332010521811718
-23.079053611879899677 1.3462883453809877388
-22.373272729942502934 2.3554784849500682853
-21.456385497431149645 2.5316295461572204673
-20.418493216141875735 2.5586616126698538132
-19.230317560823547041 2.2998262829070990065
-17.691208295374842407 2.2362885043200817492
-16.036841407997656006 1.6369232683967107622
-14.579324084672956374 0.76655525912198740901
-13.297200213562682336 -0.3571150825744834334
-12.028185119878559206 -1.4999639684162526798
-10.759170026194439629 -2.6428128542580218152
-9.4901549325103147225 -3.7856617400997918388
-8.2213424952578169069 -4.9241372044806830388
-7.639254228422560189 -4.7050757955173736491
-6.6768347656229209974 -3.7357998602365221075
-6.142174641060012874 -2.8000713017032752283
-6.5179341893450732925 -1.2769785868638587889
-5.6016721859179696708 -0.70916194061083037692
-4.2424803897954959098 -0.51014105687294275526
-3.7938035711215647439 0.26838066074945743367
-3.9955379215024917627 1.5623493497930072138
-3.5567102677111601672 2.7810640251510396759
-2.5184845380843881024 3.8593066807625735493
-2.7054617124804964945 5.4387488666091776679
-2.9991058106690897667 7.1335547868713460318
-2.5260595190941139698 8.6309084279950987195
