-21.902339868740025253 -3.9100688738469018269
-22.141319088503607304 -2.6733153653425825169
-23.369337429015939023 -2.1671601629381056497
-24.852688572151333091 -1.8496180387978258253
-26.167816157743875038 -1.4797167596906595222
-26.110098347165013877 -0.6825208383012739688
-25.154849499246218159 0.41626349757245040273
-24.85119915007932434 1.6673163275438784847
-25.077831893358847992 3.094334937115544637
-25.009132941011465334 4.560134053470522808
-25.526203795552238063 5.8396358877678808952
-26.306363477373050586 7.0947455577497837709
-26.728912372943376852 8.5242108111398806614
-27.683108648455807099 9.5455341324462779085
-28.686302162551889694 10.480344143902510012
-29.748890839110359252 11.342477349819823473
-30.868783639135013885 12.13048552790409218
-31.917557208904568711 12.77090301691115215
-32.932375183187367895 13.310550932683259617
-34.318042065017031916 12.860622140235868471
-35.624095980884803225 12.106757591067655255
-36.832914232682547606 11.983478036627031926
-37.928305351535236412 12.731966815241682056
-39.140690512750374808 12.470834344181342956
-40.308392430447447907 12.357608573957168829
-41.296552847023640709 13.293811693971923305
-42.237491939038029898 13.315368003907726902
-43.160274125860752292 12.172561592251550877
-44.122663226289745353 10.966714673926361456
-45.181423620838280897 10.406674608760955181
-46.375430988090116102 11.088969118417987048
-47.715475956957817516 11.721020995589194413
-49.189227525684636078 12.081885530716954591
-50.611320008619131272 12.651878429531086212
-51.746113435999468777 12.747493691854330677
-52.710406637504007676 12.158817129669813539
-53.518284573808919902 10.94100162021706879
-54.722814249369001516 10.045275786216524949
-56.072047238563776261 9.3508175402651012575
-57.06544216177289286 8.3244118872360601813
-57.946955422545947556 7.2064996523864515154
-58.596600207436672747 6.2639929631461797044
-59.095441516002651383 5.452272298167102349
-59.530928609544794483 4.6639663679587499701
-59.984178945486476664 3.7409949195448231052
-60.174403420385274899 2.3348704472244206087
-60.180341926032276945 0.97076063856770955507
-59.551955900518457554 -0.3226840599235121787
-59.728219864437477327 -1.5453567253046036623
-60.652361271059916703 -2.7510187066321605265
-61.452252368410761107 -4.0676633544679425825
-61.796937977555167265 -5.3690737715936762697
-61.713144357875336254 -6.5898316183332745766
-61.534808317817805801 -7.924769205829849561
-61.249927233262063453 -9.3159143763286813567
-60.873022892187151456 -10.664577997082371752
-60.430669305644372002 -11.912568822936059121
-59.913689940169518877 -13.113709905641126596
-59.379465567052214681 -14.168775719720287043
-58.799740662075997477 -15.164832421843733812
-58.088317677282489626 -16.232019274733026748
-57.254721038049638082 -17.318832705267581673
-56.35405497400316932 -18.340365467901762031
-55.335259519091152924 -19.34492888229349461
-54.202489665079603753 -20.309520191262926403
-52.99115848467635459 -21.193971175035123622
-51.746153490273961495 -21.968477160311515206
-50.494287772607563625 -22.627334910621037523
-49.023005089304845683 -22.48696539826725882
-47.731364761261282581 -22.359481567500157695
-47.0755135371818767 -23.388955521868890486
-46.461990400626980602 -24.062272974667287428
-45.717871211496152739 -24.225266184686880422
-44.803553237480855387 -24.385401260726943917
-43.641983008387121856 -24.219647746976534108
-42.337539927301378384 -24.603579546844461134
-41.017105814285059751 -24.59472721741010659
-39.672282679124798221 -24.169692673787036341
-38.306998604160021671 -24.301101696055692258
-37.01341770547576715 -24.026477246070356841
-35.625298846142797515 -23.629783738366384682
-34.218946496514945466 -23.11336053341939234
-32.853664862160520954 -22.492344690289222342
-31.570300054796746281 -21.789598878350417976
-30.409964008323001394 -21.042450095420935696
-29.304741869900489348 -20.217722076459722302
-28.221321283109112699 -19.284006299270021856
-27.249582559974044216 -18.320191153777393822
-26.58699470852870661 -17.580454961993833507
-26.933775277698781991 -16.229534270271205543
-26.720470099070983139 -15.288769485175922824
-25.382694281960574756 -15.17884817973192213
-24.581563422332642688 -14.766052517170766833
-24.180037679641536386 -14.051772726191494201
-24.498186795407100647 -12.821819185799391505
-24.107548840386765931 -11.747551208973941783
-23.068811719182146902 -10.846261059477141586
-23.045432549640672448 -9.5333189635938992978
-23.395637277829166578 -8.0322346033992442216
-23.394299624418739114 -6.5913185599483856691
