-7.7435301996162380078 -8.788394927978515625
-7.5729162176360560466 -6.6837627719352248334
-9.8646840640932005329 -5.0192434931815110843
-8.1379111148327645253 -2.4657059027563583697
-9.521969792432319224 -0.74080679621953571257
-16.563547598341703093 -2.4181441657416948843
-19.611734526558745273 -2.9866533692353245399
-20.391278750617100712 -2.3002007512637598907
-21.228804037930419923 -1.7156356795549339012
-23.022353975942849047 -2.4917355413718729196
-23.379259688184163224 -1.4827943627503117341
-24.995905648287450873 -2.9459172263371824485
-25.324295772306044228 -1.793281324768625673
-24.862636489841417387 4.0764686037543160779
-25.57193571102141405 10.480192507057285667
-27.597146987915039063 12.697569336125052786
-29.601056651349587412 10.277503911291930194
-31.223309203453759153 8.271358581190774828
-33.502863012930561126 9.3875248919279066229
-35.512331653803464349 8.9893993883352969476
-38.106760772718772046 9.4147865671001973453
-38.983160564552754579 6.8831093783097809791
-40.656844047962195532 5.7158683569048278628
-42.712406863811501978 4.8214450493927589747
-43.679349897656237545 2.8960074671994409101
-46.743979692707313234 2.2660336576217954274
-45.529129020687669538 -0.80456264639556263063
-46.344954944013920795 -2.6968628460343708753
-44.908952177814242646 -5.1086575949291450627
-46.434041222533423365 -6.8085571015305035303
-47.535621510188519778 -8.788394927978515625
-48.934640323274422258 -11.031055860569921379
-48.484833998158464397 -13.228208802708611103
-47.498317426062342861 -15.254676699310550703
-45.645814908365188955 -16.824177579777217062
-46.230212080971782029 -19.546199527954769337
-43.937267206897487881 -20.660183740913737438
-43.209777562023042208 -22.846067452280351517
-41.273841592880458506 -23.977902446942103154
-39.610857168017176377 -25.323848575373798298
-37.920020346958239088 -26.668129627460768205
-35.679757363046171292 -26.942231616964161134
-33.256489883246089789 -26.206057311426526724
-32.124721544809951013 -30.088959430771975434
-29.623553720281346813 -28.068338765513928479
-27.597146987915039063 -10.300212597526856584
-27.438867516654966039 -10.294322662996838957
-27.281311561888358597 -10.274283851917605404
-27.126965029684047437 -10.23546567401898777
-26.977275164572301236 -10.180649869116615847
-22.255474402519176635 -18.040442702940822528
-20.36421031485269495 -18.74368142767873735
-18.96985273227355151 -18.369976894325567685
-17.120633768630369786 -18.221488859992604148
-17.265183181420617586 -16.295005457736500887
-9.2616903911645387382 -19.374376356978139313
-10.655202103598675478 -16.33143404352276562
-8.4462959876769794221 -15.010883153644083876
-9.125337931800618918 -12.714698787874654684
-9.4119422336715778954 -10.699737161264694763
