-5.2351287024044168561 -6.4742044252175778851
-5.7679006892702302522 -4.8814054558670427753
-6.936632037680910301 -3.6615817231404435006
-6.4482349258085536192 -2.1542885617813318788
-6.3173935433406782636 -0.63104546905940406276
-7.4227897717006996459 0.3773175381219255331
-9.1835199959655078317 -0.01024714366459932198
-11.006473291208189735 -0.60440354963177200798
-12.829426586450873415 -1.1985599555989450149
-14.652379881693557095 -1.7927163615661176888
-16.480401296040927406 -2.3616260229718739616
-18.308238119844560288 -2.7390428858532835932
-19.872877121361561592 -2.2041334439194697481
-21.32036360044153156 -2.0944336281514956966
-22.337521097114027668 -2.1651535757911735125
-23.552620459687783949 -2.9903001317735924403
-24.147127749893662951 -2.4443658322688404105
-24.667328212095100071 -2.3281423170965585001
-24.766319949706900871 -0.6163345807370835816
-24.815641004670940362 1.2878576181721381744
-24.864962059634994063 3.1920498170813602634
-24.914283114599037106 5.0962420159905823525
-24.963604169563080148 7.0004342148998039974
-25.012925224527126744 8.9046264138090247542
-25.06224627949117334 10.808818612718246399
-25.115124512947442526 12.630108665341477803
-25.532501257884664625 12.626437417333047364
-26.699519458891494139 12.240774314718027682
-27.933087591975699127 10.744855255570564978
-29.347674834538199917 10.083699046888208173
-31.082966063680913749 10.602203326022197061
-32.960774473256236661 10.525185076248185112
-34.571448150249281639 10.270909696720924131
-35.077415439924884311 9.848798642462304187
-34.170197604537769109 8.2140557941417053911
-33.228224886231117807 6.5551903439588290468
-32.286252167924480716 4.8963248937759518142
-31.344279449617836519 3.2374594435930732494
-30.402306731311192323 1.5785939934101953508
-29.460334013004558784 -0.080271456772682103775
-28.518361294697903929 -1.7391369069555597804
-27.576388576391266838 -3.3980023571384370129
-26.642708819915384311 -5.0574720826015049369
-26.581410627558245352 -6.2901966668653583881
-28.150797168728900033 -5.8964979928260543574
-29.901739849302551022 -5.1329248728133931579
-31.652682529876198458 -4.3693517528007310702
-33.403625210449860106 -3.6057786327880680943
-35.154567891023525306 -2.8422055127754064507
-36.905510571597176295 -2.0786323927627443631
-38.656453252170827284 -1.3150592727500822754
-40.407395932744485378 -0.55148615273742040976
-42.141264909738367805 0.16727708133799001899
-43.402109238187236429 -0.29720810179879048052
-43.429317021759381134 -1.9622494158404863995
-42.83473753548366858 -3.5801901415213563951
-43.677652094936831872 -5.1006932014527004426
-44.738305548702342662 -6.737308531971010872
-45.122654090928023152 -8.3746356423786156853
-44.979730766189405244 -9.9580785113566676614
-44.672252722255507251 -11.705762137408132872
-44.210960830555301015 -13.419662904629465316
-43.636015193270921486 -14.998097251699313404
-42.965917070033178504 -16.453839049625770485
-42.259661076708596283 -17.723025647357086854
-41.371325226230169392 -19.066050649297658026
-40.299312126903515718 -20.424939655803701299
-39.094628445767277469 -21.704752718952718737
-37.695059371163871731 -22.944491961426304982
-36.162588434907199542 -24.063481224966430716
-34.58519978831080266 -25.003285733667173218
-32.850396968812326293 -25.340905672074008237
-31.156258525599668019 -25.132403144828089125
-30.326440623803406993 -26.438110580625277635
-29.460804189363724248 -26.899302154223427408
-28.400214513643483372 -27.1036555318059591
-26.9756312461630543 -27.012951797120848596
-25.5019888326798565 -27.366729907883410533
-24.991564763111846048 -26.136351335998568857
-24.81636409981996394 -24.233471972139678741
-24.641381982387553506 -22.330171807063738498
-24.466399864955143073 -20.426871641987805361
-24.290680053760656421 -18.52548514500799115
-23.791030306573048847 -17.456227817332447216
-22.430542704399673681 -17.733890300589422395
-20.678788790313308965 -17.650169650655278986
-18.804592076513831245 -18.119556814837519454
-16.961248600423306954 -18.563417141507393637
-15.097678777333035427 -18.626220727286874279
-13.382554868942090565 -19.372803657702512226
-11.69896689655794475 -20.28012317840980927
-10.361503650220843298 -20.836943284745871097
-9.8966813454144908491 -20.211535032352834662
-10.306319176983466335 -18.522976321124531296
-9.213802189246067087 -17.938940546230007556
-7.9430835343210048904 -17.567608088627721941
-7.4310306016131555396 -16.649531159892092091
-7.7935940747046528188 -15.037288525886157942
-6.64605470076728988 -13.86188305298259138
-6.3872423765864549949 -12.289648009415056862
