89.135684564025126519 1.291651606559753418
89.306293300932992452 3.396283165258562331
87.014526412780526243 5.0608026613028869178
88.74130412903384979 7.6143407405636969187
87.357248298720350022 9.3392392847253571375
86.744355692199889063 11.373507558734072376
84.792588986030182241 12.560702372486789002
84.366865667767882542 14.87406315878212304
83.370933278953344825 16.938912830831277745
79.334877160471549473 15.128165164762732431
77.749180017797868913 15.957108459820931401
75.428778864209235167 15.097378877732237967
74.078261499397640932 16.052810693862308966
73.577663516819313827 21.500849379010205098
71.307275771027207156 20.560238201216591847
69.28206634521484375 22.777615036198294973
67.278167660247547133 20.357549562426122236
65.655904126574029078 18.351405234278963974
63.376352149330713814 19.467571520261142126
61.366879842435054115 19.069443212429511902
58.772458461700104237 19.494831416985171302
57.896058371064192727 16.963155945192788465
56.222367401805719567 15.795915032250077203
54.166808392173656728 14.901491720362196602
53.199865339856884816 12.976053640028325731
50.135239513305720038 12.346080453417808798
51.350090020214778974 9.2754833792471131915
50.5342602933439764 7.383183798108899687
59.267466128743073739 3.4203202859574148853
58.581358708919047729 2.4163417002201437178
57.599571360905230222 1.291651606559753418
55.6748796368914185 -0.13852150592236056603
54.173998572448020639 -1.9196677207215024907
49.380897821221992672 -5.1746300665091666815
51.233404129369404245 -6.7441323173675868929
50.649007078697124484 -9.4661530551945922696
52.941948044006743146 -10.580138055190262847
53.669437766386110411 -12.766022803538300323
55.605369818871679399 -13.897856734236990306
60.241552214381115959 -11.151550158221416709
61.984753614577932979 -11.347673266617405829
63.701143970727351018 -11.243303736341101029
65.308802225071914904 -10.9368015920479138
64.754491803393293026 -20.008913733902673471
67.255670712949594758 -17.988291121937216133
69.28206634521484375 -19.178208726918878568
71.311757731741607813 -18.019577777653413619
73.338595557706909744 -17.7927913282699528
74.579384506892864692 -15.011782809690611629
76.314193900493876299 -14.502770377378666922
78.748845681203960112 -15.105294498983134588
81.941360539318097267 -16.132370285906610263
83.448019091057432206 -14.441221774366123753
84.946260806272206878 -12.812449314136005185
83.803876995122820404 -9.259057863243727482
87.617526815570926146 -9.2943296011983722593
86.224015975964704239 -6.251388869560427608
88.432919254282580823 -4.9308364953383261309
87.753872545852175335 -2.6346521080358886735
87.467267287803124987 -0.6196905381783086586
