-21.918520376770779023 14.4472808837890625
-21.747905916953143901 16.551911599803702302
-26.830490126031179443 17.623223785411106235
-24.561895633461595878 20.039225996397782126
-25.19573021188416817 21.827572021862245322
-24.858221521316821168 24.212534016849424745
-26.261617791128202271 25.71633238647706321
-26.687343110929663936 28.029690435224587475
-27.683281503966824744 30.094541310143455348
-30.010431142827407314 30.635885157966026071
-31.18485481477067367 32.784993413928035011
-33.859825641593630507 32.218625112986352121
-36.230751467351041128 31.501920595038413353
-37.797550122498684289 33.146244661399407505
-39.940080593238228346 31.878149343977018049
-41.772136688232421875 33.985964264103571963
-43.582885733063534417 31.675460718221049916
-45.077288380299108894 29.996800499813147667
-47.363195551455270049 31.654789241990695103
-49.590178159398938362 32.006885970175183331
-52.281748513831551861 32.650461455132521849
-53.158148382518653818 30.118784218241550832
-54.83183561876840173 28.95154324818680891
-56.88739465838415299 28.057118952030393189
-57.854341502700691535 26.131683759412453583
-60.918967527925765637 25.501707369652805824
-59.704116821974800189 22.431113504316503082
-60.519946547049023877 20.538812503148534461
-59.083939969111675339 18.12701774786421538
-60.609032821218804088 16.427117365170634145
-61.710609303157269778 14.4472808837890625
-63.109631932456579761 12.204619965622766742
-62.659821785544039585 10.007466982792200483
-61.673309042155111115 7.9809991383919074437
-59.820802709482428838 6.4114972966178491731
-60.405199853452479886 3.6894767251636224614
-58.112258817712081793 2.5754913599317532658
-57.384765276031700409 0.38960684128167599738
-55.448833222065729842 -0.74222676481010552152
-53.78584493234338737 -2.0881729036255300969
-52.095008067073720781 -3.4324557651036826655
-49.854745168484868145 -3.7065567533189209826
-47.431481298223260978 -2.9703796549187444498
-46.299711245127333825 -6.853283619004397309
-43.798539720184670898 -4.832662464897538257
-41.772136688232421875 -6.0225809994103336464
-39.742445299901305589 -4.8639490962809084351
-37.47491946441668631 -5.7695560736810556079
-35.623839614683667776 -4.4752313144910296216
-33.576644711754219941 -3.9600972616088263578
-31.460113881772272748 -3.4136688943689676989
-29.112848477896356769 -2.9767404835731881008
-27.60619573647141678 -1.2855921268157182169
-26.107948077755160909 0.34318017796947053455
-27.250329723739060483 3.8965717111372111248
-23.43668007938277853 3.8612999525829252434
-24.830192720339823609 6.9042408982366128001
-22.621285687994362235 8.2247926581234942489
-23.300328583492966317 10.520977034710526254
-23.586931933988960708 12.535938650502883362
