-21.226103231995388398 -4.9418964385986328125
-21.055488772844615397 -2.8372647625648914627
-26.830490073289141151 -1.9131292163599948886
-24.561895650512742151 0.42507093517876626265
-25.195730201512731128 2.1301130160999690588
-24.858221524240555311 4.4235902543658749408
-25.669820905769967112 6.2540506682712031505
-25.994925973234344951 8.6405140743744173193
-26.990864384217864824 10.705364963963971192
-29.318013998283653621 11.246708789420939212
-30.492437669995283045 13.395816091540336146
-33.167408506507143784 12.829446841238116406
-35.736798009235315021 11.50192067520202599
-37.234970109456355658 13.146244681719853276
-39.311861074784118841 11.87814935301998176
-41.07971954345703125 13.985964264103568411
-42.826274576291865515 11.675460748323949645
-44.265890960543515575 10.047868777568780274
-46.47230745716233713 11.654789203059344516
-48.625803654080009153 12.0068859537384931
-51.589331369056161236 13.261284132744826536
-52.465731252004815133 10.729607839166547478
-54.139418485435804484 9.5623668691702921052
-56.194977505556742869 8.6679425922596937681
-57.16192435792530091 6.7425064370247600465
-60.226550296064473855 6.1125321054509633711
-59.011699673912701769 3.0419357124737160802
-59.827525593817611593 1.149635399970843963
-58.391522827126024708 -1.2621594684388779406
-59.916615681694608497 -2.9620590535045097091
-61.018192158381879153 -4.9418964385986328125
-62.417214791287463527 -7.1845568456163340088
-61.96740464076864896 -9.3817103395954948297
-60.980888065828949607 -11.408178235865552352
-59.128385560396708343 -12.977679081776681613
-59.712782693030199255 -15.69970110116243589
-57.419841676295369837 -16.813685242577381729
-56.692348119295587594 -18.999570971226905414
-54.756416078918633161 -20.131403936720065673
-53.093427788812128654 -21.47735010590002247
-51.402590922298330156 -22.821633087491377978
-49.162328025980009727 -23.09573502837002934
-46.73906062961930985 -22.359556882797438249
-45.6072941003519432 -26.242460941392092622
-43.106126269737551127 -24.221838369425057635
-41.07971954345703125 -25.411757844960870756
-39.050028159456338983 -24.253124988612274393
-36.782502319641295685 -25.15873339606875092
-34.931422469908277151 -23.864408636878724934
-32.884227569625643639 -23.349275538849276757
-30.767696736996882123 -22.802846216756663011
-28.420431328763761769 -22.365917683585902154
-26.913778587358834216 -20.674769296286577003
-25.415530945763080695 -19.045997635452682317
-26.557912613827419079 -15.492604943980587962
-22.744262946706530926 -15.527877867598254724
-24.137775601339281906 -12.484935528368032109
-21.928874268991233265 -11.164384675732762275
-22.607911438717575692 -8.868200287677169058
-22.894514793463272895 -6.8532382354808669689
