-17.240269736426171221 -5.6162358124194273756
-17.466374624269782601 -4.3420487836195222897
-18.64623517664639607 -3.6958582461323534751
-20.073158926610695119 -3.2140044770248068495
-21.524046543934499454 -2.795300647423992757
-23.009316019481708793 -2.4678865896184825068
-24.353318413141391119 -1.9388567400525180684
-25.009806198960781387 -0.76953137494456069767
-25.059716396249200443 0.65774518649023094863
-25.417188639404724171 2.0452391461151671059
-25.208487214135448795 3.471233100869858923
-24.798564005099308361 4.9347919271247109307
-24.528345063294466399 6.4420590431172568557
-24.480617276684082384 7.9196121685116152022
-25.03933510285074604 9.2652143993599054284
-25.987555968727896527 10.278812812056155934
-27.053522565044129777 10.948024394758398614
-28.065017938216712423 11.501019636459556494
-29.449975669565294112 11.545634475569023891
-30.916501900394617763 11.78261302948662248
-32.01073714449937313 12.718152457326130644
-33.025068029898349664 13.25332025901628441
-34.119568300571970099 12.868482338744616555
-35.27963490273804581 12.374851245733008653
-36.365576711612114025 13.14524958476424743
-37.402518981472510973 13.470104098669677839
-38.388938882915013551 12.473500087022896921
-39.386437943871058565 11.317245333897956172
-40.437047108855963984 10.42681080024271445
-41.634480266097952494 10.716644147628208827
-42.94947590428792239 11.431170482642928121
-44.438913142885809293 11.538257335747520216
-45.96138447562756113 11.615895428372088105
-47.017079141959257527 11.079356277456497537
-48.006985652663082931 10.479331508219836167
-48.800890518998016887 9.3146048902108589118
-49.973520297159751635 8.3907908262281516443
-51.321594872718016234 7.6907847006629621589
-52.340485238114851541 6.6919491433684381576
-53.232636571695785221 5.5712623171654858112
-53.897398668733174532 4.6148511153676121666
-54.403132100806402605 3.7978001613661191982
-54.840107747419388318 3.0124673951261460303
-55.289367860365686624 2.1056642333456352389
-55.486358624055540645 0.72221406573086754932
-55.548285059234707717 -0.64746282498382068393
-54.922182035766667241 -1.9442713651150951293
-55.016128032055455321 -3.1728773180925933239
-55.931154005039253718 -4.3733763221912740349
-56.739376600919619875 -5.6847592283305976579
-57.137898003606821362 -6.9923939422435470448
-57.059207172153676879 -8.2131478407264566499
-56.888183458139138793 -9.5381480601426016364
-56.609984661984690035 -10.930087530408464147
-56.238287742837044902 -12.284318591346538696
-55.800562607530352466 -13.536993172405825447
-55.287310788218007929 -14.743744999157261333
-54.753404579225730231 -15.808711431017822946
-54.179876827703473907 -16.802999135589239188
-53.478276297373241732 -17.865197806585445761
-52.650325540510067412 -18.954806332379533274
-51.755194189518789472 -19.979482203319165023
-50.74512874754645253 -20.984945772170394918
-49.618734948036724575 -21.953752292373732047
-48.411800272919158772 -22.844267799941107455
-47.166999551617159625 -23.6271094403036237
-45.915463035680062376 -24.293326628492540209
-44.458535714722920318 -24.217442658072275918
-43.137375515846422047 -24.041980747619057013
-42.443233947439480858 -25.000869978987967812
-41.847578187702055175 -25.757152151257013628
-41.109955446908386989 -25.920736091075248453
-40.207811540543055173 -26.081581742885109776
-39.063886283583237002 -25.922606379195389792
-37.764174164429704206 -26.307372216656450092
-36.4445397948728953 -26.304404445803132973
-35.101795607678305089 -25.880018422869344619
-33.730334592570883956 -26.022424052909361336
-32.44039727233539594 -25.754576016521266268
-31.057622047337353877 -25.366532554831685786
-29.64953790926153232 -24.857413845572963851
-28.280920826107653454 -24.243109769359229233
-26.989959862826459869 -23.544349865730644922
-25.843171954988321204 -22.814438373053818054
-24.933384181271609492 -22.152580675199480709
-24.269083456623025796 -21.291838835129055951
-24.107444811082292091 -19.757929257323439742
-23.885147812757189456 -18.22447222076627682
-23.430001210993019356 -16.846959708549086088
-22.306151826118600923 -16.454423868639644013
-20.81458084180847834 -16.638545601603581758
-19.913506596902372792 -16.462122526446428594
-19.545091863420676503 -15.808478319197753592
-19.814561836722759836 -14.614133201497651271
-19.513271779347000745 -13.51291513577315051
-18.451725484253145737 -12.622726022046636629
-18.359150557222406519 -11.337893534537254681
-18.715417094530398145 -9.8389700866565839021
-18.756352104357226551 -8.3868817625208240685
-18.028656155566110897 -7.1581574307335298357
