-26.72125098433639323 -1.559938933070667888
-26.902767451438116098 -0.19411584516923691135
-27.906044388836580339 0.79667640144140738911
-28.502772973942871459 1.8045773662880622012
-27.870403788189637595 3.0398918512434947026
-27.713414393878391451 4.2309850600660858788
-28.260577380989026608 5.4966429036945925191
-28.883894269385066877 6.8460828306434731161
-29.671515377032186223 8.0477050580343743036
-30.804573803325556725 8.991812831418346974
-31.363379187588041219 10.316006296295682887
-32.108474428036089421 11.490868101479298602
-33.053948774060700089 12.425064320410990959
-33.827599756054539171 13.046412199673174115
-35.296986241652014371 12.724147824139414809
-36.664616089272811905 12.989398869671591186
-37.969860155942981805 13.170176958296314851
-39.302787860854728308 12.541430958908547311
-40.688610349639589003 11.924845873245947914
-42.047185283240331444 11.812060604830662669
-43.084887561445519566 12.599183258002403463
-44.240333467036528248 12.60907310254372149
-45.412062351719683306 12.605291382574286274
-46.368503135754977507 13.456015988776474757
-47.226189925790173163 13.024349757705612873
-48.047639435041610056 11.764950773438039633
-48.908902660066786439 10.616406034280128523
-49.931482471099712939 10.637961390833824638
-51.135155983852762063 11.476905232275305124
-52.539620332574074268 11.991182653495352284
-53.781639694379279604 12.772422765166957959
-54.879168859068251152 13.801973678439527049
-55.973162824204720778 14.837601193664996302
-56.705324214173494113 15.016168867513627561
-57.556967306223789649 14.490561942798059647
-58.347329148227480289 13.297786506698615838
-59.541963604869515336 12.394867996500092744
-60.891198427727175613 11.700409737261656673
-61.884592376292054894 10.674003161097877168
-62.766104678016262142 9.5560920129206365914
-63.415749336560722327 8.6135854762926697958
-63.914590726887631433 7.8018646514178087159
-64.350077861465763363 7.0135586054613963114
-64.803328237631731668 6.0905870072552446004
-64.993554458427183818 4.6844629433346209879
-64.999493684489152656 3.320353458761258203
-64.371106048126350174 2.0269086403090876836
-64.547370394862312537 0.80423595116101820324
-65.471513687823218675 -0.40142596198840857502
-66.27140519987167977 -1.7180706548896234054
-66.616086993909732428 -3.0194811116985662558
-66.532293373330432473 -4.2402389515257805641
-66.353957345873709528 -5.5751764563233887628
-66.069076285881948252 -6.9663215448590838363
-65.692172055672614306 -8.3149848512143638146
-65.249818381922366939 -9.5629759869368555769
-64.732838803448402132 -10.764117547907471106
-64.198614384131246879 -11.819183402090095214
-63.618889465228100732 -12.815240080894731989
-62.907466582588924098 -13.882426745938317936
-62.073870685492735788 -14.969239253848080295
-61.173204993145319008 -15.990771721082930767
-60.154408678863404702 -16.995336065857671315
-59.021638520504595249 -17.959927633357473553
-57.810308552050116759 -18.844377781445935227
-56.56530503131351395 -19.618883030170639614
-55.313437821219736179 -20.277741727911507752
-53.842154164340485067 -20.137373161244891406
-52.550514036679729202 -20.009889237270240159
-51.894664021297245426 -21.039362616207696988
-51.281142351091332898 -21.712679587694811545
-50.537023513840566125 -21.875672844733379918
-49.62270409559536688 -22.035808296491026681
-48.461132277952195579 -21.870053955367843912
-47.156689071058728757 -22.25398685781757635
-45.836256310690068005 -22.245134590492572357
-44.4914344961706405 -21.820098746771318332
-43.126148626299787736 -21.951509189181205528
-41.832566622257061795 -21.676884535523164743
-40.44444792923459886 -21.280191074054684464
-39.038095717649397898 -20.763767931346524875
-37.672814410821928277 -20.142752270750960975
-36.389449983141240352 -19.440006735734510102
-35.229114254399632955 -18.69285826228886549
-34.123891746668860492 -17.868130079453763415
-33.040470614801762395 -16.934413904716890897
-32.068731842358815243 -15.970598749601643718
-31.406144178406087519 -15.230862807496942324
-31.752925569770372505 -13.879941978909462463
-31.539620888869237092 -12.939177183141612915
-30.201845181269082019 -12.829255943065790646
-29.40071313970753053 -12.416461019150979439
-28.999187323273964978 -11.702181210085733198
-29.317337658359726049 -10.472226932788881726
-28.926699100117343022 -9.3979589496332476273
-27.887961196607292891 -8.4966687974871923927
-27.864582613401520206 -7.1837264821668336268
-28.214787543104648648 -5.6826420552921659279
-28.213449128830532686 -4.2417261952428209071
-27.443939865750213158 -3.0255326546080700822
