79.721766009931386066 10.330622465140304911
79.464043908280785899 11.758449639955420807
78.337207403906489844 12.795440861022621348
77.450382939221540823 14.01238132925632307
76.716278973327547419 15.26087997068561819
75.367041304247592848 16.008014262953683016
74.455423662438420251 17.176052303081231543
73.876586807656124734 18.702763636744553111
73.780630572034539227 20.202547535469051354
74.324238514961095348 21.705911722117804175
74.541410072910636586 23.107713732721773425
73.58514919649866215 24.080310962375957473
72.638641754523916916 24.924050946998534073
71.272503704588828555 25.232726041468197309
70.098341923285133248 26.164782045981048952
68.728659093576197847 26.828356285910803791
67.108111104165516281 27.141070233596696681
65.663445535043550194 27.841703134387053353
64.595663627569123832 28.999348973470020496
63.348073094073626521 29.264904432382113697
61.955404203317073097 29.172088965167276342
60.768261597856231049 29.557348344697437881
59.724049985693582698 29.580124437510161073
58.687434584883881428 29.548771460414695156
57.64358774549723563 28.441578723416469643
56.586773826631009854 27.252042221062406924
55.310487727120040802 27.098502775707402179
53.829281955074399946 27.573002521688049882
52.247673950540487908 27.482057179563287974
50.733603845385985665 27.402091253348302757
49.904331755497338463 26.954840323438951089
50.102981686664968208 26.112235168294272825
50.796966946385218478 24.666824368958060631
51.490952206105454536 23.22141356962183778
52.1849374658256977 21.776002770285622034
52.878922725545947969 20.330591970949409841
53.572907985266184028 18.885181171613190543
54.222401668443353628 17.436800352255566793
54.08545009456792485 16.104002528636147673
52.984445894407556921 15.176774963248035988
51.660681628593721371 14.909491238144461533
50.414093098610258892 14.903399556897774403
50.090218653711147567 14.064639459027031165
48.868259100915551585 14.06429466990131516
47.297261946384963949 14.387825912151008367
45.726264791854390523 14.711357154400698022
44.155267637323795782 15.034888396650393005
42.584762171629726879 15.358069782973116091
41.489228121998223742 15.343290343842014067
41.894701512372336083 14.2516257007819096
42.042012762878719911 12.922957122663000007
41.12032544692757341 11.647586200053860139
40.254849338689972171 10.252394926151676913
39.826132120009759774 8.781492791635196582
39.939391061689917706 7.3105028755419994013
40.15641805183774693 5.8749198647854861122
40.561771360550537224 5.1553770308455471039
42.166893261514488245 5.0577196340460108814
43.777798267722189962 4.9664382519022227669
45.380517371312450337 4.810768232311469994
46.957975577263098899 4.4679065521072480749
48.544092820200809513 4.4045667927758627158
50.146977540851906952 4.700731729167543449
51.747344753943117723 5.026991884550599643
53.31334284587045147 5.3576160663601175571
54.542012193731181924 5.1323572769451422104
55.77565481007452064 4.4620757606257486216
57.116292440752062021 3.8907253371974719336
57.855492305256817076 3.4079478442470394484
57.660355110819807578 1.9344129371826124242
57.385668902107198619 0.35697840825565985146
57.110982693394582554 -1.2204561206712927213
56.83629648468196649 -2.797890649598245183
56.561610275969357531 -4.3753251785251983108
56.286924067256748572 -5.9527597074521487741
56.012237858544125402 -7.5301942363791019019
55.737551649831516443 -9.1076287653060532534
55.625550498616341599 -9.9770144437837657847
56.026139658408688149 -10.058455149508059634
56.988309478596086421 -10.219616547936535511
58.277701462711490876 -10.092257300896566363
59.679410824372865818 -10.41926265868174184
61.092223345195506568 -10.192546538290972791
62.551850496343739394 -10.061744856332740738
63.953486399279860564 -9.9858076407995035595
65.385684088770872791 -9.6268158016830405188
66.888653593048914558 -9.1184723193035956967
68.363838556297082505 -8.4982632546000118623
69.762589854528073374 -7.7675833599588841594
71.025220264609743026 -6.9793614945255555426
72.206605538181307224 -6.1145447407648596538
73.364988908805571555 -5.1257081730054423474
74.397367053683325366 -4.1022984599272618311
75.081915373466486585 -3.3218734670228435846
74.646226292587485318 -1.8249954568593447224
75.155906963316851943 -1.0299908352099371722
76.688548886765985912 -0.99098695002770709195
77.183211735191605385 -0.32814744446313603987
77.407080035129808948 0.60787988776101919974
77.146814957482462205 1.9579542179387692258
