84.947169854552470269 6.3247547149658203125
85.117786221999097052 8.4293854283130080773
82.826011701039433888 10.093905661171813648
84.552789423595882567 12.647443240505822359
83.168733588773179122 14.37234227498791661
82.555840983149764156 16.40661054719900136
76.343499903825787101 14.498316857327088414
75.737158302801958598 15.908302005786769229
75.238754084633058028 17.592133901835435239
73.984909205257096687 18.562660136026508439
75.680835452060065904 24.662469131953159263
73.005866410031714508 24.09609898291872554
70.836814050194220727 24.000684763229848784
69.344425366355167739 26.323534605883452286
67.118761064266607264 25.593342143802633615
65.0935516357421875 27.810718979069388723
63.089649288888473677 25.390653521358235167
61.467392792703385851 23.384507176468897427
59.187837478777581168 24.500671661080687613
57.17836510546644746 24.102549050407247933
54.583939852232212786 24.527937217958097449
53.707539941455955557 21.996258049418308644
54.55292238626665835 18.031306669152840527
53.723223931537404496 16.562642632130561537
53.202325810522268057 14.964237602762972656
49.781125019129532916 15.165391661713600868
47.161575311563794344 14.308586370289408052
46.345745586388474635 12.416286318215517426
47.781755946306901706 10.00449140049765262
46.256659315245379105 8.3045911753426260304
45.155082835514605222 6.3247547149658203125
54.108881563330214703 5.1702189589165694628
55.24016827183466205 4.2303546136464715843
56.226688703093024913 3.4437356401439322973
57.655328703188807538 3.0130422132477390207
56.268410867300580946 1.2295567376403679916
57.257114510130293183 0.63125119841206966953
49.480919159050522182 -7.7329197219766818705
51.416855110701661147 -8.8647537462131094088
53.079843400340145365 -10.210699913241203518
54.770680270233967235 -11.554982895299097834
57.010939358920765585 -11.829083883887712147
59.903643211769484367 -9.6481463055482343805
61.108861787284624256 -12.421731660586790014
63.321253253664224303 -10.537534123151477417
65.0935516357421875 -13.582152742421808256
67.123243025516771354 -12.986475741789593741
69.390772789765819084 -13.892083171626083526
71.241852507552181351 -12.597758442328977679
73.289047448050183675 -12.082624374697576997
75.405576381301315791 -11.536195998535458074
77.752845825488236642 -11.099267299875528181
79.259504378115025247 -9.4081187882935282119
80.757746093603728355 -7.7793463284885522313
79.61536231470327607 -4.2259553108959071466
83.42901210307348947 -4.2612266172406769726
82.035501269713904549 -1.2182858731272423469
84.244404544093143272 0.10226625323383498056
83.565357840436121251 2.3984506618271188572
83.278760201109619743 4.4134124476820284499
