-4.6602652711975975919 -6.1602419657036389111
-5.1930373875967195119 -4.5674429988280058623
-6.3617689706780078396 -3.3476192751702193995
-5.8733716989827069455 -1.8403261401971207079
-5.7425254613715921437 -0.3170959979435021836
-6.8420375728655535852 0.68690024017869255601
-8.5821287281322344853 0.28398531434058782441
-10.382171621287996643 -0.32721063842755865325
-12.182214514443760578 -0.93840659119570501989
-13.982257407599524512 -1.54960254396385122
-15.786318679301919232 -2.1556304283441285463
-17.651004373493730526 -2.6649332926922708609
-19.264285243108247414 -2.3950233396642923722
-20.693127801638823371 -2.0965158337263769539
-21.727456383746858393 -2.0518773287521123727
-22.932441507552486115 -2.952961923291592683
-23.561025876359735776 -2.4850766470673990582
-24.162702881733036264 -2.4615848842944756392
-24.576551327525088197 -0.91717113120604232268
-24.878986136908338267 0.97436611056215838289
-25.169629522909968244 2.8633478646978183235
-25.460272908911598222 4.752329618833477376
-25.750916294913235305 6.6413113729691346521
-26.041559680914858177 8.5302931271047963691
-26.332752574743135909 10.41728412328555109
-26.86504202750917969 11.430830066752031726
-28.054062821648173554 10.479842975723002496
-29.602839017380642161 10.655417048023473114
-30.13425862299348168 10.115982461040976759
-29.596914741606365595 8.343644470513305933
-29.019152908927583923 6.5246415554647052559
-28.441391076248805803 4.7056386404161045789
-27.863629243570027683 2.8866357253675030137
-27.28586741089124601 1.0676328103189027807
-26.708105578212471443 -0.75137010472969800734
-26.130343745533696875 -2.5703730197782981293
-25.552960843108785127 -4.3892589371423920142
-25.463821780201687517 -5.7213460136167917369
-26.682163346590574093 -5.0113663912598083172
-28.102373863301984613 -3.748488324964708962
-29.522584380013384475 -2.4856102586696082746
-30.942794896724791442 -1.2227321923745086973
-32.363005413436191304 0.040145873920590845196
-33.783215930147591166 1.3030239402156906792
-35.203426446859005239 2.5659020065107900344
-36.623636963570397995 3.8287800728058893895
-38.043847480281812068 5.0916581391009891888
-39.409991719536677124 6.056626896798841031
-40.432144962441299185 5.1297030917030070896
-41.320444881117161628 3.8768296623155755753
-41.945795582156826242 2.8530617455612272693
-42.497602047061555197 1.8159794680089671459
-42.843121731925009499 0.26520585299091925524
-42.920296511132107753 -1.4726335389377129825
-42.26589247509456726 -3.1010554412205140196
-42.975932587706608956 -4.6251876030540337581
-44.060715245618581548 -6.2454944148264077697
-44.555370174337483036 -7.8965623547074184074
-44.427053754764401106 -9.4680308101001457999
-44.137550064234389424 -11.206826019306760145
-43.690363136112964071 -12.93197001070000951
-43.127683092024611256 -14.520848915351582065
-42.462322033108812036 -15.998708799212312925
-41.76502549863744207 -17.275287096069906312
-40.900956991869449553 -18.605764074578999612
-39.841906027084327491 -19.973405836103736988
-38.656197371112071437 -21.25677662061975326
-37.274936095716221018 -22.504590659022142063
-35.753068527227242157 -23.639239734225309775
-34.177163495382075098 -24.599018088906635882
-32.472869317620286722 -25.056122201371191949
-30.726583481076072957 -24.787613351992078492
-29.809876732074826577 -25.93315549749691229
-28.98300306625278111 -26.563651138820262076
-27.950917985504574403 -26.768587742859192957
-26.77186917563998847 -26.228053165375257549
-26.151757953503384613 -24.487547326248169099
-25.704063442528184424 -22.639248334041713662
-25.256368931552984236 -20.790949341835258224
-24.791888623073202069 -18.950078180927711458
-23.884192521094792738 -17.486461473276108336
-22.492053309351124568 -17.685161536624104173
-20.862399209109803166 -17.606565357160583574
-18.948946962921461079 -17.872301265525788239
-17.064335860680678536 -18.433931225505709506
-15.348331381683289365 -19.283487276184587245
-13.778774619887423469 -20.385168787033077109
-12.21629302222030411 -21.49903523076431
-11.131750189610235324 -21.865749207370523521
-10.133529535100851859 -20.894267949691680997
-9.3198296606948574095 -19.909381139015540185
-9.7314557693772520963 -18.2090138055175359
-8.6389387835020414741 -17.624978361600497578
-7.3682205934633522304 -17.253646460780693417
-6.8561676002185549805 -16.335569525955037307
-7.218730634193183171 -14.72332649708088681
-6.0711912837617942884 -13.547920374703215529
-5.8123792013504269605 -11.975685086761789222
-6.20440089313817289 -10.080707954480333299
-5.8045451393169642529 -8.3704198856076388324
