89.193656616205572618 2.0419645035626725615
88.935931441293405442 3.4697920355926097358
87.830610830607582784 4.5031482255851162932
87.489549007074074893 5.6326468058192435961
88.244222541527307158 6.9723124037921770935
88.038589051398517427 8.233759065567888058
87.346412226089498176 9.6154293607525875842
86.707656165177809271 11.052294443079308195
85.572435674585207721 12.119003714552764706
84.691783889482493919 13.340339295085303917
84.088872285412477936 14.73629730101106361
83.07749104235182358 15.772199159246536482
82.353482079740189192 16.428959514348484561
80.940126753049582931 15.848348895585457896
79.469007900565003411 15.391020244603968337
77.976074210930462982 15.680576529548641673
76.446103670853787548 15.488327058994126872
74.989928721741136997 15.523273239217095565
74.097962768677419376 16.64644063934233742
73.878949339667400409 18.221937207393423819
73.730624011496075809 19.836170891881689471
73.313484172300746877 20.881130167855200597
72.121785154249593575 20.937557121064141796
70.815678230068741073 21.175971470619035841
69.70394637831195439 21.287201542424831757
68.68982655650529523 21.282880984281103309
67.633464146408869055 20.784865900829338159
66.596425231187453164 19.516210844543923741
65.460320989304264572 18.697739845333686048
64.055174638944265553 19.097684608061584299
62.518737938196942139 19.277061050244128637
60.918669374847809195 19.186493653415897853
59.647266911000102141 18.817935863710651745
58.592583709808941705 18.195348272891521901
57.720067702825872402 17.038686210898198681
56.500670465674069476 16.026683607986775826
55.066889194977754585 15.274783940115252534
53.996336072696536235 14.189188194444174229
53.071406167560795097 13.005510774426731757
52.406331680689170582 12.025224149405239871
51.894227152810522341 11.174113254301589748
51.432203293551992829 10.312870428696902181
51.115312350284121123 9.1300567121369304857
50.880723162294955841 7.7171697678780093455
51.779660595243520049 6.8217801880366364387
53.246150526441610396 6.1526103917039680624
54.71700624608779151 5.4851807475521372481
56.187861965733944203 4.8177511034003108747
57.658717685380104001 4.1503214592484791723
58.795625020040674258 3.3891646400063706324
58.378658044875272992 2.223176232780296413
57.206771413554051264 1.0335716359061342118
55.918028904570206805 -0.011177880609306932447
54.789329771175303563 -1.1788595503527325992
53.613787192538154613 -2.276130406466270184
52.281985118016727654 -3.2045212782692660269
50.93655332819886894 -4.1181949191921196629
50.271724128923835906 -4.921792592876151673
50.647581979086893966 -5.9716804393082414393
51.197280877114742736 -7.248871478872153773
51.76834226930134264 -8.3659603649768854439
52.401997662846994785 -9.4351037872461560596
53.191760273295770389 -10.586986804973957277
54.10076838465676019 -11.728647630890785436
55.091487534051431396 -12.801874318635825034
55.998383193549926773 -13.54103458596936882
57.398610179398957598 -12.835606077476256814
58.798212412005582905 -12.006532394150799092
60.238255280620457199 -11.347513536656281374
61.827463516974646041 -11.291038181898217729
63.4478185347834156 -11.234440933236536253
64.861151884334404372 -11.205238942958724024
65.222147844531278338 -12.301564387998467964
65.127111586855079395 -13.910438349655871448
65.028567511889974639 -15.523258285985601646
64.930023436924884095 -17.136078222315337172
64.949048641568836615 -18.233331302008700447
65.395091024192481655 -18.326998266807247973
66.323694672423144425 -18.488339218656104634
67.578916036196915229 -18.34130765233431859
68.97603268849738356 -18.706006841392500917
70.387581050911890657 -18.54899100774337839
71.880668004666517845 -17.992865562973321403
73.266464161192729421 -17.471749277970072711
74.066008760609605588 -16.174774636433603803
74.999068835347983963 -15.009918182514041973
76.462527233247868708 -14.65608634658825693
78.018101043497168234 -14.928348840567682743
79.570906220904575434 -15.372616379662860098
80.650471288910850376 -15.16311575843657522
81.618947369172758499 -14.450056261416555969
82.766452469043386486 -13.47897230929093304
83.813609161822185456 -12.450046373279111123
84.523772041733252536 -11.657881491614801917
84.133453906428528057 -10.19820831211776202
84.551184127787962552 -9.3352638127967519921
86.061490090101983697 -9.2796360681878251597
86.628883121493714725 -8.6626413231369649992
86.920771395767872036 -7.7728592353794025982
86.595644005458396464 -6.4032203343634028769
