-20.279806869796381363 14.792151321256366003
-20.523711944398808527 16.010688101344705103
-21.770161125313713057 16.44869784693344883
-23.275429589559102794 16.685204789386382629
-24.769661427987735181 16.926383112277836318
-25.563067527053082273 17.464194093015390052
-25.014880238926611611 18.599683529615944622
-24.884325297738730143 19.927560262108382716
-25.063059038828896519 21.364305571170536524
-25.017747072148321053 22.833038583718330727
-25.408636865761017987 24.27183957504261258
-25.454491918934895267 25.753647941365095164
-25.261332359132158132 27.260415053968074517
-26.062750235606799265 28.250022099682123411
-27.063747908495852101 29.182640857529147382
-28.126336764338841334 30.044774139363060073
-29.24622934661440965 30.832782102938981694
-30.295002449169764702 31.473199284926266728
-31.317556148164058527 32.016677771043603684
-32.794238192565764223 31.959877678896237541
-34.29692872001454873 32.226325569239890001
-35.684030355241269206 32.785878325468885919
-37.010241121344357396 32.61934880724881225
-38.260829803702918639 32.238473490030585822
-39.3206463718748509 33.002341133249558425
-40.310259833498776061 33.52215281586453699
-41.272568156279504592 32.631767642979596644
-42.255356635678460009 31.451932359712973408
-43.307948795725174307 30.475092259796664251
-44.484856932960333609 30.664795534300886004
-45.763246086243839272 31.439195517763170784
-47.200858805950012709 31.781922617608287851
-48.702203344662727602 31.972843016674463712
-49.857284784773483466 31.599502828009747191
-50.844756912762093748 31.016627785744287138
-51.66032026429614632 29.953745195236827215
-52.754592359424101744 28.960443294117681035
-54.090592364062921149 28.233582687900707242
-55.190403210590332606 27.318702158611351649
-56.107916101909218298 26.198853736040163653
-56.821342313517057221 25.19844309162720819
-57.34957210455072385 24.363453692937280692
-57.793333077641555917 23.582815319028803458
-58.233414002892004646 22.716813123796676166
-58.447990288838383321 21.412710779003120365
-58.653082194027781782 20.027715120263795967
-58.079531335199433784 18.720109678256410035
-57.931905877463300669 17.473782409805998839
-58.786966651403616879 16.283119782142609466
-59.62591170905059812 14.991559943535243349
-60.184301056713437106 13.668824883325418895
-60.120537469852060042 12.44109341394682744
-59.970835936569415026 11.147301619367764758
-59.71297983171928081 9.7552747688029235462
-59.358108622683772637 8.3877055523704786566
-58.933383466595117284 7.1175819918799536623
-58.433406636910305565 5.8982966199920632278
-57.899954601426863121 4.8012556398589953943
-57.342244594254864865 3.8079002998931823498
-56.669910653123231725 2.7616501569571774155
-55.861408567028213668 1.6672798247077142975
-54.980839859603051423 0.63093161586000690022
-53.997135403711489232 -0.37641893536504689166
-52.890876831144950643 -1.3567209922914500453
-51.697943611878528714 -2.2648269252383883554
-50.45513600272360577 -3.0721754046174289954
-49.205642698963544035 -3.7602679083721746167
-47.791644894445333591 -3.8727563283327444132
-46.401643455864252985 -3.6000668448918857756
-45.578657447957169779 -4.3214538124424093368
-45.031048564703063164 -5.3131645045709525732
-44.306373782129931271 -5.4797519203805080679
-43.441690714232606751 -5.6418972574929959762
-42.351966419493095373 -5.5401687189463428851
-41.069443570790980402 -5.8446804037345732041
-39.750033845180233527 -5.9033940351210745234
-38.413874215919470601 -5.5112284198132659441
-37.027972668346713192 -5.6568609255637483102
-35.743720296275263593 -5.4079889026574790023
-34.379405399574785918 -5.0458984201049119633
-32.96800789799470266 -4.5592266256994236073
-31.590111382093226666 -3.9654215452462722169
-30.278022483583448832 -3.2799369117394441275
-29.086759533269372469 -2.5438696064737200686
-27.976722269435811086 -1.746950256973537563
-26.881771732272614628 -0.83883612097380577666
-25.863279740419660158 0.13542494037201002755
-25.130205630172248732 0.92974476332908295717
-25.296266293177062323 2.0846317482042491243
-25.555072043706488216 3.3172925148692566921
-24.575036054066565328 3.6367408249064596681
-23.150250398142233621 3.6185552725697576193
-22.773990839482859627 4.2568897216983625498
-22.612955206681455422 5.1654594184081030761
-22.873404653994601432 6.4361160290505008419
-21.944191534204673388 7.3501831700677637826
-21.303836723260506147 8.4156523076843239295
-21.604138242852009455 9.8674459700908823123
-21.853726598776354706 11.364300589734524394
-21.489478894925944985 12.701560883411096015
