-10.904161903086681207 -7.739988297602137024
-11.085678255582156027 -6.374165122950046225
-12.088954768639924353 -5.3833728750550697839
-12.685683141214104452 -4.3754719436557207857
-12.055929647171129915 -3.1461818634248990278
-11.906520826110096323 -2.2883704894851759626
-13.15739378346556343 -2.2522351984967783345
-14.660096072512533993 -2.3638716931774927943
-16.16279981665535459 -2.4754601116801300265
-17.666686553725380548 -2.5479625974066579808
-19.17444275121045294 -2.4950223899170089759
-20.68451361933909638 -2.5182455843057680589
-22.193832518804732956 -2.7592376193511132243
-23.531098478782745076 -2.5352976761690411145
-24.347830880066648973 -1.3479094575237560161
-24.806208460301075291 -0.0060504898986068070613
-24.642594685380224462 1.4538824777872372263
-24.673571683754069284 2.9098542141160161911
-25.132376592956049421 4.335708331377787772
-25.262696643858809864 5.8308572236346796203
-25.302131355681655833 7.342721777173147224
-25.501221511985839641 8.8238330188585436531
-25.972193533996723147 10.252573557932217696
-26.676150038916777163 11.126442943527678153
-27.837708074639913036 11.239891963163335831
-29.098523930576696728 11.310691063341884899
-30.1614838531653362 11.548412743788681212
-31.119263189105385692 11.556700954619969934
-32.106261860026314992 11.483403559984084907
-33.077172004427453089 10.301171468013420096
-34.070502641847667746 9.1966756820971635733
-35.267936844601351254 9.0574231950420482917
-36.650089320839967399 9.5362920540569593442
-38.125330591114995116 9.4833618374963251085
-39.626440513573363944 9.4947731121201943694
-40.681156519542085448 8.9552224299702842814
-41.671063185763706826 8.3551975903927164779
-42.46496827619664316 7.1904708994809318767
-43.637598055656653173 6.2666567974349387526
-44.985672629378299803 5.5666508944291610561
-46.004562804696007561 4.5678153041011313462
-46.896714197762321419 3.4471284330043054922
-47.561476317999236585 2.4907172194437503521
-48.067209757552546989 1.6736662717131594036
-48.504185421406404544 0.88833349221244795046
-48.95344562239241526 -0.018469837348229489749
-49.150440139633317926 -1.4019198341012151232
-49.212368422795520928 -2.7715967039965954122
-48.586262089996132829 -4.0684052219664401662
-48.680205952838264238 -5.2970110878625096262
-49.59523176649656051 -6.497510023945310742
-50.40345436061324591 -7.8088931364981899463
-50.80197576268241022 -9.1165279974864432688
-50.723284924358203796 -10.337281973579615979
-50.552261138339005697 -11.662282605423911264
-50.274062384769678147 -13.054221746009444516
-49.902365933567978118 -14.408451273359769829
-49.464640668242957133 -15.661126456192761225
-48.951388352395959203 -16.867879481756570925
-48.417482220710034824 -17.932845712297400098
-47.843954577930688288 -18.927133213215210361
-47.142354056162311338 -19.989331870306145333
-46.314403294138998035 -21.078940402429356737
-45.419271724410990032 -22.103616506393855445
-44.409205829536645638 -23.109080463213047096
-43.282812300225863567 -24.077886680331214819
-42.075877999150492315 -24.968401885848010124
-40.831077414786356883 -25.751243443618168527
-39.579541330030778568 -26.417460431049232028
-38.122614657561257445 -26.341575526560635723
-36.80145586246329259 -26.166114587424122107
-36.107312728003627456 -27.125004126067661758
-35.511654271662173699 -27.88128661974418776
-34.774030319109051845 -28.044870737982964926
-33.871887715332313462 -28.205716051722067306
-32.727963729035643325 -28.04673868341762244
-31.428251886891892752 -28.431506281494485222
-30.10861613758067179 -28.428538459592104459
-28.765870568076504554 -28.004150815701095212
-27.401892323662689677 -28.147854450486445188
-26.259806948156182216 -27.915684372521049283
-25.432592769413524536 -26.832253736500042862
-25.037371232274534094 -25.428522767820627593
-24.985641034739607846 -23.934311915360073186
-24.951996689213839176 -22.433027048511071655
-24.864234636230534647 -20.909037835228211577
-24.567161001510335439 -19.4879079324146538
-23.444198467943454744 -18.769745704183296908
-21.960362146955109353 -18.435668372759234757
-20.561089896435795765 -18.166897554183687902
-19.970372905907520789 -17.229112435537210501
-19.364089220406601299 -16.604530512184165758
-18.027831298071482991 -17.012138737306663927
-16.616839762985648576 -17.524376685929020425
-15.205848227899812386 -18.036614634551376923
-13.796769587258856049 -18.547079116311902425
-13.417263015738971177 -18.308827321454810289
-13.153573289803448532 -17.551576257928598324
-13.530401768014924002 -16.245815873327746459
-12.726501668629476072 -15.295396411484791344
