-30.908201003675980445 -6.075727495099062736
-29.251554039748942415 -5.7016553483506031696
-27.588315682693647091 -5.3351751260858932824
-25.925077325638351766 -4.9686949038211869478
-24.2618389685830671 -4.6022146815564815014
-22.598600611527761117 -4.2357344592917725024
-20.935362254472480004 -3.8692542370270652796
-19.272123897417174021 -3.5027740147623571687
-17.608885540361889355 -3.136293792497649946
-16.019565728945554639 -2.7763217938181821154
-15.975759509263824043 -2.5524259032667799829
-17.593272602817730643 -2.474802337793651219
-19.312391370824691705 -2.4072197306110840742
-21.02974699731159447 -2.3992061518105898266
-22.744022937810960627 -2.4902130582687242999
-24.311946888615722173 -2.2647521592729837892
-25.29070595037880409 -1.1535774582160251978
-25.03731610577656852 0.32628012299013542385
-24.551626873535536077 1.9876208661445933235
-24.624274853970383958 3.6510746828672897557
-24.832058856998131091 5.2941475481104616208
-24.60131025545634742 6.9832435746695367129
-24.62076261874227967 8.652912611371933238
-25.181436354583158987 10.225728628246510965
-26.375352777122980541 11.384266685731844859
-27.596863906101276598 12.6068571809380785
-28.818990200442371474 13.255332072231560403
-30.268832102874785761 13.247064223005365236
-31.591840769272998557 13.618676724848306492
-32.726483022455667538 13.654928223904143181
-33.818239366845205041 13.628993598652016317
-34.866498755077870442 12.512525648573086912
-35.738461942981253117 11.021666208827795685
-36.811755446365864941 10.484917939867942849
-38.242814325166577305 11.279483906401745585
-39.886262596183065909 11.528031918361575592
-41.609508565577115746 11.590298027915368451
-42.796670132816728938 10.976083935893662158
-43.89878272257447378 10.21740077927388235
-44.879644519080898135 8.8815083891074948497
-46.335429801403861916 7.9759932225970597841
-47.672856061095551183 7.0238973208786052993
-48.714744642953334619 5.7647056683102420038
-49.507422093245885719 4.6450930712397955347
-50.081332780870361887 3.7184362540660593766
-50.574895192909593788 2.8183955994127103395
-50.962367501182541218 1.6341864584666327964
-51.263364246418873904 0.045132387030394162386
-50.828259163538355381 -1.4587743006938980184
-50.526446545365104157 -2.8816394400368863238
-51.455293802027327388 -4.2373601004315277763
-52.387849532198430325 -5.7126098422470121818
-52.779891445470390465 -7.1857504763099768752
-52.672213803813967559 -8.5807129680664750992
-52.43710659649463679 -10.124988238918977146
-52.070276376930486606 -11.689373182957485398
-51.602963085284116573 -13.153565489931276389
-51.042674107591224697 -14.537398594691392617
-50.437346287775170595 -15.770357969044177082
-49.785441435451176062 -16.900149316233829211
-48.968381046559855463 -18.113758880679579732
-48.008104390356955093 -19.331081790300011392
-46.948498653500408295 -20.478285647595328101
-45.728855152509154891 -21.602138626408411426
-44.388319020798938652 -22.64385977369227021
-42.981933659645285672 -23.557696511837885822
-41.565836154710794403 -24.32041657398318435
-39.912998763689977011 -24.194981810979339087
-38.544823821532773422 -24.223108872351200915
-37.919325076470713043 -25.606985778478492222
-37.112326824456559393 -25.873972549573849733
-36.176178646757549018 -26.057505500141363797
-34.959366981548868125 -25.993029549770962916
-33.501591613254802837 -26.332550537880138108
-32.003098438634204115 -26.326221113271376595
-30.473631425177753584 -25.922134193352743381
-28.952208660943664853 -25.97179368539975286
-27.455831241913507768 -25.618393332796365769
-26.003826441844147155 -24.779390335019609637
-25.016197444672769734 -23.538962680254122972
-24.792136859140697425 -21.892905854921938413
-24.497564776679816134 -20.226410635470831068
-23.559097166867765338 -18.901698832665449146
-21.96518399149416112 -18.412892912546837465
-20.291169575756661914 -18.176162292668362142
-19.290301935413129542 -17.148554276464007984
-18.166982376441936253 -16.462230580427181792
-16.479668508921559322 -16.65443960641166754
-15.516184336150953271 -16.412398075401043229
-15.080719319298577119 -15.624659460927562193
-15.496258981456829673 -14.155328583259368713
-14.576328427558165046 -13.101656479026903668
-14.435879634327417165 -12.360545836336420678
-15.924436397945251898 -11.808587507470342359
-17.537814662011509625 -11.271071140037985714
-19.151192926077754919 -10.733554772605625516
-20.764571190144014423 -10.19603840517326887
-22.377949454210266822 -9.6585220377409104486
-23.991327718276522774 -9.1210056703085502505
-25.604705982342778725 -8.5834893028761936051
