0.86558192118466925624 10.494345690195492793
0.52263310439802268537 11.980090149848772185
-0.64710211061907951802 13.065611771739662927
-0.70315117196951204548 14.322112078473670849
0.015230667816787502034 15.746039637941850131
-0.47544374582720294597 17.116708587162225541
-1.228871582782074201 18.616733706407796234
-2.095845521537636813 19.998426169971637023
-3.326319674220653333 21.10400894243453962
-3.8753017433237175737 22.668078371687784056
-4.9193831811150445787 23.851285464231697375
-6.0580462487585169384 24.902837663479466812
-7.2834495849087019792 25.869407573821924018
-8.496348160609230149 26.685515412920747025
-9.0838796030630213352 27.036589185675104829
-9.9604650432786012715 25.776196714406840016
-10.905090996920835167 24.355359240710118485
-11.849716950563067286 22.934521767013386295
-12.794342904205302958 21.513684293316654106
-13.738968857847538629 20.092846819619914811
-14.683594811489772525 18.672009345923189727
-15.693812095815459884 17.322088299511182896
-16.798245319316691848 17.056895133281809507
-17.563245418839578349 17.591776204875653633
-18.429400918002929899 17.554485889678872468
-19.036218437602109077 18.409722018830319001
-19.562074312709793134 17.347672702484132401
-20.033389417369534158 15.811090633443203757
-20.761419141869531302 15.860631205225669049
-22.000104118640550155 16.916151248709908828
-23.392027728709322787 17.80051381680763356
-24.284685017322555467 17.617345563185217827
-25.24087542694829267 17.833167393722963112
-26.491262359314212915 18.98200115452399217
-27.747449456221772834 20.149043925728673088
-29.003636553129339859 21.316086696933354006
-30.259823650036906884 22.483129468138038476
-31.52599306290385428 23.594335251159090916
-32.952393638834678313 23.789700204826932151
-34.176201355869210374 22.776435829494914742
-35.180915086580341722 21.515073611457317782
-35.905301485544249829 20.456759663227316537
-36.449810161402183439 19.551992901751244602
-36.941565672168010792 18.628246214983171569
-37.251639758392776969 17.298296918160474434
-37.511365885287212052 15.721924170044484725
-36.903487069572641133 14.238504076222588068
-36.926428460226901507 12.839847730975845863
-37.943970225132851226 11.46817004135482776
-38.84219513496726961 9.9715616056487981211
-39.013385264896598414 8.5281220395588466232
-38.879654674108856227 7.1097474608707145194
-38.611886961495130777 5.5438142565644357163
-38.217345523268321017 3.9928682423835688553
-37.730431818954443202 2.5574179166983981304
-37.150339912802706976 1.1930023426350988558
-36.542815662298480106 0.0042567918281424255156
-35.860465025978541576 -1.1364631561287037442
-35.000652062283045041 -2.3670534897545287834
-34.020861000352624615 -3.5637510772916805024
-32.971203372878093774 -4.6621012080541390787
-31.996668276760072303 -4.7812049852131606187
-30.749505157617736728 -3.6527878716570119089
-29.506207007342720061 -2.4932530713323814986
-28.262908857067699842 -1.3337182710077506442
-27.019610706792683175 -0.17418347068312023396
-25.776312556517662955 0.98535132964151017632
-24.451449081573329636 1.8968987342559695541
-22.882472886636868736 2.3461073527246520953
-21.529804706300751604 3.3404888962570300492
-20.921288612898486292 3.2018269555724709896
-20.901343799288397918 1.670200715190960139
-20.510321344094879947 1.6463602457819657143
-19.705710401977402313 2.5886984966909332151
-18.752706038486262941 2.5516911240732071953
-17.693819038411668032 2.3965002987140442414
-16.404475860987542291 2.2971095376197805393
-15.176715058328841934 1.4343387642967975193
-14.21705620307877993 0.023668805317091694274
-13.266162864079301897 -1.3969607515924902241
-12.315269525079822088 -2.8175903085020719274
-11.364376186080344056 -4.2382198654116542968
-10.413482847080864246 -5.6588494223212357781
-9.4597337732921502607 -7.0731283119552763594
-8.6149973240106536565 -7.3684143336970784333
-7.4235264255145150258 -6.5801565137092126179
-6.174110048081267621 -5.6109993306563517024
-4.9788801687635597659 -4.5202047108071710113
-4.0566967112286285158 -3.5441164542796279591
-4.060899348481468607 -2.297368508331798953
-4.0486508292691851807 -1.0615986134137092023
-2.6188277202655121378 -0.87323944054417734772
-1.7653710341438149101 -0.37114408448062086165
-1.3471836857112484687 0.49343320844225102562
-1.7333914577391724698 1.9603481942366400848
-0.73520509735543781993 3.0145624511393243061
-0.19282631450139817164 4.2953169254145322498
-0.5723251584101034517 5.9722223983979469963
-0.643124598750269727 7.6216403193279669281
0.20577987043359161068 9.006947287849429884
