-31.677950233533195501 -6.2878360748291015625
-31.684771795155420193 -6.1576729444673823366
-31.702134487660160289 -6.0282925120495534088
-31.733003501628044063 -5.9011207511313132912
-24.611305225346892911 -2.5871447301702650279
-24.858221527757091707 -1.6315230551255863745
-25.669820857948966619 -1.0179528694000978817
-24.778100511615498647 1.0460388908837128241
-24.293755233898792767 3.2961266904063553085
-24.993995520033426061 4.6257700116014905944
-24.412716241200612899 8.4527414010318349114
-25.222420226515101405 11.008382832849569866
-27.067146904433371901 11.735214184708070206
-28.627597833416402295 13.921361603869303991
-30.897979793663015613 12.980751360206699729
-32.923191070556640625 15.198127235600150442
-34.913337368749921552 12.647127088927732075
-36.38459658800208274 9.996800497542729147
-38.753103410528687789 11.654789234790683849
-40.838373862493952515 11.48995727294086322
-43.432802896155770611 11.915344496514357786
-44.309202779104424508 9.3836682029360787283
-45.982890012535413859 8.2164272329398233552
-48.038449032656352244 7.3220029560292250181
-49.005395883649597977 5.3965663258500811139
-52.070025749305202112 4.7665920377754744663
-50.855171198547282074 1.6959957241519285631
-51.671000929058600093 -0.19630452900706085728
-50.234994345856421205 -2.6080994229231482251
-51.760087208794217872 -4.3079986897349780151
-52.861663685481488528 -6.2878360748291015625
-54.260686314780798511 -8.5304969929953973207
-53.810876181001646046 -10.727648960363922015
-52.824363424479329865 -12.754117820226255731
-50.971857091806647588 -14.323619662000314889
-51.556258107096951449 -17.045640612217809462
-49.263313203394979212 -18.159624878807850479
-48.535819646395196969 -20.345510607457374164
-46.599887606018242536 -21.477343572950534423
-44.936899315911738029 -22.82328974213049122
-43.246062422731789354 -24.167574646466189137
-41.005799553079619102 -24.44167466460049809
-38.582532203973400442 -23.705498411022627891
-37.450765627451552575 -27.588400577622561372
-34.949594104030332176 -25.567779900192949327
-32.923191070556640625 -26.757697481191339506
-30.893497828368367664 -25.599066537358410756
-28.62597384674090506 -26.50467303229921967
-26.774893994101617523 -25.210350179513522306
-24.939239321522062909 -24.220088909770691288
-24.687975289754398034 -20.551650311221091982
-23.856100098418171029 -18.767616622124961623
-22.044384310702895391 -18.369976915263162454
-19.669530700515963417 -18.221489018071405752
-19.149503424328315759 -16.295005435457639464
-14.587735441451343377 -16.873817528027011292
-15.981247102664042359 -13.830876060381552151
-13.772341024613954374 -12.510324302406097274
-14.451382976634786104 -10.214139021126143803
-14.737987269094173115 -8.1991782996158768526
