-35.112167515892394931 -6.3506509068400083251
-33.454083629082475682 -5.9761385911062454568
-31.788692089644957406 -5.6091459179110563227
-30.123300550207453341 -5.2421532447158654122
-28.457909010769935065 -4.8751605715206745018
-26.792517471332431001 -4.5081678983254853676
-25.127125931894923383 -4.1411752251302944572
-23.461734392457419318 -3.7741825519351039908
-21.796342853019918806 -3.4071898787399144126
-20.266300148404592818 -3.0466744825163858401
-20.504405404148293712 -2.7707758772772015377
-22.165519091454420675 -2.5629770067446240311
-23.822753592920818733 -2.2078740410166646235
-24.917948119789254946 -1.1590920256755574691
-25.107309513433246906 0.43482223052444790579
-25.421847432475079387 2.0023897027525840997
-25.031818687921845168 3.6177687386101182732
-24.64310325828529713 5.2834311076072779656
-24.437557306502235122 6.9787279069902892203
-24.813618219495612749 8.6203999637001338385
-25.759358067598817854 9.9272110219071798554
-26.96442853405740081 10.68422607201222263
-28.123793393319928668 11.306208002351091579
-29.801255449020406019 11.267538105869302711
-31.317715469821017393 11.840907497800143844
-32.475958729905350708 12.863817003816354401
-33.836213611356846798 13.116627655092498728
-35.379172244090185018 13.034776382882807155
-36.784746877921207897 13.379716757659146253
-37.955217731220741939 12.829118997870898156
-39.069072235742616783 11.537977768512504895
-40.266871845459334622 10.470032814108165553
-41.629082789405181586 10.728085689377381939
-43.133674350545078369 11.357721193847655883
-44.806950931673384275 11.27013310560577608
-46.320876429166204957 11.072869869291309897
-47.451615252573503767 10.428913562396523673
-48.417789111348518816 9.3291867600936715377
-49.646861550281471409 8.1973222877504490214
-51.163621856706335222 7.3858541723758452946
-52.311179215730561509 6.24095521888003546
-53.27676124624529308 4.9942053753550261774
-53.956922835486253121 3.976020262649800685
-54.4834085416728513 3.0823456350093749734
-54.978163800526303362 2.1311832342687928588
-55.258649922583501279 0.70179610759965449507
-55.40693224457557875 -0.86025442071851687675
-54.746925821915006338 -2.3304635735215604164
-55.028279741863862284 -3.7112063041679697051
-56.059532871625172845 -5.1036540893545501163
-56.943656107514833309 -6.6079794750080740329
-56.944242908666979019 -8.028753943559042483
-56.78914333065546316 -9.4742498758126600933
-56.497511487591289381 -11.047746859705963374
-56.083589377086354943 -12.584646333329008172
-55.58114344740367585 -14.002767073023820288
-54.989832386562035538 -15.34553820887728115
-54.378642407719027574 -16.507231792698057404
-53.668645151268648874 -17.662531960175101631
-52.779678368243871489 -18.899727025533238134
-51.785525437177682306 -20.080618233825767049
-50.660959202723631734 -21.221023819068200567
-49.385052814016319189 -22.318272519497444506
-48.008324956032524256 -23.313023879327861465
-46.597338055986284644 -24.162718892449014163
-45.091285672407074969 -24.647308487195779492
-43.463826566196821943 -24.337057809396242192
-42.424169935695410061 -24.957507822349054294
-41.787838030856363503 -26.036163125413512631
-40.952450108403681384 -26.223537472208874988
-39.918070936086095912 -26.404275903704231609
-38.568652259541536864 -26.287272096104043584
-37.081021984275139403 -26.618999362152464983
-35.577771566930316283 -26.342741671620757415
-34.01818031938984177 -26.327678882498403823
-32.547429117346631244 -26.118630201824480253
-30.996208217576274535 -25.698674483929551116
-29.401219905255054243 -25.121892530693511247
-27.858820634466717081 -24.411010660025326047
-26.432486652475390088 -23.603149755710269631
-25.251159914122958128 -22.808884781644884754
-24.354234127879529126 -22.118766535123640438
-24.179723351318852309 -20.494267791382622335
-24.023876062819567778 -18.739731832586134175
-23.730696156774985894 -17.085940152349916588
-22.650856911859765574 -16.508126584213353993
-20.966722068557224645 -16.786494137986931463
-19.76466344468941827 -16.775505462225005715
-19.36110480249939414 -16.057506030652767492
-19.895933338475977337 -14.68049385913532312
-21.150168077410175016 -13.670437665453746945
-22.693074902786605662 -12.960439228854582439
-24.241274301775121103 -12.255942113102912927
-25.789473700763643649 -11.551444997351248745
-27.337673099752162642 -10.846947881599579233
-28.885872498740685188 -10.14245076584792038
-30.434071897729207734 -9.4379536500962490919
-31.982271296717726727 -8.7334565343445866858
-33.530470695706249273 -8.0289594185929189507
-35.045884978731720594 -7.2987568426517279718
