-44.777121785758502881 -3.7239012718200683594
-44.776414860554432096 -3.584791044834668039
-44.794290462095432304 -3.4463726216235350819
-44.826642328570734719 -3.3101752468471876689
-44.873200993786582558 -3.1777128441084689925
-28.637674802244504235 6.3579545739341600807
-30.589439559362009646 7.5451498044977842738
-31.015164840367305032 9.8585097077616108407
-32.011101229520136258 11.923359542532717015
-34.338252873872974646 12.46470347881493268
-36.14580174994805617 13.517205421939390675
-39.099033902970276699 12.000435891267322575
-41.152790677918375195 11.501920653064155786
-42.514098971063681631 13.146244646283925306
-44.460119248200001607 11.87814934925592425
-46.0999603271484375 13.985964264103568411
-47.718497981931704999 11.675460743333019309
-49.016383211434664702 9.9968004386652236093
-51.096799992920871603 11.654789238639715165
-53.103754788771063033 12.00688591594465926
-56.609572142225275115 14.479279782435597212
-57.48597202856544186 11.947602534288767728
-59.159655499542580515 10.780361518492100004
-61.215218285222135819 9.8859382403467535028
-62.182161333537877113 7.9605011178566620345
-65.246791079755880105 7.3305272722295278243
-64.031936651326830656 4.2599303835035193799
-64.847770185965032397 2.3676303475394027132
-63.411759809515956476 -0.044164603101157329235
-64.936856464729615368 -1.7440639996900142439
-66.038432942073285403 -3.7239012718200683594
-67.437455571372595386 -5.9665621899863641175
-66.987641598596439962 -8.1637152253504758903
-66.001132674587410065 -10.190183514009223842
-64.148622543532667351 -11.759685313746553348
-64.733023492368488405 -14.481705430445508398
-62.440078625557639214 -15.595691533468885481
-61.712588891026271654 -17.781576294569227059
-59.776652996407129592 -18.913409293154550994
-58.113668567527007269 -20.259355419574273327
-56.422831699323197086 -21.603638401398900015
-54.182568806265614114 -21.877738432596348872
-51.759301425124334628 -21.141562189017552242
-50.627534840976622377 -25.024468167953433095
-48.126359663250966037 -23.003845561689619359
-46.0999603271484375 -24.193763155019464506
-44.070268935930378973 -23.035132205260925531
-41.802739182848725363 -23.940740590990330361
-39.951663252873117926 -22.646413946701244413
-37.904468349346828404 -22.131278939791585003
-35.787935575146732958 -21.584851504764564822
-33.440670126580499755 -21.147922936592006948
-31.934015446918316172 -19.456774507809761587
-30.435769788848585193 -17.828002908575346197
-31.578151487989341462 -14.274611204711812107
-27.764503718298794155 -14.309882203026205616
-29.158014461971188069 -11.266941756813748654
-26.949107419275339481 -9.9463899734413239173
-27.628150319659052769 -7.6502051425338084556
-44.537053559315012308 -3.8881693934036989369
