-9.0771521784432067648 -7.3004477990897598261
-9.420100832469746166 -5.8147036499938833387
-10.58983637170781833 -4.729181494139446329
-10.645885381361031463 -3.4726811772226411357
-9.9762618384739472077 -2.1997083386355571477
-10.931460682457618816 -1.9397343760802758794
-12.621291809176426568 -2.1307244759765908704
-14.315991274415679868 -2.3247030719792780573
-16.012406622430287229 -2.5025925943369289328
-17.726995958502879347 -2.510472048628792141
-19.447199266359081804 -2.5259778277787718892
-21.134496500512515382 -2.7748874479333554
-22.576590172237210652 -2.3371278093747527294
-23.978532666798749062 -2.0150762093934400099
-24.612316260695148884 -1.409247842158187991
-24.827616945048664121 0.056886339334726594708
-25.256697732518436084 1.5758886837439651796
-25.295005704816986736 3.2825639248280209515
-25.221704770451417232 4.9908233288354111323
-25.124813337515856659 6.6984141807994443951
-25.027921904580285428 8.4060050327634758816
-24.942496085380309268 10.101937312956561499
-25.482336654882072224 11.162228732125463182
-26.950120326230898371 11.447590531563816896
-28.203345550517745721 11.884828154963997804
-29.296005712146552469 11.897974271853414052
-30.412415816677853542 11.668001296779097586
-31.513350844127216988 10.323131533671940474
-32.695230975617370461 9.3347432860764971707
-34.17119655476003004 9.6860830219623057502
-35.803501925596556532 9.8793810609467396233
-37.503484316227954309 9.8083858694896157715
-38.791679736994325367 9.3339260374624473116
-39.916834696965423745 8.651686399810252226
-40.851069768313337249 7.3241875066892285773
-42.257287373224180271 6.3605408996161303392
-43.673672256908361078 5.4795419930246751505
-44.734286393491586864 4.2341506260983123866
-45.58170502776957278 3.0682026656671190779
-46.181959195932059004 2.1200590190970203253
-46.681003309664085066 1.229582347726598357
-47.167161682753693697 0.16057353743881916386
-47.414126252445136345 -1.4330059848039777837
-47.157894463935747353 -2.954176386562007206
-46.663823633043129746 -4.3933483885129858137
-47.458783263024379551 -5.7478489642193215658
-48.426834299798883876 -7.2001686058727578654
-48.981442978060414362 -8.6912762160885215224
-48.891735479111957829 -10.081772216057679259
-48.681458801083500987 -11.600273693324730573
-48.336370947102523132 -13.17171379263126596
-47.883761460197078463 -14.659651047572701543
-47.340793329454925242 -16.053021218176532159
-46.736911778987263233 -17.322161184549294433
-46.102637153294189432 -18.451706717527564194
-45.318656257811106514 -19.648771122949007406
-44.375639305517708522 -20.878110116595717471
-43.339449371460759153 -22.031624968042656576
-42.147071786245497549 -23.16277409121713049
-40.824275781979068256 -24.22279261122152505
-39.423471135233285167 -25.162710019896309177
-38.008515236348678457 -25.95101491803494298
-36.397625783901247587 -26.018853278879877422
-34.919862391402645585 -25.866424017181227413
-34.197039393860215739 -27.070902097331053682
-33.449603282932429238 -27.596191665678052374
-32.551779538597997998 -27.780010508997531105
-31.396202843694830165 -27.824815991921060032
-29.958243154986760715 -27.995202847752622688
-28.462802396138304317 -28.092732811023182649
-27.254249850249660625 -27.262875924051854781
-27.124869403218703212 -25.715633328517448319
-27.289237727946968448 -24.020348618211620817
-27.453606052675219473 -22.32506390790580042
-27.617974377403488262 -20.62977919759997647
-27.782342702131735734 -18.93449448729415252
-27.946711026859997418 -17.239209776988346334
-28.111079351588251996 -15.543925066682518832
-28.275447676316517231 -13.848640356376696658
-28.439816001044768257 -12.153355646070876261
-28.567721261507163177 -10.475678954017100253
-27.967650569747668499 -9.7270995228445062963
-26.795344939825248787 -10.724238651242750109
-25.642522275250833275 -11.974022769323706683
-24.489699610676435526 -13.223806887404659705
-23.336876946102034225 -14.473591005485616279
-22.184054281527640029 -15.723375123566571077
-21.031231616953224517 -16.973159241647525874
-19.800232596033179533 -18.05171836988090206
-18.31310172569750705 -18.119920836688866217
-17.646201167479230065 -17.015958980730147232
-16.645324397106701753 -16.673554678310782862
-15.040630327349830964 -17.199580933740186595
-13.419756973911409759 -17.748787394966441866
-11.813790924392453263 -18.28450134150351758
-11.507739708244937304 -17.813789733683123018
-11.561105597264262457 -16.663869727433365142
-11.402486356968193348 -15.360670574255436804
-10.264223113682728439 -14.32884638438263103
-10.275894889292818135 -12.823614818688746197
