-26.897837088196560273 23.08293914794921875
-26.727222628378925151 25.187569863963858552
-29.018989571388100757 26.852088430150878651
-27.292217523348178077 29.405627686400222842
-28.67627716232836832 31.130525740046461891
-29.28916787475426986 33.164794993703445414
-31.240932660032164847 34.351988832515061745
-36.070851823905506706 32.699799264514012975
-37.566052150322136072 33.284364558044551075
-39.903556677269847341 32.508264461224129604
-40.727226471386188678 33.517205426733347906
-42.78112844637904999 32.000435877658539141
-44.015964661170301042 31.501920505152813945
-44.611843046940634849 33.149017949866973254
-45.827043293513796129 31.878149323970539797
-46.751453399658203125 33.985964264103571963
-47.654567128730100478 31.675460779250034449
-48.221040984048073597 29.996800595040390647
-49.536612084965014446 31.654789113382882704
-50.724650107920723485 32.006885945593552378
-52.69800828748385868 33.382673517148347742
-53.223658106705109105 31.991163573499250106
-59.81115233019418298 37.58720151234696516
-61.86671136980993424 36.692777216190549439
-62.833658208625244868 34.767340123795769102
-65.89828415226564573 34.137367691998818486
-64.683433520253743154 31.066769890656296127
-65.49925944901191599 29.17447075119891764
-64.063256635901652203 26.762674314670771736
-65.588345720155018626 25.062775608326024468
-66.689929829280316653 23.08293914794921875
-68.08894483336536041 20.840279223229902783
-67.639138496969820835 18.643125246952358509
-66.652621922030121482 16.61665735068229921
-64.800119420908202983 15.047155560778005423
-65.384516549231364024 12.325134485385415672
-63.091575528018303487 11.211149384132388818
-62.364081975496759469 9.0252646153209461488
-60.428149924698729478 7.8934306867702890287
-58.765161640036772894 6.5474850001950137823
-57.074324771832962711 5.2032020183703870941
-54.834061881045911946 4.9291010345095287448
-52.410798021462667862 5.6652781362427369061
-51.279027943633096243 1.7823739271537881734
-48.777856433131894676 3.8029953225853709853
-46.751453399658203125 2.6130779800055599082
-44.721765714710983275 3.7717087027415807654
-42.454236180704427284 2.8661014741899215608
-40.603156325382883551 4.1604264730680426965
-38.555961424503408352 4.6755605251249505727
-36.439428647656498583 5.221988915004722287
-34.09216319909026538 5.658917483177280161
-32.585512471318040184 7.3500653115935161708
-31.08726480196425257 8.9788379510951692453
-32.229644583741603014 12.532229659904073671
-28.415996802907702801 12.496957718949596838
-29.809509431765604859 15.539899162396768162
-27.600602399420143485 16.860450922283650499
-28.279643392168818394 19.15663527723548043
-28.566248653914144029 21.171597787470929575
