-18.081234381287380586 13.462602615356445313
-17.910625643515643901 15.567233331371085114
-20.77087972929417603 17.110917431289763613
-24.41575647516779668 17.855222125212026896
-25.195730224596879054 19.134424391113721953
-24.85822150615290127 21.012397805892355507
-25.669821033337186122 22.373667829173502497
-24.778100444384477896 25.308994899036992621
-24.293755112684877417 28.612580991817857523
-26.173145145894373798 29.651208795828821962
-27.347568567252409366 31.800314999982994379
-30.022541640505398419 31.23394688330935054
-32.078812278085216292 31.485650977102029202
-33.639255300717628927 33.671799287763747088
-35.999300167566254061 31.878149366466864478
-37.934852302341418806 33.985964264103536436
-39.849101881920667267 31.675460731802488112
-41.449305614190805613 29.996800430274582538
-43.840570571759528207 31.638519561471312613
-45.850039216296039513 31.24039691254264639
-48.444464279895655068 31.665783270878215205
-49.320868137604264803 29.134107836434317562
-50.994555322445322076 27.966863093011834707
-53.050114368842613999 27.072442608831764232
-54.017053610354928139 25.1470035691980911
-57.081683252146916629 24.51703133357788289
-55.866832732399899442 21.446433331769853226
-56.682662456093751757 19.554132336047906904
-55.246655899952187951 17.142339390159953894
-56.771744922802156452 15.442439054728477998
-57.873325215022504153 13.462602615356445313
-59.272344023559980997 11.219941639489695362
-58.822537686242924337 9.0227886618260377816
-57.836024930683116452 6.9963203212975244583
-55.983518631179151726 5.426818573429960324
-56.567915669577473636 2.7047975756483264576
-54.274970885492336947 1.5908123357946788445
-53.547484986708866472 -0.59507207809274476062
-51.611552941138086226 -1.7269057254402984114
-49.948564652685227827 -3.0728517726241690866
-48.257723876564895704 -4.4171348078977210605
-46.017464897317900352 -4.6912359744149512153
-43.594197512770819003 -3.9550583018410385705
-42.462430937236447903 -7.8379638021089377276
-39.961259452832948114 -5.8173426400391470281
-37.934856414794921875 -7.0072587910057926308
-35.905165020689914002 -5.8486292714552980954
-33.637631330563408483 -6.7542362003572264939
-31.786559340519598749 -5.459910059524730741
-29.7393606024869257 -4.9447764743069519966
-27.622827762046256339 -4.3983478063258054647
-25.275562216334463983 -3.9614191547349371092
-24.216669379505827209 -1.7729895981491594625
-24.198705317844861895 1.0945194001935814043
-24.50465941057785102 3.7049945075253063465
-19.599395953513187862 2.876621034253206588
-20.992906780823204826 5.9195620272633826531
-18.784005415512574189 7.2401139099123366094
-19.463048310055466317 9.536298766277909067
-19.749651660551460708 11.551260382070266175
