-42.296931878186086351 -4.5865073204040527344
-42.296702794196200159 -4.4251041515916167413
-42.304981637706369213 -4.2618548514542986538
-24.561895636578782387 1.6748425469003098698
-25.757175443444346286 3.4610802168412551083
-26.370066157976246757 5.4953480455856258402
-28.32183280623968713 6.6825432544492713305
-28.747558117887656692 8.9959036733377626405
-29.743496512817930721 11.06075359405444658
-32.070644231294849646 11.602097430230948305
-33.245067831874337116 13.751205645068907302
-36.447369147343465556 12.000435881588007447
-38.604904759090771904 11.50192064524911828
-40.063136875833883721 13.146244640209182819
-42.101843032352860519 11.878149365162446571
-43.8323516845703125 13.985964264103568411
-45.541549598046628944 11.67546072615078856
-46.9321278537982991 9.9968004682383053705
-49.109464978891786302 11.654789176564140263
-51.220205976894483513 12.006885949472291486
-54.206862133548803229 13.382673555420069533
-55.21836338598731686 11.084996485704783353
-56.892050620827689045 9.9177555156792838176
-58.947609642644010819 9.0233321917627691278
-59.914556496287964649 7.0978946053309179831
-62.979182458949225065 6.4679207090990846751
-61.764331811739268119 3.3973243612132044689
-62.580161545400635248 1.5050247695949794391
-61.144154966844439514 -0.90677040328659819224
-62.669244010318308824 -2.6066699563147031071
-63.770824299495160403 -4.5865073204040527344
-65.169843114671195394 -6.8291677562719694805
-64.720036775315236355 -9.0263217291319346458
-63.733524044976718415 -11.052788569009210917
-61.881017707975480846 -12.622291379571848324
-62.465414849790370511 -15.344311479029492773
-60.172473815169531974 -16.458296604301843047
-59.444980248448146654 -18.644182343153211434
-57.509048214821376632 -19.776015300054233137
-55.846059924948882269 -21.121961468158257702
-54.155223030078929014 -22.466246372727223246
-51.914960168228560633 -22.740346386507152232
-49.491696259120267598 -22.004166440115835002
-48.359926232851876193 -25.887072301865494239
-45.858754719565446578 -23.86645162244515106
-43.8323516845703125 -25.056369203603448881
-41.802663998179625082 -23.897738242297133837
-39.535134463995881049 -24.803344755400289046
-37.68405461320126193 -23.509018088880900166
-35.636859712062332051 -22.993886898081072445
-33.52032695833892717 -22.447459475575680443
-31.173061484002374755 -22.010528985175991323
-29.66641074235112896 -20.319380667425875231
-28.168163099659665249 -18.690609008292561555
-29.310544731698200849 -15.137216270632602999
-25.496895075720669155 -15.172488251610189991
-26.890407703790284444 -12.129547753848029856
-42.135608813484502377 -5.1378124150233208667
-42.082993561161913476 -4.9583448948332593531
-42.031927570419867379 -4.7757394961644932252
