-19.918911383240505586 -14.316310882568359375
-19.748296923563049887 -12.211680165219991778
-22.040065722056265685 -10.547159936362366039
-20.313291822587164148 -7.9936223312063514612
-21.697351448297819587 -6.2687228803412846645
-22.310242173701407609 -4.2344550300536045739
-24.26200878439848907 -3.0472601133035617238
-24.778100463928304009 -0.8152715844987810101
-25.68366669285351378 1.3309500538104526157
-28.010816426120737077 1.8722939868337000746
-29.185243926017804483 4.0214021314087347037
-31.86021288173381194 3.4550328913264678476
-33.916481613876861445 3.7067398514167102519
-35.476928611744746433 5.8928862929845067242
-37.747316358829102967 4.9522765462684539273
-39.772525787353515625 7.1696529046980508326
-41.776431792497646711 4.7495879402630549748
-43.398687990483878707 2.7434421524012506666
-45.678239975453742261 3.8596084376157229201
-47.687712312847352791 3.4614829781649518736
-50.282141562928707401 3.8868700875089920999
-51.158541226733078133 1.3551930985007949459
-52.832220961178009588 0.18795202566520607945
-54.887783741904456747 -0.70647094925660347542
-55.854726793055306189 -2.6319087303637349606
-58.919360455216349237 -3.2618825126905548473
-57.704509720799762817 -6.3324787052023499001
-58.52033183670722849 -8.2247792793186622617
-57.084325272510781701 -10.636574107764850794
-58.60941810785032402 -12.336474422191553657
-59.711002216975629153 -14.316310882568359375
-61.110017221060680015 -16.558970807287675342
-60.660207058801518087 -18.756124836098766906
-59.673694309725433982 -20.782592679835278915
-57.821195619934790955 -22.3520954309740425
-58.405592823893826449 -25.074115419957067274
-56.112644083523605332 -26.188101624136216117
-55.164230034109088763 -28.175062250527247443
-51.937251726171325572 -27.826611601538051133
-49.609037482341236114 -27.855113888711830583
-47.706999818051883722 -28.059229675164864659
-45.590161561553827596 -27.382930243655444258
-44.479001373002148512 -28.801356014100342406
-44.300100378701813497 -35.616873470689895953
-41.798928820827207176 -33.596254707932203587
-39.772525787353515625 -34.786172288930600871
-37.742834397578931771 -33.627541339323769876
-35.475304613882030935 -34.533145904003546889
-33.624228713804761526 -33.238823080848447944
-31.577031894283820179 -32.723689977525381778
-29.460502980893366498 -32.177260660726389574
-27.113233496338022377 -31.740330030125356586
-25.606580948760438332 -30.049185586559694627
-24.198705319086492693 -28.339038707607809187
-26.658532787088546456 -23.844184477277785561
-23.98505047629622311 -23.431215386915198451
-26.328962495815257938 -20.301770908381438829
-24.870280516716753993 -19.158344095612520164
-25.84329160302509365 -17.277061408333221237
-21.587322947171443843 -16.227652226047844408
