-29.773704931824489961 -9.647052764892578125
-29.60309047286696682 -7.5424206101830151283
-31.894859276995976671 -5.8779013119480918448
-30.168087277552491088 -3.3243637396704208697
-31.552145003167876069 -1.599464629337465027
-32.165037626258992987 0.43480323078807359138
-34.116804262917341362 1.6219982738780842624
-34.542527669163689552 3.9353589358422489397
-35.538467991395599199 6.0002086376700258796
-37.865615697590932598 6.5415529395850313676
-39.040039285812753178 8.690659716742253238
-41.715012113684878159 8.1242905149441710932
-43.771278984511496901 8.3759974946445936439
-45.33172597822942862 10.562144888178355728
-47.602117415749276574 9.6215356048948237344
-49.627323150634765625 11.838910545536673879
-51.63122550159823021 9.4188469947421999962
-53.253485366173485716 7.412700744276712328
-55.533037332507866779 8.5288660804776590396
-57.542505942572077515 8.1307405828773866574
-60.136934976233895611 8.5561278064508812236
-61.01333486631332903 6.0244519845289463689
-62.687018328750305329 4.8572104971051803801
-64.742581102669447546 3.9627874692369893239
-65.709524157024205238 2.0373496247841522688
-68.774153896438619427 1.4073759399527894232
-67.559303281912107764 -1.6632204964564571981
-68.375129202002199236 -3.5555206910033225753
-66.939126442672971962 -5.9673154764790208304
-68.464215479008359466 -7.667214948946956099
-69.565791950862347903 -9.647052764892578125
-70.964814577129374129 -11.88971371190909565
-70.515008261079771046 -14.086865650427398577
-69.528491673006683982 -16.113334562159497665
-67.675989167574442718 -17.682835408070626926
-68.260386300207926524 -20.404857427456381203
-65.967441455761331781 -21.518841586784272835
-65.239951726473321969 -23.704727297520850726
-63.304015825103995496 -24.83656030469831677
-61.641031395989863029 -26.182506432193967782
-59.950194529476064531 -27.526789413785323291
-57.709931633157744102 -27.800891354663974653
-55.286664236797044225 -27.064713209091383561
-53.791425791721763972 -29.237612446489311679
-51.439576730450845332 -26.889505743276426841
-49.627323150634765625 -27.969861406362237943
-47.811781215616548479 -26.920792374783474088
-45.693573949005411805 -28.15388488439011283
-43.479026077086011526 -28.569564963172670247
-41.431831176803378014 -28.054431865143222069
-39.315298392190484833 -27.508002517280289112
-36.968032932638010379 -27.07107394016458457
-35.461382194536568591 -25.379925622580522315
-33.963132599551606461 -23.751153910613396647
-35.105516221005153454 -20.197761270274533274
-31.291866553884265301 -20.233034193892201813
-32.685377324119784248 -17.190091906211677042
-30.476472150396705985 -15.869540990558146376
-31.155513153962978379 -13.573355732824818887
-31.442116490829317144 -11.558395015177564957
