-15.845304302081276049 -6.1756291096220161663
-16.026821068806668791 -4.8098059589258959079
-17.041199412502145094 -3.8236023176192772688
-18.3540158332934773 -3.1116608374547900517
-19.833702705194774296 -2.7522821422574001993
-21.34310664558890025 -2.4700647929276242643
-22.850117582896054103 -2.3001061984330464227
-24.305337252064429521 -2.1681899815158067746
-24.981998799063394046 -1.4226207316564807304
-25.240211782238084481 -0.1131783939090512392
-25.365414873304231946 1.214087484357325275
-24.930295713362554011 2.6367824448370194013
-24.589753531984271717 4.1252552733115948058
-24.427859938167735265 5.6438008674043125268
-24.717058523671646242 7.1414156590826696203
-25.01220653781781067 8.640370489062410897
-25.148304378282514193 10.079458310358546669
-25.914605671302464174 10.535344944287405866
-26.883313171682864606 11.048283608132447142
-28.35988838473513951 10.991599451243923014
-29.7761027428000844 11.350906222575352089
-30.802840794434537486 12.392800364836224603
-31.932800439581548346 12.754863007148870224
-33.24268356096143151 12.691260044475919599
-34.536677327072069943 13.049313063520930456
-35.709772895937959447 13.123349173474814222
-36.729446103192678663 12.830232694472821109
-37.722051304826408114 11.68698956889104501
-38.77942915455710704 10.632520468698642091
-39.975916716221298941 10.418736195512725118
-41.317851770432312719 11.009522920829612147
-42.766635710728643005 11.082441049934137922
-44.267898188885233424 11.027354238406838149
-45.423041840387895718 10.631109409645461028
-46.41051401720365277 10.048234390471392885
-47.226078029069505249 8.9853527556997629944
-48.320349990114436878 7.9920505960200909357
-49.656348507566278272 7.2651898571604274224
-50.756159272274892658 6.3503102724747648722
-51.673673020637387765 5.2304610283329981968
-52.38709948913444947 4.2300501513345505344
-52.915329176618513429 3.3950610253587019116
-53.35909017193642967 2.6144227353470412822
-53.799171285910801998 1.7484203012025343327
-54.013747166199593153 0.44431654949875659666
-54.218842466164339555 -0.94067881666289177023
-53.645290596544541017 -2.2482842630141539608
-53.497663799954644048 -3.4946113296075376198
-54.352724405475704827 -4.6852734155108510805
-55.191669462979717764 -5.9768334351110166125
-55.750058816448387233 -7.2995685283535260979
-55.686295307266789223 -8.5272993508734362678
-55.536593835956011844 -9.8210911894878609729
-55.278737699106216041 -11.213118511926511545
-54.923866532440186461 -12.580687718312756118
-54.499141335210012471 -13.850811495898271986
-53.999164242715337991 -15.070097506994542869
-53.465712301301607567 -16.167138261133530364
-52.908002457292916176 -17.160493316646199702
-52.235668356161340853 -18.206743716128492849
-51.427165728760812158 -19.301114721840100685
-50.546596540597121816 -20.337463363117102233
-49.562892961876741538 -21.344812922491662732
-48.456635045290596508 -22.325114414508085758
-47.263701619472598736 -23.233220547658472555
-46.020893546743465663 -24.040569331340250869
-44.771400290514677067 -24.728661791785551571
-43.357403497189288544 -24.841150424695189969
-41.967403710497166003 -24.568461389780885895
-41.144416764046397361 -25.289848155704188315
-40.596805207930103165 -26.281558583761196246
-39.872128489412688168 -26.448146363479580145
-39.007444871268120323 -26.610291652643965676
-37.917720734481044076 -26.508561902783792874
-36.635199655312085554 -26.813073199701783267
-35.315790451018919782 -26.871787812626195091
-33.97962925003182022 -26.479621531801612377
-32.59372851334570953 -26.625254423073787535
-31.309477702154822509 -26.376382626522740793
-29.945163163276369289 -26.014292226462274016
-28.533764932863942221 -25.52762015091132497
-27.155867775695401889 -24.93381470128857913
-25.851958857337244524 -24.25299415178993101
-24.654238131702406633 -23.513411708919957022
-24.16031801612110641 -22.204930194056291981
-24.166758622258260658 -20.704479890734106107
-23.860118040969418018 -19.30133087449839735
-23.194810142346991455 -17.979852091555166282
-22.671595431313541269 -16.739508159922305452
-21.495097046571412847 -16.580404984190909801
-20.005656699389305686 -16.900415345700046998
-18.604639497704482665 -17.166459436686643869
-18.304346699965680756 -16.648552331876771859
-18.219566055819594652 -15.711137941114539984
-18.412661038169844119 -14.460797413851192772
-17.433629018486733742 -13.560631563752439277
-16.871815020599093771 -12.463794546412664488
-17.193819489784189614 -11.000776655718047081
-17.421546881541498664 -9.5072122416837903103
-17.001299825424535328 -8.1865424005365081683
