-26.571509491467281805 1.5583702621726194248
-26.753026785199875093 2.9241933376170901049
-27.756303098712361788 3.9149855665533292992
-28.353031836576530367 4.9228866495885448273
-27.720665080440657135 6.1582015233911624463
-27.563672955211622195 7.3492962640854306855
-28.11083796195591944 8.6149524928311027594
-28.734169817327583019 9.944617668717187442
-29.522284824627785582 10.561835276488595881
-30.794485799826382788 10.005770337966472638
-32.126512461010612753 9.3056576852879562267
-33.458539122194842719 8.6055450326094380387
-34.790565783379072684 7.9054323799309242915
-36.122592444563309755 7.2053197272524078798
-37.454619105747532615 6.5052070745738932445
-38.786645766931769685 5.8050944218953759446
-40.118672428115999651 5.1049817692168613092
-41.439794404736751687 4.509709046025244028
-42.694735943658102428 4.9109518244911223306
-43.404423454662939719 6.0935900157692941548
-43.073215536778477031 7.4934857121726725637
-42.57736141588924994 8.9318740479737872562
-42.08150729500002285 10.370262383774900172
-41.847436704249645345 11.554927682063135919
-42.722032345095520611 11.808658483827350949
-43.661232425141861313 12.53521149281101188
-44.631257823252639128 12.49331887232175653
-45.590183841049267244 12.52441832455514259
-46.331502362880534918 13.434726621211559916
-47.026286452358199597 12.864244318259256517
-47.705848986589110439 11.487294860609306824
-48.441631140085057439 10.492385688578520941
-49.433884013690452264 11.033108410273753108
-50.72619940392943505 11.817841223063934919
-52.135402419498994675 12.441895759838185853
-53.43890841206903275 13.236045363509989059
-54.670433593769601543 14.109258927380050608
-55.869372035814379274 15.016292326480119357
-57.068541873732293368 15.900502107034528265
-58.289006137452361145 16.117870679970351944
-59.56831669047249278 15.412295561344462769
-60.904246167195807971 14.71244643595327517
-61.86010426890105407 13.643133898234641066
-62.717189307990949487 12.535479729559339646
-63.338678144482251753 11.618893900687549348
-63.824552008489838784 10.816918686817453832
-64.258054200982442694 10.020746860539041734
-64.638826797531876878 9.0242490879020085259
-64.892414293006694948 7.616090070825615399
-64.779484492669013207 6.2634168795395073204
-64.17000151748437986 4.9767117678050931673
-64.50811260532158542 3.7653032783029845021
-65.437113520726612137 2.5469436485801630887
-66.223694509769273964 1.2221412133894546947
-66.459430203724522812 -0.065514674330852340489
-66.365098627112885765 -1.2901846313543274825
-66.171982300230368423 -2.6432884484121292878
-65.873870229825314482 -4.0320119264843139462
-65.487157226009642841 -5.36802850710078161
-65.035039368742786792 -6.6083777807078307731
-64.511793805285151393 -7.795979058990363697
-63.976415245328311698 -8.8328644657759536329
-63.382972460325547104 -9.8343923287109831222
-62.651985734109167936 -10.910807414228266055
-61.808268631891870371 -11.990431347351160341
-60.895422258704527962 -13.00682915433985265
-59.859371248407029498 -14.00907745626562928
-58.714364401923205605 -14.964684951224363374
-57.494820713688007174 -15.836610208031522973
-56.249719601155987903 -16.594448063877862865
-54.976922133046876695 -17.193080442765275251
-53.498670043563507193 -16.969150505309251287
-52.275544165381553796 -16.959205613278452773
-51.687368136690068354 -18.113423025096611951
-51.036440212458316523 -18.616829334756925363
-50.276339472355978444 -18.779133403242042277
-49.337733529197464577 -18.937488627235495642
-48.14202463222260775 -18.776210892708792954
-46.830599924191460559 -19.139540954056556643
-45.50955710209252203 -19.051977734223076055
-44.157649571259881327 -18.707697312779529852
-42.806287142835500958 -18.802164562245621937
-41.503195512071506812 -18.513303231710651175
-40.11124471661499058 -18.083454899364703294
-38.703714147367350051 -17.568613754057686549
-37.34562527469757498 -16.934446524047462646
-36.078139191136045838 -16.224345491299889233
-34.931276614417051007 -15.470797568296948299
-33.827092169381472786 -14.630832436987587286
-32.751183571250237492 -13.685620123679337112
-31.810889393873800657 -12.736556108925386255
-31.221396732343567493 -11.997441528678523426
-31.642371196343656692 -10.586229097154079781
-31.255468367227965842 -9.7737312916626084558
-29.851384749744461544 -9.7128032893781206525
-29.199242501471253775 -9.2098745321611481529
-28.792753857287518571 -8.4772301492455053307
-29.196611555953030148 -7.1862195930588352866
-28.629985566253363771 -6.1649952621650978557
-27.666982558762430955 -5.2306517758049748679
