-0.18386713111309660462 9.7702665328979492188
-0.013253204594509071512 11.874898208129369692
-2.3050212993316918642 13.539418418856783433
-0.57825306945798260472 16.092955097170964507
-1.9623073345804193934 17.817854076311970601
-2.5751991165835121933 19.852121417432947226
-4.5269643642810333262 21.039317145298465306
-4.9526901123841167163 23.352677035250898996
-5.9486280005035325757 25.417527885407697141
-8.2757776695210178985 25.958871760454254485
-14.987432249923369199 18.517205170391406455
-16.818402111998427273 17.000435992811198105
-17.850234192007942369 16.501920817365380856
-18.257114165542134288 18.146244626127554511
-19.290413211395431858 16.878149381607066459
-20.037478300628439598 18.985964264103159849
-20.763248391137107518 16.675460722776513478
-21.148417764701211041 14.99680038520544656
-22.27439755382244968 16.654789071305216908
-23.25943086268470239 17.006885833198044367
-25.009855542762355896 18.3826737662685602
-31.423496831228447945 25.44177081066312951
-33.097182182727820532 24.274529817781292707
-35.152741162931590679 23.38010557986032012
-36.119688031046557342 21.454668453131695571
-39.184317876458749197 20.824693960768723144
-37.96946334835433845 17.75409820136837169
-38.785293076765825049 15.861798144202534644
-37.349286528016833131 13.450004201014081673
-38.874379354673450848 11.75010390748968625
-39.975955830256879153 9.7702665328979492188
-41.374978458040047258 7.5276056003065434652
-40.925168307060481254 5.330452605634316221
-39.938655560827967861 3.3039847615659141411
-38.086149238803827188 1.7344833083448261135
-38.67055020204638538 -0.98753850802436993206
-36.377605339423993769 -2.1015227599563122141
-35.650111736131925966 -4.2874085376941000192
-33.714179727646083506 -5.4192409860656365339
-32.051193368035761466 -6.7651871344034404387
-24.557841147486929145 1.9407702135326356796
-23.22229127631915091 2.6170697766362351899
-21.878737991031183441 4.1034692658770435258
-21.952160201311652798 0.76238719760794282365
-20.737451490851054103 3.110494289276000579
-20.037479030831470084 2.0301385936379059416
-19.334221629909183804 3.0792075771177778165
-18.353150010331876985 1.8461151910015090039
-17.707272793439770453 2.5986174009353364411
-16.739789718070401392 2.3635292829053762276
-15.527964632103142151 1.9595574539945355141
-7.3781949046839070405 -7.6537546423740572266
-5.871542197576991029 -5.9626062692739267845
-4.3732950727281121317 -4.3338351166406354764
-5.5156763300065616562 -0.78044251030059719199
-1.7020280526943096788 -0.81571531957183296413
-3.0955396333808877785 2.2272268413800109244
-0.88663793962410863969 3.5477782995866746774
-1.5656751746522168389 5.8439626628603100755
-16.86783518831466111 9.4371128197610030242
