-24.702162191956325898 -5.64804840087890625
-24.531547732638834702 -3.5434169648499405092
-26.830490068064570153 -1.8804217881656009048
-25.096542625897537704 0.67463995503291496192
-26.480602262292002536 2.3995391363664015927
-27.093494888075724703 4.4338069718712986855
-29.045259615700544487 5.6210026378917561374
-29.470984933195282451 7.9343621120941438818
-30.466923344178802324 9.9992130016836977546
-32.794071050258324362 10.540556826677399016
-33.968498621316498998 12.689664177764196751
-36.698166442772119922 12.000435892139989846
-38.983414365404179591 11.501920672811742463
-40.560932182829908754 13.146244683148903931
-42.713701256630699277 11.878149350065044132
-44.55577850341796875 13.985964264103568411
-46.376552323530866317 11.675460744405867786
-47.881190449007519305 9.9968004155674439204
-50.17781632128314584 11.654789307576354673
-52.416262319467143982 12.006885959888030868
-55.065390329017098736 12.555132170464553099
-55.941790211965752633 10.023455876886274041
-57.615477445396741984 8.8562149068900186677
-59.671036465517680369 7.9617906299794203306
-60.637983316510926102 6.0363539998002764264
-63.702613193052272322 5.40637945445244128
-62.487758630586924369 2.3357832807383509532
-63.303588361479427249 0.44348304199073140808
-61.867585574439758034 -1.9683116597013450289
-63.392674640342747239 -3.6682112417129211224
-64.494251118342816653 -5.64804840087890625
-65.893273747642126636 -7.8907093190452020082
-65.443467426593201708 -10.087862249342240517
-64.45695085734065799 -12.114330146276060418
-62.604444524667975713 -13.683831988050119577
-63.188845508664506667 -16.405853946144336675
-60.895900636256307337 -17.519837204857655166
-60.168407079256525094 -19.705722933507178851
-58.232475038879570661 -20.83755589900033911
-56.569486748773066154 -22.183502068180295907
-54.878649855593117479 -23.527786972515993824
-52.638386985940947227 -23.801886990650302778
-50.215123160663317492 -23.065710831581416329
-49.0833530603128807 -26.948612903672366059
-46.582181536891660301 -24.927992226242754015
-44.55577850341796875 -26.117909807241144193
-42.5260908184707489 -24.959278846086544235
-40.258561279602233185 -25.864885358349024358
-38.407485223771047345 -24.570562499750788987
-36.360286529586581139 -24.055427501129550194
-34.2437576747122705 -23.509000127034379801
-31.896488285421213504 -23.072069576150912695
-30.389837547319771716 -21.38092125856685044
-28.891589905724018195 -19.752149597732955755
-40.12016206432702603 -8.8707118281857795239
-39.804320509276891471 -8.3913046790665539731
-39.540154883314663437 -7.8811480729483909258
-39.330636272711345214 -7.3457999006736516279
-39.178137931273653294 -6.7911011414470419112
-26.370573749174507583 -7.5593906341650853875
