-40.639479169770062583 -4.6816570528353800285
-39.143057565005079823 -4.1538334061482915516
-37.623197037964651201 -3.6478020820523120449
-36.103336510924229685 -3.1417707579563325382
-34.583475983883793958 -2.6357394338603534756
-33.063615456843372442 -2.1297081097643739689
-31.543754929802950926 -1.6236767856683944622
-30.023894402762522304 -1.1176454615724149555
-28.504033875722093683 -0.61161413747643555983
-26.984173348681668614 -0.10558281338045617803
-25.499778228775060285 0.41876827319156550988
-24.868642835810142344 1.3856406937146024116
-25.086421675897732086 2.9217260956271213779
-25.084456374412930302 4.4824206913982997946
-25.929415908337809071 5.6193474032229140391
-26.898045475050796682 6.7798919467228113689
-27.442526421177632301 8.2211785242490549308
-28.477638910974981457 9.2986492500408992612
-29.555528340404386256 10.266875831423300625
-30.721611971041056677 11.169543961358794348
-31.896643779488364601 11.950511887028167024
-32.980265209197611398 12.571084611063330527
-34.299258191789228079 12.665494987129807924
-35.813484671304948392 12.057203834364244699
-37.187121479272491342 11.940974624793406988
-38.359093074815618252 12.724375141178422055
-39.671067274758293308 12.452858351943046245
-40.933100196067201182 12.430672652543819368
-42.004625633903820869 13.408194659000223226
-43.009701058388991157 13.120345321657612914
-43.991685634047726694 11.880849602601390558
-45.027689879996472655 10.699843728359264006
-46.208482138789591431 10.53209668314956815
-47.553673355869726436 11.373050863765874041
-49.101936207398843237 11.86895055376297492
-50.679237661098895273 12.285790394216599353
-51.974536251424069633 12.458214120295728833
-52.934460687897811226 11.897650029914938585
-53.820050465968236608 10.818610931182320201
-54.982075732380650379 9.7562146969636618365
-56.409911621891147604 8.988554578796922101
-57.532770466373150953 7.9589261917375218047
-58.481394041228767833 6.7676291818731328931
-59.17640409496900844 5.7599511452054805716
-59.701651750163335919 4.8993411690359831567
-60.164581532379585838 4.0490435091513816701
-60.53150586103495101 2.9399400620940308038
-60.827063199851693298 1.4412358746136419985
-60.520230785524141481 0.01573797780640367322
-60.033994826494968322 -1.3396047465146165845
-60.74557616233040136 -2.6133102507055796515
-61.680313816899811741 -3.9645738709049780368
-62.370644584094165452 -5.3805349997156062258
-62.307812822205576708 -6.6973216855786503743
-62.147881066532619343 -8.0772944030910078794
-61.865780285661870153 -9.5610434498985412688
-61.475647386913294667 -11.009184922789568617
-61.008232037282468241 -12.347138077205892515
-60.457596707769148736 -13.626732435219878425
-59.886535625643617209 -14.743821025369239663
-59.252880341259974273 -15.812964560275636572
-58.463117618741186732 -16.964848013548881056
-57.55410902925387262 -18.106509620055362575
-56.557398385939414709 -19.185766610332024129
-55.417448175845464675 -20.246601184729151157
-54.166579749890708229 -21.238827205257326369
-52.847155312523568682 -22.124054316099911688
-51.515929264669779286 -22.873942278614695311
-50.025097941424803594 -23.057359511822397735
-48.550525394684768798 -22.787873620625372695
-47.714673267828565884 -23.634772654833245298
-47.094788175818322884 -24.520791867422435217
-46.305464709293957526 -24.695755559220682329
-45.331186163229155284 -24.866201412543865956
-44.07596612206406661 -24.719172003838913554
-42.678845607158514497 -25.08386962819941246
-41.268559663849863739 -24.935894719661522601
-39.817613892273683973 -24.687869250912310548
-38.400372894326764595 -24.687735138941846458
-36.98314622870390167 -24.346312982847301498
-35.486020208498018746 -23.843315660581119175
-34.000530885750819721 -23.249496599576332301
-32.588467671863384112 -22.529451674330935873
-31.308523926654530101 -21.746990467140541625
-30.123595447574462725 -20.896231253120280513
-28.959184276903194188 -19.921123917508914758
-27.898486900623346685 -18.888166148818978485
-27.167449414072109448 -18.078401104211494044
-27.502639246938834106 -16.66317740812038295
-27.175563857093148812 -15.733249998683117354
-25.693280562288226321 -15.656876581821235206
-25.052082125482332486 -15.085829862027729575
-24.692351448910553557 -14.242625353962459656
-25.4775849244089585 -12.880555782817781463
-26.757262669370987851 -12.025301581535154938
-28.219510553149728338 -11.357476387482680735
-29.682405848768226519 -10.690315835299818659
-31.145301144386735359 -10.023155283116954806
-32.608196440005244199 -9.3559947309340909527
-34.071091735623745933 -8.6888341787512288761
