19.497953011901095977 -0.63533538579940795898
19.35592060516507118 1.4364364287838813361
17.15943149490711761 3.0876140612193117008
19.103563028595306861 5.6873536050035706779
17.719503411504039292 7.4122520768337256669
17.106622238771389988 9.4465199002550299667
15.154847027339265253 10.633714609066091228
14.729125504970303595 12.947075541430001167
10.265921860481675765 11.161141270167064476
8.0793830461672122567 10.974512971106776149
7.5564050200275891811 13.068772408157091292
6.0506558938004255666 13.753514297467706484
5.5003769867242260361 17.387716265810265526
3.9399269282134739001 19.573860783636792604
1.6695430649699032344 18.633251515399319231
-0.35566893219947814941 20.850630249210990286
-2.3595775358477113492 18.430562912520297658
-3.9818299320421925991 16.424416606597368684
-6.2613850484772433092 17.540584850736710365
-8.2708518157141064364 17.142458378236767658
-10.865280820371207682 17.567846571943711353
-11.741680720291855167 15.036168362689405598
-13.415366074025605769 13.868927369510409164
-15.252362006761870816 12.777705726335650382
-14.901861187657129193 9.9330896645501471909
-16.826323765174187486 8.8740008851724319072
-14.661071785093408693 5.7338416645676177907
-14.726676448255172858 4.0340893932713877135
-12.748849342578170152 1.9989163487722820811
-13.946454244406345069 0.79311366932744742364
-14.938472614924846127 -0.63533443613190387911
-16.542457979970365045 -2.3366347424196831639
-21.243354118358944049 -5.0751493490313928092
-20.256835634271229907 -7.101616773092516155
-18.404335045101095858 -8.6711195043708695351
-18.988732155270689361 -11.3931406123600798
-16.695789233896675796 -12.507125698061797081
-15.968296610795178481 -14.693010491492486835
-14.032363621795051145 -15.824843445505857531
-12.369377262647248017 -17.170789592677117241
-10.678540395112909422 -18.515072574214023859
-8.4382775049285019264 -18.789174511656831612
-6.0150118761560893432 -18.052996411591276882
-4.8832420243300269647 -21.935900451319376714
-2.3820745970662646762 -19.915279756078380302
-0.35566893219947814941 -21.105197328603448881
1.674025035211802237 -19.946566386855270281
3.9415509021783350363 -20.852172863266972058
5.7926299515830264042 -19.557848123025760145
7.8398229501787852769 -19.042715023402863039
9.9563606074579560357 -18.496285615595688512
12.303626180543657753 -18.059356940738584996
13.810273884993170768 -16.368208741074216306
7.4163822119842039982 -7.6333196891276422491
4.389523693909041846 -4.0829188897815757997
7.0611018382110684044 -4.9174072675399189691
4.8869651075362074977 -2.9695064794164949262
6.6482107514861290554 -2.9110339338836856982
5.8961411852897231967 -1.9641981686116765093
6.0551278734596856168 -1.3091375106032647757
