-12.24466268786697043 -6.6686077117919921875
-12.074049182250330858 -4.5639760370919777444
-14.365817045969560439 -2.8994566748485954832
-18.830518983990867099 -2.3576512971032936861
-22.931163795216317425 -2.5871446878458739249
-24.634335024578287943 -2.3592969829807044491
-25.669820928756905687 -1.998057754794276164
-24.77810048202771398 -0.077486523065102730357
-24.293755148817066214 1.9991984464553045342
-24.993995519302572461 3.1096059466631462698
-24.412716226830280419 6.6431844316755501723
-25.22242024446490305 8.7748327691250249671
-26.242234060582248389 11.354442606572305863
-27.802684687946225495 13.540589941278941666
-30.073068735088725134 12.599979729442804199
-32.0982818603515625 14.817355598637259817
-34.102187865495693586 12.397291111039422162
-35.640620353959185707 9.9968004212403513975
-38.003992380848337973 11.507311083761265991
-40.01346465228887439 11.109185635977972595
-42.607893685950692486 11.534572859551467161
-43.484293568899346383 9.0028965659731881033
-45.157977038467102204 7.8356555502057663176
-47.21353597875371122 6.9412313512744248101
-48.180482865365704015 5.0157942029405280238
-51.245112623844740085 4.3858205749843754973
-50.030261989985554294 1.3152243219165828947
-50.846087910082857775 -0.57707602029737703475
-49.410085141230815964 -2.9888708477168379751
-50.935174186099558824 -4.6887703477026425603
-52.036754475276410403 -6.6686077117919921875
-53.435773286846171004 -8.9112686588085097128
-52.985966970796567921 -11.10842059732681264
-51.999450382723480857 -13.134889509058911727
-50.146947881601569463 -14.704391298963205514
-50.731345009924730505 -17.426412374355795265
-48.438400165478121551 -18.540396533683686897
-47.710906535336967238 -20.72628234010605297
-45.774974534820792371 -21.858115251597730833
-44.111990105706659904 -23.204061379093381845
-42.421153239192861406 -24.548344360684737353
-40.180890342874540977 -24.822446301563388715
-37.757619422685330335 -24.08626806148183519
-36.625852278368306258 -27.969172283492191866
-34.124684887739476835 -25.948549630446848369
-32.0982818603515625 -27.138469118154230131
-30.068586771523502676 -25.979836273353434706
-27.801060699845308477 -26.885444643331656067
-25.949980989994703151 -25.591119915884629421
-24.939239319336021339 -22.748083064681189569
-24.687975317479455839 -19.503638547443003404
-23.325229808793750408 -18.743681411658371871
-21.562322904913898469 -18.369976897542677818
-19.267509238227216173 -18.221488957867677527
-30.917916839065028967 -7.5261928769270216577
-30.831172291930524665 -7.4001737249925376716
-30.75788716824811786 -7.2653898281124824621
-30.698946225177152769 -7.1232793418092290594
-30.639142842805675571 -6.9787571544813857827
-13.913075200546114019 -8.5799499620769790198
