6.796234527322273955 -7.0180559767399595117
6.0285595060813808033 -5.7446797564174056916
4.9523810562627961218 -4.7581048456050583084
4.9764675901885615517 -3.8199607260507510986
6.1017831133485094242 -2.8691126819576684426
7.2539191795819109032 -1.9130608767184109631
7.3788674385038000025 -0.91689552194874579527
6.7717336256557860708 0.34406702932415517138
6.1857651178716270834 1.7100109236922271805
5.2816467633113060032 2.8269774006385253173
4.212695863355162551 3.8116853378904855809
3.7520448947180162769 5.2052778844737392916
2.8796841917666000654 6.2861511786390629197
1.8800697459179112059 7.2437011246668348008
0.83657851549854278517 8.1142973494010988134
-0.2825523669546363692 8.9247703236983859654
-1.3510376124285787824 9.5956761442620930325
-2.3625329015025666735 10.148671333203271416
-3.7474905940891085621 10.193286148152919779
-5.2140169068689665721 10.430264761082579383
-6.3084699604976579579 11.366154369971416926
-7.3888231859764967879 11.91481450343561832
-8.6534120210550131702 11.960573589412897277
-9.8784783109618388153 12.18228325996738981
-10.927322615545788764 12.324077573526540874
-11.87915111601726359 12.326152634144598608
-12.85602079004633147 12.093144445614781191
-13.541414372044497938 10.786327934850696408
-13.886674982525084587 9.3169859454881436278
-14.197552807671558028 7.8314042239522771993
-14.452035242740837617 6.3398949778391973098
-14.574674401008026692 4.8345281404847968432
-14.667635487451857301 3.3263023491543126653
-14.734872559131607872 1.8208351130075668411
-14.855054480931141114 0.36134011964671691741
-15.241089947847704877 -0.8988566470966414812
-15.125696023347822816 -2.2233764462440874787
-15.721141456843458428 -2.7714709639527104201
-17.153902680248783952 -2.4764651547459166636
-18.64525698039540913 -2.402710123235488382
-20.103717839678935775 -2.0805989074350810242
-21.517049143592384297 -1.7180154695819094268
-22.566348441915131673 -2.1311017770383497982
-23.727088161168577329 -2.4867694533880415619
-25.210247502958452515 -2.2931478218364378385
-26.705563718650285665 -2.0784961783907456301
-28.200879934342118815 -1.8638445349450531996
-29.544692720926231999 -1.749990977956092264
-29.652110390246672722 -2.4587343922608790869
-29.105036197401680909 -3.7168740529788264482
-29.595177271846679901 -4.9185332172496876169
-30.514759866299673519 -6.1520689605345495465
-31.292496528368396014 -7.4818472459072786762
-31.417344841167924585 -8.7547046919611855031
-31.311918806705929086 -9.9882444890131711901
-31.103988403539901242 -11.356444932889672828
-30.792820693129542065 -12.741894234282755249
-30.397036525544340435 -14.063665598877168605
-29.934488228038347302 -15.298482462102727553
-29.406635260692201683 -16.46947252121755767
-28.869108454043203693 -17.490786762258505149
-28.261491805120556364 -18.498163677564043894
-27.581232148942948612 -19.340581172601915227
-26.13222546969384652 -19.057206522735125276
-24.672178610722554026 -18.630362561840172475
-23.203660488335341228 -18.238158597279689133
-21.702110491040222939 -17.982051264234215182
-20.179787918301574479 -17.853713646178871244
-18.652562342167186671 -17.905966925295974335
-17.177922366343519656 -17.863281834156147454
-15.757072117351215823 -17.410960729769637823
-14.713153545931902499 -17.456411419193788248
-14.645328322032915125 -18.705339679262962704
-14.792087625532193584 -20.208951541125568241
-14.938846929031477373 -21.71256340298817733
-15.085606232530754056 -23.216175264850786419
-15.230897614504005588 -24.718959858017623077
-15.024988771373765317 -26.023820415719757904
-13.861011888455038843 -26.797255536959148969
-12.504894060843701808 -27.512324191397080853
-11.183924801378758218 -27.667446193928306286
-9.852115153203778064 -27.320697637310722428
-8.4712499817505282351 -27.373696908324667731
-7.1752035667079603343 -27.207680840150008095
-5.8248226368480420234 -26.862742867117155754
-4.4169934833219786086 -26.380920781769944483
-3.0293321144821234725 -25.811549920926285751
-1.7047287056148174855 -25.136043996169412651
-0.49670760092464938396 -24.405210387511036885
0.61799779113223962668 -23.620350556724119429
1.7167872767457925676 -22.726374664436939099
2.7537256375405334552 -21.752651525065942906
3.5478346885944382905 -20.903982519336906876
3.5998605676217465543 -19.852522620559390987
3.3945970610985374272 -18.602487493363490501
4.3842566606845325694 -18.235352120752772009
5.6259079391935848946 -18.086551814710762898
6.0190177490937593063 -17.413110913704002769
6.0486604296788577528 -16.412330210563460753
5.9284177952571672776 -15.183963875891015149
