5.8142820142814670703 -8.7254428863525390625
5.9848959966301258362 -6.6208112106522296614
3.6931281388020842371 -4.9562918766303587503
5.4199011033414485894 -2.4027543511292854816
4.0358419429674192713 -0.6778551680958369019
3.4229502748945073165 1.356412719519415333
1.4711848072126585407 2.5436079439264478452
1.0454590358650914794 4.8569681020792252468
0.049521270417740126391 6.9218179936946189201
-2.2776282745755942472 7.4631618643982804429
-3.4520518838725440247 9.6122696074083258111
-6.127024679860944012 9.045900388639758205
-8.1832897221139617727 9.2976073952448032856
-9.7437400396748348186 11.483753824495995133
-12.014123973960867175 10.543144548683262229
-14.039335250854492188 12.760520424076712942
-14.913337191683179839 -0.40989322885130796692
-14.83052465294304767 -5.0031991916265656783
-15.787477768200773198 -3.3452108043983699304
-16.591534199941357031 -2.993113992276213331
-18.143210338008255889 -1.6173265848955189483
-18.192690559453190247 -3.0088365464895305834
-19.321835378898942537 -2.8586335912851179586
-21.205755993441322005 -2.2727723113423685675
-22.509784697714106727 -2.5713020089341771524
-33.186166014347669773 2.3289854004238286223
-31.971313477760684663 -0.74161104183645676358
-32.787143204939653174 -2.6339112750479545255
-31.35114042959474645 -5.045705977641574691
-32.876229482847278973 -6.7456055117608020311
-33.977805958430707278 -8.7254428863525390625
-35.376828579001319497 -10.968104841241139269
-34.927022261097917522 -13.16525676108263454
-33.940505676034348426 -15.191725651268573216
-32.087999372904356221 -16.761227408896260727
-32.672398400427660192 -19.48324754891634214
-30.37945546088046811 -20.597233618963922908
-24.534204251236754857 -18.175062160817354595
-22.234067712759141955 -17.826611498535932299
-20.672428259866990174 -17.855113855498512265
-19.428202941147439731 -18.059229517690397415
-17.893897305779400853 -17.382930238671846723
-16.369366238062141861 -15.896531042516059529
-16.273764410697587834 -19.237612507356704583
-14.948060515054045538 -17.371378312602953287
-14.039335250854492188 -29.195304292714777006
-12.009642008666219226 -28.036673348881848256
-9.7421160586934973935 -28.942279830857433609
-7.8910367535026990637 -27.647955086812334713
-5.8438437568326779825 -27.132821987926586615
-3.7273110061765581946 -26.586394567409961098
-1.3800455336836083831 -26.149464079053359455
0.12660705893497237184 -24.458315705873186374
1.6248540282271850543 -22.829546028169453109
0.48247292162135657634 -19.276153229227134034
4.2961213458960081368 -19.311424315352162751
2.9026096850115763459 -16.268483793462898745
5.1115162246198302398 -14.947932070619476264
4.4324742809474102501 -12.65174675165747864
4.1458699882788714319 -10.636785996696314527
