-42.356114013607616187 -4.7218484878540039063
-42.358122313776242152 -4.601871600556164843
-42.372729281936003076 -4.4823191468131504678
-24.56189563619675198 1.4313922617203393983
-25.424449918542002536 3.3257390493913039364
-26.037342546015860734 5.3600073646607508948
-27.989107271950544487 6.5472025509166584811
-28.414832596525350539 8.8605629866565749353
-29.410771000428802324 10.925412914708600098
-31.737920614494591121 11.466756740165568118
-32.912346301818566019 13.615865058465349335
-36.054386644849408583 12.000435872868695952
-38.228207061865113303 11.501920594255437891
-39.701648707721723497 13.146244677230789932
-41.754899859960659114 11.87814933670223283
-43.49962615966796875 13.985964264103568411
-45.223052708195645266 11.675460745673817087
-46.62817238512449336 9.9968005512520061728
-48.820715246291548794 11.65478918883830417
-50.947737429330999248 12.006885940865554829
-53.952276906129498002 13.38267353308009433
-54.885637868215752633 10.949655789911176385
-56.559325101646741984 9.7824148199149210114
-58.614884113715660874 8.8879915056213132374
-59.581830972760926102 6.9625539128251787702
-62.646460827530802362 6.3325798820238006215
-61.431606286836924369 3.261983193763253297
-62.247436017981144118 1.3696830138455782233
-60.81142943496774933 -1.0421118359480505688
-62.336522296592747239 -2.7420113286880187786
-63.438098774592816653 -4.7218484878540039063
-64.837121403892126636 -6.9645094060202996644
-64.38731125697958646 -9.1616623888508659235
-63.40079851359065799 -11.188130233251158074
-61.548292185228305584 -12.757633019018381759
-62.132693227502045374 -15.479652017365983951
-59.839748288028069112 -16.593638251670832062
-59.112254759427969475 -18.779522040240507863
-57.176322705550646219 -19.911355022917941682
-55.513334414976114317 -21.257301194249762943
-53.822497551842339192 -22.601584175374579644
-51.58223463992041502 -22.875686124961987389
-49.158970746031549481 -22.139508080564461068
-48.027200733789577214 -26.022412033311496771
-45.526029184012990925 -24.001789453154366072
-43.49962615966796875 -25.191708940541925443
-41.469938483381575622 -24.033076072948979629
-39.202408929369624957 -24.938684490271885608
-37.351332884380454402 -23.64435972711939371
-35.304134183189766816 -23.129226633251892764
-33.187605292306798788 -22.582797330668785918
-30.840337910117064268 -22.14586875384140896
-29.333685175811734069 -20.454720366874184379
-27.835437536407400927 -18.825948702639138332
-28.977819183553357618 -15.272557882929152839
-25.164171474009592089 -15.307828969663226815
-26.557682166000510904 -12.264889369189511115
-24.34877515942990911 -10.944336713519572157
-42.195691631537648902 -4.9990083158315847811
-42.173863633114585525 -4.8611917585267399033
