4.9525928542483361738 -5.6006877931298246764
4.7202275896961500834 -4.1658539010430430949
3.738343826943967052 -3.0538960685611495904
3.896870068303543988 -1.8807627501130699255
4.8666770460776218599 -0.62692584338431567303
4.7579203848383002651 0.6322156812386934277
4.0422576795452140885 2.0559424100183467665
3.3898844517242423535 3.4887192553136774364
2.2302001863543945426 4.5372063999067391293
1.3975309434314908685 5.7904450551586874596
0.76127187760851278142 7.1613200624604900213
-0.28820988170949135565 8.223885429542818315
-1.3758990706174536456 9.1742689616851702539
-2.5570025045387314577 10.062959570858037495
-3.7155952117706227966 10.811477771823064131
-4.7948256890192286761 11.4126343065580933
-6.2332924756609946471 11.513437935390978595
-7.7911036907312762878 11.771436048931141372
-8.9380726247016468733 12.800550248757398109
-10.122161979194187253 13.271950229913308306
-11.499668587032132905 13.228522611031319656
-12.741599847640092236 13.609578198158825302
-13.716579718098826035 13.646368492525251526
-14.080101058975120765 13.647907657066188136
-14.200830135373259111 12.176021473229651448
-14.318966090681639614 10.571636060071606167
-14.437102045990009458 8.9672506469135573326
-14.55523800129838996 7.3628652337555084983
-14.673373956606759805 5.7584798205974605523
-14.791509911915142084 4.1540944074394126062
-14.871433663536409497 2.547550556883313444
-14.80707824903027614 0.93285701806324861085
-14.697486328688677659 -0.68439172973539108558
-14.587847579666089359 -2.3016431226779010544
-14.639334900241239623 -3.494452873605799148
-15.486087036349209356 -2.9227161619142747462
-16.408614796319007212 -2.1286438871824278074
-16.729640299815851989 -2.8001930005607422736
-17.847669849435526146 -2.7017848369018508947
-19.336171582860991691 -2.3893717568816859043
-20.882173441637039701 -1.9918819380553294263
-22.138365474822403911 -1.8125349249438302834
-22.805569132438627378 -2.3893685745998340941
-24.197261908650737894 -2.2152349662917583117
-25.757685208069155181 -1.8577656993451154843
-27.318108507487568914 -1.500296432398473101
-28.878531806905986201 -1.1428271654518300515
-30.438955106324399935 -0.78535789850518689104
-31.918608514625411487 -0.48676614736840995157
-32.236154519819081088 -1.035296957035400256
-31.654836601386673323 -2.3573735856926507637
-32.163963674727114039 -3.6409044191955235448
-33.131457279469920252 -4.9661674843793495171
-33.958423570511222067 -6.3849554107126396119
-33.936141721185393294 -7.7203641344395759205
-33.797425404739598775 -9.0701683707692009051
-33.537532971760299461 -10.549582741728579904
-33.165762983581892342 -12.010677724691095847
-32.712442473948883048 -13.36674232474477364
-32.174654886529424402 -14.662350666943249067
-31.604958783765262353 -15.810565216235193731
-30.992305268398851581 -16.872508375900043376
-30.233556756738572346 -18.010328159246942192
-29.357100615959112133 -19.143946138271459745
-28.730115475095473698 -19.861967204571424617
-27.456043571766713285 -19.363003187657177762
-25.999293284920067748 -18.650473782804876777
-24.518845909588954157 -18.022742391051806976
-22.915480119902621681 -17.858968099600492252
-21.294920073049347309 -17.945649613014968082
-19.728866393621711239 -17.66511858720799566
-18.31440763590644849 -16.883023162398028916
-17.260552537729711986 -16.392385688441581948
-16.903112871095558489 -17.56707163715548603
-16.596408357059505789 -18.697713325574945031
-15.800487414941908781 -18.001784937575603607
-15.113634666268319862 -17.71481512127768454
-14.872198625998340304 -19.093826646573297978
-14.688625638493848058 -20.689261812329121426
-14.505052650989350482 -22.284696978084944874
-14.321479663484856459 -23.880132143840771874
-14.135381206876509452 -25.470630142714128397
-13.622247184964566102 -26.348602572886942852
-12.342974114189797064 -25.99527365555596603
-10.866763097035113006 -26.100814181009376114
-9.4935754612737817126 -25.841467144851861804
-8.0324870367051275366 -25.446127931578310211
-6.5294687365670389667 -24.911075947629313987
-5.0698438629049977777 -24.255916170074705462
-3.7015116989923662061 -23.506758323168039482
-2.4702143883277436487 -22.70591971337982784
-1.2925928897337293222 -21.809965801152074505
-0.14987233950548706218 -20.796375035332168579
0.80984408694191856171 -19.811844145960780139
1.1717322833396752735 -18.871337182037787983
0.83486549221876005245 -17.450839521163814538
1.7080310121644814991 -16.924404565699862957
3.0764145109310483406 -16.791004069464982251
3.4966630384418806443 -16.070950641621220001
3.4594044635415839295 -14.95979360583058515
