0.80615724554748879882 9.6951055526733398438
0.97677116765968818868 11.799738188059317068
-1.3149969289194594069 13.464256566932389703
0.41177623226124993039 16.017795058463317304
-0.97228294642706103446 17.742693095375585699
-1.5851745566936443765 19.776962356266544418
-3.536940032639268594 20.964156160380454708
-3.9626660399184796546 23.277517981641377531
-4.9586034338531419507 25.342366905183087766
-7.2857531028706272735 25.88371078022964511
-8.4601767639644620544 28.032820937336932587
-15.794919462833567181 17.000435847456444094
-16.835789662513345633 16.501920759432664454
-17.25111776554550147 18.146244690767048269
-18.292491957481757936 16.878149353867527793
-19.047460556030273438 18.985964264103571963
-19.781125716112338608 16.675460749447747588
-20.174369146184041313 14.996800386058904309
-21.308796354666707629 16.654789146604755956
-22.302872499945472384 17.00688589339297252
-24.063229196505659502 18.382673583276751827
-24.348354958707172813 16.991163485998342253
-32.107157616077429907 24.199368837556683332
-34.162716580177161063 23.304946524869691871
-35.129663464396166717 21.379507472907086196
-38.19429322272246452 20.749535038729952419
-36.979438781703947825 17.678937221143762315
-37.795268514142875915 15.786638105257043918
-36.359261939048529655 13.374842372112675903
-37.884354793274255258 11.674943830977625225
-38.985931263606488528 9.6951055526733398438
-40.384953894995931023 7.4524451312305322048
-39.935143746976784485 5.255292133140730293
-38.948630990935711793 3.2288235329453049971
-37.096124672692226909 1.6593222101210720609
-37.680525670601483057 -1.0626983543876615812
-35.387580771654043588 -2.1766839801404422872
-34.660087199383340817 -4.3625682926164977005
-32.724155160995692881 -5.4944019662902459089
-24.533014406242632077 2.1448861299661396984
-23.524428551649506858 1.9407704083952745933
-22.198804167920751951 2.61706976891866816
-20.864293340962127843 4.1034691687674271776
-20.946166711470681321 0.76238747539989404345
-19.739530226438596117 3.1104942604331613509
-19.047460556030273438 2.0301385936377611685
-18.352102532228581566 3.0792076287360030662
-17.379107610853168353 1.8461150862158390851
-16.741671797610727879 2.5986174101701475792
-15.78323346731320953 2.3635292519916957232
-8.7354357782582496839 -8.1658427580440218208
-6.3881703380335164155 -7.7289156225986666016
-4.881517630926600404 -6.0377672494985361595
-3.3832709624667547388 -4.4089948820624069725
-4.5256519817101725778 -0.85560370132725616088
-0.71200345882084903337 -0.89087517976109786844
-2.1055152401708809862 2.1520657540153047549
0.10339136074814447852 3.4726170889552632204
-0.57565079179342859561 5.7688021360547496741
-0.86225485325552142513 7.7837637472917027281
