-20.483330175965114961 -5.3522830009460449219
-20.312715716507444341 -3.2476515662508060878
-26.787315338466250125 -2.4722199083488205495
-24.56189564274556858 -0.2266575995827704304
-25.195730209592177573 1.3890216636641223857
-24.858221521122551678 3.5843637646666284269
-25.669820982598267278 5.3040056652211369226
-25.252152915074326245 8.230128940173162988
-26.24809123505861308 10.294976887251378272
-28.57524094126829084 10.836320795846347664
-29.749664542079415241 12.985429964526915114
-32.424637352981051208 12.419060753570974498
-34.480904221298736445 12.670767733039024705
-36.404964317434128418 13.146244650629157036
-38.525957123654222869 11.87814935086893442
-40.336948394775390625 13.985964264103568411
-42.126636236729190443 11.675460745471781365
-43.599494048579266803 9.9968004327522379526
-45.86287904631551271 11.654789204711594408
-48.065745136745952948 12.006885919715934108
-50.84656020985222824 12.85089805330962065
-51.722960081930835941 10.319219861850100983
-53.39664355572674026 9.1519788459949431569
-55.452206344797069448 8.2575574738377692796
-56.419149398414219831 6.3321184388422633305
-59.48377916915430319 5.7021450285570924876
-58.268928521944346244 2.6315486806712122814
-59.08475063391108506 0.73924840970403771223
-57.648751670075171205 -1.6725463490400915845
-59.173840719210595296 -3.372445862784831494
-60.275421009700238528 -5.3522830009460449219
-61.674439821269999129 -7.5949439479625624472
-61.224633485520321585 -9.7920974096739268333
-60.238113079112800108 -11.818565346874752464
-58.385614422490888842 -13.388068004107003262
-58.970011559995448636 -16.11008715957148496
-56.677066688706361219 -17.224074222432939507
-55.94957700649611354 -19.409956063211659227
-54.013641064034082717 -20.541791022280527557
-52.350656635153960394 -21.88773714870024989
-50.659819766950150211 -23.232020130524876578
-48.419556873892567239 -23.506120161722325435
-45.996285968922776988 -22.769943823634573477
-44.864518804178800337 -26.652848051314222744
-42.363351429770524703 -24.632227302987143247
-40.336948394775390625 -25.822142976796808256
-38.307257003557332098 -24.663513934386902093
-36.039727237510447821 -25.569120410011830558
-34.188651320500071051 -24.274795675827220975
-32.141456416973781529 -23.759660668917561566
-30.024923642773686083 -23.213233233890541385
-27.67765819420745288 -22.776304665717983511
-26.171005483550736415 -21.085156292451802784
-24.672757805342310888 -19.45638267356348905
-25.815139509131299178 -15.902993823530989559
-22.001489850635344681 -15.938263883755615424
-23.39500250382328872 -12.895324381722783613
-21.186101212674550709 -11.574771714035861692
-21.865138381877205376 -9.2785873230505337972
-22.151741734969942144 -7.2636252512310317542
