-6.4536961770942653516 -9.5253124237060546875
-6.2830821947105590652 -7.4206807483391772351
-8.5748500545023347286 -5.7561614049101352819
-6.8480770885993997865 -3.2026236483249750364
-8.232136724533699379 -1.4777245282340913946
-8.8450283938465474876 0.55654333209232298429
-17.307623008971205536 -2.9866534199889214207
-18.283017662503247891 -2.3002007287354500065
-19.275448308740756431 -1.715635625535265163
-21.197120517829283415 -2.4917355403844343442
-21.663965628097553662 -1.4827944642537840281
-23.401863629920050869 -2.999564115625647176
-24.348947999766764383 -3.4980793903437916725
-24.656635284127453644 -1.7594736484578081814
-25.065359128455281024 2.291099627855253118
-26.307313919067382813 11.960651840397513723
-28.311221753356718978 9.5405864073448718443
-29.93347446076448648 7.5344410358298041785
-32.213029931628653912 8.6506064465726808521
-34.222494856181192802 8.2524818543525348957
-36.816923753895032689 8.6778686726387661565
-37.69332375239446975 6.1461913538796633105
-39.367010973393135487 4.9789503894916986582
-41.422569951266289934 4.0845275858733067764
-42.389516828120932246 2.1590897339997958682
-45.454146633384681309 1.529115936780179652
-44.23929214720608627 -1.5414804031443125609
-45.055121874159404172 -3.4337805770816904882
-43.61911530208563903 -5.8455756042667186279
-45.144208151060169598 -7.5454750491143176561
-46.245784626643597903 -9.5253124237060546875
-47.644807261639314788 -11.767972334000264212
-47.194997103447200004 -13.965126350969686797
-46.208484370182127066 -15.991593201454090689
-44.355978041117246846 -17.561096946249776352
-44.940379012124125779 -20.2831170236823084
-42.647434138049831631 -21.3971012366412765
-41.919940544479359801 -23.582987004177219603
-39.984008524032802256 -24.714819942669642217
-38.321020209769322662 -26.060768032724812571
-36.630183344372923671 -27.40504909926495003
-34.389920504441136018 -27.679151008936379696
-31.966656767143934559 -26.942972915159355551
-30.834886372069846061 -30.825878875624809439
-28.333718801987380687 -28.80525625515568322
-26.307313919067382813 -29.995173830068292631
-25.06087717428991013 -21.384365835000547662
-24.473258335095948723 -18.153884952263190655
-23.748223540920864849 -17.40138259007563093
-22.695997097268847398 -17.636470763312846799
-21.391104218253666147 -18.040442796358277633
-19.609781704346868736 -18.743681611508112184
-18.343544363604888048 -18.369976959598943722
-16.649232634214726545 -18.221488949045919981
-16.989631318774815583 -16.295005365950640197
-7.9718573223168824882 -20.111293852705678376
-9.3653689832013142791 -17.06835333081641437
-7.1564619626225187687 -15.747799687903112797
-7.8355039115779980818 -13.451616294419794784
-8.1221082205423300593 -11.436653792683744157
