7.0376984852514157254 -2.2579825122762899881
8.2744059423292810607 -1.3172287368834620924
9.5161861197277062274 -0.43037531632702025197
10.757020226854924871 0.43680521123653098803
11.870210827609868787 1.4423741350692147467
12.751205680297315936 2.6831379127341397073
12.829744942812162378 3.8682941611615246913
12.257669961034276085 5.1394250073834877313
11.649692108260751411 6.4962471585175025623
10.823950871449358857 7.6700862356897667738
9.6991565157684291876 8.6171274424802728475
9.139104398937375251 9.9319914856366633416
8.4012777511685747811 11.113107406702305013
7.3934444484718540025 12.096307428717173238
6.3171385684085272771 13.007580123138955841
5.1797569102002647412 13.840424408736090811
4.1037324794280714002 14.522461558286899219
3.0936461281292491066 15.079844270146622875
1.7404908979097377664 15.161577537030350271
0.26187474332574345315 15.361595701539942027
-0.85909308442296128394 16.253876569389344553
-1.9244451760636396287 16.865312267588130624
-3.1756132480844216914 16.951788760949554558
-4.4190000152885042795 17.096941333182900991
-5.4746492179520664934 17.28900079237880405
-6.4290509081428934834 17.294167219652706535
-7.4176178800938403768 17.143706805299505191
-8.3886904897434000361 15.960052038624336745
-9.3881776181140459414 14.883881869027822731
-10.603264434873985067 14.828102897674709126
-11.992367904736433104 15.288891099565796949
-13.449091782792221395 15.123861599943820622
-14.718940396064379428 14.354385708789736853
-15.31786649372009812 13.138832887601754607
-15.127306093386756913 11.677174935067245798
-14.843185428732050823 10.186358428225222639
-14.665942913584995466 8.6864973970426966332
-14.732913623365128331 7.185260692958489237
-15.053911989443946595 5.7389904963692695006
-15.118280979920363905 4.3281132293838711078
-15.888668209559616784 3.6113258035857112027
-16.289920238754397985 3.0168796263035342342
-15.414492456495624495 1.9440444624879709146
-14.713434226203588651 0.7207945912799906818
-13.95938095757033004 -0.39651694124642189454
-13.248243846281374303 -1.2436186850900763368
-14.16426479234249669 -1.8112738275530757548
-15.653835059303100152 -1.9909641002229363504
-17.160347540500485053 -2.0945755015741012173
-18.666860021697864624 -2.1981869029252667502
-20.173372502895244196 -2.3017983042764318391
-21.679884984092623768 -2.405409705627596928
-23.186397465290003339 -2.5090211069787624609
-24.691273957850896181 -2.6154166751209673158
-26.014555711761026657 -3.0308547570686048545
-26.010446678006921672 -4.1106142789834123619
-25.8807669992079461 -5.3745971520674302724
-25.643863628345528127 -6.7614354458552661242
-25.307179358791184853 -8.138353851917688786
-24.894710386843581063 -9.429747087941683148
-24.410302593193417664 -10.656637858322339341
-23.877751276725007301 -11.787069613753685005
-23.331490704247620727 -12.786995129591984366
-22.687630568187465485 -13.816593845121175832
-21.902172189585925821 -14.910140034688458499
-21.034471903505558288 -15.960169223496514235
-20.083495961995879497 -16.962298846656153728
-19.068463809551747801 -17.796613879647637191
-17.579305207496119579 -17.89558847472475378
-16.16430933065636566 -18.345120587770932019
-15.060814949436402088 -19.30528039730169354
-14.213970735679918533 -20.405105621617799727
-12.978580394493198114 -20.499104514298107205
-11.797701328991722747 -20.562834663898080123
-11.238423322294464057 -21.770323518925593476
-10.568300020244841164 -22.187704997476249247
-9.7988394521821966521 -22.349863991460630075
-8.847959535451305868 -22.507169497155345539
-7.6359873729614884397 -22.356332065801211684
-6.3221587150324118909 -22.700711889293504697
-5.0003367151542175151 -22.571440853601107079
-3.644507663669898534 -22.277124333036475434
-2.3007126899356480365 -22.345930157807032401
-0.99191310979121283253 -22.049616315598040472
0.40197803126077491509 -21.606114687278832776
1.8089806741366301068 -21.089322167031493649
3.1631530449143259176 -20.448750322133481205
4.4224124094844867727 -19.735258880531048931
5.5631742830047521409 -18.97817457422065246
6.6669601532910434116 -18.130402831193869417
7.7387516906258984051 -17.179727270858464294
8.661162590819500906 -16.240705565111149156
9.1704637322492992269 -15.461694832481741813
8.7639800454802507801 -14.062267413579728981
9.240214852060068651 -13.315774357354992929
10.66962821934097505 -13.273559093763186212
11.247341497609532723 -12.725056470685522925
11.656482344088658465 -11.982693896730191696
11.005462197067556573 -10.651627485330378065
10.022779362535384706 -9.5561385358239956389
