-10.515937254517361055 -7.4268178939819335938
-10.345323748707471623 -5.3221866979577425738
-12.637091609442091311 -3.6576671104077753682
-10.910323421395538901 -1.1041294449462046856
-19.499469759664112445 -2.5871446986054849049
-21.694275363515657773 -2.4181441705401436337
-24.258190354254150378 -2.9866532826266194434
-24.571805447975954451 -2.2065020512842750122
-24.2937551433290011 -0.67895829199904689233
-24.993995519514680126 -0.027993472985175849033
-24.412716257556077437 2.890730883817562713
-25.222420229856570728 4.1338377369862158162
-25.324295678500977402 8.1008901211163877321
-26.073959314880532645 12.782379771902739662
-28.3443432427596953 11.841769541053867698
-30.369554519653320313 14.059145416447318411
-32.373462353942656478 11.639080937068992938
-33.99571506135042398 9.6329355655539252723
-36.275266870838258626 10.749100926479812301
-38.284739175977939851 10.350975472915646236
-40.879168325501630932 10.77636263527236693
-41.755568096291035829 8.2446864123063630103
-43.429251579700476782 7.077445390901409894
-45.484810559904246929 6.1830211529804355308
-46.451757428019213592 4.2575840262518145352
-49.516387251659935487 3.6276100484353026587
-48.30153274573783051 0.5570138331703757828
-49.117358663772165528 -1.3352864164470155117
-47.681359692814098139 -3.7470811974401723177
-49.206448749020509581 -5.4469809712464698492
-50.308029041926801028 -7.4268178939819335938
-51.707047855012703508 -9.6694788265733393473
-51.257241543030133357 -11.866630753249992836
-50.270721126249846122 -13.893099717183741149
-48.418218637392854475 -15.462601472532492508
-49.002619581416290373 -18.184623501834909831
-46.709674734157530906 -19.298607666755238199
-45.98218112114385292 -21.484493454694867154
-44.046249135039815314 -22.616324449888018933
-42.383264709708512896 -23.962270580471582093
-40.69242783869729152 -25.306555477580705116
-38.452164901596056268 -25.58065744095780758
-36.02889386752857348 -24.844479236923614707
-34.897127024335837575 -28.72738147389281238
-32.395959399530426026 -26.706760772077068111
-30.369554519653320313 -27.896680254018487943
-28.339861280351996697 -26.73804740314035655
-26.072335321009710185 -27.643653883434591734
-25.032042741112849882 -23.853988791762041899
-24.939239331346414019 -19.623510316122306563
-29.643437647689875547 -8.6844897212091947125
-29.515952773716389146 -8.6017000991772256668
-29.389610023346847356 -8.5151568606331125011
-29.278169580838330432 -8.4095054203720742692
-29.174788690044785255 -8.2948660745774240866
-12.034097947101102477 -18.012800318568530145
-13.427609609562107806 -14.969857905309236656
-11.218708290892145385 -13.649306129204635596
-11.897745474356501205 -11.353120851096575095
-12.184349765409859145 -9.3381601272681127313
