-27.123123571961208711 -10.055621147155761719
-26.952511020159068522 -7.9509894711220203689
-29.244277926206436291 -6.2864701283598423132
-27.517509737548802917 -3.732932582882748207
-28.901563644728145874 -2.0080333660311726618
-29.514456265194137785 0.026234507442280730061
-31.466221027678454192 1.2134296972034217532
-31.891946305760370706 3.5267900728103018793
-32.887886619019099044 5.5916397673027375959
-35.215034337496021521 6.1329836034792393207
-36.389457938075508991 8.2820918183171983173
-39.064430753821596909 7.7157221326809874995
-41.120697624648215651 7.9674291123814100501
-42.681144611959275892 10.153575550879033074
-44.951528665508647009 9.2129662940790346681
-46.976741790771484375 11.430343116947806692
-48.980651454206032724 9.0102776921146841005
-50.602903981493483343 7.0041314136141679114
-52.882452311268259848 8.1202976483974964594
-54.891924582708796265 7.7221722006142030637
-57.48635360584832199 8.1475599070999038531
-58.362753492188488735 5.6158826589530743689
-60.03644072702886092 4.4486416889275748332
-62.091999746832179596 3.5542186056653086723
-63.058946603176792678 1.6287810160513149782
-66.123572552053502704 0.99880719187923183711
-64.908721919583797444 -2.0717892308109586708
-65.72454784012519724 -3.9640895439060646055
-64.288545071650730733 -6.3758842830806070623
-65.813634116519480699 -8.0757837830664129797
-66.915210590999066653 -10.055621147155761719
-68.314233210053544099 -12.298283116469480802
-67.864426888083102085 -14.495435048152623736
-66.877910300175955172 -16.521903938006683887
-65.025407812021484233 -18.091404734326975046
-65.609804971638425286 -20.813424801842835166
-63.316863919131584737 -21.927410910972589875
-62.5893703905314851 -24.113294699542265676
-60.653438315812010728 -25.245129608334693216
-58.99045002617352651 -26.591075775362785549
-57.299613182945854817 -27.935356834676337456
-54.69135785991746701 -27.382930239514312376
-52.123765241732066045 -25.896530828808870695
-51.05399889150892534 -29.23761247675743391
-48.746053316873563688 -26.889505743969571938
-46.976741790771484375 -27.969861406362237943
-45.191274993701242124 -27.043196480095069489
-42.679520636747845685 -30.272459033747665558
-40.828444715769592221 -28.978134298638021704
-38.781249814293282441 -28.462999292553650577
-36.664717019442036872 -27.916569938429905307
-34.31745160763236413 -27.479643301427632451
-32.810800862431321434 -25.788494983511462522
-31.312551214121711496 -24.159721310807665162
-32.454932974854884264 -20.606330635200905022
-28.641285169822698009 -20.641601580568412544
-30.034795938481657629 -17.598661184257913703
-27.825894609626359966 -16.278110340024120717
-28.504931783282099644 -13.981925017869501815
-28.791537028028617584 -11.966964253249832595
