-1.7204433982664699698 10.68352915561362515
-2.0633922283482029059 12.169272750671535022
-3.2331273980361601161 13.254794779327076171
-3.2891764874087794368 14.511295020769752639
-2.5707941174543762486 15.935222400403429077
-3.0614687343295621247 17.305892151562574099
-3.8148969187767267641 18.805917034074212779
-4.6818708196310190317 20.187609592644900403
-5.9123450542679378827 21.293193975890176262
-6.4613270311231945087 22.857261844682437157
-7.4952995050918609365 24.030373597418581255
-8.2308377828937828724 24.729121377091654921
-9.2253413769237369024 23.954323806709421518
-10.467607289339788679 22.788547116084220789
-11.709873201755838679 21.622770425459012955
-12.952139114171890455 20.456993734833801568
-14.194405026587942231 19.291217044208600839
-15.428264828637402672 18.184993420928854846
-16.535785802582921633 18.050568195914092229
-17.760535988358629567 17.596736357048538224
-19.094798531388711638 16.905166571152982158
-19.908489254915224365 17.562075942229437686
-20.758264656374066703 17.397422422609668757
-21.429662537598829886 18.241569959100427667
-21.959513970864147581 17.893528367417705027
-22.426284239687280575 16.288514555321558674
-23.006008115203364639 15.607891873836209129
-23.899226796453945099 16.835496555944374109
-24.709087110767853801 18.341390678625302257
-25.492638397234770764 19.850455164160859312
-26.276189683701687727 21.359519649696412813
-27.059740970168611796 22.86858413523197342
-27.843292256635532311 24.377648620767530474
-28.626843543102452827 25.886713106303083975
-29.503487427735919368 27.270241387590946402
-30.822203266214522444 27.64850858775469078
-31.959749853649526585 27.01228643032307275
-32.955065832472143939 26.000233426932421565
-34.117127812754837635 24.811562221968756603
-35.624928409006457741 23.981071535122357119
-36.825252883794945546 22.892372332408228885
-37.817973328047862935 21.634283922894695706
-38.526855367291233279 20.590085576598841755
-39.064985502284763186 19.689534150627867604
-39.557317057741371968 18.757635944124405825
-39.85573725524316302 17.393385608170490286
-40.084874611539817124 15.821400993064912655
-39.45166875804849127 14.342539814461460423
-39.560881458456961468 12.950016264032834457
-40.587219091202058507 11.572087619088298638
-41.479680352043239111 10.072140890987206774
-41.594515840457390254 8.6363796938302641593
-41.453838553070909256 7.2096651868054548729
-41.178052710265717451 5.640482010451298045
-40.776889833933090301 4.0937732044139751864
-40.284911613954939469 2.6645726497436248437
-39.700695394137540006 1.3066480337311077164
-39.092225540171767761 0.12763014523035209891
-38.4010763983679837 -1.0174488962687018301
-37.531192152415869145 -2.2509042224766364626
-36.546709295571751852 -3.4422163570146526723
-35.441635733597308899 -4.5841239672309406217
-34.180738054987216401 -5.6902555391924742878
-32.813381418284876645 -6.6991337238484049976
-31.40324092299331582 -7.5671252360960288286
-30.039483742060500759 -8.0296438660723961078
-29.042417174436739202 -6.9233909338778554243
-28.277413974541772745 -5.4004431700391934967
-27.513115064078451866 -3.8762307784868927918
-26.748816153615134539 -2.3520183869345938632
-25.984517243151813659 -0.82780599538229449053
-25.220218332688485674 0.69640639617000521522
-24.455919422225168347 2.220618787722305143
-23.757539957628733163 3.4759100303281633693
-23.538561474072956514 2.7754648292773742568
-23.481888062612107149 1.3982327615445262481
-22.908894846543880419 2.0131415044889147126
-22.034924915026387282 2.577978167970677692
-21.023444451221315887 2.5933984822465117048
-19.917504542518475574 2.290700170321896767
-18.550373977626545496 2.3491154833257659185
-16.887135740188028876 1.8696408952811582882
-15.339823747312326674 1.1186591018933129682
-14.023838330486761095 0.049825740898159887049
-12.757281258054883111 -1.089639784826484048
-11.490724185623003351 -2.2291053105511284826
-10.224167113191125367 -3.3685708362757722512
-8.9576100407592473829 -4.5080363620004160197
-8.1621145305465319097 -4.898205185944018325
-7.3081987667635299744 -4.0722912002962470268
-6.4849085416046037267 -3.1740641833155791574
-6.7492978674037304998 -1.7396453465226351387
-6.3933210456356617257 -0.75784774484947747819
-4.8051821402634358193 -0.68661545520982392166
-4.2469140819003889931 -0.00040165972016836803959
-4.0963109145943485956 1.0490850330459189355
-4.2000725215105489951 2.4314262826638795012
-3.057258287167083477 3.4506706706857004363
-2.8470560435028318125 4.8650632680917125228
-3.2316945306580859842 6.5625310758846673309
