-30.576723501770779023 -8.8434820175170898438
-30.406109042286573185 -6.7388508214928988238
-32.697877857375011956 -5.0743314691646919101
-30.971103933694646315 -2.520793965837240691
-32.355161669087152632 -0.79589470896653402576
-32.96805428579328634 1.2383731085903129099
-34.919820939595197729 2.4255683253775668362
-35.345544326451289407 4.7389289620645893564
-36.341484628966824744 6.8037784088373030045
-38.668632359841140556 7.3451222561966069691
-39.843055948410409428 9.4942304641177415192
-42.518028776282534409 8.9278612623196593745
-44.574295647109153151 9.1795682420200819251
-46.134746569685319173 11.365714706145176649
-48.405134084545906603 10.42510444557321847
-50.430339813232421875 12.642481292912162161
-52.434245814266795094 10.22241585207196124
-54.056502003954420843 8.2162705432528397864
-56.336057656481870026 9.3324368776701511763
-58.345522605169733765 8.9343113302528749387
-60.939951638831551861 9.3596985538263695048
-61.816351507518653818 6.8280213169354002645
-63.49003874376840173 5.6607803468806565661
-65.545597771306120194 4.7663574946497320184
-66.51254081755890013 2.8409196597433261644
-69.577170598497076526 2.2109457547128155142
-68.362319938758020044 -0.85965057062737759708
-69.178145860572413994 -2.7519508849069511669
-67.742143082952722466 -5.1637455777803378254
-69.267232136354834893 -6.8636451052840126152
-70.368816242854535403 -8.8434820175170898438
-71.767831232514481599 -11.086143986830808927
-71.318024910544039585 -13.283295918513951861
-70.331508322636892672 -15.309764808368012012
-68.479005834482421733 -16.879265604688303171
-69.063402931511816973 -19.601287687957622552
-66.770458113880749806 -20.715271799246863793
-66.0429684129924226 -22.901155569903593801
-64.107036338272948228 -24.032990478696021341
-62.44404804863446401 -25.378936645724113674
-60.753211205406792317 -26.723217705037665581
-58.512948293484868145 -26.997319654625073326
-56.089684494105021884 -26.261145394216953264
-51.624702788264791309 -14.46251345843258207
-51.030811431000600464 -14.556584266413622686
-50.430339813232421875 -27.969861406362237943
-48.530340442893354691 -26.920792370804239368
-46.325787581475076138 -28.153884892879698754
-44.282042735324260718 -27.765997075403674899
-42.234847836754219941 -27.250860162914978702
-40.118315041902974372 -26.704430808791233432
-37.77104963009330163 -26.267504171788960576
-36.264398884892258934 -24.576355853872790647
-34.766149236582648996 -22.947582181168993287
-35.908532837117810743 -19.394191412592238777
-32.09488324068020404 -19.429464442103686395
-33.488393960942595129 -16.386522054619241828
-31.279488814905789695 -15.065971202739738999
-31.958531708492966317 -12.769785866595626089
-32.245135050489551531 -10.75482512361116072
