6.4610791944572500967 -2.7024290561676025391
8.4380596200372384175 -1.1786123342545291592
11.67238047494307196 1.0667218450174362765
13.399148662891693817 3.6202595113331623722
12.015089997685340251 5.3451587040782566618
11.402207869246442584 7.3794265311129105811
9.4504326804582117205 8.5666216849367966546
8.9523587483011883847 10.814832362374318109
7.7971335146874913846 12.687564474125354153
5.7016245408883037271 13.486175456006744611
4.5272006973938960783 15.635283673449308139
1.8522281269270450821 15.06891446100928178
-0.2040369471129821477 15.320621469662388137
-1.7644870751682173449 17.506765979363397179
-4.0348709478371080905 16.566156712832867726
-6.0600829124450683594 18.783535446354544973
-8.0639911968286295263 16.36346810876406721
-9.6862438043566037038 14.357321807678363967
-11.965798470447857937 15.473490045290930084
-13.975265240676502998 15.075364524174517555
-15.509611782226929932 13.664635941538218589
-14.630308697894514935 9.0934756266549658932
-14.677084851197482962 6.8677223775459630417
-15.25236200129256936 5.5743356381106075048
-14.901861184891442846 3.7214969941014190979
-16.826323796725830562 3.5134621094387812335
-14.661071772237770361 1.1269778371262395567
-14.726676440134379931 0.11351783773540136124
-12.74884933945578247 -1.2806879522957894668
-13.946454247279396199 -1.8735378453582816061
-25.998554096858438101 -2.7024290561676025391
-27.397574817959011284 -4.9450897440035408437
-26.947768491272992009 -7.1422426967322625302
-25.96125000122730242 -9.168710624489687433
-24.108747509294968125 -10.738213344868198007
-24.693146555712576884 -13.460233451115337644
-22.400203602054574503 -14.574219546580346574
-21.672710031444054835 -16.760103379617603991
-19.677959184130987325 -17.826611547064761254
-17.06915299452808199 -17.855113830989793655
-15.322871343905214658 -18.746050603389274869
-14.14269092011310569 -20.856267406637876149
-11.719425314136238114 -20.120089299307938546
-10.587655921567344919 -24.002993345467110942
-8.0864882508801354533 -21.982370744091063841
-6.0600829124450683594 -23.172290224111261381
-4.0303889820972997882 -22.01365737577762971
-1.7628631035555253348 -22.919265757857804289
0.088216036897531324712 -21.624941019019367161
2.1354090620480246088 -21.1098079177050586
4.2519416052224876523 -20.563378571498212466
6.5992073142660956364 -20.126449986689642913
8.1058600195981131975 -18.435301613672535836
9.6041071566824420813 -16.806529969154500037
8.4617208788798610186 -13.253138955815131794
12.275379012403593748 -13.288410103179939981
10.881857777083546068 -10.245469623345341503
6.6859500289587927568 -6.8438661731364254237
4.9557210517264103089 -5.0439104786221484744
4.383843672209193798 -3.8001301995801615163
