86.194404287921244645 5.8189169322060934064
85.936677944605349921 7.2467445403419308292
84.83135356970225871 8.2801007685128755753
84.490289279305230252 9.4095993102782760076
85.244962591966199739 10.749264796520705545
85.039335789130433341 12.01071399912957105
84.347152283833437991 13.392381852303730128
83.708396219685283768 14.829246506239453396
82.541591271942522212 15.845428143031137225
81.049077527888201189 16.087809111195987555
79.478019348884373585 15.693215081062920291
77.936845748563186476 15.382888760651239224
76.615506416653005317 15.966380746396986012
75.2471032405616711 16.628942788655148632
74.640743761374309884 17.778129985480166653
74.558595257857945171 19.384752443094619423
74.404133534812245898 20.98917728927845161
74.054796670367167621 22.428740771696148215
72.835104376934467041 23.05871393708627437
71.580514989067594911 23.910194574254017397
70.456561038682139042 24.628252145563376274
69.122692292801389158 24.714565154507088351
67.816420489370173641 24.952924197645788951
66.704692185889214784 25.064153967846838356
65.690571955336963583 25.05983330258414199
64.634206304460434467 24.561818668972694724
63.597168755014635622 23.293163604813738488
62.461067463852096182 22.474692313616550621
61.055919843873979858 22.874636198228795791
59.519481968197631261 23.054013624892387924
57.919412398696543676 22.963447645731740465
56.648009756698257888 22.594885591665629931
55.593425580809437747 21.972360222082105707
54.944287192863683345 20.678620595779058533
54.664109859938633917 19.06956639094106265
54.199767693803053703 17.50843689750104204
53.489555953930171484 16.019486559608814957
52.581939698775258307 14.954669124480513887
51.076959492055252099 14.868538081744373969
49.553078498009796249 14.811796727180579936
48.635681075888328451 13.772237272013221343
48.013463498344300717 12.250016855244219016
47.876039286885692547 10.782679253816031206
48.520905865303163296 9.3991705603286934689
48.339685104123063297 8.0968551301698052924
48.001409040522261762 7.0919652756982198838
49.268569683555334393 6.6274414738293714322
50.844917182724230997 6.2633334489844756376
52.42126468189309918 5.8992254241395798431
53.997612181061946046 5.5351173992946840485
55.401277479348884469 5.084848672620990051
55.735753428979599278 3.9719621663708619685
56.32647247990630035 2.5360310679606730133
57.243025474798379548 1.3826433225170522423
56.819958820699483226 0.24412800013728808146
55.725022205480669868 -0.9591750558887915945
54.597886027547694709 -2.1194652181433126792
53.460766124980366953 -3.2636233941710264261
52.323610819134231065 -4.4077243645738217737
51.186455513288066754 -5.5518253349766171212
50.279028413089186245 -6.7485639599572468939
50.926984416868563699 -7.7453921453178651291
51.900762621351319126 -8.8294749178594429395
53.014526748960072666 -9.8964403688871840359
54.247972238194492434 -10.905205294786927794
55.547264680130219006 -11.805873191883282658
56.654102393624974354 -12.45265823877335265
58.110197935146970849 -11.854549147648363316
59.467756385752466031 -11.003612075302084961
60.709090033258995334 -9.9524016468701610449
61.678223097592244528 -9.7002435977582361915
62.127193977624528998 -11.04914978181847296
62.670421013747649397 -12.242506472470589429
63.851174009240196483 -11.981325986477276757
64.873685821322283118 -12.361719272780561596
65.556369465530110574 -13.783810348290156611
66.325063405702280761 -14.931351382235671821
67.565472848031674857 -14.703716897169076816
69.024484097514758218 -14.573450279832425025
70.426120152866843682 -14.497515048831242979
71.858318223028220473 -14.138523667538706263
73.361290479170008894 -13.630179090920881535
74.836478715422970254 -13.009969523688031501
76.23522980823547357 -12.279289830567190478
77.497857937066726208 -11.491069617549882764
78.679242171687562291 -10.626254058052442275
79.837626639790840954 -9.6374170534133689614
80.870007187447555452 -8.614005249458221769
81.554553842075534931 -7.8335789798473083323
81.118861682664288537 -6.3367008270761173705
81.628540614976088818 -5.5416962289136071362
83.161182282539513722 -5.5026925449816621594
83.655850953857907371 -4.8398564277584412707
83.87971339629865497 -3.9038258377365342433
83.619448382773555295 -2.5537514892125883215
84.636100679597774388 -1.5843145148782042941
85.148300148682167787 -0.37960898599728604141
84.78823126464641291 1.1951276558109591441
84.639502750809711529 2.7682818836744504942
85.307556934038132113 4.1113345781161223513
