8.8721805099044708243 -1.0090524278064352259
10.330282408396978866 -0.6543392948246455898
11.788384306889485131 -0.2996261618428556206
13.246486205381991397 0.055086971138934348602
14.704588103874495886 0.40980010412072426229
16.059026109566229223 0.78523931697639282046
16.112953460121023141 1.420696622795264874
15.100507488616987217 2.3230909818474638762
15.154350024661988883 3.4507890157194158753
15.869452656088105513 4.7157766793660718108
15.527967236176792198 5.8944344511698973932
14.860371992298556876 7.1930921721513785272
14.273707056365280366 8.5481610307196618237
13.210447740253574267 9.5449450495343999279
11.825730482349573691 10.154204434538335988
10.383032856680447509 10.528971548140903636
9.1491630578116431849 11.30002086110533277
7.9004306627399669694 12.092990966650638995
6.9342643591835493311 12.894434844334391244
6.8909996032361080509 14.291238755103405467
6.9699085898803634365 15.757136420142122901
6.2577447605446927525 16.458007571171467731
4.8321903051637766779 16.6278641188534273
3.3248596415755296007 16.828325090676599984
2.1474100057961442722 17.626280811814957872
1.1085583945502133218 18.359970952197180338
-0.11317534766853455663 18.53467827439829918
-1.3913078549191029154 18.534107288022312332
-2.4621626830915981365 18.81248905502770441
-3.4240832658352546858 18.823938624011042009
-4.4068484120059663312 18.787817572264689403
-5.3800684186586620328 17.647095362993184153
-6.3682457516881223469 16.519193758629825197
-7.5477824604669203623 16.294926696939572963
-8.9227011794141013468 16.785199463941978593
-10.392890570067892853 16.761284360133039684
-11.894272353531395225 16.749367455651860581
-12.982793665654380533 16.258907761334604913
-13.970559530515926028 15.66546902066718161
-14.499520545534201332 14.390192753520299362
-14.628712841823046986 12.894770303239701192
-14.789681723053572426 11.393573238054354846
-15.102369763875845621 9.8895777680676495436
-15.074557115269488605 8.378019408883320196
-15.49427549409030469 7.252186847869441344
-16.374248964043150778 6.5685889125481473627
-15.897803865034230597 5.5175304569881067351
-15.037539110426276778 4.306259484952151162
-14.595182069303723082 2.9471129396356214869
-13.810409027626185718 1.7867456594079720311
-13.219315652670353245 0.79814602922362754001
-14.041027666512791328 -0.21517158927904800336
-15.120528760004987134 -1.2818709671860617494
-16.291247959915434507 -2.2438077307328168075
-17.609219995033907225 -2.9696922607450120246
-19.011170096761709658 -3.5486553410031023148
-20.416061268989917465 -4.1224729546031371186
-21.82095244121812172 -4.6962905682031719223
-22.771598862725376478 -5.2010113291044532957
-22.604678593302828915 -5.9415915806683834433
-22.242787989685531613 -7.2286591021080415231
-21.800434509939883299 -8.4766498308569779851
-21.283455139379395149 -9.6777910925542265375
-20.749230453115490747 -10.732857596913431664
-20.169505468433648332 -11.728914445882667295
-19.458082859378276197 -12.796100772833762349
-18.624486798528831599 -13.882913570439177064
-17.72382114166840239 -14.904446050873303875
-16.705025522981514996 -15.909009808231783012
-15.57225510042307981 -16.873601720091158995
-14.360924336258740652 -17.75805249585004475
-13.115920418300511585 -18.532557971588637713
-11.864053520447978229 -19.191416482636874719
-10.392770148460453328 -19.051047308511975586
-9.1011307397746570302 -18.923564427754740791
-8.4452801162328654527 -19.953038623916292238
-7.8317570200963100291 -20.626354567294914233
-7.0876387557335007727 -20.789347665580713453
-6.1733227342116903102 -20.949482577257956706
-5.0117529285540918238 -20.783729399057406795
-3.7073066506155951672 -21.167661522832403875
-2.3868711338818950907 -21.15880926434945053
-1.0420484647037144832 -20.733774331983788386
0.32323538090246994869 -20.865183937897981536
1.6168170394040561888 -20.590559383821386064
3.0049372102025930786 -20.193865484747007599
4.4112892379559509592 -19.677442338602475047
5.7765699982168356996 -19.056426884475591521
7.0599341314733443653 -18.353681506264699408
8.2202701951059733432 -17.60653281001856385
9.3254936060995632374 -16.781803877894738264
10.408915536110772138 -15.848086821612547226
11.380654398502748847 -14.884271307351601976
12.043241478836337777 -14.144535823809325947
11.67600451166159381 -12.784140441888864004
11.030777230147204904 -11.445660537365395015
10.082839069992058256 -10.276880266978539069
9.0897793865669562763 -9.1333951099519321559
8.0938427457869739357 -7.9929846181405110883
7.0518747873289724382 -6.9017687697720457862
