-1.7798680520942653516 9.8842897415161132813
-1.6092541882617474869 11.988920456947248283
-3.9010221851040469687 13.653439887478032944
-2.1742491944729813724 16.206977301583183504
-3.5583083629612026755 17.931877283506587162
-4.1711997879702309433 19.966144626051111288
-6.1229654681378153924 21.153342200199183765
-6.5486912637954546312 23.466700247409097102
-7.5446286718902513257 25.531551094025861204
-16.094341127930132274 17.508264458546516806
-16.649269329957974151 18.517205433599251307
-18.465168800751932565 17.000436004456545902
-19.483284897757965126 16.50192074821292465
-19.877353600347998253 18.146244663748674952
-20.898401301558077847 16.878149353504092289
-21.633485794067382813 18.985964264103571963
-22.347263443037846287 16.675460706031092428
-22.720180552934468921 14.996800235720593619
-23.833353320010697729 16.654789194791437268
-29.54866858600469115 27.662083089286078064
-32.143097640711090435 28.087469347035163736
-33.019495606002131183 25.555792104132795117
-34.693182854114539282 24.388553026399456769
-36.748741834318309429 23.494128788478484182
-37.715688707934504009 21.568693561526700364
-40.780318547845467947 20.938717169386887207
-39.5654640197410572 17.868121409986535753
-40.381293744125102307 15.975820411541580057
-38.945287154767733284 13.564025712278656499
-40.470380020808974564 11.864126212395301962
-41.571956501643597903 9.8842897415161132813
-42.970979125820491618 7.6416282977761103012
-42.521168971880506149 5.4444753065214577248
-41.534656235456544948 3.4180082185800770844
-39.682149914500868704 1.8485055729698274263
-40.266550881012058483 -0.8735150553110599958
-37.973606005772694516 -1.9875006311559886285
-37.246112413499005811 -4.1733850840154946837
-35.310180388611726698 -5.3052187405049675561
-33.647192109651960834 -6.6511634652385716038
-31.956357159575603077 -7.9954478687488048649
-29.716094276590361289 -8.2695488482552832465
-23.511785474005762353 4.1034693890516145132
-23.572399980639165307 0.76238730845895474886
-22.345437816471992676 3.1104942761827665265
-21.633485794067382813 2.0301385936377611685
-20.918240147823794928 3.0792075970205035063
-19.924918121081550026 1.8461151264388657722
-19.266221355368404744 2.5986173862869774709
-18.285024405436590911 2.3635292797039966217
-17.0581361435592882 1.959557386382135391
-15.364898760120508925 1.2563186504889589656
-7.4675428967217420961 -5.8485840393235246637
-5.9692962260704813815 -4.21981167528855039
-7.111677409048160925 -0.66642027934478065276
-3.2980287182205074714 -0.70169186983494924448
-4.6915406323172312852 2.3412491638806871563
-2.4826340776299318236 3.6618017571733867399
-3.1616760190129404862 5.9579854221160246652
-3.4482802018908493835 7.9729470643890074655
