-26.942205832093044648 -13.448850631713867188
-26.771593280150721483 -11.344218957013852744
-29.063360212200471722 -9.6797004449201331511
-27.336591990257847584 -7.1261625671230142132
-28.720645909189308043 -5.4012630792840337079
-29.333538519560999447 -3.3669955123669890185
-31.285303324476707587 -2.1798002137248335686
-31.711028550376717305 0.13356019849146427703
-32.706966848110432977 2.1984096945348081675
-35.034118504860671806 2.7397536419998296253
-36.208542093429940678 4.8888618499209641755
-38.883514921302065659 4.3224926481228820307
-40.939781792128684401 4.5741996278233045814
-42.500228779439744642 6.7603460663209276049
-44.770612834538866309 5.819736332846655813
-46.795825958251953125 8.037112678715384817
-48.799731961341201725 5.6170477144963655292
-50.421984801290754774 3.610901829789209927
-52.701536478748728598 4.7270681638393909907
-54.711008750189265015 4.3289427160560975949
-57.305433823352686318 4.7543300238079027054
-58.181833916358350223 2.2226526456923885178
-59.85552112492469945 1.0554116869127110334
-61.911080073760402342 0.16098877729303140427
-62.87802696257843138 -1.7644489544534511793
-65.942656743516607776 -2.3944228594839618296
-64.727806085420908744 -5.4650189500966099843
-65.543624386666195392 -7.3573195313232924164
-64.107629216813307949 -9.7691146163155160309
-65.632718283999949449 -11.469013267624518448
-66.734294758479535403 -13.448850631713867188
-68.133317384746561629 -15.691511578730384713
-67.683511055563570835 -17.888664532710727428
-66.696986791587391963 -19.915134519888393783
-64.844491983812289959 -21.48463516287824504
-65.428889045237554001 -24.206657310031118868
-63.135944254422042832 -25.320641373281723929
-62.408450585394461996 -27.506527220511458154
-60.472518632721182996 -28.638358171519605833
-58.80953033411294939 -29.984304338827474368
-57.118693403355585758 -31.328589256683240905
-52.999673175871471642 -27.382930222215225768
-50.840318298565684074 -25.896526909338490441
-50.151830780955371836 -29.237608627334331857
-48.208493854718028615 -26.889505739016875907
-46.795825958251953125 -27.969857591664975871
-45.379866049492335378 -26.920792387088965825
-42.498604797745699102 -33.665687563253527514
-40.647528887609468029 -32.37136092358963424
-38.600333989714187055 -31.856231641670014199
-36.483801225577984439 -31.309802306328712973
-34.136535740255197879 -30.872871806985873633
-32.629881064142814751 -29.181723378369675004
-31.131633504912819888 -27.552953690439291989
-32.274015256048357969 -23.999561102422195091
-28.460367474607611626 -24.034834003490864518
-29.853878195790045424 -20.991891616148773636
-27.644976870427502291 -19.671340780316455721
-28.324014048012639222 -17.375154524062807582
-28.610619298446504644 -15.36019288199885402
