-21.793655798523708711 -15.378662109375
-21.623043246721568522 -13.274030433341259538
-23.914810152768936291 -11.609511090579079706
-22.188038141023959327 -9.0559735709239959078
-23.572097774309952456 -7.3310740995556606947
-24.18498849243005111 -5.2968062636207715599
-26.136753249547556521 -4.1096110330571473668
-26.56248045507637201 -1.7962505146722307359
-27.558416890464396687 0.26859906009570622132
-29.885566564116427202 0.80994287972065492909
-31.059990170701020418 2.9590510980170243727
-33.734962973117418983 2.3926818824821545206
-35.791229840180633914 2.6443888618340167795
-37.35167684492864737 4.8305355436959338533
-39.622064588809571717 3.8899253194618133023
-41.647274017333984375 6.1073021547285684107
-43.651180022478115461 3.6872367134564143498
-45.273436232872704466 1.681091399794290453
-47.552991869924127855 2.7972574980330016103
-49.562456816444147023 2.3991319504571393395
-52.156885827149679358 2.8245191863367686835
-53.033285722316378497 0.29284193256200730104
-54.706972957167231186 -0.87439897848816983128
-56.762531970375171397 -1.7688219955725568155
-57.729478830426941727 -3.6942597086958173236
-60.79410476994142698 -4.3242335653254038164
-59.579254147789654894 -7.3948299583026511073
-60.395083876150586377 -9.2871304900155280393
-58.959077298213237839 -11.698925245299845344
-60.484166343081980699 -13.398824745285651261
-61.585746632258832278 -15.378662109375
-62.984765451041148765 -17.621322034094315967
-62.534959114645602085 -19.818476010371860241
-61.548446371256673615 -21.844943854772154168
-59.695940034273661468 -23.414444752553048801
-60.28033716690715238 -26.136466771938803078
-57.987396150172322962 -27.250450913353748916
-57.259902593172540719 -29.436336642003272601
-52.85545701864588608 -27.826611573405752864
-50.71194275652420913 -27.85511388817021583
-48.968402030205218978 -28.05922962780692842
-46.991917868644350165 -27.382930234541870362
-45.064733262391477808 -25.896530679071343428
-45.369340911567292096 -32.889610981649369137
-43.673677050807675926 -34.658605934738844212
-41.647274017333984375 -35.848523515737241496
-39.617582627559400521 -34.689892566130410501
-37.350052869792961019 -35.595500951019140246
-35.498976943785230276 -34.301174307655088569
-33.451782043502596764 -33.786041209625643944
-31.335249258889703583 -33.239611861762710987
-28.987983869052492025 -32.802685242646731467
-27.481331036714241378 -31.111532954211341462
-25.98308541964003382 -29.482763306229049505
-27.125465247902379673 -25.929370707726953071
-23.985050411615034704 -25.575950611187806771
-26.328962486636370954 -22.198814115914736078
-24.870280511552021352 -20.829835702641918971
-26.09114394612188903 -18.685218840037297383
-23.462069271589925279 -17.290003469853289175
