-41.559581735973964101 -3.6929153129330885008
-40.047585400365463215 -3.2805711067629195199
-38.488942469614649156 -2.9107625767701610364
-36.930299538863835096 -2.5409540467774034411
-35.371656608113013931 -2.1711455167846454017
-33.813013677362199871 -1.8013369867918875844
-32.254370746611385812 -1.4315284567991297671
-30.695727815860561094 -1.0617199268063717277
-29.137215991175224872 -0.69170743339907425629
-27.70535262574069435 -0.12466628154641884452
-26.681389892783911932 1.0705653156209582466
-26.429946120596781611 2.3522471845722474626
-27.013766549928774907 3.6979990779047136051
-27.670532645898674673 5.1399294013044958263
-28.594089812850512544 6.3610964329768489023
-29.719815833718403297 7.4213879886737910141
-30.1981897172912781 8.9200805719029450103
-31.198320401474557428 10.020143773591401626
-32.268266194292785087 11.017264940801828388
-33.421335754464621459 11.943297305796516383
-34.704254773003476942 12.822418501314523098
-35.96632699707219416 13.081472996867180569
-37.419945456922263816 12.399891553025907953
-38.943524127688185388 11.837813600681716508
-40.395452837005080937 11.88564182158742355
-41.562055319132532816 12.704689133139583035
-42.853964328592716981 12.435173922489974885
-44.084104353487148842 12.503672030093031964
-45.125457989403315651 13.457376383069279413
-46.099613392020657443 12.943735617433194562
-47.061966766688357211 11.642422678891856336
-48.091176901861395265 10.52858119754200672
-49.297926480293540408 10.746079182628433202
-50.680419595487933293 11.577934958544501498
-52.24411532714615447 12.029326440534131137
-53.68670398021529877 12.732740396943341921
-54.978207811921841142 13.432371543910015532
-55.803261031346188759 12.95386528098393697
-56.702446918626414174 11.967883036900056837
-57.800257689659289895 10.85134470305243326
-59.215793579605104924 10.061190896824058427
-60.393210488186753082 9.0877507045428753685
-61.361141939833174774 7.8951487745512842764
-62.088719547564018342 6.8578896088856193813
-62.628440826152285581 5.9861704423987891488
-63.093631887873364406 5.1440551012447990331
-63.526582432910771558 4.1107567234041892945
-63.778189941425644349 2.609803692859721469
-63.594758874531777337 1.1727766164151185446
-63.021804652642380518 -0.19140005435911164322
-63.603637144140847681 -1.4709248618231578476
-64.561645752438096224 -2.8047748952777231679
-65.359246342723821499 -4.2236681791085226578
-65.307036148858358615 -5.5520344256176015207
-65.16141405250195362 -6.9114784152908166348
-64.89405127551256669 -8.3929925579533133373
-64.516000384354668995 -9.8502241787727449207
-64.058089578704056066 -11.199775787874163058
-63.51567473860415447 -12.490740287390918795
-62.945650527541140207 -13.628104694138546193
-62.326466106392260258 -14.691759582203520296
-61.557290926030397316 -15.834612528096176476
-60.65795822847822194 -16.985379525637277709
-59.676453662842909864 -18.068054054394661279
-58.553797492938876701 -19.133228084293946836
-57.314402366990115922 -20.1366176535771082
-56.000111840992730095 -21.037383088770063466
-54.670198327217320866 -21.803459329759391494
-53.208918528247806989 -22.105834857024944995
-51.698673287012340438 -21.803436999784640449
-50.769123397687074828 -22.477619464866435806
-50.177672932830795105 -23.513793978160560272
-49.398674152476147015 -23.690714124185365819
-48.450805751258634757 -23.862479362115337267
-47.231620029873987221 -23.717323891497777311
-45.841760295675513248 -24.096997851946589719
-44.432576911927320396 -24.030716956537954587
-42.989910590798039891 -23.677980054257176334
-41.55729063449066274 -23.738042898662854441
-40.15410845850731647 -23.413500115943957525
-38.662580669154536395 -22.922673096236149348
-37.169581006072903051 -22.348999034848905154
-35.745613313328064464 -21.640513728798246973
-34.447737235733022487 -20.863806767179394086
-33.257603351412996062 -20.025793724532206852
-32.088446183801380585 -19.065302516576750236
-31.004136032226156772 -18.02833815638560111
-30.228671381443618316 -17.181596671669890242
-30.443230971635880877 -15.860368851449889505
-30.290127727610041575 -14.801897845558205091
-28.880801122742603582 -14.671619453408316858
-28.142138527310201823 -14.279186164425361483
-28.186255095516383307 -13.986560832870800652
-29.550187763034543309 -13.158084126934140201
-30.920238434418031659 -12.327870033097346081
-32.290289105801512903 -11.497655939260546631
-33.660339777185001253 -10.667441845423750735
-35.030390448568482498 -9.8372277515869566145
-36.400441119951970848 -9.0070136577501589414
-37.770491791335452092 -8.1767995639133630448
