86.654162957579814019 4.3830504417419433594
86.824779324693011517 6.4876816350986805659
84.533004794993033215 8.1522009537993778139
86.259782523395472253 10.705739454053098569
84.875726693698581471 12.43063847433807112
84.26283408786724749 14.464905794210574541
82.311067367851379117 15.652100627772307817
78.719534449508557827 15.114952686343174904
77.195853966243561217 15.9282020848763608
75.21662154776517184 15.966784395103763572
74.851276124369718445 18.327326997209731019
74.712859517903510209 22.154395184375118788
72.656592516478667676 22.406099336762558494
71.096141914378307547 24.592247617294809459
68.825754168843687353 23.651638347253033601
66.80054473876953125 25.869015182682669973
64.796638731570524783 23.448949741194542895
63.174385883322379698 21.442803377444704438
60.894830575577799436 22.558967862670655791
58.885358203711888336 22.160845251891487351
56.290932965781841801 22.586233427646423166
55.41453303735252689 20.054554247850781223
54.557992188114248222 17.979773986082907555
53.577185894733844407 16.289416868504364544
52.748929982258253801 14.592143469383662691
48.531750485008075202 14.930544342692426696
48.868564608313860731 12.366882592814292252
48.052734877939208502 10.474582531740974645
49.488749060493212539 8.0627867029353925687
55.888838569370008713 5.5299171782752232218
56.732208384831011472 4.3830504417419433594
55.843630391665442403 3.2314328048242906277
56.214174968213740158 2.1328476472227841931
56.666336381432273583 1.0902456335115493502
57.386461226485693032 0.19162934582768009761
48.167481589196363245 -6.3747542208218597182
50.460426438121203319 -7.4887393399878323663
51.187912250117143742 -9.6746235050796727251
53.123844347526116394 -10.80645749622394014
54.786836498390961481 -12.152403706012261608
56.477673366594771664 -13.496686687836888296
60.022902275514944392 -10.839769816165278016
62.412688360327898351 -9.121373015685245278
63.105256772094548978 -13.001901311480771994
65.047541060183718287 -12.295670868711255252
66.80054473876953125 -16.086810487783136381
68.830236127100647536 -14.928179538328027576
71.097765896034474054 -15.833786967323842276
72.948845609852952521 -14.539462238951774253
74.996040552400927481 -14.024328170495078183
77.112569490771235792 -13.477899791202553104
79.459838945944397892 -13.040971083599469438
80.966489618999645472 -11.349822794247749869
82.464739209414375409 -9.7210501106779716451
81.322355394488127445 -6.1676591392731854313
85.13600520610083322 -6.2029308904645539258
83.74249436629753518 -3.159989922405355145
85.951397647598341223 -1.8394377801007708584
85.272350939744910647 0.45674669893437913615
84.985753304136963493 2.4717081744581514968
