-0.76912286706143695447 -7.8066667361220476451
-1.3018949514620077323 -6.2138677656235348223
-2.4706264294271376158 -4.9940440214907777516
-1.9822292947787574224 -3.4867508031158864767
-1.8517521721897978182 -1.9624908566587837555
-2.6307530603674118552 -0.32934655710719312749
-3.4681290162539455402 1.3183225625422423377
-4.8352556854375974282 2.5641710330457256894
-5.5128383879096531928 4.2699485524871798603
-6.6589311124375267781 5.5579760239749127493
-7.3214549869006582128 6.1804957556711634936
-8.6655941414548500745 4.9026701494041207141
-10.023470040278731119 3.5646348341744391597
-11.381345939102605058 2.2265995189447567171
-12.739221837926477221 0.8885642037150749406
-14.097097736750352936 -0.44947111151460733547
-15.442654045623315895 -1.7305589496707398656
-16.568778889283994005 -1.9612673512392972963
-17.870246119546070673 -2.6874288807332153972
-19.013906755927429515 -2.7838708783600458752
-19.737200265650557185 -2.5137765875284339145
-20.453507569778849984 -1.9214738452710513616
-20.949780181572247528 -2.1664812071242631752
-21.351957935668870903 -3.9746482615409033379
-22.005333890330362578 -4.0863913045214612652
-23.343891998894928719 -2.813905934880704951
-24.804570543611635713 -1.5195208069526011663
-26.075194475693979967 -0.084022193929602861928
-27.312821652127162508 1.3726167765419645672
-28.550448828560348602 2.8292557470135322184
-29.788076004993541801 4.2858947174850996475
-31.025908676178975298 5.7410375412954168794
-32.353929179605785293 6.5397950657488239656
-33.95050826687421619 5.7606486663739744358
-35.494086104460414788 4.736395506113822762
-36.652598845221874058 3.3366474766335301183
-37.503446621966219254 2.1159770852776595973
-38.113199962526358888 1.1032795533060717474
-38.66719007760754323 0.045786103010138745617
-38.995050896207239077 -1.5687727211063284827
-38.963309910173144601 -3.2947116620272418608
-38.368730310444611575 -4.9126524724887339346
-39.211645134391204692 -6.4331555306184329268
-40.272300668734494877 -8.0697708158008705226
-40.656648788585492582 -9.707097496431876138
-40.513725493910001774 -11.290540415751728176
-40.206247405166600117 -13.03822441114671804
-39.811024974595397907 -14.53985404082699695
-38.859500306271797854 -14.619991492550482803
-37.040174234305162315 -14.040896735391452665
-35.220848162338533882 -13.461801978232438515
-33.401522090371891238 -12.88270722107341193
-31.582196018405259252 -12.303612463914383568
-29.762869946438652136 -11.72451770675535343
-27.943543874472016597 -11.145422949596323292
-26.124217802505388164 -10.566328192437296707
-24.30489173053874552 -9.9872334352782736744
-22.520838885457948209 -9.4818371247045387662
-21.946641705808634271 -10.121392912283777576
-22.945376974385677471 -11.646297120295388439
-24.054685161694916218 -13.192633436781935785
-25.163993349004151412 -14.738969753268484908
-26.273301536313393711 -16.285306069755034031
-27.382609723622628906 -17.831642386241576048
-28.4919179109318641 -19.377978702728125171
-29.601226098241102846 -20.924315019214674294
-30.710534285550341593 -22.470651335701223417
-31.815994808488138545 -24.016506417975325149
-31.979623965331029467 -25.205705821010973011
-30.846346063029102424 -25.926847501648975225
-29.793896261351516586 -24.857226729004107568
-28.698339122204245655 -23.296659326084967034
-27.602781983056967618 -21.736091923165833606
-26.50722484390968603 -20.175524520246696625
-25.411250300613794195 -18.615271638083264349
-24.2326559973797373 -17.117896199697828052
-23.171159962177025449 -16.487865645596698982
-22.949492496931885199 -17.993477420749258044
-22.525668925058319303 -18.479734479050456741
-21.552866670110621072 -17.423904676319939
-20.34623016899536907 -17.456064825884485714
-19.025797544330036004 -17.62289017241632294
-17.486376337818072102 -17.631114883889377865
-15.657753282416802421 -18.042293782669304392
-14.214181679272874348 -19.238864263593072224
-12.935192173075765965 -20.660874612257341454
-11.656575828561278385 -22.083394815183744697
-10.377959484046790806 -23.505915018110151493
-9.099329969293703968 -24.926753893878935031
-8.5699672800337989287 -24.617759309997552464
-7.3041265585992594112 -23.569575176134527794
-6.0749012327349323215 -22.363786244848260054
-5.5128136405515340002 -21.26958177530316263
-5.8017046286600466587 -19.664291658826538622
-4.4536259338975581201 -19.269083954764688826
-3.3991540136926801097 -18.76744269404845511
-3.0632644745580530632 -17.720910272850431966
-3.2289144958538140706 -16.161094315774924723
-2.0181658790134004988 -14.994726003947119963
-1.9926983916513374417 -13.326223997874118155
