-32.541878149597927461 4.9404644966125488281
-32.371265597795783719 7.045096172646290178
-34.663032494769410619 8.7096159495570351083
-32.936258577326753993 11.263152535381397712
-35.612234111499731171 12.412855286380013453
-39.160215839597611875 12.581855830530415119
-42.660509239016668914 12.013346621432308581
-43.777883051211048837 12.699799239309269794
-44.882614629586157662 13.284364401983067339
-46.897167057084260477 12.508264459578029459
-47.443710365099740045 13.517205325055774878
-49.25219401917382811 12.000435900612099971
-50.263553715052069037 11.501920486487389184
-50.651306215398918198 13.146244691576566055
-51.666315198226058669 11.878149361734664069
-52.395496368408203125 13.985964264103570187
-53.103374075726733849 11.675460759879133121
-53.470252339646997086 9.9968003829232685575
-54.627100400193228324 11.808642568364325243
-60.310679165127417889 22.718258319090629982
-62.905108204529625482 23.143644585043801953
-63.78150808408676653 20.611969246034071546
-65.455191552245139519 19.444728230295901028
-67.510754326481901444 18.55030400877937069
-68.477697374797642738 16.624866886289279222
-71.542327186330069821 15.994891497022759808
-70.327476498863873644 12.924296647684897721
-71.143302415748195244 11.031995629222688393
-69.707299660446409462 8.6202017850261061227
-71.232388694156199449 6.9203018607018984554
-72.333972798030316653 4.9404644966125488281
-73.732987794902811629 2.6978035495960313028
-73.283181464898987656 0.50065053214930888004
-72.29666488915918876 -1.5258174248523710403
-70.444162391813364366 -3.0953195625552467618
-71.028559517981364024 -5.8173401659512542494
-68.735614666817411944 -6.9313257650362682938
-68.008124956207481659 -9.1172095458948376745
-66.072189037666902323 -10.249043524721935583
-64.409204618739821058 -11.594988690236025519
-62.718367727249891175 -12.939273594338452256
-60.478104852066451258 -13.21337456949055067
-58.054841013839919128 -12.477197461091286357
-56.923070933916463332 -16.360099527512925732
-54.421899400360452148 -14.339478852074051929
-52.395496368408203125 -15.529397386586847318
-50.365808684904457948 -14.370765471909646038
-48.098275204660644988 -15.276371957400996848
-46.247199292679745497 -13.982049131470791536
-44.200004395900222676 -13.466915081064470883
-42.083471629291658189 -12.920486697445511481
-39.736206132982630379 -12.483556189159521921
-38.229555426189023137 -10.792408850409275445
-36.731305804541740656 -9.1636361580738121546
-37.873689369051092513 -5.6102453433091987733
-34.060039771657699248 -5.6455169323870730835
-35.453550503230957247 -2.6025759883811314666
-33.244643459818320252 -1.2820238451748018349
-33.923686360242719218 1.0141605694749653566
-34.210291614164745511 3.0291222633263692465
