-32.635368750183864961 4.922176361083984375
-32.464756198048291935 7.0268075571081753949
-34.756523104429092541 8.6913273798799046688
-33.029756833770640867 11.244865911810318693
-35.664648053528907212 12.41285528997251042
-39.222033015685482837 12.581855842478837815
-42.728830420745694596 12.013346557708144857
-43.851064222226973754 12.699799260046816585
-44.959641138478559697 13.284364529574716585
-46.977374884885151118 12.508264461825850944
-47.526646040418654593 13.517205522548247032
-49.337547559378627682 12.000435762095509773
-50.351101152279497342 11.50192053034541928
-50.740905520176070809 13.146244626832304547
-51.75788673250396954 11.878149332979905495
-52.488986968994140625 13.985964264103570187
-53.19878383179361947 11.675460721751928617
-53.567632751597869856 9.9968006337072434775
-58.394697489490916098 23.098095156637242553
-60.404169770495258263 22.699970658270185453
-62.998598752504115339 23.125358864076261511
-63.874998663280372568 20.593679695536472707
-65.548682135666879844 19.426438679710564372
-67.604244906937779547 18.532018279793284421
-68.571187976758892546 16.606579225704926728
-71.63581772160158323 15.976604905133580559
-70.420967096163096244 12.906008042701241578
-71.236793022375309192 11.013708905612800137
-69.800790249873386983 8.6019132251591390315
-71.325879292116553643 6.9020132733170616035
-72.427463398616254153 4.922176361083984375
-73.82647839729189343 2.6795156696417676834
-73.376672067947438904 0.48236258701987733133
-72.390155491366058982 -1.5441054361829351649
-70.537652991321721174 -3.1136074620855200834
-71.12205013421419153 -5.8356277975414556636
-68.829105269642468556 -6.9496134206457913507
-68.101615544832696969 -9.1354981715442882262
-66.165679643463363391 -10.267331178721752494
-64.502695214349230923 -11.613277306217405282
-62.811858347835439531 -12.957560287808760791
-60.571595449246586895 -13.231661276023999108
-58.14832453132790846 -12.495483988605858627
-57.016561525889052575 -16.378388141709475434
-54.515393701360444823 -14.357767476451428479
-52.488986968994140625 -15.547684091603937162
-50.459295579219556771 -14.389054095671429678
-48.19176974517840506 -15.294660596386133733
-46.340693692253488223 -14.00033583138356974
-44.293494992515938691 -13.485201784313904483
-42.176962210549859833 -12.938773391303726612
-39.829696750997385379 -12.50184481418802207
-38.323046012895943591 -10.810696496603959815
-36.824796417910981461 -9.1819247846368359234
-37.967179992879529493 -5.6285330339911645581
-34.153530360144500833 -5.6638045701221528816
-35.54704111026060076 -2.620863899963933541
-33.338141694528346193 -1.3003118760501450879
-34.0171769628569578 0.99587260321793191764
-34.30378221687553264 3.0108343459997777281
