3.1949416487454245228 -8.6287611583769781021
2.9372192079320620373 -7.2009335855832086182
1.8318984163763991635 -6.1675774661983151503
1.4908351568412292476 -5.0380790104470225543
2.2455063586084267335 -3.6984135556210140372
2.0398724481737247061 -2.4369659653039565939
1.3476919528392148351 -1.0552961557693034678
0.70893626177876656325 0.38156875858804140123
-0.42628341358377747072 1.4482781437935092761
-1.3069355427279005788 2.6696137499143857141
-1.909846405656324464 4.0655741712152568823
-2.9550379384726639387 5.1336111550593166442
-4.0389853309176633189 6.0895010900065891235
-5.2156298726107870323 6.9832770735769358339
-6.3800971380915996178 7.7427153759106488451
-7.4598607886767034358 8.3497683169589365093
-8.8657850425061024424 8.4886492986757531298
-10.403254134288367538 8.4420460135112680433
-11.327168809059310561 7.4757828591877926172
-11.934143511197017773 5.9963182372779639806
-12.536832344874508038 4.509913771316933051
-13.139521178551994751 3.0235093053559034537
-13.742210012229481464 1.5371048393948725241
-14.344898845906969953 0.05070037343384248274
-14.977671339680668439 -1.4256933811606438134
-15.792864130776267828 -2.55506823365150737
-16.429879645990261849 -1.9665949493909464785
-16.894879861598440129 -1.8090390364328832185
-17.311292845461654366 -3.2697156414277279701
-17.703471259756451417 -4.4390078321801400563
-18.485452933869332526 -3.7922188704157409056
-19.722933029252569526 -2.7862558255969220866
-20.880339473564244912 -2.0985781014530537902
-21.641283638148536284 -2.6855693975110561666
-23.012064461539662119 -2.7146748897523655941
-24.53888694654346736 -2.2294705383930319975
-25.973946915235369914 -1.5096853271921930606
-27.382981147191497229 -0.72212528649683638271
-28.791988437391164979 0.065504914477500328363
-30.200995727590843387 0.85313511545183684515
-31.610358151678173755 1.6384775326267233542
-33.065887981161488085 2.1264080558730604764
-33.627693567682328535 1.2987817630704583394
-34.13369820766413909 0.45181762537784209144
-34.595803722343013931 -0.41604656686561192203
-34.893564008951855726 -1.6346654132789473213
-35.197308050543135494 -3.1266524750553799095
-34.723567538482306816 -4.5361042697781552846
-34.423930676318107658 -5.8761730211454707984
-35.28210304180569068 -7.1478429943241588163
-36.179206035331390012 -8.5239490248946534479
-36.709092861120240059 -9.9288275058688437724
-36.630314699623404806 -11.235403430500266353
-36.447847196478335263 -12.647079230545681838
-36.144074387707817664 -14.130408858156938479
-35.73728957324624389 -15.560924189729282929
-35.25451828162866974 -16.885567280079257557
-34.694462872019450117 -18.142534866708579955
-34.120182847353547118 -19.233872153958916584
-33.461480037665992882 -20.315740285070269522
-32.642294795877035085 -21.477579712133277212
-31.820714005312417783 -22.488889152583013242
-31.213306733160482764 -22.650927574181608293
-29.894332926676703721 -21.730572921467576464
-28.573684434030127477 -20.805189486706694879
-27.253035941383544127 -19.879806051945795531
-25.93238744873696433 -18.954422617184899735
-24.580476058240574133 -18.118650750682711248
-23.0272968257562205 -17.888764863137382122
-21.404615375025905166 -17.803023575945385204
-19.98412281456954176 -17.014064776832878323
-19.026216175839078204 -16.418406263331419837
-18.823224089183128171 -17.567071551044456612
-18.679444268917819727 -18.672811433218615917
-18.031405871004519526 -17.869094523496400484
-17.162058311201334959 -17.420821679836429041
-16.239243787278017095 -17.431751133298035938
-15.620270613902864199 -18.053924232916131132
-15.188293646064204623 -19.581599739200449051
-14.760256728075022536 -21.129705833191025022
-14.332219810085833345 -22.67781192718159744
-13.904182892096645929 -24.225918021172176964
-13.476145974107465619 -25.774024115162745829
-13.048109056118272875 -27.3221302091533218
-12.588924242568625189 -28.785788014918409772
-11.753414399061467677 -28.753446145308689808
-10.30005388709657943 -28.303450287769923222
-8.8014086923458521028 -27.746135780484014077
-7.3620982206883667232 -27.056527556861404094
-6.0370192647507074923 -26.288996839352666512
-4.8353653384191339626 -25.46742623644000858
-3.6614497492648787613 -24.530369294587941909
-2.5493455721944382475 -23.4959960342151426
-1.7033882129594335453 -22.592777977079244067
-1.7158447319130190056 -21.418685027077831506
-1.7924013493475414727 -20.190523605560017018
-0.53891521452678325943 -19.945098517232668911
0.47447348721359716706 -19.59989954928350997
0.90076415623703809388 -18.846212953009739977
0.59427631421585569438 -17.549985360786280353
