-9.3460344530036891797 -7.9687438011169433594
-9.1754209475272325847 -5.8641121250832020095
-11.467188803391550778 -4.1995928004685030288
-9.7404206214957440579 -1.6460551086956369815
-17.112384789644504934 -2.5871447190042298203
-19.585730063526689548 -2.4181441647277921447
-22.342388412294184263 -2.9866532000530847668
-22.90409610123610662 -2.3002007870182561433
-23.569324795044391152 -1.7156357710816525497
-24.937164159537342556 -2.1019314144106369113
-24.412716220928707855 0.32247281556686147042
-25.222420230592796031 0.96426645683457223868
-25.324295702745907022 3.958373039150293593
-24.904056510163425031 12.24045338724965859
-27.174440442795770423 11.299843157244584546
-29.199651718139648438 13.517219986149466848
-31.203561379519314301 11.097154561532320827
-32.825812247428395096 9.0910091842192315426
-35.105367736928045019 10.207175543975637311
-37.11483637924617085 9.8090500404887528418
-39.709265513465666686 10.23443721104956694
-40.585665287646584432 7.7027600335150072652
-42.259348772465401112 6.5355190120808099863
-44.314911594036111353 5.6410961762543312403
-45.281854627193197871 3.7156583565889071963
-48.346484439260528632 3.085684398573521392
-47.131633749063510663 0.015088216397520781697
-47.947455863265361131 -1.8772120882622465032
-46.511456896879906253 -4.2890068924059789879
-48.036545950132435223 -5.9889064265252063279
-49.138126240413129153 -7.9687438011169433594
-50.537145057105306023 -10.21140422255975011
-50.087338734949767627 -12.408557168116022495
-49.100818318252450467 -14.435026121110754005
-47.248319640744966819 -16.004526924912227059
-47.832716795549501398 -18.726548905031556558
-45.539771934882978144 -19.840533093971203016
-44.812282232444040631 -22.026418776023213297
-42.876346317894530102 -23.158251801609274878
-41.213361893265258118 -24.504197928965041342
-39.522525017184008789 -25.8484828267739708
-37.282262098947114737 -26.122582871761110823
-34.858994530775319731 -25.386402873574212435
-33.727224196982142246 -29.269308817031763681
-31.226058452027402268 -27.248688115329606774
-29.199651718139648438 -28.438605684316339506
-27.169958474507900803 -27.279974740331695671
-24.902432529219957758 -28.185581223147956109
-28.753946482871565848 -9.3404831706729307683
-28.613002294717809093 -9.2863797556711809023
-28.476741178188227366 -9.2208613484876522648
-28.347764529362997621 -9.1412661064995859306
-28.229869221071975716 -9.0457963752296475235
-17.812825922100643083 -18.221488944214293326
-17.739534142246444759 -16.295005501182785679
-10.86419610113349421 -18.55472575210833952
-12.257707763134476409 -15.511783338777867414
-10.048805490334185464 -14.19123251611818759
-10.727842667434028812 -11.895047209622333639
-11.014446968145890082 -9.8800855979991784039
