-19.564724786374895871 -4.7144709234192152536
-19.808654356448990086 -3.5202613789601158167
-21.055183968576443476 -3.1732586773380337952
-22.560547304544556368 -3.0449730042387970208
-24.065910640512672813 -2.9166873311395602464
-25.550000072108431937 -2.7804542841412058785
-26.162467250277163799 -2.3186059751047660704
-25.312726530007349623 -1.2980880758851596202
-24.866012415521499435 -0.075282861133073336601
-25.060320431134119445 1.3445667141810153655
-25.015752118016642669 2.8144353922039204718
-25.385608656933118965 4.2443005960183928238
-25.363399347497072256 5.6824230395707244767
-24.997533739836502065 7.1399189747542042284
-25.118549324552279955 8.5111407748511069826
-26.037679559145647801 9.3999105430020328811
-27.045283047455942693 10.254815701740884748
-28.160239011147776722 11.077868345952243345
-29.241412452529463195 11.769579137367060184
-30.251171447404725967 12.331963937712284718
-31.572075465560786256 12.452590638077079888
-33.101341370898587968 12.561294666824720068
-34.619373376633802764 12.870611709724849803
-36.051165084094343172 12.766579466737868032
-37.356112474332846318 12.24564917812543996
-38.462426144879081846 12.823588784521087192
-39.4583171263599084 13.534883912879177359
-40.402843977027856681 12.790370054919385723
-41.34987439638931761 11.607198215032871857
-42.356672637349596755 10.559226242842449039
-43.483362899484113484 10.569667178541727992
-44.720331752508982959 11.362746830406347698
-46.127222036953135387 11.826993625398218413
-47.620836148250518249 12.133748012988785803
-48.924488056236839384 12.211459421616464027
-49.869977862439291982 11.6708587050828001
-50.741318233296063056 10.782783952457640098
-51.708284937845142792 9.6842999266478440035
-53.010349644465911467 8.9040254256107154163
-54.220797903936286843 8.0953762743479220632
-55.159583318763928617 6.9930464746487910332
-55.940716631021700778 5.9359176606589905134
-56.504623103736392409 5.0708547315896836949
-56.963239184590207742 4.2866018424618239635
-57.396932245869692224 3.4598155036408684282
-57.651940555081267803 2.2827575263836719088
-57.958992841290559284 0.88269481001504435103
-57.551974960166262463 -0.44262996812808169667
-57.130390396644465056 -1.7096340170374750844
-57.814604978032555493 -2.9013496184604203876
-58.703104022667645268 -4.1601370354096998128
-59.473544325401036303 -5.4920642355042081917
-59.42958034447342186 -6.7423554188937862008
-59.306233066050680236 -7.9974376239126980792
-59.076465722638303646 -9.3810028421772528873
-58.746057427132484463 -10.760380796529680936
-58.337656193854598996 -12.059344376404805388
-57.858709837402173548 -13.288176396342812779
-57.326853047728704382 -14.429422090529028466
-56.783427795208012867 -15.433366328863343142
-56.148738172697520099 -16.45750393700060954
-55.371669098127789255 -17.549569858547329204
-54.507263807015853274 -18.605322324036578152
-53.557638653536940865 -19.614816146967413601
-52.480743834151930116 -20.6073793700682657
-51.307887799760791836 -21.537750632683380303
-50.072271488265030825 -22.375569888950206376
-48.825768053734805108 -23.093492489251651989
-47.471061095999637303 -23.439133125958825588
-46.025640940724272809 -23.134703940792601173
-45.016252578809719864 -23.512490081813517406
-44.512478901770208495 -24.769589186608346409
-43.790158122268131535 -24.943377277348293575
-42.976109269109144861 -25.10566735546740702
-41.961391344178267104 -25.162217621431299364
-40.704224027068867997 -25.19271813059233267
-39.385878256953887444 -25.414535374294388248
-38.058125971905624851 -25.129595825223201899
-36.685533417409061485 -25.064925905381983284
-35.373833973791164453 -24.989996975462421602
-34.037975004614281715 -24.66188277670313056
-32.635224211625107671 -24.185369092898461929
-31.238246625330425843 -23.640462965999407885
-29.902503570753509621 -22.975830541326846657
-28.677323052868079145 -22.250356387624467658
-27.556010204741099301 -21.476135842314086233
-26.456842495168771734 -20.598982537780702984
-25.412654321694098769 -19.637497495901207856
-24.538861901904652996 -18.717013485329509592
-24.620631094113772264 -17.368145829303255567
-24.555915565791760713 -16.207396287843664595
-23.346138070235731732 -15.980288805807029817
-22.321820068605784826 -15.701283752794715554
-21.926047315553770289 -15.010565865696758436
-22.083810964326598736 -13.887611416879581228
-21.958923481214945639 -12.733184381639720328
-20.882916847926740189 -11.854149779638209594
-20.640708119734419768 -10.629605836380132899
-21.000692307751332777 -9.137739966637212774
-21.116076062044044193 -7.6671004231821617836
