-2.8339745260169948438 9.9579076766967773438
-2.6633605430189923879 12.062538392544702504
-4.9551286379862773401 13.727058677345217674
-3.2283604488280275291 16.280595273882983776
-4.6124148356163239271 18.005495215840149115
-5.2253065022631339787 20.039762564612033202
-7.1770716968220575893 21.226960125993052486
-7.6027975024870659837 23.540318186129795208
-15.190414876473182559 18.28436436049088698
-17.20193466516049341 17.508264459166554161
-17.745880547861652587 18.517205546156240814
-19.552054096580029352 17.00043593480382853
-20.561312380649763298 16.501920669475754977
-20.947109304174269084 18.146244695552855575
-21.960241624820699968 16.878149381450278099
-22.687591552734375 18.985964264103571963
-23.393634554431315564 16.675460742666921021
-23.758641012361280787 14.996800496262238767
-28.593307577749897064 28.133827496603199592
-30.602774344671683338 27.735701024466742126
-33.19720335728892735 28.161089213864649139
-34.073603232759047899 25.629410067836580822
-35.747290494713148234 24.462170984465700485
-37.802849514834086619 23.567746707555102148
-38.769796369953255066 21.642311502208592344
-41.834422348884771736 21.012335191653452426
-40.619571679903330619 17.941739358314034547
-41.435397598060646374 16.049438338667357584
-39.999394833613628464 13.637644540771932
-41.524483873231183395 11.937744137073583062
-42.626064167659222903 9.9579076766967773438
-44.025082979228983504 7.7152467296802598185
-43.57527665004599271 5.5180937756999153265
-42.588760081590010032 3.4916263762218591182
-40.736257576139543346 1.9221236175289817538
-41.320654703529953622 -0.79989694649684217609
-39.027713679415143133 -1.9138824470593327476
-38.300220128572931344 -4.0997668559314952574
-36.364288082985439132 -5.2316003029534048352
-34.701299803065992933 -6.5775455101517970036
-33.010462924909134586 -7.9218294528820543121
-30.770200035257353477 -8.195930913074619184
-28.34693442443817446 -7.4597537607538804139
-24.642158284007333435 0.76238748739304185165
-23.407283394135966148 3.1104942549775067562
-22.687591552734375 2.0301385936377611685
-21.964611355279281213 3.0792076235599399325
-20.963375999565471375 1.8461151247383007501
-20.29641270941396769 2.5986174082071391567
-19.306358172932103656 2.3635292471855979812
-18.069742567769388586 1.9595572664205871405
-16.365518722944738528 1.2563185963480627549
-15.18913003231859804 1.6300231793742394615
-7.0234024666931205161 -4.1461935073739653035
-8.1657836392868983211 -0.59280209849831955182
-4.3521354388612323305 -0.62807372551187334864
-5.7456471008550451529 2.4148672303653739846
-3.5367453230174845658 3.7354199212526166818
-4.2157824966199548555 6.0316038168006382847
-4.5023865602956654186 8.0465654412857468003
