-20.540655026072297318 14.837495806284666244
-20.785274111601413694 16.051711088086094037
-22.034394332351325829 16.473554562768008225
-23.542839067888689186 16.690837358315047112
-25.048921380652579671 16.909013826221642063
-25.989794044859966249 17.341001406154131104
-25.382382823436401509 18.362712773726538984
-24.840712054372556139 19.615187609722951834
-25.054825857240881959 21.040129726493248086
-24.99508532784695447 22.52905961581227956
-25.249241325625217058 23.960710505684719607
-25.561560586128670991 25.393432722414704727
-25.475613305365289563 26.903668309007560566
-26.065301015020835962 28.032888247295336015
-27.055764581910430877 28.989921469608450622
-28.093409180648514223 29.863695891547784811
-29.210845543094769994 30.680733277498305256
-30.285803631348638731 31.362045987978941497
-31.295889875760291687 31.919428665146600821
-32.649045768939203072 32.001161499404112476
-34.166948729439404531 32.156759597379341642
-35.589538522195844905 32.677555793257319294
-36.928427255212113778 32.764688982206820356
-38.21072454259005724 32.241974635124115878
-39.314998645356126872 32.721693535905316708
-40.310473979536133982 33.530939675420675883
-41.275840267733286737 32.944784398124006941
-42.243427176696883407 31.763173488360287422
-43.270897291336922308 30.664329367691458117
-44.408661279268365263 30.489754711361435113
-45.658168965970546083 31.262925326575427221
-47.056310042002643002 31.747409776818056315
-48.561865936576708691 31.956582323248600375
-49.846213008428946978 31.792297179143865549
-50.841241279288489352 31.225578295002833329
-51.717244394816070496 30.334666997401054545
-52.684208563541957915 29.236183608374769705
-53.986272546954452878 28.455909946094184448
-55.196722591921030698 27.647260798793638514
-56.135508457489812884 26.544930560053511925
-56.916642168695858572 25.487801224528674027
-57.480549089371450577 24.62273755189139024
-57.93916528935672261 23.838484351548778761
-58.372858198922557449 23.011698176199189447
-58.627868937659968651 21.834641794656942437
-58.934919308877041999 20.434578759569784978
-58.527902181850009811 19.109253933498017375
-58.106319256268179174 17.842249838590152677
-58.790534229329487914 16.650533769482201762
-59.679033278990885947 15.391746275206918071
-60.449469771268596219 14.059819542412961724
-60.405505846259089253 12.80952912380849007
-60.282158659966476932 11.554447212842324788
-60.052391338400731513 10.170881696551509421
-59.721982989436014577 8.7915033218807074888
-59.313581727615471095 7.4925395715154179399
-58.834635651746438612 6.2637081623102037753
-58.302779347901690699 5.1224632995066858854
-57.759354345728183944 4.118519277750923635
-57.124663981975416505 3.0943803097431814564
-56.347594239980423936 2.0023134410768488323
-55.483189043435132248 0.9465611351153775388
-54.533562972783471423 -0.062933566555519959707
-53.456667566745913689 -1.0554971390957135213
-52.283813002971172068 -1.9858671130541942773
-51.048198950834198229 -2.8236849310391569645
-49.801695738905806365 -3.5416076069847086671
-48.446986961800284632 -3.8872487139242668519
-47.001566333295173195 -3.5828191892499847704
-45.99217729382179698 -3.960605327351509608
-45.488402396792984916 -5.217705996894466125
-44.766080300901663236 -5.3914943019341130537
-43.952031048779076627 -5.553784310006335545
-42.937313116606183883 -5.6103329352004216446
-41.680147259458784958 -5.6408333981582030603
-40.361803319192269157 -5.8626516751015387285
-39.0340515153034886 -5.5777110584031159846
-37.66146024812961457 -5.5130414736917003893
-36.349762203787761905 -5.4381138611277712869
-35.013901728323240548 -5.1099994401649446729
-33.611151144505768684 -4.6334843627359711959
-32.214174608675271827 -4.0885804152097691144
-30.87843150732366837 -3.4239482014744631044
-29.653250943873416645 -2.6984742583345706635
-28.531937615896950433 -1.9242536032933230672
-27.43056967647394373 -1.0452140805300782489
-26.379627298263027768 -0.076757554770127356392
-25.545459932388808966 0.80051301130399821204
-25.403847013102403452 1.7723944771147055466
-25.78239098260049289 3.1209174500661438501
-25.044494677800862803 3.6457914110835321075
-23.543760156503694247 3.6077412276903606525
-23.087955299667633824 4.2087808735468001942
-22.789803266318010344 5.0265394349535581497
-23.166632130829572844 6.3322999517116667079
-22.362732145476716283 7.2827192697255984655
-21.575531401810046361 8.2892238819513277548
-21.814944516792458273 9.7125983805432944962
-22.102196705015369815 11.213738855973295117
-21.849379253579098048 12.583702717539646088
