5.962236478240209081 -5.6850619316101074219
6.202137283936860257 -4.0919887893409647717
5.0570779306930724317 -2.7067151458006470932
10.504295081621993546 0.63762642430171379004
9.1202363972116984314 2.36252560943133183
8.5073447306956282432 4.3967934343795711527
6.5555794924839396742 5.5839886714036097715
6.1298532508088356963 7.8973490585916739093
5.1339158480574198506 9.9621989453087458344
2.8067661803804604403 10.503542819140712083
1.6323424344974579725 12.652651049020391838
-1.0426301618158957396 12.086281818668016541
-3.0988952598045163001 12.337988824435129231
-4.6593455879222140936 14.524135256756494528
-6.9297290584622572851 13.583525028301171034
-8.9549407958984375 15.800901855656302786
-10.958849542705500824 13.380836426929395344
-12.581102162107990594 11.374691078542781497
-14.725374432991602092 12.074510819700616793
-14.780451593622697004 7.3992575582078643492
-15.509611572569211191 5.6679677238084860136
-14.630308844360015996 2.1264173384788946919
-14.677084945496073232 0.67002715656891354001
-15.252361927233463845 -0.0148351528035748359
-14.901861208450782215 -1.3643696087979426679
-16.904457961167718594 -1.0954029836316987456
-15.769773520844804438 -2.6509006623856739004
-18.484225737551199131 -2.5888082421848466197
-21.688327273524500072 -2.9784968777124634087
-27.79183502657842908 -3.7052247829465070339
-28.893413410823281851 -5.6850619316101074219
-30.292434131257820695 -7.9277228642015131754
-29.84262588664336846 -10.124876340337989333
-28.85611314333740296 -12.151344173799262904
-27.003606819303605846 -13.720845990777903012
-27.588003961118495511 -16.44286609023554746
-25.295061012641770759 -17.556851224464367078
-22.826490019137107623 -18.175062328840944303
-19.887235280486869726 -17.826611639792794506
-17.79699326476657717 -17.855113942401764859
-16.099164951673550661 -18.059229704262914851
-14.947877208413917316 -19.145425266663885111
-14.479001322543545882 -22.686373425514865687
-13.482514309460466251 -26.985626930298238335
-10.981346605063036392 -24.965006242779875123
-8.9549407958984375 -26.154923814809503568
-6.9252470891632658123 -24.996292872268334406
-4.6577216069787477082 -25.901899353641120172
-2.806642300726347905 -24.607572702266658382
-0.75944924322383222659 -24.092441510445109287
1.3570833203379102372 -23.546014094834958996
3.7043489038436323568 -23.109083613810859958
5.2110016230748517074 -21.417935236994878778
6.7092482773595101264 -19.789163606715305832
5.5668675368251658853 -16.235770951566156128
9.3805158129512058451 -16.271042862816244678
7.9870041270802012434 -13.228102390828937018
10.195910203383910186 -11.907550637054216125
9.5168635087499673375 -9.6113661888089687579
5.2432429862222207362 -7.1773511131911451599
