-15.72563532723610713 -5.5931495134760389476
-16.059640701781336958 -4.463093697995967446
-17.454110234101491983 -4.4151587974701014261
-19.046929775891918268 -4.569624602480091724
-20.639749317682337448 -4.7240904074900811338
-22.232568859472760181 -4.8785562125000714317
-23.825388401263175808 -5.0330220175100617297
-25.418207943053598541 -5.1874878225200502513
-27.011027484844021274 -5.3419536275300387729
-28.603847026634440454 -5.4964194325400290708
-30.196666568424863186 -5.6508852375500193688
-31.789486110215285919 -5.8053510425600096667
-33.344874765203300626 -5.9078704421544641079
-33.813803244136330761 -5.3487633055187115971
-32.706005171583960589 -4.3669341757569535289
-31.419388638723788176 -3.403813849194496477
-30.132772105863622869 -2.4406935226320398691
-28.846155573003464667 -1.4775731960695828171
-27.559539040143295807 -0.51445286950712576513
-26.297952892970336336 0.46893104621175563107
-25.396500901078756129 1.7438650265206476764
-24.867569723052881159 3.2967571158908119955
-24.529168292015214092 4.8964338854876148233
-24.470406453003011649 6.4948455495114654212
-24.852041958591179593 8.0719093235050252133
-25.013711085012431568 9.6908322048617474564
-25.362984487838204473 10.818410656633094646
-26.252613371850905821 11.320631771704132262
-27.584089953773631265 11.536692680889528262
-29.174912814268001426 11.680347838569607788
-30.403010740909060416 12.577493328696771613
-31.540328665273712261 13.23482098729428813
-32.900557236237062853 13.26872578389938262
-34.39201737741012721 13.366649360625444842
-35.750598985935511109 13.551381721687365101
-36.845266240859444906 12.513254227395238516
-37.911046227335546632 11.280333304074130041
-39.042519818070196891 10.401986803308373553
-40.339865097063402288 10.854834509306561685
-41.776632599347159669 11.49834200706209586
-43.388655719639132258 11.51396799792711434
-44.858445433095695876 11.405878548282593954
-45.930052305380918654 10.806574090881280625
-46.884283032211627074 9.9025616361297803536
-47.913242151121743007 8.7295910932718676634
-49.310565938651528484 7.9114580003518275575
-50.543418885622784842 6.9925321593748250848
-51.526504188931994577 5.8042795377364591047
-52.288585291213983908 4.7363973048331189375
-52.844177808932656148 3.851987665042646114
-53.313059091629057207 3.0153286530325313919
-53.79392291387829772 2.0441135262863330269
-54.010311117383224655 0.55773660949768777417
-53.949829942114895687 -0.8910719677082589163
-53.323647192925434979 -2.2632253127092516465
-53.755994806877282599 -3.5513595144985283802
-54.730821979963316437 -4.8682823975498390467
-55.560109880725164544 -6.2861637503824239204
-55.595140905437482104 -7.6290138745323305969
-55.463155076724291348 -8.9697914020167885951
-55.210803077178880471 -10.446355071422459559
-54.845448032492143398 -11.910923209174782755
-54.396642239150565956 -13.273905393765002003
-53.863787113111285976 -14.573524212004592471
-53.29435542892980493 -15.732957444054031626
-52.687766897771041386 -16.793906034348363931
-51.939456785231186586 -17.926454566103267041
-51.05109895842319645 -19.084605266379419675
-50.08329457979979793 -20.172109550331011718
-48.978553317915647369 -21.240636231402241663
-47.751220046728136026 -22.254614604268731171
-46.443322093949745977 -23.170204734513234257
-45.114508853475079775 -23.952836691371206967
-43.683940070574074355 -24.367818101530168917
-42.146989347694876926 -24.059091406910344091
-41.121030921001455738 -24.555563963324566146
-40.551899116482289287 -25.727790155677148221
-39.778709812492103026 -25.907571513412829489
-38.857524544779622033 -26.080134218060255336
-37.675440942837170155 -25.961068098675486482
-36.296076609269441349 -26.330315218989650106
-34.8870248207341902 -26.32713613915969475
-33.451289364445116803 -25.906106634590400972
-32.00430232906650474 -26.008575522158086102
-30.613332735190461165 -25.70007161261207429
-29.12717237058862807 -25.229186599607270836
-27.629626536152230187 -24.66842690051099396
-26.202170821874631201 -23.97611702833047076
-24.921152547754097384 -23.228409234761254964
-24.211099427757606151 -21.949023805836077372
-24.162740398825111043 -20.376513274988901969
-23.804232056360056902 -19.025123181534070227
-22.668150560856677345 -18.083879506182451991
-21.918825316492799971 -16.822015531045344972
-20.671948901435172274 -16.474363985067061122
-19.064581198258046868 -16.686672462720274268
-18.322149762717955923 -16.351594504797908769
-17.915369397854071565 -15.588726520653549912
-18.348580674326750994 -14.187313244923144495
-17.511167918044993286 -13.167014984582445791
