-19.136829779236599336 -11.342744827270507813
-18.966221042131724772 -9.2381131512367673508
-21.257989856886730706 -7.5735942789181098789
-19.531215933206365065 -5.0200567755906586598
-20.915269859713152556 -3.2951572672484115145
-23.53258560233176766 -2.4181441755338273225
-25.66982096637855193 -1.6647422113361844964
-24.778100453307779105 1.4541106420939904353
-24.901596634735149394 4.3045158431359382689
-27.228740543380322237 4.845859445516651931
-28.403163965201628116 6.9949675573560412545
-31.078137048143524623 6.4285984913218641168
-33.134407646620871901 6.6803054322666639564
-34.694850698666847677 8.8664518451367939633
-36.965242387319214856 7.925841648217758717
-38.990451812744140625 10.143218483158744192
-40.994357813778513844 7.723153042318543271
-42.616614003466139593 5.7170077334994218177
-44.896165994617241779 6.8331740180997293521
-46.905634604681452515 6.4350485204994569699
-49.500059677844873818 6.8604358282512620804
-50.376463507030372568 4.3287585071819822957
-52.050150746140822378 3.1615177729700327802
-54.105709770817838944 2.2670946848963140496
-55.07265281741445051 0.34165696872596029721
-58.137278671867619551 -0.28831662359553433816
-56.922428136922533781 -3.3589131719469200732
-57.738257860084132744 -5.2512136946603691356
-56.302251286742446723 -7.6630084768053912114
-57.827340326002570237 -9.3629074841859392109
-58.928920612971722903 -11.342744827270507813
-60.327939414296636755 -13.585406825434471756
-59.878133084192143087 -15.782558780800915343
-58.891620335116058982 -17.809026624537427352
-57.039114031283531858 -19.37852934119357684
-57.623511137937711624 -22.100547599255975229
-55.330570108914230332 -23.214535568838364554
-54.603080436425585731 -25.400417399415232467
-52.667148348205742536 -26.532252325391940673
-50.987390685760111353 -27.855113827302730556
-48.641719026460471298 -28.059229604315209627
-46.132001184079570066 -27.382930233452423607
-44.479001471575102755 -28.23477044130057223
-43.518026369639052575 -32.643309330063971174
-41.016854846217832176 -30.622688652634355577
-38.990451812744140625 -31.812604326284112943
-36.960760422969556771 -30.653975284025921866
-34.693226715547382355 -31.5595817328796997
-32.842154736289117523 -30.265258931954928556
-30.794955995142522909 -29.750122007228398502
-28.678423150331603608 -29.203694528117580376
-26.331157588140460035 -28.766765863111984913
-24.824510856645943591 -27.075617684958452003
-24.198705394551389247 -24.661292972328286766
-26.658532820974841115 -20.302407866813773296
-23.985050423660737806 -20.006116876558422746
-26.152433551629830077 -17.058599186117422875
-19.910655275853738289 -17.54214842698902288
-20.518643708004685067 -15.269048676349044058
-20.805247050001273834 -13.254087933364578689
