-14.403466627686306367 -5.9259161949157714844
-14.232852168465441878 -3.821284519548894032
-19.969903914634564046 -2.8890826397457867181
-23.275099093953969032 -2.3576511991157005355
-25.195730210238341584 -1.8915416893767531548
-24.858221520171987606 -0.49948083908780471774
-25.669820970704755325 0.31309398627252882363
-32.879886734617052468 -4.6858824612760257011
-33.014795742887379504 -4.5462153891548382489
-33.163837362423137733 -4.421191375581217109
-33.325425668721614159 -4.3122369180558042245
-33.497831440838474748 -4.2206069681079032563
-28.401037887815807181 12.097135517378649894
-29.961488678439174294 14.283280038414694957
-32.231870769109178809 13.342670769644751516
-34.257083892822265625 15.560048546024955129
-36.107063024310434685 11.675460745550488184
-37.6415587449700908 9.9968004264514771506
-39.969400592370014635 11.654789224333750752
-42.172266699105286136 11.851878576978549518
-44.76669568685453271 12.277265825164302981
-45.643095579977710941 9.7455866678803744207
-47.31678282907964217 8.5783466411675650676
-49.372341842843944448 7.6839242798680427171
-50.339288703164612571 5.7584852558749890505
-53.40391464542970823 5.1285123491338246993
-52.189064023277936144 2.0579159561565774084
-53.004889943056987534 0.16561561423873349952
-51.568887176491259083 -2.2461792247560166125
-53.093976218570261949 -3.9460788308264218571
-54.195556507747113528 -5.9259161949157714844
-55.594575322923148519 -8.1685766307836882305
-55.14476899670057719 -10.365729588181613607
-54.158252421677900657 -12.39219749539068971
-52.305749916227433971 -13.961700254083567074
-52.890147089336103647 -16.68371934566447834
-50.597206014465015755 -17.797707398489723829
-49.86971250454298854 -19.98358925718138579
-47.933780423073329757 -21.115424174565951887
-46.270792133200835394 -22.461370342669976452
-44.579955264997025211 -23.80565332449460314
-42.339692371939442239 -24.079753355692051997
-39.916424990798162753 -23.343577112113255367
-38.784658441103829318 -27.226481176377212989
-36.283486927817399703 -25.20586049695686981
-34.257083892822265625 -26.395776170766534818
-32.227388796776828883 -25.237147139904426041
-29.959864703902574945 -26.142753616946784234
-28.10878492014289165 -24.848428872703220094
-26.061591915020660082 -24.333293862887288128
-24.687975198786940467 -22.500094625156080497
-24.096412698642708961 -19.910881410019364068
-23.052400807184177722 -18.369976834386690712
-20.601462933710664061 -18.22148877801682687
-19.985252245958925243 -16.295005640738509101
-15.921627259774336238 -16.511896130534932325
-17.315138969843626882 -13.468956654134601081
-15.106237663105375191 -12.148403950359931258
-15.785274842116645999 -9.8522196034211617643
-16.071878190047513613 -7.8372580002974086
