-32.350101633965792303 5.7390622712280956463
-32.693049590619160938 7.2248062769171648156
-33.862786009680874599 8.3103287447470606253
-33.918835528321572781 9.5668292637794678512
-33.236273225833578238 10.928357619625680641
-34.099812466095215768 11.816011397818403594
-35.700475889244110306 12.349168382328734594
-37.40466439767199347 12.50453320850733796
-39.123319410531259166 12.512378948467560491
-40.827019544759863834 12.289479703612364858
-42.485499511455500965 12.220234901682804463
-44.023682060003949346 12.845128652012991921
-45.609533725959749972 12.933865439512969076
-46.986331338472034247 12.972279549327316417
-48.18241456033177883 12.766693254858632045
-49.534350910211117025 11.928209153875290127
-50.430061644999099713 12.452936725846328159
-51.24169669313830866 12.422058628263034308
-51.961580307524890543 13.063155068149335136
-52.49723348129076328 13.117667016322785756
-52.972794314346408839 11.571042427680668041
-53.488945150825315977 10.553976172751669438
-54.356334165644170753 11.572462577480198576
-55.184718123711462567 13.08225701423586429
-55.970780110708346911 14.598929022449581794
-56.756804875215280504 16.115607079538815327
-57.542829639722221202 17.632285136628041755
-58.328854404229154795 19.148963193717278841
-59.114879168736088388 20.665641250806508822
-59.948318818350436743 22.117809687005625108
-61.24676923363546166 22.808634473035191093
-62.393132807530662376 22.18462707353764074
-63.447239217072535666 21.319502845059485452
-64.501527782611219664 20.042455830129910055
-65.982933842477436315 19.170924718799724928
-67.265409211255203559 18.166007591710670255
-68.290789528386426355 16.902870066164929597
-69.048249021952884164 15.814571862189824358
-69.606667572376508701 14.899848173677852969
-70.098512787874028618 13.989658900772830918
-70.4400847646633963 12.731126626066812335
-70.737546121559418566 11.147391608794025686
-70.203161885212210791 9.6541734211134695443
-70.057473795592656529 8.2432118723434051333
-71.042283283668268723 6.8814864220235172354
-71.955468564492718997 5.3939962955742855044
-72.237898280191444655 3.9352845467309771621
-72.117530788970611866 2.5308330086584098773
-71.865986019167266363 0.97390639434283921005
-71.485085508484871752 -0.58438528864769256899
-71.008058194895596671 -2.0335626628293876905
-70.437264370434320426 -3.4089055342131757698
-69.83105646946309264 -4.6188575837723515605
-69.164906153914373022 -5.7527147261118969368
-68.326084208864415359 -6.9757921141572722945
-67.355756039303400939 -8.1831720436773309757
-66.278767777088717139 -9.3277007189762795036
-65.041961358769185608 -10.445292418159981551
-63.690230433340282445 -11.474245728890181795
-62.281704969706765951 -12.369954582133857457
-60.860422275213643672 -13.10449417644369241
-59.187364300640197712 -12.863943545289362902
-57.905995059715237971 -13.044353056579442551
-57.30192831734935055 -14.415037923487844296
-56.479507670525670449 -14.610682624783365213
-55.515860110007835715 -14.793900302451632456
-54.259716054737928914 -14.684760593940572093
-52.789641586424259856 -15.053246070096498954
-51.302236146652383297 -14.952745326166079209
-50.348569288662858412 -13.810713299178955182
-50.289707260164519198 -12.154279145248597871
-50.333175728209916144 -10.441043757017146376
-50.376644196255327302 -8.7278083687856984341
-50.420112664300738459 -7.0145729805542451629
-50.46358113234614251 -5.3013375923227954445
-50.436283701452005346 -3.9240940172269898056
-49.977819757733279005 -4.5940005607362248696
-49.328666989907766549 -6.1692850435699009282
-48.67825054531550677 -7.7505693802095736444
-48.02783410072323278 -9.3318537168492454725
-47.377417656130951684 -10.913138053488914636
-46.72681785029839574 -12.494058467779861843
-45.867736314261691177 -13.661199171564836874
-44.393623915057361273 -13.44687607560995346
-42.865112906795232561 -12.714555142447316882
-41.466849464721988738 -11.895855971182591304
-40.197519570318206661 -11.010749863347419009
-38.956354992762804557 -9.990998781691279973
-37.820001441151170241 -8.8947608553576493762
-37.040356371505993138 -8.0319470169750584176
-37.414702730090546368 -6.5112496074746122332
-36.871421841591704549 -5.6678459222108807936
-35.271588079988369202 -5.6094478169235273413
-34.823440218375090183 -4.850826671410105817
-34.800317025603270338 -3.7140093364065651649
-34.732258476464210162 -2.3834948743955299832
-33.581735174396769139 -1.3596246266589431251
-33.523627873147582079 0.1168072082832679881
-33.889430319245313683 1.8173381097108221027
-33.652898321515657187 3.3833708570530292015
