-20.833998129456325898 -15.135861396789550781
-20.663383669638690776 -13.031230680774910979
-22.955152475986821514 -11.366710414288590414
-21.228380476151617273 -8.8131728454275428675
-22.612438199792002536 -7.0882738595442429386
-23.225330825575724703 -5.0540060240393458457
-25.17709556258734338 -3.8668108219362267164
-25.602817034923372574 -1.5534503111758120042
-26.598755340161361005 0.51139929553720619992
-28.925903171641014211 1.0527432336885844677
-30.100332573519239077 3.2018513752684825135
-32.775299673895126773 2.6354821591429526961
-34.831570271118003745 2.8871890999715681403
-36.392017265309199558 5.073335778763315318
-38.662405013943299537 4.1327255553729891346
-40.68761444091796875 6.3501023904768594264
-42.69152044400721735 3.9300369494206819354
-44.313776644048331832 1.9238916381800592603
-46.593328625904632645 3.0400576859876125013
-48.602797235246228524 2.6419321883344721869
-51.197226261255956103 3.0673194160100152317
-52.07362614055227823 0.53564229140519792338
-53.747309611881760816 -0.63159872439878128603
-55.802872397985169073 -1.5260217642956046546
-56.769815445932110265 -3.45145948205703057
-59.834449130552272322 -4.0814335414582032513
-58.619594568086924369 -7.152029715172293578
-59.435420490271681615 -9.044329793539853668
-57.999413926075234826 -11.4561246219860422
-59.524502948925203327 -13.156024957417518095
-60.626087055842816653 -15.135861396789550781
-62.025102049683027872 -17.378522372656298955
-61.575295725499366029 -19.575674334857907866
-60.588782976257320456 -21.602142200472467692
-58.73628047078862835 -23.17164687194709316
-59.320681508752045374 -25.893664926301532603
-57.027732732609820232 -27.007653098195490315
-55.16911668873898833 -28.175062220060212326
-52.114413895180547343 -27.826611602799466993
-49.928686189697266684 -27.855113914373120565
-48.148924998385467688 -28.059229599240168795
-46.140355406196661647 -27.38293021782251202
-44.479001441146408524 -26.804554615616162039
-45.215188980586191292 -36.436426856918970429
-42.71401747134876814 -34.415804268798900978
-40.68761444091796875 -35.605721849477475871
-38.657923054030327137 -34.447090900174075045
-36.39039328689433006 -35.35269928338145462
-34.539317368822352705 -34.058372641867478592
-32.492118625963158252 -33.543239531600193004
-30.375591621572660017 -32.996810213834010028
-28.028320181456656712 -32.559881453631156489
-26.521669574566864469 -30.868735122113122316
-25.023421910879001473 -29.239961509308226795
-26.658532864519031591 -25.328584379383940473
-23.985050429236927982 -24.779090900498889738
-26.328962427786258615 -21.528747150239155417
-24.870280515653856668 -20.275224509211376756
-26.091143925677446447 -18.238437585406487074
-22.502409686674507583 -17.047203630075731695
