-1.1998518171586709524 10.694676948682774409
-1.635017974571056909 12.235168976631619842
-2.8270667210967772576 13.382766032252263244
-2.5960080492983221845 14.766698450858999792
-2.159156317098233302 16.229741336782026906
-2.8138042902857973715 17.735265425051309762
-3.5534809690257471715 19.350595745263987624
-4.7414500675226873838 20.615340143394885075
-5.7270437593258742837 21.993258476351698505
-6.4968871938262662269 23.498345574642311107
-7.5180262125926802241 24.51558136906139751
-8.3102004251766388165 24.289457226903294895
-9.6326734207859789905 23.050254487726864028
-10.955146416395319164 21.811051748550429608
-12.277619412004664667 20.57184900937399874
-13.600092407614008394 19.332646270197567873
-14.91170202369910136 18.170909826454153091
-16.090542449750060428 18.059770412223446812
-17.42542896884188508 17.445876596904049904
-18.773284885699968783 16.974142174931163396
-19.585527318165542709 17.596419061778899362
-20.484927006350716283 17.542202406138876825
-21.117824843271591817 18.393599990003153266
-21.658318924519491588 17.202318261306587033
-22.15612344225676722 15.688364376358054031
-23.04477918927939939 16.130888042563476859
-24.360022423097543509 17.307047949231328943
-25.438215893900892439 18.721939214233209725
-26.43664527431412381 20.227839665405142
-27.435074654727372945 21.73374011657706717
-28.433504035140611421 23.239640567749002997
-29.43193341555385345 24.74554101892093172
-30.430362795967091927 26.251441470092863995
-31.19443063127848248 27.120399893819261194
-32.076644920424840279 26.574362853190955036
-33.085642977086244798 25.172782880416285423
-34.606445272214472197 24.191845671133581419
-36.020729989922301684 23.179983592237643819
-37.112630420940533327 21.847893906311046663
-37.916722564994991274 20.693432903687273949
-38.50090477146290624 19.729883544507771376
-39.022554997396930787 18.749743447100129856
-39.349556415549351129 17.309003818157446375
-39.530855554071301583 15.650915496379541381
-38.859339802613476422 14.094007391284042896
-39.23734881901494731 12.636454151346613983
-40.313476413756568206 11.143791499617533347
-41.11116140406667796 9.5531810799881675678
-41.034247550971556961 8.0702869792993539022
-40.828846650200603108 6.4857277713547532016
-40.471504222915939408 4.8209749042719520773
-39.992680324190615693 3.2462381722623758762
-39.411591338011717767 1.7739805927492380277
-38.770908677510334428 0.45498188532227246128
-38.079612369110719783 -0.74287371788075162726
-37.20319941702123856 -2.0322401753560264126
-36.176068340723475103 -3.3102886085486318279
-35.025721603248086922 -4.5212209712169908471
-33.699346570510108734 -5.6962521371187726515
-32.256303098886832004 -6.7612730524715161096
-31.197599187427783818 -7.4245996192454697393
-30.187456521977576784 -6.1607214939066397008
-29.188469129574937 -4.6630888620504817865
-28.189481737172297215 -3.1654562301943238722
-27.190494344769653878 -1.6678235983381677343
-26.191506952367006988 -0.17019096648200957023
-25.192377574230945925 1.3273377841189104576
-24.139045142364086161 2.7852098655330377319
-23.17768899047061737 3.5554128459936937823
-23.014396969266570636 2.2360395300790716355
-22.799442173720663618 1.3921388269824892525
-22.017096201944283962 2.4646820791412555884
-21.021409583239567098 2.5324571529462795993
-19.898617166581058058 2.4598965947051700809
-18.548482274264685543 2.3435967248689397735
-16.828676166443944595 2.0294090786807572613
-15.144114076943260727 1.2976374523373519487
-13.713298473784568898 0.21160675527007125063
-12.367412306822654244 -1.0008914542996412145
-11.021748366560629506 -2.2137207818838717799
-9.6760844262986029918 -3.4265501094681023453
-8.33042048603658003 -4.6393794370523311343
-7.5539449818638981782 -4.8548397134797269814
-6.5863173598859585667 -3.8995228389758835874
-5.8717332084052298313 -2.9593317225782147517
-6.4670483607471282994 -1.2615492813094022484
-7.5144285484191328806 0.14615982083143547188
-8.8327892596528982949 1.3769543288788710367
-10.155510577012941908 2.6049019354121583092
-11.478231894372987298 3.8328495419454475801
-12.237751616467569704 4.7325567454404158241
-10.99790567536977548 4.4670105181493457991
-9.2793383782963427819 3.9224599482757045443
-7.5607710812229083075 3.3779093784020628455
-5.8422037841494756094 2.8333588085284215907
-4.1473688171122891077 2.565724629892063291
-2.635361495346785432 3.320457739292341337
-2.318803166395565718 4.780426705049853453
-2.7172101099847489891 6.5748771688835168092
-2.5199480933520037595 8.2473528700317988438
