-41.437379152154264261 -4.4301236392131375652
-39.935462625777638834 -3.9018872817510987794
-38.412384782832369012 -3.3953799778990525482
-36.88930693988709919 -2.888872674047006317
-35.366229096941829368 -2.3823653701949596417
-33.843151253996566652 -1.8758580663429140767
-32.320073411051289725 -1.3693507624908676235
-30.796995568106034113 -0.86284345863882161431
-29.273917725160760739 -0.35633615478677543864
-27.750839882215487364 0.1501711490652708203
-26.227762039270221095 0.65667845291731707924
-24.988503878058580199 1.3111402206803344228
-25.016030435944088595 2.6308759874844094284
-25.460148900061550847 4.1991388601238357481
-26.252212807659901728 5.5020735236282343195
-27.422515129163517855 6.5330805122672517271
-27.95651849545556189 7.99043920186539669
-28.872531878332836186 9.1552062403997389595
-29.939431064714298714 10.167947265311084948
-31.066261647458247808 11.090707453847011621
-32.258518959319339103 11.92983788745299023
-33.293978235367518437 12.559737844131937834
-34.352057106976957357 12.641772437684968722
-35.83872314224623068 12.014651881999855121
-37.372367139089611499 11.720515514660636569
-38.634484844801683323 12.349166242891774559
-39.834713452536597345 12.735614224983377696
-41.15549756850833063 12.251382522512303197
-42.286893640327406274 12.931272959448433468
-43.329125029951434556 13.509263451997293615
-44.370266299296339696 12.564964458548255166
-45.377756498463440948 11.286956791439719083
-46.415873190599839404 10.41631031569276189
-47.669583970616997703 11.001792590815901107
-49.103053169118382471 11.705088393711850614
-50.680926436846831962 12.093319223139371132
-52.169699372892630151 12.687974329002090101
-53.185284848518513456 12.475149998980537447
-54.195679522522944183 11.84948723093609857
-55.059264253589134341 10.553325652792912237
-56.387501458603210835 9.6487659721641438892
-57.752358188778750048 8.849213708236774778
-58.760768532808384634 7.6877945785831105496
-59.610239110286080688 6.5492838733478855318
-60.213228339736104999 5.6246896912984762906
-60.698547591138762414 4.7889936644410724398
-61.164787907005312206 3.8858587146312650873
-61.416098778447349105 2.5338604014827263988
-61.615816885915315027 1.0576937739937093408
-60.998187047145151496 -0.33364465105652452159
-61.015460449821816269 -1.650250133026473609
-61.976100084294586168 -2.933433351335926087
-62.832436845752525301 -4.3356447784374676502
-63.146388823565786197 -5.7160643861279192279
-63.04541259601515435 -7.0256372847091039802
-62.831725355948897516 -8.4746013021499830842
-62.499901090257637293 -9.9521497051352820762
-62.073532899445353905 -11.35326796879489919
-61.568318397434964595 -12.666675397780700507
-61.001340842281749133 -13.883707768644022451
-60.417628029297219427 -14.952219267601146058
-59.720701650155632478 -16.056270939754675453
-58.86682471850190268 -17.222791699752271199
-57.926950516007465808 -18.328923258808465846
-56.868421624030375483 -19.402556623226860921
-55.674228190716391396 -20.439897865935265031
-54.387030542408759004 -21.389631144201946
-53.059633310319760824 -22.21551547681843175
-51.712554295984247688 -22.881713469530243543
-50.136569678234245373 -22.648652475270889539
-48.880882486513058893 -22.727524179488099776
-48.301741138307512813 -24.047623316036784047
-47.554008438721304231 -24.346782196609090931
-46.698028258226287335 -24.519740318730065098
-45.612784508137565354 -24.569435573774615733
-44.265310932868196403 -24.671730275576855718
-42.858958912562741261 -24.831764720448198602
-41.435687055213335839 -24.453536713677294756
-39.961753258919991083 -24.575796116886067466
-38.588716124326367662 -24.303323226155370662
-37.121141066938115216 -23.898787344584043524
-35.619568079139106942 -23.355828751694904355
-34.163606237757313977 -22.693562646262755322
-32.803549023263350648 -21.940341683985398191
-31.57915007829357279 -21.135914460564197981
-30.402129562466544854 -20.231768318568455811
-29.264274537291999678 -19.212796848982822695
-28.325866532872396419 -18.242141912931170822
-28.041969044900991292 -17.257562104004339432
-28.339552137073329874 -15.866091060744683006
-27.380911849725670493 -15.402811144883088446
-26.07970025244732426 -15.22948814843985943
-25.659019706828409824 -14.504233302786236237
-25.789504771892357127 -13.35470758014218795
-26.77070480365830818 -12.196561554198376953
-28.181807256608284007 -11.484723023696908228
-29.638855932450130837 -10.820584023724777012
-31.095904608291977667 -10.156445023752647572
-32.552953284133820944 -9.4923060237805145789
-34.010001959975667774 -8.8281670238083851388
