-16.133129522888943086 12.705664634704589844
-15.962515063597987108 14.810296309404604287
-18.254283858986688927 16.47481652179764211
-20.793194082532512112 17.642348715014016136
-25.028766628097613989 17.584472794580495503
-24.858221521836362911 19.130722112842072136
-25.669820985842900285 20.20134835157175246
-24.778100461012769529 22.797974257104193896
-24.293755042314174375 25.692046794544658894
-24.993995517767757519 27.835887826880437501
-25.399463852625135729 31.04337614866316386
-28.074436704749331284 30.477007914541339062
-30.13070171463259328 30.72871777034269769
-31.691150556480142342 32.914860377703249128
-33.961534613336887389 31.974253029287929451
-35.986743640631949859 33.985964264103543542
-37.980552449892449829 31.675460740747308108
-39.61290990760448949 29.765416247075162204
-41.892461960935058585 30.881586328957890686
-43.90193053363653064 30.483457982474554626
-46.496359588342926372 30.908844240223640298
-47.372759450247002633 28.377168912469770135
-49.046442919814758454 27.209927896702346573
-51.102005703798930369 26.315503665562914648
-52.068948746713360265 24.390066549437108279
-55.133578537849615486 23.760092149661264926
-53.918727868868174369 20.689496316321847047
-54.734557604543269349 18.797197195343180454
-53.298551044896385065 16.385402347456548
-54.823640067447215074 14.685501998793938583
-55.925220356624066653 12.705664634704589844
-57.324239168193827254 10.463003687688072318
-56.87443283901083646 8.2658507337077278265
-55.887920102105624665 6.2393833860994316609
-54.035413762949225713 4.6698810475333765169
-54.619810906919276761 1.9478604760791498052
-52.326866043187209243 0.83387503294445330937
-51.599376332488674279 -1.3520092852725777988
-49.663440416168448621 -2.483842905101147025
-48.000455987054316154 -3.8297890325967998137
-46.309619120540517656 -5.1740720141881553218
-44.069356225357466883 -5.4481744313985096539
-41.646088792420627556 -4.7119943904981802518
-40.5143222985941307 -8.5948998680888699653
-38.013150773651467773 -6.5742787139820109132
-35.98674774169921875 -7.7641972484948063027
-33.957052648540731354 -6.6055653569131784764
-31.689526581192964727 -7.5111722968350740359
-29.838448771926117331 -6.2168461366785265909
-27.791255769191234748 -5.701714942972429867
-25.674722983254937958 -5.1552851176831211433
-24.096412556522537329 -3.6599750777438480043
-24.21666923903882207 -0.36632933211139651064
-23.850911741829040835 1.7785111865843248324
-23.598386526149436548 3.7049945023567421032
-17.651291132849575405 2.1196837034984525872
-19.044801889409392004 5.1626245976024378592
-16.83589483191469327 6.483176892640416078
-17.514937734209834019 8.7793607639908497475
-17.801541081893770269 10.794322384419603011
