88.221766009695059552 3.2658230197586224364
87.964043907775831599 4.6936505812731592613
86.858720182673394561 5.7270066615779038344
86.517655893812971613 6.8565049411496579168
87.272329235543679715 8.1961700845329090725
87.06669590307618023 9.4576171029468305562
86.37451891759754119 10.839287872200944918
85.735762857013710914 12.276152595690700053
84.600542369047659008 13.342862141663701436
83.719700387242681927 14.563898727629547736
83.116396839013731324 15.837333778060241229
81.695712626434044523 16.139488487039823639
80.104736112661697689 15.945365530883083949
78.597374977592522782 15.41577892997858612
77.276264760124163899 15.377358414937582154
76.211788637320680095 16.220363520919779177
74.879902504072731517 16.403244898006636987
74.329078820599917776 17.44372014327847964
74.239950197229603646 19.063286629933845262
73.953430808570303157 20.625216499288640648
73.095663737650482972 21.934549160728334272
71.848073177801879297 22.200104631719675297
70.455404202536612956 22.107288873409977725
69.268261571854850445 22.492548560330433816
68.224049570767860473 22.515324650109391769
67.187432567430022345 22.483971561368054637
66.143584362271113264 21.376778604776959014
65.086770495343131415 20.187242032991708385
63.810485694557840475 20.033702575485065722
62.329281599254315438 20.508202574315209432
60.747673941554694466 20.41725823387133687
59.231515946132162753 20.336227954114640681
58.147544218115818637 19.741100798878768785
57.14984351378098637 18.938477475644710069
56.192572093184011806 17.707168998488420186
54.846947678775812562 16.798415417332012822
53.518844415462595521 15.874678967439120214
52.44180204831076253 14.672948458270887784
51.65842813087887464 13.59338856411737595
51.102641436932550789 12.708687031211137963
50.633759889881879701 11.87202750780624072
50.15289588843494073 10.900811903579842976
49.952442816727668173 9.4318046673504198907
50.321730898743851412 8.3195146987348209677
51.71644777813326499 7.6168738156251514226
53.183055976128322584 6.9427172884899208682
54.649664174123429916 6.2685607613546920902
56.116272372118473299 5.5944042342194650885
57.504684289481573956 4.8650920712501175558
58.004485771573698116 3.6534290851426871605
57.272202943799527475 2.3107169293702667368
56.252032301922831437 1.081684357122627782
55.603661911049279354 -0.384807052670066152
54.689306483068264697 -1.7057607472340621246
53.534780027455596496 -2.8079567915572067882
52.302860218345990972 -3.8294513351908849863
51.080548102175001191 -4.857142907676156085
50.252425575449613859 -6.0820335610926203884
50.796447961570592611 -7.1421000809352577221
51.430103723673042282 -8.2112443223272482129
52.219866777189587026 -9.3631280779379668644
53.128873914729126682 -10.504787803400606805
54.125584058247973473 -11.584044363553207546
55.265534891100550396 -12.644879612726230178
56.370220023323682312 -13.529349595760745473
57.597795773769135508 -13.145395725043425017
58.941073311567699022 -12.243441627773414382
60.327844018658524305 -11.413180920670148666
61.872088441391795754 -10.843541318139376273
63.381599312648013722 -10.290480093606362288
64.27711035013768992 -10.616452313130247731
64.458532545977490713 -12.130783829845041666
64.59333317128837848 -13.742470347514066376
65.097768620221074798 -15.206986399319081471
66.101459163763834681 -16.446874738426824791
67.386762043519155441 -17.390520692746825659
68.793190749247671079 -17.478656414196088065
70.22143538312055 -17.068368397648843171
71.680318205898032602 -17.198498173937696976
72.91989961180988189 -16.946001187026880075
73.921207828697134801 -15.82905991391860745
75.229345685342849492 -14.955557265897017061
76.784842268191326298 -14.769308004132708945
78.303383368924272645 -14.808916234817203872
79.44134450290671623 -14.100657398394808695
80.564479843473975507 -13.290563580611781447
81.723804751915594125 -12.319397539781236972
82.784499917071485697 -11.28644127621639015
83.515535992590614001 -10.476677467118541642
83.180348474361650801 -9.0614566663681230807
83.507423325098770306 -8.1315292962946212896
84.989706627052541421 -8.0551557958235076029
85.630902070644566493 -7.4841071935451086716
85.990636651143958602 -6.6409043524740232201
85.60755925126274235 -5.2539508341434002503
86.51329005096540925 -4.2534680996081952742
87.187745038125271435 -3.1136620833354049509
86.860251217772358245 -1.5585003009063969071
86.650662159202440193 0.027209702819277196972
87.211046913297977312 1.4024563949970711985
