-25.146381781189724336 -0.59426391346274654026
-24.86620730895094411 1.4894002786911553216
-26.958488433057688383 3.1748869723311545776
-25.231718334241694635 5.7284240378595585597
-26.615774153321243745 7.4533239853563895139
-27.228664865503432679 9.4875918096349352027
-29.180431539105711636 10.674786577099039775
-29.6061568191118063 12.988147431368252782
-30.602095183540711787 15.052997326278310553
-32.929244847909174609 15.5943411971313175
-36.543689888687239886 13.517205396042591303
-39.083431739332660015 12.000435868195037159
-40.760662737688427626 11.50192066947023406
-41.770316969017912356 13.146244655086162467
-43.380045139402739096 11.878149370435028942
-44.690952301025390625 13.985964264103570187
-45.980552395691063339 11.675460746444105808
-46.942152614617036477 9.9968005242672060007
-48.670911888638322296 11.654789252532994581
-50.301344617427055539 12.006885936252238878
-52.76053865833024048 13.382673601863945834
-53.834799379071590408 11.991163524434020005
-57.750647481286449647 13.909999229609377736
-59.806206409865758644 13.015575996903617551
-60.773153306555265374 11.090137883566121957
-63.837783045468526666 10.460164527734043816
-62.622932432713575679 7.3895681178475296491
-63.438754539657651321 5.497267083719715508
-62.002755586089250528 3.0854728139315779067
-63.527844624475989121 1.3855727594446343165
-64.629421101252972903 -0.59426420927047729492
-66.028443730675490997 -2.8369247090319689164
-65.578637400799522084 -5.0340779198682072959
-64.59211698779419919 -7.0605463689021821239
-62.73961832146721207 -8.6300476194429727173
-63.324015456466142382 -11.352068682857396453
-61.031070602513381118 -12.466053811030613829
-60.303576980496060855 -14.651938653789207123
-58.367644977448577492 -15.783771568502933391
-56.704660538293630623 -17.129718657307691387
-55.013823669033563135 -18.474001639278110787
-52.77356078085210811 -18.748101667754070832
-50.35028988255628235 -18.011925327583181655
-49.218522705045458565 -21.894829558806140568
-46.71735533088565262 -19.874206902525862972
-44.690952301025390625 -21.064124483144464506
-42.661257209851683569 -19.905493545445761328
-40.393731145786262005 -20.811101916790086364
-38.542655226295963189 -19.516777182027329474
-36.495460324050910117 -19.001642175633477905
-34.37892755305029624 -18.455214742562962016
-32.031662111350456712 -18.018286179979870809
-30.525009370717086199 -16.327136827942148045
-29.026761745148490945 -14.698365170853376682
-30.169143493824726932 -11.144973530498146985
-26.355493764447306404 -11.180245403200977705
-27.749006453568345165 -8.1373040784133081615
-25.540103209975406173 -6.8167527386204866957
-26.219142295564306977 -4.5205679107126854888
-26.505745644938432548 -2.5056060777020090491
