-21.170743233134519556 -4.2415355246156725144
-21.412010639645000509 -3.022437655887073138
-22.648592579863805696 -2.5823308187842308747
-24.142127398944285943 -2.3433302464898617679
-25.623699932856315087 -2.100320173616593955
-26.345667358571549954 -1.6027068139833098304
-25.555894926004768308 -0.59758768999220579499
-24.850275320771412879 0.57146548686012788032
-25.027279930749177339 1.9504724268854454206
-25.014070972373314561 3.4249914625772674981
-25.116474647734143844 4.8730109929214266984
-25.592513367005025771 6.2766789418347599394
-25.882266914240901201 7.7439736906193497035
-26.62470793033105565 8.8802828130386881611
-27.619003922020528563 9.8503020105439205167
-28.651187483221924879 10.727551248786783233
-29.766268471397378192 11.550702654331267638
-30.847442301143672694 12.242413336205711261
-31.857086484957388706 12.804738156959746931
-33.146507093336886385 12.753851988403594575
-34.54301116561992302 12.122465447962706975
-35.826495472082122262 11.891425881010807331
-36.912979538153642523 12.644507727893250504
-38.103668735889669961 12.59464067013096944
-39.327086784179009271 12.268550173767362566
-40.359100295460308416 13.107503866209810894
-41.325269034131139279 13.45079404066283324
-42.266702239582194522 12.419600286240706666
-43.242407329261524751 11.214785392520200347
-44.303541010385274035 10.439697759893354245
-45.493185735169994643 10.93808318505182875
-46.813201982734213402 11.636840240566444393
-48.302296692623301055 11.992401193984612462
-49.736429200048334565 12.478859546736527975
-50.83704193100653157 12.516472896062190046
-51.738685225170826243 11.981059881029668901
-52.551266154475491987 10.920056773825978169
-53.645540165683478051 9.9267547684758543625
-54.981539932506940715 9.199894167886183638
-56.081348538210825438 8.285012781009790217
-56.998861713486093095 7.1651640043991768891
-57.712287586359948932 6.1647538349178852002
-58.240516905516855672 5.3297652525942975643
-58.684278004015482111 4.549126762762741194
-59.12435937434433697 3.6831237569461467984
-59.338937152402465358 2.3790211267217218349
-59.544030525200234649 0.99402578138679231756
-58.970478306429704674 -0.31357965225335926451
-58.822852403608500538 -1.5599067800136043882
-59.677914829606585556 -2.7505690301842320444
-60.516858917642458948 -4.0421291205351392861
-61.075246500180256248 -5.3648641949995177214
-61.011483007990804595 -6.5925948343925515616
-60.861781536308427576 -7.8863867698756804359
-60.603925341614385047 -9.2784143909653522542
-60.249054285710201384 -10.645983178774113043
-59.824329361300222274 -11.916106270315530935
-59.324352545110627943 -13.13539182426724139
-58.790900272944703886 -14.232433407333241249
-58.233190366527026072 -15.225788635723532138
-57.560857304184523286 -16.272037572402851424
-56.752355172236242709 -17.366408197517788636
-55.871785812050347886 -18.402757313949202
-54.888082331193452035 -19.410107009441738057
-53.781823774537713234 -20.390409250606204239
-52.588889468828497797 -21.298516126936590354
-51.346081618124614465 -22.105864795357714314
-50.096588146611750858 -22.79395740066804521
-48.682591173507098858 -22.906446054635264176
-47.292591471453242491 -22.633756168067410641
-46.469605473888009328 -23.355142914035987189
-45.921995318250466767 -24.346853674337353368
-45.197319561830894941 -24.513441346670852283
-44.332636329377422157 -24.675586726628324641
-43.242911850318805023 -24.573856569496694391
-41.960389002738040176 -24.878368521334454755
-40.640979253863662279 -24.937083533454419637
-39.304819916380573375 -24.54491629923796836
-37.918919838019903068 -24.690550702170835251
-36.634669009444095877 -24.441679148928287191
-35.270354003328698411 -24.079588881031952496
-33.858954936227945609 -23.592916745460872363
-32.481057474798390672 -22.999111357544776979
-31.168968990284156462 -22.313627022302249259
-29.977706066196439849 -21.577559838376956236
-28.867668653461453943 -20.780640487927740878
-27.772717979632414398 -19.87252634427807152
-26.753263145381719568 -18.897277016499295144
-26.004999519927174845 -18.08544300001758387
-26.094324439042374308 -16.933509779772297321
-26.182628328503923854 -15.769893323772917526
-25.052064115816605749 -15.506868697602101292
-23.954042080848211071 -15.272006382190337348
-23.559549405072456096 -14.587809475841780227
-23.657234787225494443 -13.50408680598292932
-23.617570790773605438 -12.323953903143161526
-22.550005219877132134 -11.4450268616316162
-22.229114632732194679 -10.252008724252142713
-22.585991194250020442 -8.7652714160452855907
-22.733656391316444001 -7.2872593223670332208
