4.9747753881523166797 -8.9194250106811523438
5.145389370536022966 -6.8147933353142748913
2.8536210358357756434 -5.1502740009589720316
4.5803892199020843634 -2.5967361997948090746
3.1963350789461841828 -0.87183705518840248772
2.5834434104121442033 1.162430714286873723
0.6316780567592878981 2.3496258266379346225
0.20595224625000163599 4.6629864561824003744
-0.78998558718132194656 6.7278358631093979625
-3.117135139043618608 7.2691797400117579286
-4.2915590110909214161 9.4182884507559698761
-6.9665313071820094137 8.8519192185161372777
-9.0227963561677348991 9.1036262271653711764
-10.583246165231738445 11.289772648796649435
-12.853630152742569592 10.349162427454146496
-14.878842353820800781 12.566539253422416067
-15.466887369549377595 -3.3245392717534247851
-15.711259744316397047 -5.0031997347208543303
-16.690012395990564187 -3.345210850837971428
-17.517403481488099004 -2.9931141229551032623
-19.094707878353364805 -1.6173263012600429533
-19.173130862525553653 -3.0088366651351687864
-20.336001366949520985 -2.8586336901086708551
-22.260691278483470512 -2.2727721222271775048
-23.616279623252868447 -2.5713020391792111852
-34.025672133057256019 2.1350034482747872744
-32.810821533117987769 -0.93559292486410772227
-33.626647451815657064 -2.8278931761391197242
-32.190644685769555622 -5.2396881689239060975
-33.715737538935982798 -6.9395876308382220543
-34.817314015071332278 -8.9194250106811523438
-36.216336643612571322 -11.162085936060002211
-35.766526494666521785 -13.359238924811400295
-34.780009918305019312 -15.385706820915515891
-32.927507423315574897 -16.955208593542039353
-33.511904562945957764 -19.677228696662005802
-31.218961611397066491 -20.791214787932691621
-25.158267582332342727 -18.17506233932135018
-22.89890637858411182 -17.826611611148194925
-21.370998494690525149 -17.855113867589125221
-20.155707345388119478 -18.059229705897301699
-18.647033043954472475 -17.382930213283707133
-17.145837811643541926 -15.896530591119720555
-17.072035996444547834 -19.237612623651884292
-15.716527809249351222 -16.88950571777643006
-14.878842353820800781 -29.389285463369073881
-12.849148188312632612 -28.230654522726524647
-10.58162218396978993 -29.136262903755671516
-8.7305433804148613319 -27.841938165069681332
-6.6833503720489773059 -27.326801246373538135
-4.5668180704873897469 -26.780373808397875734
-2.2195524210946100396 -26.343447173667428274
-0.71289982566368692574 -24.652298801930051297
0.78534732434624210384 -23.023525197852343638
-0.35703388286707671284 -19.470134481294422812
3.4566145090392872419 -19.505405438044231659
2.0631027918200643967 -16.462465028452164972
4.2720043520880643939 -15.141913244948140616
3.5929671779811016563 -12.845728875986091921
3.306363353203654043 -10.830767252466735329
