-41.760029523505124871 -4.1173835181929110405
-40.26500116164091736 -3.5792933858680751058
-38.746876156196840668 -3.0713406672922793916
-37.228751150752771082 -2.5633879487164841215
-35.71062614530869439 -2.0554352301406884074
-34.192501139864631909 -1.5474825115648929152
-32.674376134420555218 -1.0395297929890974231
-31.156251128976482079 -0.53157707441330159792
-29.638126123532412493 -0.023624355837505925382
-28.120001118088339354 0.4843283627382897194
-26.601876112644262662 0.99228108131408532255
-25.226563794963688281 1.5503890664731703186
-25.182390187241203705 2.5799576966568684711
-25.891799527648274193 4.004835135237231114
-26.574219284532873075 5.4071597349237547903
-27.76784126020652721 6.4296016765399830462
-28.50501335641845202 7.7467876314144978878
-29.214660265385720805 9.0635145687174869522
-30.271124630358947627 10.113598828332619917
-31.367851211088840557 11.054343933494504171
-32.556005345930920214 11.931483273220038654
-33.659719880457011243 12.633177989668908481
-34.535410198673176296 13.044216349951339495
-35.966705833254401625 12.292349447586643052
-37.475485260419269196 11.778916392557531978
-38.883102201277097265 11.975163211683195641
-40.070039680775508373 12.755090872429629911
-41.371620759533328737 12.378507902751392677
-42.571221544093596378 12.534703655286916657
-43.603461326604850967 13.472379437255579404
-44.595202824678622733 12.943933147154879748
-45.58855000978226002 11.6424226678124203
-46.651417765105776425 10.525753255225813731
-47.861238214413063474 10.7191070651982443
-49.213054263145252776 11.543347996941804467
-50.759309059739130987 11.962839842594767958
-52.292709064468489544 12.504329158975432179
-53.624957411131163099 12.852095636373405796
-54.627932662663866381 12.249627370950271654
-55.507198022319066411 11.000884848665114291
-56.788333600220440189 10.044905105374358101
-58.221257949212322558 9.3007839791443487343
-59.242891006998739556 8.1616406937934247168
-60.140040951160699478 6.9918894073097135333
-60.778209946607105962 6.0360106373571493776
-61.278460300151422757 5.1927203675755269074
-61.741017775109867216 4.3174063616550206746
-62.023254449044188163 3.063827177883434949
-62.312610579333970406 1.5750928552963014972
-61.792861194553381665 0.17053514349703621789
-61.567298299510540005 -1.1639370669744768527
-62.460477177865215026 -2.4369393214302745854
-63.346055464070424534 -3.8205138150249005058
-63.822310773195248146 -5.220175715624558066
-63.738130739160112626 -6.5255690084001045648
-63.547934318782822061 -7.9474300201307261915
-63.237053030764798223 -9.429808432765110382
-62.825121626116981588 -10.853459526020543535
-62.336915401807360126 -12.174729881367474249
-61.774540562005327615 -13.422674944801372021
-61.198547240689634918 -14.506953475019351174
-60.530714380003331598 -15.593990379294986326
-59.702306414001910184 -16.757971360764670976
-58.775942616036836341 -17.878952169753304702
-57.745040979519885127 -18.954425631077853609
-56.572865612669502866 -20.003358647698817663
-55.300515223381239593 -20.971904021341373436
-53.974778541816512245 -21.824000683576407766
-52.641162294074014483 -22.542143083191596986
-51.092984481389564166 -22.47350324839552016
-49.724395831570276982 -22.35849593716836381
-49.053361151262699025 -23.509208645242523517
-48.363859221429073898 -24.066379995639696432
-47.541501283014518719 -24.239553121408057734
-46.513448846232172684 -24.40598556807062991
-45.192574027909181211 -24.316484934957973252
-43.788221217932495222 -24.586458632892650655
-42.371760587022635036 -24.288940420625888095
-40.903513976423944598 -24.279282743736725791
-39.516849460160543117 -24.115369052494695978
-38.069727533453608714 -23.738326108523537528
-36.56484997266005621 -23.219365900540957171
-35.098330020110296346 -22.578640756012600121
-33.714203542196514718 -21.838263120002469719
-32.467910303283112228 -21.044012358874713442
-31.288805675556037755 -20.164037725437516713
-30.137658776681035988 -19.162356735055919188
-29.138836317416618726 -18.154875171962999048
-28.617155532186295375 -17.29777369824684996
-29.014883817407000066 -15.831633596513718487
-28.32087018618981844 -15.172827461709456287
-26.8271050028387954 -15.113690480844418573
-26.406365284332430576 -14.40154669774352314
-26.321948203772691954 -13.376043089158100585
-27.209004755715870516 -12.117619340335057387
-28.579247347678581548 -11.355014198349490329
-30.039865418068444569 -10.68514733953993634
-31.500483488458314696 -10.015280480730384127
-32.961101558848177717 -9.345413621920828362
-34.421719629238033633 -8.6755467631112761495
