-21.783398077576443086 -3.8150203227996826172
-24.833233065139680207 -2.0488724659232859793
-26.830490101356701871 -0.6677971412773349158
-24.561895645731834037 1.7330231456729308093
-25.195730212815650617 3.5051111341381080422
-24.858221516188311995 5.8722196196914406841
-26.126495542680487461 7.4540300576421643086
-26.552220811375605081 9.7673908971663809808
-27.548159142926550658 11.832239809449795587
-29.875308842937528198 12.373583712453363859
-31.049732425501687771 14.522691916916084409
-33.724705261859057259 13.956322719696935053
-36.660237149832710202 11.50192071247634118
-38.031787750342097354 13.146244652247776941
-39.987592906170021934 11.878149371145275026
-41.637012134248649886 13.985964264103529331
-43.265128946528058407 11.675460732273819531
-44.598768832369607651 10.11892996312623616
-46.663458215598012657 11.654789172792286323
-48.681380050592721886 12.006885921659856464
-51.566103418616350496 13.38267367119501472
-53.023027987107553827 11.856482775824636278
-54.696711460198770283 10.689241759984099644
-56.752274252447413971 9.7948194300213877739
-57.719217300713197005 7.869381354460733391
-60.783847081651373401 7.2394074494302227407
-59.568996421912324024 4.1688111240900296295
-60.384818537284417062 2.2765114996600139818
-58.948819566804459669 -0.13528385654177954578
-60.473908619509124662 -1.8351834105666049446
-61.575488911311566653 -3.8150203227996826172
-62.974507724684471555 -6.0576810142418988647
-62.524701390414996638 -8.2548344776620545815
-61.53818099693343413 -10.281301426748377992
-59.685682318714306405 -11.850804145969187076
-60.270079438136448857 -14.572825237332668991
-57.977134595915487125 -15.686810344488977265
-57.249644890166351274 -17.872694120246627847
-55.313708957829604174 -19.004529066427288342
-53.650724529300497068 -20.350475191233112326
-51.959887685227819532 -21.694756250663303376
-49.719624777206796296 -21.968858198073519361
-47.296353888254529352 -21.232681854986235948
-46.164586692870116735 -25.115586091169827654
-43.663423026470852051 -23.094963445319226736
-41.63701629638671875 -24.284881013906183256
-39.607324908777343353 -23.126250064526931993
-37.33979514398373567 -24.031858448154643781
-35.488719221021547412 -22.737533712582482792
-33.441524320570223949 -22.222398706910759358
-31.324991528278566477 -21.675969354352218943
-28.97772612196200015 -21.239042721821515869
-27.471073405980583004 -19.547894348306257939
-25.972825726128601076 -17.919120731968813942
-27.115207468848872452 -14.365730033268125254
-23.301557770395383784 -14.401001952299482767
-24.695070437653178885 -11.358060583847599645
-22.48616911189659362 -10.037507836443143816
-23.16520628619293376 -7.741324419208797103
-23.451809638706123451 -5.7263623548826956267
