5.034200086045776068 -8.1201852339369420264
4.6912512572343025852 -6.63444112455987689
3.5215158064593508058 -5.5489190739388289941
3.4654650928139774102 -4.2924187343990105603
4.1838486449185623428 -2.8684902162397785119
3.6931741825911572619 -1.4978212910501484956
2.939746332418699204 0.0022028857140573760744
2.0727724827531681662 1.3838949723668318992
0.84229842416726075083 2.489478274854757256
0.29331646624955581837 4.0535472224449256018
-0.75076470029325825806 5.2367546228179797652
-1.8894279781927636463 6.2883070417396709217
-3.1148312545736143164 7.254876917278181736
-4.3668269134389170461 8.0952019726286152945
-5.5198812475235357056 8.755694423450407271
-6.9777519205197506835 8.952605184506841951
-8.6401592824843511664 9.1898281770369436572
-9.8654608880305403318 10.269637594483489451
-11.138466085214183465 10.727701633417325411
-12.60739515144577183 10.665661672400860382
-13.885071646903426767 11.055870225737077561
-14.757490015453802457 11.080206826179569646
-14.949111884002212136 10.667605341608954461
-15.011984621532938888 8.96855920998638112
-15.074857359063669193 7.2695130783638051142
-15.137730096594395945 5.5704669467412317729
-15.200602834125122698 3.871420815118654879
-15.263475571655851226 2.1723746834960806495
-15.326348309186577978 0.47332855187350603154
-15.38922104671731006 -1.2257175797490686975
-15.468398951676547881 -2.9317681600472123016
-15.72898763612426265 -4.3555694452358668656
-16.490547088396489528 -3.8227801883115177795
-17.803668834379692498 -2.6882844966018208943
-18.927543619032523026 -2.1554859490584403758
-19.805649637630839521 -2.7907013278367855946
-21.395924618426505504 -2.5531128849878745868
-23.084396043637209317 -2.4107751095991916124
-24.710600213118379287 -2.0689396883536979033
-26.264282981010136808 -1.3740839765812649098
-27.816560811419567045 -0.67226649161005425093
-29.368838641828990177 0.029550993361156428774
-30.921116472238416861 0.73136847833236706684
-32.116295803406437415 1.2230696811275727498
-32.271577310460926924 0.95441774318467587079
-32.685123437682420899 0.18751486847211040754
-33.047667440788039528 -1.0341657587840216159
-33.351218314665999287 -2.6208116202597224742
-32.86368798288290094 -4.1192721353244428073
-32.63783131725610076 -5.5362696001149798164
-33.597781676955968067 -6.894465454484640432
-34.520133305361937914 -8.3762003482956988165
-34.857538856733654598 -9.842293389431759465
-34.743596509175382891 -11.241394508181686618
-34.500247400803111475 -12.792468256277192751
-34.126334901533283528 -14.35394712635538994
-33.654173786254062861 -15.810501095175034436
-33.088498628918372901 -17.190363188590566779
-32.48276130616901014 -18.411634317220666901
-31.82411009186424522 -19.54288495958781624
-31.126852545107560388 -20.53886508175823522
-29.56604505801579208 -20.077718665584153968
-28.004957202044568731 -19.403861216699414882
-26.443532827834218324 -18.730740610043817185
-24.831327851338976132 -18.1688094957662436
-23.106066453633413715 -17.895633834055796996
-21.373524234592082394 -17.894238698719306058
-19.696069115168686636 -17.77613994937631503
-18.239171823403754757 -16.935128847115681339
-17.287152487222986252 -16.461180083832125831
-17.101860792785107179 -17.814356890858864091
-16.838260355079064823 -18.6504003200807702
-16.097586059402935632 -17.625618866152493069
-15.660826322525096543 -17.938110615919157453
-15.53558775087678967 -19.589458142824444309
-15.42166252893850853 -21.289428188225056005
-15.307737307000229166 -22.989398233625653489
-15.193812085061942696 -24.689368279026247421
-15.079886863123661556 -26.389338324426852012
-14.960912347763089869 -28.079997317427853432
-14.412426276204072906 -28.913985672084557166
-13.012521906260376525 -28.516897546318237033
-11.459467810395111087 -28.62495412643372461
-9.9901531254922346648 -28.312741324009934374
-8.4149496388041153949 -27.827819199580080323
-6.8257633587634387595 -27.226470613381930974
-5.307882268797191827 -26.480652845057793598
-3.9286642539124159157 -25.655422130072839337
-2.6660587115605949293 -24.757604063442919085
-1.4299086606726589821 -23.722336295874505652
-0.32155547766925174358 -22.633848031917803922
0.37784151736876159244 -21.773674188570304011
-0.051522092698064091143 -20.208442386740770758
0.68068685253097327426 -19.504633416292168846
2.1672087762829832513 -19.380406841746896873
2.614722512074997951 -18.61350507444667457
2.5193389148960596557 -17.394811565241099061
2.7705376802280872184 -16.119538435270566623
3.8858476552183787156 -15.075968078414989648
3.8096139991792625779 -13.543799525052769184
