-3.3130320764472926953 -8.1026220321655273438
-3.1424180939934949208 -5.9979903574655129006
-5.4341861951669621078 -4.333470999758999298
-3.7074129850479664583 -1.7799333849327370061
-5.0914721494958143921 -0.05503410884745818521
-5.7043638133293903536 1.9792336885771710797
-16.125123178233522481 -2.9866533445337388741
-16.722405846656773321 -2.3002008297933747016
-17.415781480647634538 -1.7156356289138532389
-19.090103001145340755 -2.4917355400895306872
-19.344692600101200952 -1.4827944833070532127
-20.894621547516770477 -2.9995640620399077747
-21.67054424961104786 -3.4980793564824876896
-21.838413127780846423 -1.8537553453656778757
-22.643152076695113095 -3.1218506676665516153
-23.166650772094726563 -1.0140357358964298129
-23.668844466097752388 -3.3245393082860363876
-23.825452295632512545 -5.0031996472900583939
-29.072364966422075128 10.073297762832400082
-31.081833573595840647 9.6751722650206737342
-33.676260596400084069 10.100559547091496171
-34.552660612552593022 7.5688822170765348574
-36.226347826420479237 6.4016407810322260019
-38.281906804293633684 5.5072179774138341202
-39.248853681148275996 3.5817801255403232119
-42.31347957251732339 2.9518064703333699583
-41.098629000387497001 -0.1187899895980786269
-41.914458726683321288 -2.0110903032010520874
-40.47845215511298278 -4.4228852127261912841
-42.003545004087513348 -6.1227846575737903123
-24.12183241251056387 -8.1026220321655273438
-24.108910395916200997 -8.2016575099271467053
-24.085831028806659049 -8.2979998186529844162
-24.049330947547016279 -8.3894221410056921684
-24.007444112623367971 -8.4769673728898862208
-41.799712009478099617 -18.860425749440160814
-39.506770986598937156 -19.974411804938831949
-38.779277421428155037 -22.160295632394920062
-36.843345387481221564 -23.292128588071612683
-35.180357072749721681 -24.638076680278654607
-33.489520184067195885 -25.982359669096592114
-31.24925925234716928 -26.256459669273510826
-28.825991881884249324 -25.520283422361693226
-27.694223242323875667 -29.403187526748322256
-24.090188621879374153 -16.889505741806321026
-23.166650772094726563 -17.969861406362241496
-22.239822776751125843 -16.920792385609708219
-21.03018652232736585 -18.153884857162861266
-20.145299204064983201 -17.401382593346905736
-18.921905296427755871 -17.636470727578782203
-17.429048930057181366 -18.040442749074664164
-15.435470739382971317 -18.743681407524288574
-9.0007068347302858768 -23.835493827911605536
-7.5024601954449536834 -22.206722195817430787
-8.6448414962276292073 -18.653331543453170127
-4.8311926996781373589 -18.688602429280752659
-6.2247044487055944728 -15.645662082155103789
-4.0157978613544891289 -14.325109294451159769
-4.6948400510741166158 -12.028925910992466441
-4.9814441122892780811 -10.013964282450514176
