4.9556561154781544332 -5.655934004775676982
4.6366044542069611012 -4.1199684561783458392
3.6445346659503083941 -2.906016458972512595
4.0062198645628646076 -1.5660107151093871636
4.5437370343675027584 -0.20056458372759156106
3.9812731584595262291 1.201093893327994433
3.2600219727779862211 2.7208063674784930264
2.2778464671320217683 4.0178075303157427811
1.1302423989069740884 5.176335822116882035
0.57453421820337879922 6.7296218542589976153
-0.517749192726903118 7.8770972983712859161
-1.6638687737554622714 8.9066932211250033902
-2.9076582917731350619 9.8604420675940076535
-4.1437653038741402156 10.666897927849596783
-5.2928764607791300989 11.307062672334204478
-6.8490825826384966746 11.392007486737533384
-8.4620354529907277907 11.762262088864771314
-9.6235652291378421808 12.931375275104569411
-10.950281815947315422 13.216765171291502412
-12.420320576431771897 13.152957309083967985
-13.653025705865344364 13.508974221940373894
-14.389466791538012558 13.524638005947210218
-14.506887590616756256 12.804991406892542116
-14.553574446180672197 11.100592969466690718
-14.600261301744589915 9.3961945320408375437
-14.646948157308504079 7.6917960946149852575
-14.693635012872421797 5.9873976571891311949
-14.740321868436337738 4.2829992197632780204
-14.787008724000251902 2.578600782337424846
-14.833695579564167844 0.8742023449115718936
-14.879509536109509327 -0.83042923714914262945
-14.877713086184447988 -2.5477771937227258192
-14.826792744694447634 -4.1538370100033361609
-15.186931190103052813 -4.0480341085556004188
-16.189856345158815998 -2.7476467481114945635
-16.982469815174741967 -2.188506757964456817
-17.124085263604541751 -3.2874837436126904677
-18.313684112069577026 -3.3422929987081135828
-19.839640199827254463 -2.6145242499128595881
-21.441313975241875767 -2.0245185464749617665
-22.802824354348842917 -1.8051750661014560606
-23.578447015674640852 -2.3919122425100023399
-25.087320393408738539 -2.1931104023101055667
-26.74778085352469148 -1.8225183110196960801
-28.408241313640644421 -1.4519262197292865935
-30.068701773756604467 -1.0813341284388771069
-31.727317528513140132 -0.71207869432601278437
-32.778102867344358629 -0.78325180021432960764
-32.264651962180579403 -2.0170297484319328341
-32.373865867854675571 -3.4095533511062581233
-33.40020356245753419 -4.7874821737570245617
-34.292664819826256917 -6.2874294006598576701
-34.407499374689436422 -7.7231904678411362752
-34.266822144311689158 -9.1499047357236946709
-33.991036345243095695 -10.719087930465104108
-33.589873383782347105 -12.265797176595564011
-33.097895233649559543 -13.694997577542121547
-32.513679150347847724 -15.05292195697028923
-31.90520901050741287 -16.231940434131299611
-31.214059594132372411 -17.377019887245765517
-30.344175424963637511 -18.610475040556572424
-29.474628208300618581 -19.672039456020542048
-28.621091115667496751 -19.810829774970812878
-27.093581812142321752 -19.044466268564274714
-25.562532793118961649 -18.289789286612105457
-23.938703640327599231 -17.870168344923481385
-22.187203292582893255 -17.924001294536864748
-20.467732123827442337 -17.773408399068497232
-18.933264953807437792 -17.027083401249711869
-17.756183882506924476 -16.380199135133665322
-17.338886835720245472 -17.516962653781334325
-17.017486584307388142 -18.682294958368572679
-16.184882045385826643 -17.843776933053362654
-15.517594582192641539 -17.64928082168192347
-15.29178447301592314 -19.179403129879080581
-15.107549116308341297 -20.871935997179502209
-14.923313759600745243 -22.564468864479916732
-14.739078402893159847 -24.257001731780334808
-14.534711601409815884 -25.91054192960483249
-13.776882672508344641 -26.464068962582320665
-12.306549178290017821 -26.046833939924166401
-10.771186142410947184 -26.134688017800673521
-9.2862256277330494925 -25.798114021133500273
-7.7014004565185185669 -25.280966916945338596
-6.1194410751391448144 -24.659356235239393129
-4.6200353476350350945 -23.894844351065760435
-3.2688224067487858804 -23.060220007146092769
-2.0129882247419725871 -22.140801760985880264
-0.78672725075078453472 -21.083889420938049852
0.27014633354489703265 -20.018589961839101221
0.72341125157380636868 -19.042712381358402496
0.38370557134995186832 -17.546734135407305644
1.3881343378277004597 -17.044061610966874554
2.6794858634952269938 -16.804930295950015307
3.1293555294243624587 -16.01940886863526714
2.8800116792093599649 -14.69062109937571492
3.4114916300753681533 -13.499799609411789802
4.3822886192001515582 -12.411969119391233818
4.0789896458116388089 -10.860030889982931868
3.5933657737005786359 -9.2200407350790811734
