-17.89057030791884273 -5.3364765755031031702
-18.127881748474617751 -4.1047368216395883067
-19.349661101977794431 -3.6173375510176324354
-20.825593143713419408 -3.3220990733357922409
-22.292447542449782105 -3.0031114361617414765
-23.640820642271982877 -2.3821398414980996527
-24.682590340983676214 -1.3173781380216231796
-25.040285156662548616 0.10067646392610374306
-25.106651190198260082 1.5864996699162512428
-25.445653074546662253 2.9850429977079224741
-25.165040653534010318 4.4259824280336870217
-24.778312016444886012 5.8904782417196930311
-24.528589214059596912 7.3748827459095078751
-24.541611616511506355 8.7618622273800195188
-25.480938038310718241 9.7191070984197445171
-26.634117721602908802 10.556265225498449922
-27.703776220709862343 11.227960441927795188
-28.71527162199220129 11.78095567100771035
-30.100228957250092066 11.825571262962339958
-31.566755183642552396 12.062549757015689877
-32.660906049636416526 12.998012941738716464
-33.652383338618818698 13.528408065518121361
-34.673736552134222677 13.059987971457992728
-35.758875850840396993 12.301706570665608353
-36.790623965024984443 12.861314683812839377
-37.790828761779110323 13.542856944588416823
-38.76255486895747282 12.790379837150181785
-39.746044662394318436 11.607198196244389976
-40.796134163568090969 10.559226164802508308
-41.963786107462169639 10.569667100592264219
-43.238638853619967506 11.347543508070879525
-44.684672751075730446 11.695537860595448976
-46.210268227092804239 11.835012855124746878
-47.400849550396948473 11.507776473701664344
-48.389090137494186195 10.929604712410210254
-49.216360459717229503 9.9060093832049851414
-50.280871144278897589 8.8875265888569821016
-51.610179503806278944 8.1488671437568509504
-52.737796817239861014 7.2615764644085434298
-53.661746632180275185 6.1447015579768820004
-54.392099276770494498 5.12947845263567892
-54.928558726716261162 4.2877190202634007932
-55.375403344082229751 3.5072120263829837938
-55.813297371937864 2.6524956233633751879
-56.034905532825483476 1.3781614412145226645
-56.276391845108314271 -0.011262270747456426187
-55.735261119351612535 -1.3229047301049154939
-55.511884007841636901 -2.5748011761176785583
-56.334581294594187284 -3.7642318151301599194
-57.185341626063973308 -5.0480752540525761773
-57.796716002484799901 -6.3744196587534709408
-57.737875269705803305 -7.6065263351076382037
-57.595010385506114403 -8.8900140569206662633
-57.344064035411122404 -10.281007429239252815
-56.995130452139207478 -11.652069676425801603
-56.574532816444921934 -12.928954997573780972
-56.079556545539176682 -14.151191340193205903
-55.546265569102345694 -15.259394909312293365
-54.992871320707479299 -16.254042069930537906
-54.33014643975782576 -17.294769766179516779
-53.528952233805945582 -18.389475069680404573
-52.652667183370404302 -19.430371151896839166
-51.67770016151879986 -20.438186732574045834
-50.578492573717042546 -21.421915013599978295
-49.39042581227854356 -22.335722222139008153
-48.148911832434841074 -23.15094878075153062
-46.90022529592040712 -23.846381054583638104
-45.500706838538903298 -24.019416265306286817
-44.09346970625212947 -23.728897033687712081
-43.224485022010313173 -24.365494263187294166
-42.690406560193558505 -25.429663492931673829
-41.967864070631108575 -25.597699766098109819
-41.11595739140528849 -25.7600119245687047
-40.04457851630467502 -25.689672007961586786
-38.767998335173189162 -25.933181269772969557
-37.448865091370166169 -26.033815044065772071
-36.114902092527941591 -25.662153205373815723
-34.730185873646291839 -25.770623076851524758
-33.441463291637148814 -25.556289484404548062
-32.083978040656887742 -25.202799165874790077
-30.673383811146173628 -24.720657045855322309
-29.291366505965605427 -24.136905755034376853
-27.972851389599846073 -23.456296224335005718
-26.775943263783883452 -22.72460341108665105
-25.728606693913953052 -21.983425107647502017
-24.760227423386439227 -21.20183949281222624
-24.159696452018636137 -20.120163151654629985
-24.037305581684403677 -18.618084680163438094
-23.784625977828934396 -17.150432573079839926
-22.929720110286876178 -16.412756726582788502
-21.4719017349427439 -16.466744879811535895
-20.578122276578213246 -16.206547473164384598
-20.195797493060755556 -15.529381380395598455
-20.464815113857763862 -14.334198016812868204
-20.163525057736627843 -13.232979907485018956
-19.101978775412632672 -12.342790349953002504
-19.009403864749319979 -11.057957700155363057
-19.36567089322975832 -9.5590342453792906952
-19.406606801345187563 -8.1069459132302377213
-18.678910287504795207 -6.8782215864835327679
