-19.863302681014559425 -13.615339567793567355
-20.044819145867172949 -12.249516818881016178
-21.048096075489016954 -11.258724291246332783
-21.644824658013003926 -10.250823018094967765
-21.01245548280646247 -9.0155084890356409488
-20.855462710321557296 -7.8244140457729463023
-21.40262895806153054 -6.5587571122165710946
-22.025944989159313536 -5.2093170778561290746
-22.813565767874102619 -4.0076950449413137889
-23.956349306001207822 -3.0618720239569716668
-24.569372660018547805 -1.729090632942862138
-25.29512212682865524 -0.51758691075773022305
-26.258247273105659758 0.42696813667762079092
-27.272303043307736914 1.296005772855995275
-28.38423838590417958 2.124702165963363143
-29.471333820347197729 2.8267764723652462067
-30.481765541228121208 3.3947527232407495035
-31.770064688600800906 3.5560872520856938728
-33.266617795235241317 3.686889635610667515
-34.444022713985106066 4.4845557115612795229
-35.482873336716892254 5.218245213047104869
-36.704608238518879659 5.392953962109387156
-37.982741920884940612 5.392383151863067603
-39.053595735401501088 5.6707634301068274851
-40.015515022506676246 5.6822129687462599179
-40.998278790965393625 5.6460920182383560473
-41.971498655618013629 4.5053713404911519547
-42.959677841693682865 3.3774691473264293329
-44.139214870507665012 3.153201672269062783
-45.514132872739317293 3.6434743009268970582
-46.984324769339224304 3.6195587410314105092
-48.485708603746410006 3.6076417681919465963
-49.574228857335484122 3.1171803606653405438
-50.562517389929524825 2.5234064908420137385
-51.361466929226239131 1.3899078659303945038
-52.509938520909891224 0.44401481163452999334
-53.855380008441741779 -0.26335206211517114827
-54.900617848676318999 -1.2342303682104898144
-55.802313928751686944 -2.3561314465444009869
-56.482809410654084559 -3.3269332282672365864
-56.995714513227881071 -4.1496118060286057982
-57.43455308685206262 -4.9326659792395801674
-57.880299502231792985 -5.8246366606752957296
-58.083194947704456013 -7.183434373753494917
-58.197587873948130266 -8.5584914408992940338
-57.581446535309623869 -9.8587408116116552748
-57.593360864857920944 -11.09333832525140906
-58.494164935298918806 -12.289566127077439006
-59.311729160257712579 -13.594975711625691517
-59.763763017454422766 -14.908285552488699466
-59.690095871553239704 -16.130257392527319382
-59.526296976903203984 -17.444972543872871995
-59.254822725693486518 -18.837384428348038057
-58.888548556566028935 -20.196589233713709177
-58.45528789127403968 -21.454545970341186489
-57.946131817316000934 -22.666163807483329151
-57.412431779231269502 -23.741474891630218735
-56.844644063781203158 -24.734697396595546337
-56.150901682587281982 -25.794499025059554498
-55.309979587483567798 -26.909464951697511736
-54.508606391776119438 -27.838438245522752368
-53.248198202924385214 -27.968595232520030436
-51.734044506250207007 -27.852921131778263231
-50.217261865013753663 -27.85501470374889621
-48.70916604448350995 -27.946450199627882682
-47.229801178777272241 -27.863895882272220916
-45.850368868077090667 -27.659653050041978162
-44.848174708057541693 -28.432694393476825923
-44.464305078965210782 -29.807848164614725306
-44.413228948627050841 -31.307060961375928088
-44.373765494001979448 -32.810483929741266707
-44.219341456589923212 -33.815691139485082317
-43.742007113165023213 -33.918433675879128941
-42.896517301096736219 -34.070821178246667671
-41.770495705549606669 -33.924770865542491549
-40.476358930991160889 -34.303922518427135913
-39.156792961497345118 -34.306830462788454383
-37.816210235172128762 -33.888141060811747707
-36.439208461299379849 -34.036579531951090871
-35.152076834146214424 -33.775279289727194509
-33.77508387832905612 -33.395899204853435549
-32.365558749964115748 -32.894169728706330602
-30.993742427349175728 -32.286646514328580793
-29.695449908710024545 -31.592089931168786165
-28.520199739995799604 -30.850673843503841454
-27.413194942101441143 -30.040398807074524257
-26.324687077082163711 -29.120216921939434229
-25.336190741269479787 -28.157995405674853373
-24.725005259992926199 -27.490988335115790875
-25.356271186381594163 -26.223813187452517326
-26.069416535932241175 -24.90690876333287207
-26.126396223676007224 -23.914586238779353522
-24.923109233966165732 -23.549729472375748429
-24.468480387706357249 -22.899627852615271451
-25.247156948344944283 -21.746129898473956388
-25.923335679504170059 -20.569188272360268144
-25.444925460126068373 -19.520542190798398252
-25.314629230743545207 -18.34897293431232157
-25.314377614075382894 -17.307906152643418807
-24.061723328481715356 -16.837773843655629236
