-14.111378187568892173 -5.1865683074903898842
-14.446721017784810215 -3.9437141664975281508
-15.845584755652426523 -3.5251803824221874528
-17.443370239774200314 -3.2608280946306855697
-19.041710503835890478 -2.9967783322602472573
-20.646435780660603143 -2.7362103624631499699
-22.255557765902441503 -2.4784861169961995842
-23.850510694082377228 -2.2189970166728687495
-24.919388860333025804 -1.6159952906101915371
-25.313582283558517361 -0.4506067069994219576
-26.453598857550840506 -0.44356360554197510337
-27.767360308245528699 -1.3199587154384784249
-29.083463447285343051 -2.2316301476828970252
-30.399566586325175166 -3.1433015799273147373
-31.722334875638029672 -4.0341745268239384004
-32.848261726619810474 -4.0442653395194101407
-32.779006296544139332 -2.6728852627352619464
-32.30131824241507843 -1.1442932238391390065
-31.823630188286035292 0.38429881505698348931
-31.345942134156988601 1.9128908539531066513
-30.868254080027931252 3.4414828928492293691
-30.390566025898881009 4.9700749317453505327
-29.912877971769834318 6.4986669706414730285
-29.435189917640784074 8.0272590095375981889
-28.957501863511733831 9.5558510484337197965
-28.496369332709740263 11.082333050737815938
-28.580977803010434002 12.539259203954809863
-29.542126907203201114 13.556256247150859195
-30.81849998792839429 13.80624232543536678
-32.19289107694296348 13.761096061402872337
-33.333070867366302537 14.052648745746875392
-34.234006929347998494 14.063411137587859656
-34.969903735223546448 13.566846798891639025
-35.705842914148981038 12.109753042592165784
-36.681446762629782654 10.82478034001217182
-37.878936741636479724 10.449969471731082038
-39.209325819582737438 11.233215773639642521
-40.692328105703964525 11.722279700823904136
-42.286505433879511884 11.911317623495509821
-43.589709534489330167 11.627735239472059448
-44.645222353400697557 11.010183887878632447
-45.525682268222318783 9.8894313868118537414
-46.717332728886098892 8.8527514924599088886
-48.148963802517414479 8.0938921911362911032
-49.24531692353164658 7.0361190527441834774
-50.182629467799330314 5.847834318121634567
-50.862312395033484336 4.8541822047143163843
-51.38082777298401993 3.9985223560711968815
-51.843128870559127108 3.1431212286209841977
-52.183060213366715629 1.9968500314084465241
-52.489598094449057442 0.49990629044292750338
-52.123447342281629346 -0.92004468586011323161
-51.69257841933173836 -2.2705646057868125176
-52.459886505212480756 -3.5426281197217535102
-53.38190764108394859 -4.9024680766121848663
-54.018764937196337428 -6.3155612860219383364
-53.950639109517325664 -7.627914085762800056
-53.783323595778909976 -9.0184855628268394412
-53.493945244991124355 -10.502528448613942302
-53.098050411572984331 -11.945351381938134949
-52.62567724588211604 -13.278303786323437663
-52.071498578121321543 -14.551106722386174752
-51.499634861502372019 -15.658918031342397015
-50.858054916669345857 -16.731762475706418059
-50.05823652732344442 -17.887507038455488839
-49.144744242550288504 -19.024166924184100935
-48.139908617847297023 -20.102166063334667712
-46.991592151125516352 -21.16043084938200991
-45.735181299387328124 -22.146891536501946973
-44.413683169496437131 -23.02408396819506109
-43.081780512317806142 -23.765982554749186306
-41.576476003555335126 -23.887923062047946132
-40.123704546475039479 -23.645557540506164429
-39.332556605091305357 -24.574860906017466533
-38.696608428406513269 -25.381588575407199926
-37.900500097004538702 -25.555870811934081388
-36.912997461315583791 -25.7254745429246654
-35.640404608771383721 -25.585776148421761178
-34.240697730365937446 -25.934277516665318331
-32.829308426032561385 -25.746251075012683174
-31.374051646509258262 -25.55573112537066649
-29.964637736923855016 -25.519512450075968246
-28.539977452717348427 -25.169379180713669086
-27.04360076677732394 -24.658735056338866087
-25.745160336354924624 -23.931912994519294102
-24.959132959333039992 -22.585855533149846508
-24.442880428444322405 -21.049127239429502367
-23.870062925774853113 -19.552002979895579671
-22.701930252211433015 -18.544078544855199908
-21.18139055909500712 -18.218968326494540122
-20.136525887462575213 -17.378894729596382263
-19.21976535068600711 -16.442594411814777544
-17.674349618943988816 -16.411058306689159991
-16.771339102617577765 -16.054841214783202474
-16.348415409723479286 -15.296616580473912705
-16.734050951090651438 -13.940618281462796801
-16.053180355794022915 -12.874044187886292789
-15.162484569119751399 -11.821771317842623361
-15.399520124764695339 -10.309931894409725572
-15.681615269643460309 -8.7126543168685888219
