-2.9150730825355495313 -8.33172607421875
-2.7444591002044127492 -6.2270943983517250686
-5.0362271945048320276 -4.5625750735703096694
-3.3094542345567781183 -2.0090372923821702145
-4.6935133904740702349 -0.28413812157309870088
-5.3064050621619500703 1.7501297732256126949
-7.2581702861944030758 2.9373247513668374609
-16.069999152890915184 -2.3002008311938322294
-16.811533348677617283 -1.7156357055337707607
-18.525689931789983689 -2.4917355391280580079
-18.814452814849278894 -1.482794875921200628
-20.394655969090987213 -2.999564022281473008
-21.198143521000936573 -3.498079377058644468
-21.391751839222209242 -1.8537554076608140363
-22.221106075649785794 -3.1218505982627409168
-22.768690109252929688 -1.0140357358964298129
-23.294967274702951698 -3.3245392431489451113
-23.476189674154557707 -5.0031995656835022146
-24.388905042539892776 -3.3452108681124830269
-30.683872910754043772 9.4460682229674510779
-33.278303894056662671 9.8714554208599629703
-34.154703678759865682 7.3397777604132006246
-35.828387163578682362 6.1725367389790033457
-37.883946141451836809 5.2781139353606114639
-38.850893018306479121 3.3526760834871005557
-41.915522819488074902 2.722702382744946803
-40.700672140793045628 -0.34789396868145683328
-41.516498064344951047 -2.2401942275943858007
-40.080495287993187503 -4.6519891655077856285
-41.605584341245716473 -6.3518886996270129686
-42.707164631526410403 -8.33172607421875
-23.927692571748632844 -8.4535420868515664949
-23.903861412490915228 -8.5730141258752041722
-23.872421362824045588 -8.6903500157752571198
-23.828888569638060346 -8.8037568318651029387
-23.773740050485507425 -8.9119918988160478079
-39.108810328235378506 -20.203514887153971813
-38.381316734664906676 -22.389400654689914916
-36.445384693376198015 -23.521235519297320593
-34.78240030926117754 -24.867177799802760774
-33.091563441629972431 -26.211462696445348541
-30.851298591775908164 -26.485564663990146528
-28.428032957329481434 -25.749386565672050864
-25.086804933355445257 -19.237612552137981936
-23.668147715039101087 -16.889505738391406453
-22.768690109252929688 -17.969861406362241496
-21.86594057431040028 -16.920792395201580405
-20.680924339609116913 -18.153884868817470988
-19.82177854795212113 -17.401382594740006482
-18.625947722979514509 -17.636470723954339235
-17.163360964449104529 -18.040442735736036184
-15.203960285533614893 -18.743681195740169443
-8.6027482241680566233 -24.064600861484176875
-7.1045010232116752036 -22.435827258289492647
-8.2468822597223230275 -18.88243462608570411
-4.4332339963250291248 -18.917707515317516709
-5.8267456444861700504 -15.874766968441683446
-3.6178391071034425863 -14.554213340327233794
-4.296881053138509543 -12.258029934114889059
-4.5834851253136221771 -10.243067436821888805
