-9.5617040849616969922 -7.8473405838012695313
-9.3910896257408325027 -5.7427089084343920788
-11.68285843534955859 -4.0781895831528292007
-9.956084518822734708 -1.5246519301129790591
-17.600728986121602304 -2.5871447100824944698
-20.011677256659179847 -2.418144158143514133
-22.725156989472147018 -2.9866532741072591151
-23.254598122631325197 -2.3002007789829015394
-23.894310612120904125 -1.7156354893216620994
-24.993995520340558159 -1.761904558258984288
-24.412716338027436791 0.81742894441783775505
-25.222420189990657491 1.5700738623489556289
-25.32429564451453885 4.7435416679958866126
-25.119726145324868583 12.361857082083403725
-27.390110073204031238 11.421246851234531761
-29.41532135009765625 13.638622726627982473
-31.419231013532204599 11.218558255469176288
-33.041483565636376341 9.2124129253680209217
-35.321035531970757404 10.328578261568967633
-37.33050414203496814 9.9304527639686952512
-39.924933175696786236 10.355839987542189817
-40.801333058645440133 7.8241636939639107595
-42.475020292076429484 6.6569227239676553864
-44.530579312197367869 5.7624984470570570494
-45.497522355799446814 3.8370615684033548831
-48.562152113590833835 3.2070877029750981535
-47.347301479320805129 0.13649139122541953384
-48.163131209417684886 -1.7558088467819077394
-46.727124630976909714 -4.1676037197261148748
-48.252213675845652574 -5.867503219711919904
-49.353793965022504153 -7.8473405838012695313
-50.752812776592264754 -10.090001530817787057
-50.303006460542661671 -12.287153469336089984
-49.31649370402034549 -14.313622329198423699
-47.463987371347663213 -15.883124170972482858
-48.048384468377051348 -18.605146254241802239
-45.755439650745984181 -19.719130365531043481
-45.027949902014768213 -21.905016096671310777
-43.092017895980333719 -23.036847118865207307
-41.429029605405801817 -24.382793290197028568
-39.738192715605876515 -25.727078194066187677
-37.49792983035010252 -26.001178220909253014
-35.074662459887179011 -25.265001973997435414
-33.942895924219264714 -29.147904129258762396
-31.441728079421068287 -27.12728346798218837
-29.41532135009765625 -28.317202943837823881
-27.385628110796332635 -27.158570092959692488
-25.118102151454046123 -28.064176573253927671
-25.032042735359254948 -21.33768668112793776
-28.772950458695465414 -9.2901291130293959242
-28.623713122235713513 -9.2184466964418998458
-28.473254223213647407 -9.1439851585439271275
-28.340255370836782589 -9.0413222954225762606
-28.212576303583894344 -8.9302969692165135029
-28.102776764568361045 -8.8009600654902637729
-11.079864777545438415 -18.433323008387866082
-12.473376440006443744 -15.390380595128572594
-10.264469395564219667 -14.069828807555410322
-10.943512304800837143 -11.773643540915911032
-11.230115643073201426 -9.7586828255868525162
