-24.623091147034450898 -6.3542027473449707031
-24.452476687883677897 -4.2495710713112293533
-26.744243593931045666 -2.5850517285490512975
-25.017471582387802442 -0.03151417847076931622
-26.401531216421094683 1.693385026187353759
-27.014421932747094246 3.7276528585269836924
-28.96618670009646479 4.9148478650555453839
-29.391913895353475539 7.2282087271656081384
-30.38785032380574691 9.2930581170606707531
-32.715000005220630896 9.8344020032900303363
-33.889423605800118366 11.983510218127989333
-36.564396416701754333 11.417141007172048717
-38.674904312191884515 11.501920599200502693
-40.33176032763893204 13.146244661412609389
-42.560411427525821182 11.878149346472266501
-44.47670745849609375 13.985964264103568411
-46.371700073933745045 11.675460739642044672
-47.952219715988967152 9.996800499761999248
-50.328184255970960237 11.654789243284007227
-52.391890255215308514 11.423591075133110451
-54.986319273572931365 11.848978306910694869
-55.86271915991309811 9.3173010587638653845
-57.536406394753470295 8.1500600887383658488
-59.591965412543785874 7.2556372461303464405
-60.558912270213745899 5.3301991783900000144
-63.623538221989271335 4.7002255394313969816
-62.408687587308406819 1.6296291689998323449
-63.224517317438554187 -0.26267109857052606259
-61.788514535097348812 -2.6744657939982046102
-63.313603596733670997 -4.3743653622508471557
-64.415180073420941653 -6.3542027473449707031
-65.814202706326526027 -8.5968631543626727876
-65.364396388238020563 -10.794016088077290405
-64.377879805935066315 -12.820484989534126186
-62.525373481901262096 -14.389986806512766293
-63.109770623716151761 -17.112006905970410742
-60.816829584617082105 -18.225992991080840255
-60.089336046295372284 -20.411876789852357206
-58.15340399916823344 -21.543709763937656021
-56.490415708827711683 -22.88965593419354505
-54.7995788173377818 -24.233940838295971787
-52.55931594442487409 -24.508042766111479693
-50.13605205667330722 -23.771862813054102759
-49.004282024004353957 -27.654766771470445264
-46.503110490448342773 -25.63414609603157146
-44.47670745849609375 -26.824065584218683256
-42.447019774992348573 -25.66543271586716557
-40.179486294748535613 -26.57103920135851638
-38.328410385673905125 -25.276714469023982446
-36.281215488634920519 -24.761583279874741947
-34.164682719379548814 -24.215153941403031013
-31.817417223070521004 -23.778223433117041452
-30.310764519513401893 -22.087075060182961295
-28.812518848018832784 -20.458303453164560892
-29.954898619336997712 -16.904912680236712674
-26.141250849646450405 -16.94018367855110796
-27.534763477716065694 -13.897243180788947825
-25.325856459213746064 -12.576691452789079406
-26.004897456415509538 -10.280506166667960244
-26.291502708502335395 -8.2655445442272057477
