-4.5873584009101833203 -7.0695896148681640625
-4.4167444185965685222 -4.9649579388344227127
-6.7085122789977553737 -3.300438831294005837
-4.9817393124954918449 -0.74690113726355455981
-6.3657984716164186523 0.97799804241871690635
-16.384436125717819266 -2.4181441517311279554
-18.821294937239819944 -2.9866533466709679345
-19.144032956041151294 -2.3002007579293559658
-19.620253112248981608 -1.7156355897763617691
-21.11497101450122571 -2.4917355387227040353
-21.215441574393327784 -1.4827942209623756753
-22.628883822886947996 -2.9995641471055254357
-23.280520294085608413 -3.4980792818629566909
-23.332313164186746945 -1.8537554011971959511
-24.026052308868973029 -3.1218506682828017773
-24.440975189208984375 -1.0140357358964298129
-24.880578703403386953 -2.8870423515576213447
-28.067137379930983343 9.9901629459017655677
-30.346691201770255475 11.106329255410571477
-32.356157981146296265 10.70820373290180072
-24.998484000324147303 -6.103956085556932365
-25.09176170723028676 -6.1738586635021501792
-25.176628261525650032 -6.2525642324966037577
-25.255132941762436616 -6.3365186755184126355
-25.324191288892667018 -6.4278957664932825367
-43.58780595270216196 3.9848386719082036223
-42.372955317199625824 0.91424218411286606312
-43.188785047773869508 -0.97805805433863657328
-41.752778464508764955 -3.3898529629622107251
-43.277867514956980699 -5.0897522507788144353
-44.379447804133832278 -7.0695896148681640625
-45.778466615703592879 -9.3122505618846815878
-45.328660286520602085 -11.50940351586502608
-44.342147556099106964 -13.535870366681322707
-42.489641210458991338 -15.105373202039377389
-43.07403833878215238 -17.82739427743196714
-40.781097313090853618 -18.941380338523075011
-40.053603765047540719 -21.127264147496436664
-38.117671724670586286 -22.259097112989596923
-36.454683414657971241 -23.605045203980818513
-34.763846568050283281 -24.949326263760909228
-32.523583671731962852 -25.22342820463956059
-30.100318037285536121 -24.487250106321464926
-28.968549711650513956 -28.370156032333547103
-26.467381927661079999 -26.3495353591125685
-24.440975189208984375 -17.969861406362241496
-23.405569549927953688 -16.920792394473586739
-22.084937210094494731 -18.153884909294973227
-21.08397032127709636 -17.401382595020749022
-19.736299353916653132 -17.636470754424518503
-18.106949138400132426 -18.040442687882411121
-15.959253476398348681 -18.743681412546756349
-10.2750332486080449 -22.802462444798074159
-8.7767865915150320433 -21.173690811722213567
-9.919167246708381569 -17.620299946121512846
-6.1055190762810838123 -17.655571055966930771
-7.4990307502170772125 -14.612629613308040888
-5.2901241870594972738 -13.292076880976647857
-5.9691661330945642305 -10.995893474764303122
-6.2557704349655232079 -8.9809318481543432
