-28.672452103158750703 -11.266602486740991296
-28.853969397404071628 -9.9007793099034717699
-29.857245703878344756 -8.9099870539209664599
-30.453973864469574551 -7.9020861184714084047
-29.82160540948165206 -6.6667716982579854346
-29.664616752161197866 -5.4756786484198185505
-30.211778325227342634 -4.2100205274259936417
-30.83509476494883117 -2.8605806075638002817
-31.622715869618897244 -1.6589585585459547534
-32.755774476798777073 -0.71485100633928944092
-33.314580753419036796 0.60934259598202111796
-34.059676782345825075 1.7842044525165032809
-35.054159549396871398 2.7635555859274933965
-36.081325655116870621 3.6446369283862658506
-37.193393409483050505 4.4734392843623709268
-38.280487632390887143 5.1755128156681280416
-39.290919742692466343 5.7434893241302447109
-40.579219923621707267 5.9048240013854673691
-42.075770635531426933 6.0356264292515504621
-43.253174970844163738 6.8332925112062961048
-44.292027319549923448 7.5669818601760212573
-45.513762744940663652 7.7416904687322665168
-46.791896432577665621 7.7411194635275073495
-47.862750215864515724 8.0195001920269604057
-48.824668944739514131 8.0309497388943711371
-49.807431109697006377 7.9948289158199337123
-50.780649751763476729 6.8541076836696408492
-51.768828987247850648 5.7262056939773220421
-52.948367155697276587 5.5019383628076496962
-54.323286485970804449 5.9922110444256047046
-55.793476859482701968 5.9682954846676201655
-57.29485810616561281 5.956378560661397259
-58.383378219487795491 5.4659200182403004931
-59.371667712690516794 4.8721459371200381838
-60.170617949997584617 3.7386444552048514467
-61.319091819203933369 2.7927512729935313196
-62.664532573476421362 2.085384391348006794
-63.709770948623784648 1.1145080259477246898
-64.611467077976413975 -0.0073928590796121795847
-65.291962377546852281 -0.97819411808396239394
-65.804867329932704934 -1.80087217360958185
-66.243706040471494134 -2.5839262858610396734
-66.689452806329171608 -3.4758973251283773465
-66.892347067861209098 -4.8346977567584481505
-67.006744746843907024 -6.2097546842018491731
-66.390602259371434002 -7.5100040314377007888
-66.402514308453703507 -8.7446012900961100911
-67.303316223712187139 -9.9408287129567902696
-68.120879861054973503 -11.246238645450944205
-68.572917507741294685 -12.559549472028098904
-68.499250227910948752 -13.781522322024130744
-68.335451367463718952 -15.096236538134913729
-68.063977346100500654 -16.488647191725728902
-67.697703145279604087 -17.847852216444696438
-67.264442169868530641 -19.105809814297273874
-66.755285442092116455 -20.317428972272409737
-66.221584993564334809 -21.392740554499972916
-65.653797198566621773 -22.385962887910089592
-64.962001674693709674 -23.442985728367293774
-64.140112632820674321 -24.534800674308876012
-63.250160171740532178 -25.563003431999099746
-62.248867025168415523 -26.569218101005510846
-61.129021388659623426 -27.542047836227435909
-59.926638036896726192 -28.438516226784425811
-58.682225405619519165 -29.229642029466294417
-57.449986664135721526 -29.893899515301480818
-56.233116136140509411 -29.532013447953183061
-55.241559518422690189 -28.431457783153131658
-54.271516841367223094 -27.279216437569438369
-53.36457484183283384 -26.406493889064257985
-52.808500345877199322 -27.088018717720903084
-52.403844868114219935 -28.44899479621086158
-51.691988103443542002 -28.558377215642227753
-50.686419405630957158 -27.551299232332272737
-49.563363432903393857 -27.356221033890911087
-48.312134782523770582 -27.611592545682096755
-47.016799803264838431 -27.247736495583865235
-45.743749292535383688 -27.771172193639756642
-44.576880405735742841 -28.736642732318593119
-43.502155765791350461 -29.809667174765994702
-42.358378265636318361 -30.614029149910209071
-40.989097738816973049 -30.470349319095202389
-39.624016580546452815 -29.849415767666528154
-38.340652165377171912 -29.146670218893589777
-37.180316423108337176 -28.399521715507319186
-36.075093906364699592 -27.574793501388437988
-34.991672769413369792 -26.641077292872914484
-34.019933969886160696 -25.677262076628963428
-33.357346118440815985 -24.93752588484539956
-33.704126687610902025 -23.586605193122768043
-33.490821508983096066 -22.645840408027488877
-32.153045691872684131 -22.53591910258348463
-31.351914832244755615 -22.123123440022336439
-30.950389089553645761 -21.408843649043060253
-31.268538205363483939 -20.178890130872279229
-30.877900250942726501 -19.104622455044740548
-29.839163131463408263 -18.203332630602016451
-29.815783966201411914 -16.89038982683054968
-30.165988691102061381 -15.389305368138913366
-30.164651026409689649 -13.948390325980090765
