-14.00570242175368918 -7.5544991493225097656
-13.835088915803620324 -5.4498679546320456524
-16.126856784393147848 -3.7853483294533969428
-17.865068708281469867 -2.3576512627691545987
-22.702457437944271845 -2.5871446820258627852
-24.685476763164686531 -2.25797862413433581
-25.669821026356817839 -1.6044815944966535071
-24.77810044281550006 0.62226621120017711064
-24.293755023492451528 3.0691367548618995187
-24.993995517703964993 4.6475733889678743083
-24.412716000045524112 8.807495709737878542
-25.947008688618577565 10.216844624572317457
-28.003273787115574578 10.46855164348968259
-29.563724418629508506 12.654698026230356334
-31.834108470525194434 11.714087815238013235
-33.85932159423828125 13.931464637943900442
-35.86322759732752985 11.511399196887722951
-37.485480449685432802 9.5052537863802513129
-39.765035782338507886 10.621420170861572529
-41.774504390957496014 10.223294673155571388
-44.368933409315118865 10.648681904933155806
-45.24533329565528561 8.117004656786326322
-46.919016760911027575 6.9497631693040684553
-48.974579552311979569 6.0553403628443120965
-49.941522599252422765 4.1299027654100104456
-53.006152368617193815 3.4999288801806276439
-51.791301721818079784 0.42933259097663434289
-52.607123833122258816 -1.462967797502371603
-51.17112486953806183 -3.8747624974165564282
-52.696213917360687162 -5.5746622370894325371
-53.797794209163129153 -7.5544991493225097656
-55.196813017126615364 -9.7971606074876280701
-54.74700668498321221 -11.994313558050391677
-53.760486291543138293 -14.020780501667207574
-51.907987617643449596 -15.590283208490305356
-52.492384759458339261 -18.312303307947949804
-50.199439892647482964 -19.426289410971328664
-49.471950182037559784 -21.612173191829896268
-47.536014253075897784 -22.744008133714487485
-45.873029844569899183 -24.089952336171084113
-44.1821929530799693 -25.434237240273510849
-41.941930075625990071 -25.708337262762199771
-39.518662715841422539 -24.972161012517354095
-38.38689202086836616 -28.855063242354734854
-35.885724626190530273 -26.834442498009110523
-33.85932159423828125 -28.024360078847589506
-31.829626501079793854 -26.865729140940278086
-29.56210043049071956 -27.771335603336055442
-27.711020721701718372 -26.477012783218391689
-25.663827699845182195 -25.961877766853156402
-24.687975220664299059 -23.439734682952995115
-24.096412602499743372 -20.991989433429132816
-24.02058436584699308 -18.481524341582201032
-22.012425998481962353 -18.221488785013260525
-21.829045975090725307 -16.295005448200871712
-15.618257736953449211 -18.08598136487288599
-16.917374786862414027 -15.097539660091040759
-14.708473455930636931 -13.776986900943814618
-15.387510629965131415 -11.480803482244599678
-15.674114930183133509 -9.4658418360114460199
