-24.651829927995240865 -6.5306263697201414331
-24.767418477751018457 -5.2314648639927261442
-25.639475712996688372 -4.275255540022439682
-26.428673305110663705 -3.3769511412040098541
-26.046310919922330385 -2.2632777156341634672
-25.504649787658760118 -1.1013681118223015432
-25.898353910325386806 0.016749251545128629459
-26.538737322202667457 1.2299942871421811752
-27.074948023953680831 2.5021903537298242348
-28.029711467810340508 3.4644245340246793141
-28.973582066654419265 4.4183369979822968432
-29.369409998241739146 5.7425580475995596785
-30.198209025826272978 6.7392549763215150449
-31.130884550225459861 7.6408716496530573181
-32.093404972387972407 8.4589341119456626927
-33.132414647954028908 9.2332649595435398737
-34.153158129480388538 9.8985195422361158535
-35.098558122330082654 10.43968517818992936
-36.203800204419046338 10.719917792463601103
-37.617490624423567169 10.725471103135038931
-38.853371399378715978 11.23327102919314946
-39.770757019583030001 12.236720555551258371
-40.83061456531630995 12.467704110676120166
-42.031615402146051963 12.229091206644600476
-43.134656022669297215 12.533425259029360888
-44.120327491527078223 12.813305578478416891
-45.039331854402128386 12.812298491095038599
-45.979115842167644246 12.330771688386560569
-46.918717098654859399 11.265257799701085872
-47.900178526273144541 10.343435130766598817
-49.055085601511713378 10.327157486543166343
-50.346423102179549858 10.791141544858691148
-51.719591119255539979 10.759118700466197893
-53.121282133520381308 10.72473102660608113
-54.193020675809457032 10.344211152885407046
-55.114190462331670517 9.8052979928992947123
-55.894342478138298702 8.8837825690598588579
-56.831244590606623035 7.8856564143699543479
-58.048555971093200867 7.1584438122931173254
-59.208536141071597569 6.4327693576605788905
-60.092255031892605643 5.4150925466445620771
-60.867634617446427114 4.3936348316079882892
-61.433758218711744803 3.5515007470905839426
-61.887046325483851206 2.8031486573425947739
-62.29193117612784647 2.0649736454803768737
-62.713458169999228176 1.2071564808902355281
-62.881640272325078911 -0.096131403868245229871
-63.0002268840951416 -1.3802458182800514397
-62.424093793555179843 -2.5965799992200047086
-62.277392402692790085 -3.7604740942306169593
-63.06216285966365831 -4.8680437939483152121
-63.866579357941724027 -6.059537471325528557
-64.557550388796485663 -7.3032584861041867086
-64.516472191260817226 -8.4688163676678520631
-64.407455874365936666 -9.6305528469649921419
-64.206253341444607941 -10.915931320789949766
-63.915784558955053285 -12.209134915017745726
-63.55008350277181961 -13.450692097076759168
-63.128575165342653008 -14.606912614100783898
-62.642215177300634821 -15.723464839290596018
-62.144145548859526684 -16.706853938559255823
-61.609618203968551597 -17.633678744269083438
-60.963918978543645721 -18.620575761356544575
-60.20213176955733303 -19.642187302782144087
-59.380790273484379327 -20.60883761628739208
-58.470832340215523004 -21.549607623616395813
-57.451416708759438734 -22.471043536252668815
-56.351795021895576099 -23.334444511025399294
-55.197725110380680746 -24.116915301476879563
-54.03520546188985918 -24.793863796461796056
-52.803587125100783339 -25.228832250152969152
-51.4316596122734353 -24.970837218160770732
-50.319319283661421593 -25.011534059728028012
-49.778702284147200885 -26.104192733380980229
-49.185094562038472077 -26.639276567115565797
-48.492629410685864855 -26.79103851242156864
-47.64936133838322263 -26.941536794784287423
-46.598021903389444276 -26.786667940535590304
-45.394731522345644237 -27.140509962573506897
-44.163360879735641618 -27.178014427538450093
-42.91864173551705619 -26.814558447437470079
-41.629392136079346187 -26.869791627928542255
-40.415854306673807628 -26.748288680865638156
-39.168798739720237734 -26.442160792064434816
-37.862413618497626544 -25.997874126233643466
-36.551334956060443915 -25.509334756900258867
-35.290749951100501391 -24.905325845034507637
-34.115181561811830591 -24.239141066381957756
-33.045693415306431007 -23.536376195679910239
-32.014701384556268238 -22.759701896375638341
-31.002905724101285756 -21.887743205689123016
-30.079681802729044904 -20.979756559115049441
-29.42453448899332713 -20.257865055257905595
-29.587926986743266156 -19.125525735682526118
-29.685679393462617526 -18.028152868317064872
-28.679287722493295831 -17.746604787492049837
-27.498623112820482106 -17.621276376285155862
-27.132613409103875313 -16.998155515033381846
-26.961444911014961434 -16.154206620351974522
-27.27771802394052969 -14.946184744953827206
