-30.848289179029020346 -3.9078340019851056653
-31.19123853003010538 -2.4220899611769550752
-32.360973319370394563 -1.3365677425856830052
-32.417023652318455618 -0.080067272105703884977
-31.69864230588505194 1.3438605988764837917
-32.189316676293628916 2.7145293983338891763
-32.942742778314652696 4.2145538257477452859
-33.809715576201931242 5.5962459715515393555
-35.040190449593652033 6.7018293452939579069
-35.589173299161679154 8.2658981643402640316
-36.633254902158938648 9.4491050369085645144
-37.771918141264222868 10.500657553612164463
-39.005499880655143841 11.473172809109783543
-40.281436602160923144 12.327355029010252707
-41.293588112154530734 12.910014547712972188
-42.788200317325092215 12.291738314990622527
-44.433787168669653056 11.831499105269424277
-45.939100030840684497 12.189240692226835705
-47.246371221513697947 12.770467715230672923
-48.64673714671092597 12.273899674674700222
-49.856073166850137568 12.896157063774243312
-50.940502593214262106 13.459996340657792047
-51.99396846226554203 12.336923461837081106
-53.086306562291341038 10.974206527093560481
-54.198571854271428094 10.570360522904323375
-55.276890383286392705 11.732823024705037795
-56.393117550513984781 12.962935355298746742
-57.876416109480295802 13.237789304334441454
-59.574332285687802369 13.23144348720528285
-60.760430139883801814 12.613955891106545693
-61.862543090965665726 11.855272869647032863
-62.843404894624171675 10.519380152702744624
-64.2991901762592164 9.6138650988885920867
-65.636616297860683744 8.6617692180253147427
-66.678505123434973711 7.4025772731951811068
-67.471182638324961545 6.2829645563757310356
-68.045093267872047704 5.356307805630029506
-68.5386556438422474 4.4562671962428304084
-68.926128449303107004 3.2720581744860588458
-69.227127296241349086 1.6830045212192337178
-68.79202144301555677 0.17909785989459270361
-68.490207162129166818 -1.2437675190739072573
-69.41905381332034608 -2.5994884708431449383
-70.351607522868349065 -4.0747381516949126024
-70.743651833954913855 -5.5478784368010174433
-70.635974237783514695 -6.9428407102948250795
-70.400866913875503883 -8.4871168011093569561
-70.034036935178576755 -10.051500783414009987
-69.566723823424197803 -11.51569274738799642
-69.006434373921166525 -12.89952709663268493
-68.401106788338069009 -14.132485993630817589
-67.749201944868488567 -15.262277359221659623
-66.932141204538453394 -16.475887437968715687
-65.971864925219534825 -17.693209861949867445
-64.912259029727081838 -18.840413905096372815
-63.692615096510770911 -19.964267250281583443
-62.352078945805359922 -21.005988352144861153
-61.112629510084090612 -21.819953931147551884
-60.322632854243636302 -21.292486497827546543
-59.458732781309294069 -19.829552058672589965
-58.595200758407870012 -18.364757832005299321
-57.731668735506431744 -16.899963605337998018
-56.868136712605000582 -15.435169378670700269
-56.004604689703562315 -13.970375152003400743
-55.141072666802124047 -12.505580925336104769
-54.277540643900692885 -11.040786698668810573
-53.414008620999254617 -9.5759924720015145994
-52.55047659809781635 -8.1111982453342168498
-51.641570160125013444 -6.8233683817256878257
-50.97482910838450465 -7.2862488306564765494
-50.910067636947928804 -8.9531237468343967123
-50.894459730075588766 -10.655622618657170975
-50.878851823203255833 -12.358121490479939908
-50.863243916330908689 -14.060620362302708841
-50.847636009458568651 -15.763119234125483104
-50.832028102586221507 -17.465618105948259142
-50.816420195713860153 -19.16811697777102097
-50.800812288841520115 -20.870615849593797009
-50.785204381969180076 -22.573114721416565942
-50.737152078597617333 -24.219691983248658573
-50.01085750531768781 -24.692988374432118803
-48.529556520973684997 -24.279263725101142057
-47.001006622454035266 -24.35039168809399257
-45.50954538781590486 -24.005227019494352447
-43.921445949786651397 -23.481193125524406184
-42.343393720487966903 -22.849242534818269945
-40.850863737801624609 -22.078964482973415073
-39.508632870597608644 -21.241181747902636801
-38.254340275256083714 -20.313967080123717324
-37.031968801542873848 -19.250269551933858025
-35.995029698980175681 -18.196190526633021278
-35.622020146125706219 -17.178535405625375176
-35.919370366120666915 -15.714010485678750584
-34.830430930179019811 -15.273780258811404664
-33.609123064101950717 -14.993067969254049387
-33.157695433460858681 -14.19980396141926704
-33.450395983125581267 -12.838252297948111291
-32.828479776443245441 -11.67444440625589408
-31.903427539796940238 -10.548552465473633788
-32.174610518017374261 -8.9312954583471189096
