-30.198130056946560273 -9.1868743896484375
-30.027515597795787272 -7.0822427136146961502
-32.319282503843155041 -5.4177233708525180944
-30.592510493712051556 -2.8641856078118577145
-31.976570125384171206 -1.1392863798290981947
-32.58946084350426986 0.89498145610579094011
-34.541227480690778862 2.0821766491222248874
-34.966950885167108254 4.3955370707020069432
-35.962891221682248499 6.460387501018272971
-38.290038915364370098 7.0017313148291719926
-39.464462503586190678 9.150838091986393863
-42.139435331458315659 8.5844688901883117182
-44.195702202284934401 8.8361758698887342689
-45.75614919600286612 11.022323263422496353
-48.026540633522714074 10.081713980138964359
-50.051746368408203125 12.299088920780814504
-52.055652377662084973 9.8790253864253436689
-53.677908583946923216 7.872879119520852953
-55.957464211657651276 8.98904450553880352
-57.966929160345515015 8.5909189581215272824
-60.561358194007333111 9.0163061816950218486
-61.43775808408676653 6.4846303597730869939
-63.111445316108373049 5.3173893898060775598
-65.167004322455895249 4.4229656038268796436
-66.133947374797642738 2.4975280000282928938
-69.19857712101564573 1.8675541544011586836
-67.983726498863873644 -1.2030422385760886073
-68.799552418768783468 -3.0953425510789607245
-67.363549649287449483 -5.5071375255732828435
-68.888638694156199449 -7.2070370255590878728
-69.990222798030316653 -9.1868743896484375
-71.389237794902811629 -11.429535336664955025
-70.939431478853208546 -13.626687275183257952
-69.952914890780121482 -15.65315618691535704
-68.100412385347880218 -17.222657032826486301
-68.684809517981364024 -19.944679052212240578
-66.391864673534769281 -21.05866321154013221
-65.664374944246759469 -23.244548922276710101
-63.728442903869805036 -24.37638188776987036
-62.065454613763300529 -25.722328056949827157
-60.374617747249502031 -27.066611038541182666
-58.134354850931181602 -27.340712979419834028
-55.711090978399042228 -26.60453492835624445
-54.313661544475067444 -29.237612471487665289
-51.912366498683276461 -26.889505742874074912
-50.051746368408203125 -27.969861406362237943
-48.187837883127180305 -26.920792374401742109
-46.020180613432053462 -28.153884866097136808
-43.903449294859449026 -28.109386587928529622
-41.856254394576815514 -27.594253489899081444
-39.739721609963922333 -27.047824142036148487
-37.392456150411447879 -26.610895564920443945
-35.885805412310006091 -24.91974724733638169
-34.387555817325043961 -23.290975535369256022
-35.529939438778590954 -19.737582895030392649
-31.716289771657702801 -19.772855818648061188
-33.109802426290457333 -16.729913479417838573
-30.900895368170143485 -15.409362615314005751
-31.579936371736415879 -13.113177357580678262
-31.866541614164741958 -11.098216622934616638
