-21.60860187170380442 15.076563876852951296
-21.850341336277743665 16.307361444335462863
-23.088689198984766904 16.791239386479261952
-24.584323967815748802 17.082290697935768264
-25.982139906817550923 17.405099323647267084
-26.152774162507796518 18.126317891830499462
-25.215942287543928302 19.223971229702577546
-24.850311719171845226 20.489675445443630508
-25.072062667587125873 21.957116642688635721
-25.003962097812941323 23.463517141207141492
-25.439159825001173232 24.819497493747778805
-26.060537736355733784 26.166215642938233543
-26.495436174687384323 27.579762407572317784
-27.455862278227584738 28.598255568789092251
-28.460329254106536467 29.525684658753107215
-29.529500979459960774 30.385090103182093912
-30.648174214045930341 31.164724184099537041
-31.690641326104213249 31.795434825888836627
-32.713461475327662242 32.334092699326909326
-34.191257268110369694 31.98153076131113437
-35.617704937206639215 31.744886541002713898
-36.813755333905874068 32.380889142352685894
-37.993898405575912136 32.754031188915767814
-39.292275292559473598 32.256688907267111688
-40.424849184671280966 32.752964752537245374
-41.436483663300933244 33.531535525824246236
-42.39528737438244832 32.868346703190056246
-43.351756195746467881 31.685097190407368828
-44.367850278578011114 30.609388539522349504
-45.498997031691274628 30.527571256528872823
-46.741881898551852714 31.315358734868325996
-48.15155198714801088 31.806707641781585494
-49.657880580333980447 32.078788955291045681
-50.941503644014090924 32.016722572211193665
-51.911515749043338985 31.463169286771314859
-52.785203220635409593 30.57366541564763196
-53.752167382917832583 29.475182031451058862
-55.054231372477211437 28.694908364234258613
-56.264681899619041872 27.886259646068115359
-57.203467753837898613 26.783929339516511448
-57.984601447249090711 25.72679994314003693
-58.548508340968965058 24.86173623678563871
-59.007124374424719804 24.077483261694485606
-59.440816952160098197 23.250697701600017808
-59.695827775372691804 22.073641573004621819
-60.00287813745476484 20.673577564288610375
-59.595861001118372258 19.348252405367318829
-59.174278069823806447 18.081248340062334279
-59.858493050129155222 16.889532275251120552
-60.74699210720295639 15.630745084098244035
-61.51742860216197073 14.298818678042925612
-61.473464639092917139 13.048527905052225151
-61.350117407200087882 11.793445930318906534
-61.120350136519519424 10.409880896910644665
-60.78994182082355735 9.0305026872004106053
-60.38154055940258047 7.731538938275670958
-59.902594483533547987 6.5027075290704559052
-59.370738179675555557 5.3614626662407207647
-58.827313166234247888 4.357518625020306402
-58.192622749886027123 3.3333795800473016158
-57.415552946183048277 2.2413126433076460131
-56.551147710303823146 1.1855603139149923919
-55.601521633373621967 0.17606563040802925002
-54.5246262314205552 -0.81649791540724336869
-53.351771672747545949 -1.7468678652087632486
-52.116157656082066296 -2.5846856433514098228
-50.869654470778314703 -3.3026082930793378978
-49.514945795255108862 -3.6482496173714142884
-48.069525172564247839 -3.343820208221810919
-47.060136133617056942 -3.7216064272987616768
-46.556361114150860203 -4.978706659924355904
-45.83403903276580138 -5.1524949572600533543
-45.019989797081606753 -5.3147849580954193982
-44.005271947718910042 -5.371334045544066349
-42.748106092059202865 -5.4018345081579655087
-41.429762153000410763 -5.6236523083501595011
-40.102010346235786642 -5.3387121683985778731
-38.729419080143451026 -5.2740425839146380937
-37.417721131569983584 -5.1991145144727965999
-36.081860683348494945 -4.8710001082091949343
-34.679109976172540541 -4.3944853869069016028
-33.282133540203616917 -3.8495810935183882862
-31.946390441906423519 -3.1849488907400953508
-30.721209909015470885 -2.4594749770922987864
-29.599896611818415693 -1.6852543583219485868
-28.498528675110343045 -0.80621485684493876533
-27.447489012224160376 0.16233794711931537336
-26.607846090985393772 1.0457426526380153575
-26.409140842459411402 2.0007304340411056209
-26.704656927031990676 3.3174504956785373366
-25.875701555695762579 3.8033267297219199854
-24.498722995260898472 3.8709861683033661706
-24.105244701309555211 4.5369148505774994362
-23.941759221991116391 5.4498212577041460492
-24.202208015159900611 6.7204778696567775143
-23.272992207969370071 7.6345450160568297804
-22.632636737989251685 8.7000141549934220109
-22.932941115362787343 10.151807881348785756
-23.182530602227078731 11.648662922736351177
-22.818282916715929787 12.985923305649329507
