-41.778368355339296158 -4.3116609504988119284
-40.182091988609805355 -3.7549642676887122761
-38.562925293542598126 -3.2173541396402129955
-36.943758598475398003 -2.6797440115917128267
-35.324591903408190774 -2.1421338835432135461
-33.705425208340983545 -1.6045237554947147096
-32.086258513273776316 -1.0669136274462156511
-30.46709181820657264 -0.52930349939771614842
-28.847925123139368964 0.0083066286507830575797
-27.228758428072158182 0.54591675669928230175
-25.633582066052376547 1.0944656463435606941
-24.942752327233190357 2.0556287595272642044
-25.487833511257406371 3.620080836638314814
-26.158551831826496681 5.1547420708624835939
-27.394827589600826201 6.2645665972473256744
-28.183442666833055767 7.6609459957308576605
-28.978747528583962634 9.0311178751284835187
-30.105213454020805841 10.130414244497519149
-31.289384932940855322 11.118290690358209716
-32.555276048544392609 12.017960371423612287
-33.64507217966793462 12.681822557510695759
-34.797850304470713922 12.647334956834825448
-36.366485324397721968 11.97319146143193791
-37.963565131977652811 11.752296563276612318
-39.24508553255240173 12.537360740732703235
-40.561353255033452569 12.588745870210429345
-41.912466456261796566 12.339306209598658981
-43.045199681340591269 13.33011680937120147
-44.114337629733050505 13.11902234012981161
-45.17504158145147386 11.764501127801262115
-46.309746018429407854 10.555774124538435998
-47.604433541453488488 10.748447392106822207
-49.065565586410457399 11.594342266365170957
-50.723605741123172663 12.025824540223204906
-52.313310378882952989 12.632552593934716967
-53.493026389013742516 12.602468291058574579
-54.538909428775177446 11.894171283520911686
-55.504579770399857352 10.566203652912687261
-56.946797819596689294 9.6447349121485590473
-58.311181260689195938 8.7175650220210485486
-59.359999939485419418 7.4620976530512042046
-60.170806959466233366 6.3267591502349613819
-60.753062518259923763 5.3934337039593920338
-61.248075159608909246 4.497292366721076462
-61.66447545578929379 3.3510737900375402454
-61.954803730894795422 1.7600829760194471874
-61.576510888529647048 0.25055597706719789919
-61.203986560979473097 -1.1779800027564666376
-62.095179184047808008 -2.5322677999423888195
-63.038838456638558227 -4.0003929562987909918
-63.485246289781173346 -5.4801281294202501826
-63.383683530849303622 -6.8722583231108371749
-63.156855252447073212 -8.4087637830566119845
-62.797189077460529916 -9.9758056092851781216
-62.334731889946610295 -11.447827385324961469
-61.780056792886959727 -12.835161982602540931
-61.175126295392864506 -14.080090574484861676
-60.529606013910644435 -15.208973268464204054
-59.723567459800769086 -16.417306097107488227
-58.768703202350167203 -17.639096115140375787
-57.717278310982010225 -18.788062168309565436
-56.506533653570066633 -19.914621685827881947
-55.171779082852367537 -20.962564178296894113
-53.766927450955307677 -21.885255031833825257
-52.351086487494384869 -22.656497914729211374
-50.711892410560054145 -22.595484826391526667
-49.304073477913746615 -22.556209447201027274
-48.649674240522692514 -23.886814859300642411
-47.862904158027589574 -24.240091367504593478
-46.940037471150702686 -24.423715658450340982
-45.743275607214023637 -24.390395723725667665
-44.292205588098269686 -24.691708965745263527
-42.794493293575051496 -24.709414313665696739
-41.267855354981278992 -24.294036127636871925
-39.739303474518258952 -24.36516728340249216
-38.247841258511840579 -24.020002683320175407
-36.659741065111234093 -23.495966690452675607
-35.08168653740965226 -22.864017391158078851
-33.589157646463917217 -22.093739975219190086
-32.246926221062025775 -21.255956993960335666
-30.992633510492026971 -20.328742313130671704
-29.770262257870079736 -19.265045070861773979
-28.733323077101129428 -18.210966074774841417
-28.360315590501500083 -17.193309677366990229
-28.657666632997763401 -15.728784691352855063
-27.568728097687284162 -15.288554530246512897
-26.347416957144943694 -15.007844767888549598
-25.895989089121140836 -14.214580543930869894
-26.18869123325745818 -12.853027340189143501
-25.568797664406250902 -11.691331397391529379
-24.951338964052851566 -10.886216435268677216
-26.247383294760528116 -10.31185496908468302
-27.861200209791554983 -9.7742454863150243227
-29.475017124822578296 -9.2366360035453638488
-31.088834039853590951 -8.699026520775708704
-32.702650954884610712 -8.1614170380060517829
-34.31646786991562692 -7.6238075552363895326
-35.930284784946650234 -7.0861980724667343878
-37.544101699977673547 -6.5485885896970730258
-39.15791861500868265 -6.0109791069274152164
