-4.2949820883708120789 -9.0112046899113629195
-4.4764987616566287443 -7.6453815182484712309
-5.4797755387995135123 -6.6545892826926724695
-6.0765040167945256755 -5.6466883566440930764
-5.4441350167951885197 -4.4113739160733898004
-5.2871449672702119926 -3.2202804469329802117
-5.8343083822019847773 -1.9546227264566009563
-6.457624724885532963 -0.60518273504685615727
-7.2452455458179594316 0.59643937619649156634
-8.5163485396807399042 1.2504897322385057912
-9.8476279025301209913 0.94184308651505832533
-11.17909384928287686 0.23982442900275249831
-12.510561476971700401 -0.46573812050765117654
-13.842029104660522165 -1.1713006700180550457
-15.174978587294527088 -1.8473365424898458009
-16.538272252299417886 -1.9944307893039168178
-17.928595676055660846 -2.0871080133553543412
-19.095073142860680804 -2.0517815876208764791
-20.079449380424886584 -2.0766967153966993109
-21.258906279536144979 -2.923549247219187297
-22.223575088195900662 -2.8533684413981976746
-22.826397975312438859 -2.3909764651985456752
-23.558702444344952198 -2.5549304410515509822
-24.062430354690661716 -1.3935316283165311013
-24.412618734245302932 0.072470287016594026053
-24.700414123466522653 1.5532186864299419859
-24.986686671222148703 3.0343270070028487417
-25.272959218977764095 4.5154353275757568298
-25.559231766733379487 5.9965436481486618092
-25.845504314489001985 7.4776519687215721177
-26.19027903265276791 8.7301601056786051203
-26.927901609451541987 8.4507902177589304671
-27.984283168682107856 7.6902119824611094856
-29.292022843255015374 8.0428965311689246676
-30.71992686173755871 8.2949835736030959055
-32.217536290705865554 8.1685106953668906726
-33.531454646585217461 7.9796996932174764083
-34.53025277233290069 7.4159527950998409551
-35.426552287594702761 6.5736737933480107188
-36.359304978561667099 5.4477412321173126486
-37.650095502534867364 4.6520786610495408198
-38.887196289980821007 3.8675830953976682025
-39.82983892498198486 2.7713996825572060345
-40.627398686816988516 1.7017984426634509276
-41.201517099450832404 0.8278187478640059993
-41.664874766796089034 0.041034898004518538528
-42.097893646866467066 -0.77819471581241828062
-42.370258772506403488 -1.9206527445271746046
-42.682642954921590217 -3.3232622310190547132
-42.330125267859529004 -4.6536759754901311226
-41.855064486207737673 -5.9251467032514906208
-42.480110180908027928 -7.1194268943103420355
-43.380471662621793882 -8.3696408868575886686
-44.153366308752417524 -9.7014915932396892373
-44.165291612460038095 -10.959235242236996299
-44.048096745787155726 -12.206188008751801988
-43.825541370994940849 -13.585584566584639532
-43.501487115850153486 -14.967177099363478732
-43.097200836414117475 -16.273794706845734481
-42.623755667655373713 -17.504498024307952875
-42.092885535137234854 -18.656181545735442739
-41.551840812570155492 -19.665047706466573629
-40.926069679925639377 -20.683928893341185784
-40.157711863371858385 -21.77392273112135257
-39.297162140583466794 -22.834780736714080263
-38.355538322468177626 -23.845111640494049965
-37.286472211361441964 -24.840109853009064267
-36.118912504628923443 -25.775794392355017237
-34.885922357513649672 -26.620783195619029726
-33.639967946552658873 -27.346416915869365738
-32.300827722642104334 -27.746178326527857649
-30.846361098006191526 -27.449020867687654146
-29.790957101113349381 -27.74216288993450874
-29.293097306172370509 -29.053924161130229464
-28.569045127609783208 -29.230070679515076648
-27.767018413735470972 -29.39227755796441599
-26.812520214360507254 -29.413711758818063657
-26.111162084609915723 -28.189965153153618616
-25.814476537497220932 -26.72861983248387574
-25.543083026799397572 -25.252424592126295977
-25.271689516101563555 -23.776229351768716214
-25.000296005403740196 -22.300034111411150661
-24.728902494705916837 -20.823838871053563793
-24.456876770264425858 -19.347797884704696969
-24.033390727948269472 -17.928862782277516175
-23.18487360051717161 -17.428462871526228639
-22.170842678505817247 -17.74213533695813183
-20.877160321839383528 -17.64593034263033644
-19.399079779941008184 -18.063568324864181847
-17.926059991235003821 -18.514488652719325756
-16.406517816579878399 -18.427566137977073879
-14.879829255543514321 -18.34318727147598338
-13.439023187566570883 -18.751400833606748364
-12.030205755891238084 -19.317794681370081378
-10.620255274467098161 -19.87760365417984687
-9.1741341922776928897 -20.230521872935742778
-7.6752162481832693075 -20.281449460070778201
-6.9485862732880043779 -19.823729414159490858
-6.5446565145551254261 -19.100479051479020143
-6.908095624958941805 -17.838883226705416263
