-25.072864935486599336 -3.1215319633483886719
-24.902252383684459147 -1.016900287314647322
-27.194019289731826916 0.64761905544753073372
-25.467247277986849952 3.2011565751026145321
-26.851305007304503647 4.9260560540632152282
-27.464197629392941735 6.9603238824058397682
-29.415962386510447146 8.1475191129694639613
-29.841689587614219192 10.460879030393426703
-30.83762601960652816 12.525728901057252784
-33.164775701021412146 13.067072787286612368
-35.32010290734486091 13.517205427675868634
-38.193749016620110126 12.000435889148757695
-40.175034234806034306 11.501920671627404502
-41.468662219741517561 13.146244669199365518
-43.349954567080899892 11.878149345179446428
-44.926483154296875 14.164335693546927786
-46.481704714440461146 11.675460716996553856
-47.714869394021292237 9.9968004696003358589
-49.727598471070308506 11.654789193701482475
-51.662085333087901518 12.006885912192197807
-54.455187384662920635 13.382673611299637173
-56.31249485571387936 12.549971842760447416
-57.986178326691018015 11.382730826963779691
-60.041741112370573319 10.48830754881843319
-61.008684160686314613 8.562870426328341722
-64.073313906904317605 7.9328965807012075118
-62.858463284752545519 4.8623001877239602209
-63.674293013113477002 2.9699996560110824007
-62.238282639454141076 0.55820481145512079735
-63.763379292534452247 -1.1416945782542655685
-64.864955769221722903 -3.1215319633483886719
-66.263978398521032886 -5.36419288151468443
-65.814164425744877462 -7.561345916878797091
-64.827655514703280915 -9.5878132119535468547
-62.975149177702043346 -11.157316022516184262
-63.559546319516933011 -13.87933612197382871
-61.266601452706076714 -14.993322224997205794
-60.539111718174709154 -17.179206986097547372
-58.603175823555567092 -18.311039984682871307
-56.940191394675444769 -19.65698611110259364
-55.249354526471634586 -21.001269092927220328
-53.009091637955123133 -21.27537102945148817
-50.585827728846830098 -20.539191083060170939
-49.454057702578438693 -24.422096944809830177
-46.952882490399403537 -22.401476253217939671
-44.926483154296875 -23.591393846547784818
-42.896795467906187582 -22.432762885241469775
-40.629261997031932196 -23.338369372414174308
-38.77818608292782443 -22.044042731825236103
-36.730991181788894551 -21.528911541025408383
-34.614458402295170458 -20.982482196292885135
-32.267192953728937255 -20.545553628120327261
-30.76054024307222079 -18.854405254854146534
-29.262294569386227749 -17.225633651236897492
-30.404674315137778962 -13.672241896240132419
-26.591026545447231655 -13.707512894554525928
-27.984537289119625569 -10.664572448342068967
-25.775632153103099853 -9.3440197092354146946
-26.454673146807490269 -7.0478358340621287681
-26.741278400053413833 -5.0328741966345678094
