76.550563409239970269 9.866725921630859375
76.721172147011699849 11.971356637645499177
74.429397641761880777 13.635876795246900883
75.715356571820905174 16.046181118513921149
73.963136677969842481 17.554132597601416421
74.15922690063635514 19.948581767385086039
72.207460272836641479 21.135777424318860085
71.781744539367394964 23.449137325340778659
70.785796509945157595 25.513988300401674536
68.458648829123703194 26.055330195344556188
67.284229223274934384 28.204438306257408442
64.609259877672698735 27.638070228339390866
62.552989175501735986 27.889776239995157425
60.992538554544630358 30.075922619665654167
58.722150798057853649 29.135311443770579132
56.696941375732421875 31.352690185734427786
54.693039037098202471 28.932622821538540592
53.070782532693620226 26.926478383133936489
54.513090493603819198 16.587913944113864773
54.108559817460317731 15.680328756751677588
52.952553639831329235 16.352189110319898191
53.372014183606751203 14.443101018581536721
52.815110415498665475 14.177933205976390951
51.623858679865826105 14.434548893438336137
51.174943910652757495 13.878693012594158773
47.833149647465432963 14.984237995409818822
38.764961241990043561 17.850558542158299957
37.949131516915819873 15.958257540990331336
39.385145686297136081 13.546462607162691683
37.86004905523561348 11.846562382007665093
38.513527049381792722 9.866725921630859375
38.780592522175041381 7.9836422029278066859
39.359202107845320029 6.181476314730252497
39.395134254181797928 4.2450291242621309706
46.40259357109923144 5.2833845501148157808
45.980275380647007921 3.6794544311618908594
47.827709295382383914 3.4228533959497022821
50.926800332568276986 4.6712643044563781913
52.743522843996061056 5.4760117771499841055
53.513292436817891939 5.4848017131268642643
54.016865583174244136 5.2246983045580330796
54.869864201166379303 5.7630424960412591773
55.7910257510997738 7.0786035810555407721
55.343793355319697014 3.500673662629781191
56.237993896648774239 5.5001488632483592767
56.696941375732421875 3.8811856326697435904
57.363954385141241232 3.5205032623571721473
60.994162536238675898 -10.350111009908804505
62.845242246089277671 -9.0557862824617778585
64.892441029163833832 -8.5406522025925362129
67.008970031702375536 -7.9942242597729986642
69.35623157630035962 -7.557295743141079214
70.862882317951601863 -5.8661474253909648979
72.36113974676395344 -4.2373747740398552963
71.218748363468279194 -0.68398369586758711591
75.03239797626390839 -0.71925535180830024728
73.638887237687811194 2.3236855486100616019
75.847790467379724078 3.6442376921424379788
75.168743772222100574 5.9404221374579577741
74.88214612572618023 7.9553841247486252186
