-30.983177588074489961 -5.3233366012573242188
-30.812563128616819341 -3.2187051665620853846
-33.104331944588153647 -1.5541856909985463098
-31.377559930171273095 0.99935187634728528394
-32.761617660841423572 2.7242511798672648382
-33.374510280290699882 4.7585187647323543558
-35.326276919167341362 5.9457144375133381686
-35.752000316563595561 8.259073897555593291
-36.747940647645599199 10.323924801305279786
-39.075088353725121237 10.865268626298981047
-40.249511942062753178 13.014375880377507144
-43.123756906611696138 12.000435869301032454
-45.297077859905350294 11.726157164999506222
-46.910964848669387095 13.146244653272603387
-49.028844921097650911 11.87814935839580599
-50.836795806884765625 13.985964264103568411
-52.623443240162558254 11.675460755451990025
-54.093191705103393474 9.9968005312919476779
-56.742509988757866779 12.852582244112912946
-58.751978598822077515 12.454456746512640564
-61.346407632483895611 12.87984397008613513
-62.222807515432549508 10.348167676507856072
-63.896490985000305329 9.1809266607404342864
-65.95205376898448435 8.2865024296010023619
-66.918996813274205238 6.3610657884194061751
-69.98362658126367819 5.7310914282458131908
-68.768775935697078694 2.6604953150874788292
-69.58460185598676162 0.76819494316242753484
-68.148599084974279094 -1.6435998432667706659
-69.673688131319977401 -3.3434994630961107909
-70.775264607112347903 -5.3233366012573242188
-72.174287233379374129 -7.565997548273841744
-71.724480904196383335 -9.763150502254186236
-70.737964329256683982 -11.789618398524243759
-68.885461828134765483 -13.359120188428537546
-69.469858956457926524 -16.081141263821127296
-67.176914107533093556 -17.195126382987098168
-66.449424358801877588 -19.381012114127365464
-64.51348849177507816 -20.512843178005567779
-62.850504062192911192 -21.858789307653083256
-61.15966717239298589 -23.203074211522242365
-51.759902358865666372 -7.3966682808456232223
-51.538125026666421036 -7.4818060478289307724
-51.30866265265476045 -7.5432955591433739073
-51.074028581316881059 -7.5804604881172767961
-50.836795806884765625 -25.793198961293878568
-48.807108124824488016 -24.634566093094072414
-46.539574639895896269 -25.540172577744748139
-44.688494935074771774 -24.245849758552122211
-42.641303835700185232 -23.730716656360719696
-40.524771061325637334 -23.184287314758602605
-38.177505554030375379 -22.747356797529462824
-36.670854823028534497 -21.056208480277504691
-35.172605281368220176 -19.427438729047061372
-36.314988830770154493 -15.874045996332473152
-32.501339210134261748 -15.90931803025694613
-33.894849954594938879 -12.866376638359476203
-31.685944806646705985 -11.54582482692289247
-32.364985799395384447 -9.249640471971064315
-32.651589147079320696 -7.234678851542311051
