-2.9686130739143337109 9.9667139053344726563
-2.7979993292648224212 12.071344620515533919
-5.0897674281595612911 13.73586492413039295
-3.362998994103467254 16.289401494451297481
-4.7470531476303037266 18.014301450172041541
-5.3599448088145003055 20.048568788179338185
-7.3117105718721688845 21.235762662065642559
-7.7374362824280620288 23.549124407687422433
-15.332983446496353253 18.284364344073217978
-17.34297546928821987 17.508264460711021826
-17.885601150695944028 18.517205364918055466
-19.69061350367483243 17.000435964039407821
-20.698811500141012232 16.501920755222258208
-21.083618031003229731 18.146244649891180245
-22.09580822231748698 16.878149369475814012
-22.822224441987245314 18.985964264103138532
-23.52734577366673463 16.67546070503660971
-23.891405514036073043 14.996800157715675539
-28.727947317740131439 28.142633725240894904
-30.737414084661917713 27.744507253104437439
-33.331843097279161725 28.169895442502344451
-34.208243001272393258 25.638218183099652947
-35.88192644795456232 24.470975280589868817
-37.937489254824320994 23.576552936192797461
-38.904432292237515867 21.651113920290150361
-41.969062088875006111 21.021141420291147739
-40.754211419893564994 17.950545586951729859
-41.570033528587998717 16.05824455119527272
-40.134034573603862839 13.646450769409627313
-41.65912361322141777 11.946550365711278374
-42.760703907649457278 9.9667139053344726563
-44.159722719219217879 7.724052958317955131
-43.709916390036227085 5.526900004337610639
-42.723395986787608081 3.5004323045937733028
-40.870897316129777721 1.9309298461666770663
-41.455294441075366763 -0.79109079659951753172
-39.162349591133811089 -1.9050763563143444657
-38.434859868563165719 -4.0909606272937999449
-36.498923961983301467 -5.2227941160000117549
-34.835939518173596241 -6.5687416837781817947
-33.145102664899368961 -7.9130232242443589996
-30.904839775247587852 -8.1871246844369238715
-28.481574164428408835 -7.4509475321161851014
-24.778666642600725822 0.76238736346064506222
-23.542846486145538876 3.1104942755023330392
-22.822225210604845103 2.0301385936378988362
-22.098322470232535153 3.0792075968899901284
-21.096144690334611482 1.8461151120300325346
-20.428189538370904899 2.598617401947702632
-19.437070583743945917 2.3635292909709342268
-18.19929325577499668 1.9595574083519728958
-16.493754962501700589 1.2563189821951947778
-15.315837899274558964 1.630023326810693618
-7.1580412299887523631 -4.137387253169656276
-8.3004224535655133366 -0.58399602755727109127
-4.4867737292741516342 -0.61926753835698278294
-5.8802854275473599444 2.4236734203407923616
-3.6713838706163564041 3.744225912390325206
-4.3504212852352246443 6.04041003462073256
-4.6370253475049061365 8.0553716614240382654
