-20.76689553979398184 14.876976179828970359
-21.007017651767565525 16.092147284332863677
-22.23931516679855136 16.517566388677686007
-23.727755154904350832 16.739101149777180666
-25.213846422479889497 16.96147890989634277
-26.138006303193332514 17.385544185470727996
-25.517013032510401871 18.365041592151289507
-24.850664048796780037 19.563757272071754301
-25.03288276936133272 20.981862303637154099
-25.004658427139627719 22.49078766893918413
-25.187633701711668266 23.95682591583435439
-25.58770501612214332 25.40419410352217966
-25.635643586618694911 26.93058471686965305
-26.288990046876744344 28.06970555451702154
-27.282019096457062801 29.029395330568895872
-28.319663841639076907 29.90317019372481866
-29.437101227364827594 30.720208558062854109
-30.512060707640124235 31.401522236338905714
-31.522145836815990805 31.9589043580883434
-32.875300517053830163 32.040636025312466018
-34.393741029410499266 32.193713277327496769
-35.820289446145984869 32.695658664529290149
-37.161602975913133662 32.766212568476682065
-38.441835601602292627 32.241974643897158614
-39.543776254713996821 32.721693541349210932
-40.537037526281054056 33.53093967750699278
-41.500238910325606412 32.944784403497209269
-42.465561175220919665 31.76317348200024071
-43.490318157567330104 30.664329285853192175
-44.625435949874642461 30.489754616546697719
-45.873122533211052598 31.264310377861260548
-47.275186893623775575 31.764024332454116717
-48.786977790973764968 31.992531183247169935
-50.072471118860931938 31.831773155350997939
-51.067499242111217939 31.265054301315370111
-51.943501727605116969 30.374142851360453221
-52.910465876984261513 29.275659044714963386
-54.212529860075662214 28.495384538169403754
-55.422980867961584295 27.686736154475369176
-56.361766710830515592 26.584405780112270179
-57.1429003864468541 25.527276322884176807
-57.706807260180930541 24.662212571491942015
-58.165423271438740471 23.877959560206747369
-58.599115821186060771 23.051173968914156376
-58.854126266091817854 21.874118089738274762
-59.161176366729343101 20.474055147958431178
-58.754157739485691536 19.148730286613997009
-58.332573170243747995 17.881726161962777866
-59.016787847636699382 16.690010120187807274
-59.905288245866259444 15.431222654456357546
-60.675727094420849994 14.099295661258812729
-60.631763081624782785 12.849004182889748549
-60.508415753573679297 11.593921836637134604
-60.278648458745358596 10.210357083584694848
-59.948240198212403129 8.8309793003365317787
-59.539839036874923295 7.532015923699519
-59.060892975965188612 6.3031845569635240878
-58.529036672120440699 5.1619396941600061979
-57.985611669946933944 4.1579956724042439475
-57.350921305957740515 3.1338567040394913477
-56.573851556509346494 2.0417898256556448189
-55.70944634382192362 0.98603750260697076158
-54.759820267502320235 -0.023457201160816509855
-53.682924869872877593 -1.0160207624999326725
-52.510070322591616332 -1.9463907217759981449
-51.27445627503501413 -2.7842085363970383582
-50.027953063124563471 -3.5021312123313848019
-48.673244286019034632 -3.8477723192709465394
-47.227823688010921899 -3.5433427940889297147
-46.21843531874535671 -3.921128921032400072
-45.714661754177171815 -5.1782290729332061119
-44.992340839848651513 -5.3520171967219667408
-44.178291983057405901 -5.5143072732342552911
-43.163574112130874028 -5.5708576625726440312
-41.906406796764926526 -5.601358427072026025
-40.588061029838414129 -5.8231752821449553892
-39.260308741759210704 -5.5382360588336148055
-37.887716188321753918 -5.4735659982304749605
-36.57601678610195961 -5.3986368922079819299
-35.240157599747348627 -5.0705226352181291816
-33.837406986247920315 -4.5940079636106831984
-32.440429898409661291 -4.0491031012582681115
-31.104688862440138308 -3.3844718236610802364
-29.879507751625965284 -2.6589975324813117652
-28.758192787191209305 -1.8847756111542501856
-27.656824869724975002 -1.0057358585481495084
-26.605869673236458794 -0.037266362222528215398
-25.771184765063665623 0.84058450758520386614
-25.604366720605458596 1.7931715650981965293
-25.964297215079888304 3.128170047941424059
-25.230906377818598685 3.6563166224576799657
-23.750496324623153299 3.6330323734429708082
-23.314427789033764782 4.2478810202047636579
-23.016063498119471831 5.0660158047375407619
-23.392891579984755879 6.3717763757393788282
-22.588991368733385201 7.3221956871325550864
-21.801790631907291385 8.3287002814055952626
-22.041203744573898859 9.7520747023670306675
-22.328455925088217526 11.25321441050455995
-22.075638471584003497 12.623177886506345757
