-19.984760687439724336 14.010661125183105469
-19.814146228148768358 16.115292799883118136
-25.25281902815651236 17.11091735162359484
-24.561895632876648676 18.974290310393410408
-25.195730204502503113 20.529989378939983879
-24.858221519269317668 22.659458222897772117
-25.669820960030335755 24.304718982547704798
-24.778100458139338258 27.570994044562340264
-25.749521784072868513 29.657922477692853391
-28.076671452627081749 30.199264445054193828
-29.251095065680054574 32.348374574494187073
-31.926067849922304731 31.782006303740935493
-33.982331091773900766 32.03371239244319213
-35.770984524066221866 33.146244651478397714
-37.960428324415069312 31.878149358267201308
-39.83837890625 33.985964264103571963
-41.69502603597443624 31.675460755281470426
-43.236334866734644322 29.996800433210747627
-45.571302612024808809 31.654789220565287877
-47.753561717314923385 31.788456371785542842
-50.34799071080455235 32.213842662350977264
-51.224390586274672899 29.682163516322908947
-52.898074084365539704 28.514924387180862198
-54.953636868349711619 27.620500156041430273
-55.920579916765362327 25.695064939692471739
-58.985209702400396736 25.065088640139780551
-57.770359046565793903 21.994494684620725877
-58.586184951576271374 20.102191787153685709
-57.150182209447166315 17.690398837935063625
-58.675271231997996324 15.990498489272454208
-59.776851521174847903 14.010661125183105469
-61.17587033995716439 11.768001200463791278
-60.72606400356161771 9.5708472241862434515
-59.739547428621918357 7.5443793279161859289
-57.887044927500006963 5.9748775380118921419
-58.471442071470058011 3.2528569665576654302
-56.178497206898327931 2.1388713434533297431
-55.451007492554182932 -0.047012978589394904816
-53.515071578113960982 -1.1788466553870051712
-51.852087149116826481 -2.5247927823446900675
-50.161250281758029246 -3.8690757640526847183
-47.92098738650244627 -4.1431765119248780138
-45.4977199924122786 -3.4069993190156999674
-44.365949341493426061 -7.2899024891811379234
-41.864778234745315899 -5.2692807813002033868
-39.83837890625 -6.4591998043419742714
-37.808687522249307733 -5.3005674248305361118
-35.541157739261130644 -6.2061748513043184516
-33.690078035893144204 -4.9118510789095317648
-31.642886929771798066 -4.3967170202147833891
-29.526354151027007333 -3.8502888674829982563
-27.179088696967653505 -3.4133602948388634957
-25.672435988085833714 -1.722211921655711464
-24.198705405547663361 -0.071364417131370316838
-25.653844569383956298 3.7049945376102062511
-21.502920362109954056 3.4246802423735349663
-22.896433053960173254 6.4676210880809534842
-20.687525997421186474 7.788172903340391251
-21.366568898760615269 10.084357254469365373
-21.65317225494395359 12.099319747706015704
