87.185015216247492731 4.5100427844363331076
86.927293118354839407 5.9378700023241677286
85.821969405885226934 6.971226205197169179
85.48090511445177242 8.1007248636499529226
86.235578434161837436 9.4403905521418671754
86.029951712946854059 10.701839893610404886
85.337768127497611204 12.083507921247381489
84.699012062023911085 13.520373056720451643
83.563791759624507449 14.587082266461219859
82.68298197201893629 15.807992475722134174
82.108354825682226874 16.958969901263387214
80.805976995514186001 16.75560038896643178
79.30053115219239146 16.187698041955982831
77.764977466907083681 15.732374152322467609
76.272554654861494328 15.699102392031594633
75.459095298148398001 16.732821226253044244
74.538741462759091405 17.904122354828125196
73.647634811090057383 19.056289250692785231
73.32352222385432583 20.627607175092506964
72.808245940987347922 22.141748192567938247
71.829910884151757955 23.233776438596308367
70.561765710284703346 23.487549225042833712
69.179772737110383218 23.421449229408946024
68.026256580474964153 23.745556376893272699
66.999066491253628897 23.757848130488191885
65.948220493155204736 23.644927029593500123
64.912393209353794532 22.38222641355418574
63.835029564664445445 21.287271828807398322
62.505147166361716415 21.381535827999407218
61.002147627539230257 21.769360112150600628
59.410323217514353189 21.644827355617906051
57.981262725645024148 21.470055612889179741
56.91449806228325059 20.867989269539872765
56.000519272801632553 19.89250721475071515
55.130576564457854261 18.532516374074443632
54.177403705081836449 17.222626625508173248
53.336645623316819353 15.835767912340692476
52.37316989446216553 14.716831271158079986
50.897773289834290722 14.586126345684144567
50.192768859706951901 14.164105114575189504
49.814284655876392094 13.515664108762484474
49.364763190706398177 12.663642597297018355
49.082523297006751761 11.410064755229253564
48.793167533759302046 9.9213301291700108919
49.323724548409259683 8.519589074370852444
50.35919060511989187 7.3962325827862409611
51.812709705097013568 6.7676235871196048777
53.331547128515516931 6.2163676565201670954
54.850384551934020294 5.6651117259207310894
56.330806720700159929 5.0855635838107398072
56.981875638147471363 4.0457277064042038717
56.376218200110962186 2.7060591517719725374
56.296674135180865051 1.1513623259121366083
56.334460572879109463 -0.48255389504452939065
55.525928168621327075 -1.723342020150421483
54.263161407213658549 -2.7053745624187368612
52.987065275361878491 -3.6796042639493098392
51.710969143510091328 -4.6538339654798788203
50.434873011658304165 -5.628063667010450466
49.937650161912557678 -6.2137718867181153115
50.358750514566253287 -6.9123653956792505682
51.129171928792459312 -8.0454778817889103237
52.033478466485064473 -9.1918675305506489792
53.022404920349700319 -10.272671257196796191
54.153798803226642633 -11.335808334809012621
55.398995249192864776 -12.333678563221877056
56.677289897003610974 -13.202634641934011483
57.665414645456891662 -13.44427073743794665
58.87318597771255213 -12.403589881264899475
60.081678742183839859 -11.328934494489994123
61.360577230098677148 -10.330504160821819326
62.632626505722839738 -9.675437642797202642
63.219033232426269819 -10.521501967001306355
63.457108409784275693 -12.11891370832360515
64.110419913263456237 -13.313650306441799032
65.411986478140747181 -13.958079056573527765
66.357533670666924763 -15.189368140620537417
67.275246989899400774 -16.240269816820223525
68.555946246489682494 -16.012662432929111844
70.015099938137268509 -15.882324073806469045
71.41673582781783125 -15.806388976613227726
72.848933927590977078 -15.447397600056333999
74.351906282135075799 -14.939052794496078036
75.827093095058586414 -14.318844108708976393
77.225841662194255832 -13.588166011884190709
78.488471628118745116 -12.799944967956840003
79.669855694634719612 -11.935129783717066232
80.828239355650495668 -10.946293829177907497
81.860622089732643758 -9.9228801460367073162
82.54516966297359204 -9.1424531100134416306
82.109477534498282125 -7.6455749471566036846
82.619156467319598391 -6.8505703491092697632
84.151798127967865071 -6.8115666754987342912
84.646466706292045501 -6.1487304814101584327
84.870329238183160214 -5.2126998464978369086
84.61006422700806695 -3.8626254012882239586
85.626716524324336888 -2.8931884067086492962
86.138915993408573968 -1.6884828778097868973
85.778847109203837817 -0.11374621864946055094
85.630118138043073373 1.4594080671559852558
