-19.521034643738552461 13.871064186096191406
-19.350420183780734362 15.97569490077710519
-24.132339451499124294 17.11091738494577541
-24.561895656935710974 18.684022440103642992
-25.195730217179637123 20.183925793521694914
-24.858221518035428232 22.25212866143444046
-25.669820987777804078 23.828204204454650039
-24.778100481419102152 27.013859442121237464
-25.285795690318835227 29.518323586189506358
-27.612945409389183737 30.059669413652496672
-28.787369021978882699 32.20877763540727301
-31.462341825598940659 31.642407465932940624
-33.518605077486299137 31.894113555564700846
-35.277587815948237449 33.146244662300759387
-37.482030924700005414 31.878149355079354876
-39.374652862548828125 33.985964264103571963
-41.245967710474189971 31.675460733502340815
-42.802283056148581863 29.99680049632177159
-45.15293336134256208 31.65478920674624419
-47.289835654486140015 31.648857533866156189
-49.884264667103380475 32.074245723264063201
-50.760664571096612008 29.542568463861371697
-52.43434801777878107 28.375325561351587567
-54.489910824648539744 27.480903216954516211
-55.456853862061734617 25.555464201051869111
-58.521483658699224861 24.925491701052866489
-57.306632976570952565 21.854893989893088957
-58.122455098412217467 19.96259483195699147
-56.686456121110182949 17.550800201494542563
-58.21154518304563652 15.850900646472997124
-59.313125477473676028 13.871064186096191406
-60.712144296255992515 11.628404261376877216
-60.262337959860445835 9.431250285099329389
-59.275817553369961388 7.4047823369594896192
-57.423318885953996471 5.8352801269283958163
-58.007716019945441133 3.1132597755015680718
-55.7147711620775965 1.9992741644068967588
-54.987281442872649961 -0.18661016273675024024
-53.051345531807520217 -1.3184438352382930049
-51.388361102927397894 -2.6643899616580135614
-49.697524234723587711 -4.0086729434826402496
-47.457261343936536946 -4.2827739273434985989
-45.033990436696214488 -3.5465966365923371484
-43.90222739360370241 -7.4295017527012099379
-41.401059597958031588 -5.4088806047937190158
-39.374652862548828125 -6.5987967434288883339
-37.344961469887294925 -5.4401672240301088834
-35.077431711766500655 -6.345774178021830636
-33.226351991465399749 -5.0514484945975262065
-31.179160887394033352 -4.536314436728076771
-29.062628110547123583 -3.9898860468483050568
-26.71536266198089038 -3.5529574786757471827
-25.208709951324173915 -1.861809105409566456
-24.198705358315372393 0.20658121342370172613
-25.382253524246053189 3.7049943430096714536
-21.03919625974875629 3.2850830059933091576
-22.432706997371578694 6.3280237011025111116
-20.223805679492272702 7.6485759527849168649
-20.902842855059443394 9.94476031538245131
-21.189446211242781715 11.959722808619101642
