-19.207104132263943086 -10.221435546875
-19.036489672972987108 -8.1168038721749855569
-21.328258486509170666 -6.4522845280790805944
-19.601484566448274194 -3.8987465345638439018
-21.913825985988328426 -2.5871447106560045981
-24.816839675902265583 -1.9977285365678856266
-25.669820980147477485 -0.49237899681655505901
-24.778100468424341329 2.6386937267766210624
-24.97186521638387191 5.4258253175306414562
-27.299014897798755896 5.9671692037600010394
-28.473438498378243366 8.1162774185979600361
-31.148411304435427382 7.5499086823222896214
-33.204674536598119516 7.8016157203850866608
-34.765125178668881745 9.9877621061959338533
-37.035512922549806092 9.0471518819618133023
-39.06072235107421875 11.264528717228568411
-41.064624697927932573 8.8444632595174148548
-42.686884566612938841 6.838317962294290453
-44.966436545401563762 7.9544842481229274256
-46.975905152575336388 7.5563587503112010779
-49.570334166151056365 7.9817455073806655719
-50.44673405249122311 5.4500682592338360877
-52.120417523468361765 4.282827243437168363
-54.175980305121910874 3.3884044466003171436
-55.142923357119833838 1.4629667240656782923
-58.207553103681661355 0.83299299717459618364
-56.992702481529889269 -2.2376033958026511073
-57.808532211904541498 -4.1299034568759678265
-56.372525631953472214 -6.5416986827998453435
-57.897614676822215074 -8.2415981827856512609
-58.999194965999066653 -10.221435546875
-60.39821378478138314 -12.464095471594314191
-59.94840744838583646 -14.661249447871862017
-58.96189470499690799 -16.687717292272154168
-57.109388376634555584 -18.257220078039377853
-57.693785500647386755 -20.979240209438803078
-55.400840656200777801 -22.09322436876669471
-54.673350926912775094 -24.279110079503272601
-52.737415046385606843 -25.410941160565748476
-51.074430576523205616 -26.756891135987654451
-49.359374121283472903 -28.059229654580335023
-46.701508793734461733 -27.382930228653776794
-44.479001425439427919 -26.8971888217694719
-43.588296873515744778 -31.52200196434038304
-41.087121685655304759 -29.501379360067303992
-39.06072235107421875 -30.691296953237237943
-37.031030961299634896 -29.532666003630414053
-34.763501203533195394 -30.438274388519140246
-32.912421480717362954 -29.143947750967637234
-30.865230377242831139 -28.628814647125643944
-28.748697592629937958 -28.082385299262710987
-26.4014322027927264 -27.645458680146727914
-24.894779370454475753 -25.954306391711341462
-24.198705357504092461 -23.603254219635239508
-26.658532957717071099 -19.232150868133693677
-23.985050379697398171 -18.925376825436078576
-24.041759685020082316 -16.908307828167181697
-19.909869442245405224 -16.44392376871771333
-20.588912343584834019 -14.147739417588740096
-20.87551569976817234 -12.132776924352089765
