-23.959966752681697955 -3.283849001141546875
-24.769348045536364822 -2.1317074916468148338
-25.769370516236005386 -1.1567255485487848432
-26.426244611008034013 -0.22948360025320999056
-25.862455050122722611 0.8090604956509795942
-25.017948291141596684 1.8973099074234458516
-24.943309915082910067 3.1202938710432812641
-25.434199265486306274 4.4562023979866918211
-25.926968705675168536 5.7637625641951704125
-26.846996636127183677 6.7511817086617282868
-27.826021285896331392 7.6820182263595464534
-28.245034409835760414 8.9889751789999934317
-29.031432710098989958 10.017296341012942307
-29.96273672981712366 10.925937751042956947
-30.920501544027523266 11.747493699995489536
-31.956056007175668299 12.526653131480344427
-32.964482667264178417 13.190870068786171743
-33.708418582243226069 13.627439559978235195
-34.637510700800234531 13.25105156210288726
-35.796212843799544601 12.452229212964059712
-37.055510510670465862 11.867873719695696266
-38.339475426019497206 11.774260499571633787
-39.364597501967715232 12.500323960815793001
-40.412477883629470909 12.705099626480334862
-41.555156208501990989 12.248966981080368299
-42.533845108221740361 12.820076524558833952
-43.417511179011412992 13.526820595742803377
-44.275486072910609892 12.864054836375402147
-45.128912451118402771 11.704329609813273194
-46.005185358522773242 10.629811359848078567
-47.008933099607283168 10.541434532132020863
-48.14966809639120271 11.318194663846631087
-49.45285509256829215 11.815839504517827052
-50.825538811274633133 12.198856843735967459
-52.139986695307129594 12.7817649291971005
-53.370066747095854964 13.044478588928297924
-54.404541311472549125 12.323414086436809356
-55.47730581284535134 11.4053173028269903
-56.676955663688545428 10.644510372187212965
-57.912704022891702493 9.9849710042991972614
-58.804587706084944898 8.9873191668935881182
-59.618877983914515539 7.9444531577169961167
-60.223397691525718756 7.0668830715662291908
-60.695312290953701506 6.3042768678643792413
-61.104230539035000902 5.5746112671495460233
-61.516172814389946666 4.7576230658519040873
-61.700459811682968336 3.5319440624191851263
-61.943708229369448759 2.2340628665929234131
-61.462212209848210875 1.0066856371191719166
-61.110913753124840753 -0.17230821085483929989
-61.765325743848244144 -1.282404567167377385
-62.606999308202986754 -2.4490536274400520611
-63.327812477387958268 -3.6931909256333814717
-63.429266093837981089 -4.8809645251098165986
-63.336443374092432634 -6.0248987823213795423
-63.156055256872626558 -7.2901332060695036574
-62.883951641528632592 -8.5876009315242693987
-62.531657620403322539 -9.8478224517288257545
-62.123560193523914563 -11.015453484484048374
-61.647737297147649826 -12.147594379097585104
-61.150015288479480091 -13.160336150451469095
-60.630334479212507404 -14.086031122394961912
-60.011841541939531908 -15.057603457922354551
-59.270699194715106728 -16.079969754460094578
-58.460510944205893225 -17.060345194474287212
-57.57446031428642641 -18.002396496191842346
-56.576367648193993887 -18.931449298761478417
-55.491520713816235855 -19.809781575806233889
-54.3459181792455297 -20.611693160726062501
-53.183708335191866468 -21.311256882078144059
-52.002693010505822713 -21.888759601404380817
-50.61937946627646312 -21.701314301922568717
-49.405816250980137738 -21.564235915683667599
-48.764825517326819693 -22.471871854336502139
-48.226656210409871051 -23.258877483379237106
-47.549483459438206978 -23.412770691313774307
-46.741403689021986168 -23.564450392922914546
-45.742940836339606392 -23.494199440588118932
-44.556571491471309798 -23.670489435642284803
-43.32509104124186905 -23.835613734790410234
-42.085936108342366424 -23.564838807667904064
-40.808903278553955829 -23.447199029900115619
-39.570321217868837493 -23.454837584584801391
-38.343325820792450997 -23.171366517979322452
-37.041742262542300068 -22.755909874758298628
-35.725847098113156619 -22.281526498699019356
-34.454480858932406306 -21.695558598850915644
-33.256184274662118128 -21.039298704426425246
-32.167085779941771762 -20.34505246368505027
-31.134362687460679808 -19.589234007205440946
-30.113826306508460817 -18.734733644177151035
-29.159756183543994013 -17.821781458383657792
-28.439741725527646565 -17.045683928901880222
-28.394456611152687486 -16.067413918312972498
-28.647125328390036003 -14.855577409517838561
-27.863733520309914127 -14.409260553324774179
-26.478891455119693887 -14.407614160636377676
-26.110386587021448435 -13.791423189402244986
-25.733960735540652109 -13.084627496909856603
-26.184208931590621461 -11.836382596861596994
