-19.631531452024642448 14.573182476453025558
-19.789475096664990161 15.775008895151467314
-20.844220811784300196 16.312494697942607758
-22.221142069649406636 16.61131657973755793
-23.579289167431962682 16.926541339742680492
-24.441415660442210367 17.671673218440965059
-24.724991427034044733 19.00858349816953563
-25.045547160108050377 20.36878628008427583
-25.002062392779262012 21.747029252727454463
-25.229328340986917567 23.101474975757408714
-25.467838464848146174 24.439309666073203431
-25.170123682127094611 25.799319772110930415
-24.931912537231987415 27.164985822157099449
-25.510141139179019376 28.17797924047847502
-26.38903968836763525 28.992431463693598914
-27.364248972178664587 29.790587021961378866
-28.410667384900420984 30.541081676853018223
-29.408476660708068096 31.167385887750533868
-30.349364422743899894 31.686536726365496008
-31.585254466087640424 31.789550384059982235
-33.001782131479949101 31.891470140594641691
-34.305280482998931291 32.392581179314937856
-35.504702375287600091 32.845399361382000336
-36.724035371540530548 32.426922985241837694
-37.858070441804109407 32.314051257436936737
-38.829427291576998016 33.175145297901366348
-39.758568044105793149 33.495071302972029059
-40.664023887056870876 32.591948256780291615
-41.590260834313014016 31.490468005432553866
-42.577601502525475041 30.528546947902675868
-43.670385013777035965 30.542913189835580567
-44.854207851103801374 31.281913262765197459
-46.176745758237288442 31.655537209199220428
-47.596608500192267854 31.754310265186568074
-48.830029777878351638 31.632210173659181862
-49.765396488852317702 31.10899635890951842
-50.652834097389543899 30.433532670306647105
-51.425200940886092837 29.304888710431949761
-52.580298199654222913 28.500686541036674981
-53.843800370494719232 27.861607900489396172
-54.75994501859932484 26.894280028280750372
-55.595241074462023789 25.844744237847798729
-56.22889727472968957 24.9401724202962356
-56.714299102597422575 24.167019397035993222
-57.127764260927918372 23.439637976358770999
-57.535506109895592886 22.644074190105349942
-57.736536683226994171 21.478423872229399194
-58.030327961501214418 20.173350238596892581
-57.640825822125471234 18.937201066765911861
-57.180196037142366094 17.749653152447748994
-57.716364490105711127 16.633584687618441222
-58.579070618356539057 15.483235103923856713
-59.305889076536082882 14.242132873388753111
-59.518094129887657573 13.039955102834639433
-59.435299514005883736 11.902196481522079097
-59.268826124271512867 10.654482819190079113
-59.009071653471423247 9.3547635549733350047
-58.666726225076899937 8.0846803075266482352
-58.266724142482651416 6.9064737958703101839
-57.799679314337552682 5.767608823607206503
-57.301991563623531079 4.7337478101243082307
-56.789895189029003575 3.8048928489049682611
-56.189094674763261139 2.8438576974078078052
-55.463478077121557419 1.8239055090909381818
-54.660225507077996099 0.83369754064335666044
-53.789010731407579158 -0.10991884945342889068
-52.806010534762599207 -1.0428500872582180392
-51.731639456234404406 -1.9305351930137586436
-50.593039298190745967 -2.7445760942791785908
-49.430565562547215563 -3.459794118745676883
-48.261050416908418015 -4.075194075928340709
-46.895396742587571737 -3.9920341896478293009
-45.630078639052349843 -3.7718122744882287556
-44.908839208941401466 -4.5315252356467086159
-44.404083032464441771 -5.4768437365316415821
-43.731824065065424634 -5.633212225557823416
-42.948100898425558114 -5.7850134694685380055
-41.985624153168807027 -5.8002068754245170723
-40.811930260922636649 -5.8335446838648357115
-39.580846029958287602 -6.0779074409140605439
-38.344900743616548766 -5.8847637995280051015
-37.076000875077298247 -5.6537206600813645352
-35.821062185829561031 -5.7296126446964130707
-34.605667156665603557 -5.4603296743187286211
-33.306449061055353411 -5.0757643177901616838
-31.991619726756944431 -4.5998022122408031009
-30.714057776349072526 -4.0263771892254673901
-29.501711133728505843 -3.3777179886726962366
-28.39794845015008562 -2.6884675426410389321
-27.362673414598880584 -1.9452868176022963809
-26.340702481063296148 -1.1060301924547655261
-25.376311722463434251 -0.20095571416906210516
-24.611910919841033518 0.6094528701557351269
-24.786466590822698208 1.7660664962640733044
-25.172735399254275279 3.0260944193177663486
-24.650924155749695643 3.5924827587295342646
-23.287676270282990032 3.5161372766602134732
-22.351290430853133273 3.6930532702818066326
-22.002629136756642225 4.3029838713415458074
-22.100176024492608207 5.3156249033148856853
