83.793727471739970269 7.3759961128234863281
83.964336209178270565 9.4806273088476764599
81.672561695188136355 11.145146552290976061
83.399339406226530969 13.698684177414339302
82.01528357763253041 15.423582239938960825
77.224526873604148136 15.045764066927791447
74.795457619799520899 15.262868001689989583
74.716284383829048465 17.078901827206003361
74.687743546771542924 19.312459737393332659
75.701812891276247797 23.564601817301095821
74.527393297900971447 25.713708013611903169
71.564002433449033447 24.49954707126394382
69.458342377234401965 24.359352233858864167
68.21993640604998177 27.511028911414385334
65.965311174667647265 26.644584959285165127
63.940105438232421875 28.861959900089896536
61.936203085214089015 26.441896349079449635
60.31394321028533767 24.435750096192457193
58.034391262586446203 25.551914483379881915
56.024918912738584709 25.153789973556797577
53.430493602110999518 25.579176201254739453
52.55409372255385847 23.047500862245009046
54.578331997582182566 17.773301448451988449
53.726680017527876032 16.572202230457264704
53.313089372833701418 15.096973826031721444
50.170197051436815627 15.326052690693149572
46.008125320923582535 15.359826386075472016
45.192295581429540619 13.467527261543398964
46.628305964234115777 11.055732463288602929
45.103213115110015963 9.3558330250565635566
44.001632823307573972 7.3759961128234863281
44.001207920066931933 5.2803325629650910145
53.867689852431340114 5.2350368454265474583
55.326153085268501286 4.5771538289868720639
57.039339062002540004 4.3035785183648860297
55.916272285543996645 2.7434342376558600307
57.33935173898456128 2.5802702336152467666
56.822891641865119539 0.96762687319639351102
50.263416629966116034 -7.8135119501953020915
51.926397197853852106 -9.1594580349307186395
53.617234066057662289 -10.503741016755345328
55.857493162546262511 -10.777842009698343162
58.280764340256524747 -10.041664804373997555
59.679007042946793149 -12.670924026472434321
62.100305807822046233 -10.128573761802684317
63.940105438232421875 -12.069121736562433256
65.969793121736174157 -11.935233855698708538
68.237322658806846221 -12.840841322172749983
70.088402512507741449 -11.546516562057689725
72.135605090340419565 -11.031382488826285027
74.252134094202375536 -10.484954068580371711
76.59939563880035962 -10.048025551948452261
78.106046380451601863 -8.3568772341983379448
79.604303802872294682 -6.728104828364458001
78.461912437589532487 -3.1747137270982612733
82.275562034982925752 -3.2099853161761355835
80.882051301798753684 -0.1670443161837544821
83.090954529401869877 1.1535076434457947059
82.411907834722100574 3.4496923286505842832
82.12531018822618023 5.4646543159412521717
