-20.596001074402614961 14.137155532836914063
-20.425386614444796862 16.241786247517829622
-26.45916555659425029 17.11091742970597096
-24.561895629826452137 19.299388338725588454
-25.19573021508167443 20.928623359610377008
-24.858221522193328923 23.138853140682034137
-25.669820984858461088 24.875304267575188533
-25.364823809971792201 27.719566993187356729
-26.360762196062182738 29.784417861554871365
-28.687911839821609306 30.325759806550610875
-29.862335428390878178 32.474868014471745425
-32.53730826595190706 31.90849786331312643
-34.593575097676065866 32.160207690165677263
-36.409110855819150743 33.14624464264920789
-38.58496664813214494 31.878149347976044936
-40.449619293212890625 33.985964264103571963
-42.292964872818544109 31.675460723829420573
-43.820692427038800076 29.996800572441195243
-46.141439754436007092 31.654789182067055719
-48.364802075586389662 31.914947931190642549
-50.959231118812020611 32.340336104180373411
-51.835630987499122568 29.808658867289402394
-53.509314482771223709 28.641419738205854628
-55.564877247260582749 27.746995526312232982
-56.531820300977642546 25.821558397457856415
-59.59645004582033323 25.191584076886510246
-58.381599426955268939 22.120988153364354645
-59.19742534256660349 20.228687136086612952
-57.761422574092144089 17.816892396912066943
-59.28651161370969902 16.11699199321371978
-60.388091908137738528 14.137155532836914063
-61.787110726920055015 11.894495608117599872
-61.337304390524508335 9.6973416318400520453
-60.350787815584808982 7.6708737355699945226
-58.498285316618058971 6.1013714736691184726
-59.08268244278605863 3.379350870273110985
-56.789737592741659 2.2653655111476194151
-56.062247872041623964 0.079481122738860321419
-54.126311961820263718 -1.0523525486886633473
-52.463327533591460394 -2.3982986149172909052
-50.772490665387650211 -3.7425815967419175934
-48.532227774600599446 -4.0166825806027759427
-46.108960391188787753 -3.2805053843605698205
-44.977189702616300337 -7.1634095175312637593
-42.476018623229649052 -5.1427868503236453535
-40.449619293212890625 -6.3327053966881656777
-38.419927907768723685 -5.1740734938621706362
-36.152398135947947821 -6.0796818762288715732
-34.301322218937571051 -4.785357142044261991
-32.254127318058095852 -4.2702230899873541148
-30.137594541211186083 -3.7237947001075824005
-27.79032909264495288 -3.2868661319350245265
-26.283676383723111769 -1.5957178198355759235
-24.785428738933909187 0.033054509874707704853
-26.090978428845147619 3.7049944407147012981
-22.114160761171984149 3.5511741522338571286
-23.507673428035641194 6.5941150478432337678
-21.298766384384077099 7.9146673109941998447
-21.977809285723505894 10.210851662123173966
-22.264412641906844215 12.225814155359824298
