-19.40908286303544017 -12.720909089237212086
-19.590599329913633397 -11.35508591677055179
-20.593876266262842734 -10.364293676963104218
-21.190604850819980243 -9.3563927496139616125
-20.558235665939072589 -8.1210783161168187405
-20.401246274286240379 -6.929985145875971142
-20.948409259702533092 -5.6643272927451358001
-21.573939602969630869 -4.3232507774098616338
-22.426976196141929165 -3.3688003863618170008
-23.842537790791446639 -3.1008940574692758219
-24.791758071333422464 -2.4619567173488174916
-24.840249937458388274 -1.0451059029957836533
-24.940512119983090145 0.48059870913627023015
-25.831457795826608503 1.3464916815347329759
-26.81838491978596295 2.190674430478466661
-27.930022849573340693 3.0191326500256430165
-29.017117017865729167 3.7212061527345845491
-30.02754916878535596 4.2891826901824607887
-31.315849408945336307 4.4505173685693097951
-32.812400121612249393 4.5813198266477686005
-33.989804456928148113 5.3789859087282687611
-35.028656805633900717 6.1126752576979939136
-36.250392231024640921 6.2873838682062030969
-37.528525918661642891 6.2868129449282017518
-38.59937971231325804 6.5651935899217548354
-39.561298426476611212 6.5766431364691584349
-40.544060593772336176 6.5405223134652459294
-41.517279853351304553 5.3998011239997607547
-42.505460728613144283 4.2718991583738032958
-43.684998805441772163 4.0476318244873521479
-45.059916502985593922 4.5379044576909510766
-46.530106438571557703 4.5139888750779455506
-48.031488876706134761 4.5020718527147352006
-49.120010040879620306 4.0116121027732987159
-50.108298808387012002 3.4178383032887253989
-50.907247797618488505 2.2843376685465028864
-52.055721528434368395 1.3384446894371662129
-53.401163981660509705 0.63107785608126876209
-54.446401951327828783 -0.33980033034656464963
-55.348097904505074496 -1.4617012581060677689
-56.02859297623724899 -2.4325024123743652638
-56.541497760504540793 -3.2551803761239597179
-56.980336372408956436 -4.0382344804158201157
-57.426083015241459861 -4.9302054689759309269
-57.62897862962453388 -6.2890044702368488316
-57.743375191064778562 -7.6640612831652576986
-57.127234281393569404 -8.9643105751928224834
-57.139147490777041583 -10.198907826777178443
-58.039949106229315134 -11.395135286201282909
-58.857510866081355516 -12.700545206280663635
-59.30954701248560923 -14.013855444338918943
-59.235879864093881508 -15.235827276380270234
-59.072081020696273868 -16.550542085268926229
-58.800606906086230197 -17.942953475744879199
-58.434332841223373123 -19.302158136695673818
-58.001071902325534779 -20.560115771948076713
-57.491915369178670403 -21.771734614900541516
-56.958215460014173459 -22.847045322149654112
-56.390427901553977108 -23.840267496306324801
-55.698632217713551995 -24.897290822145535572
-54.877647266291859296 -25.987986606930917333
-54.043194069573111449 -26.956199425792455315
-53.10069999840648336 -27.714704070278205705
-51.562895288122859938 -27.827884282059372367
-50.015009095034450581 -27.870458645516343665
-48.484326414228341662 -27.965173366302284563
-46.993890802035977572 -27.807741401152519245
-45.668368726354891862 -27.728732409635178158
-44.810378661013935186 -28.762957113424292288
-44.384835605588726537 -30.210384389345069422
-44.197616005542549544 -31.712674498698927295
-43.941498142613298228 -32.880198465370639838
-43.395015471377824667 -33.001984673199366682
-42.571170193866194609 -33.155580303054669855
-41.481496241623631249 -33.053840670750062714
-40.198975982985530209 -33.358351745666581678
-38.879569144719368978 -33.417067809230161402
-37.543409894988592157 -33.024900199781583865
-36.15750815921209238 -33.170534678433554632
-34.87325593207572183 -32.921662676059284536
-33.50894129342452743 -32.559572268871960432
-32.097543549753872583 -32.072900399031439633
-30.719646660929893045 -31.479095138922680519
-29.407557888206490304 -30.793610539807367843
-28.216294986497633346 -30.057543240787662597
-27.106257695993704715 -29.26062384772967917
-26.024546976399498988 -28.364299214946278482
-25.0432377144439684 -27.429818379346542656
-24.563867900133733002 -26.50867385691297784
-25.231832898904787754 -25.18096079930396769
-25.967647472574380885 -23.857248133648749189
-26.192985515262105167 -22.785514205446734337
-25.045637323587463641 -22.394051567783670009
-24.458545314892059963 -21.802936960463977556
-25.218688360948970484 -20.659053466120042231
-25.91606589067304256 -19.479823157205277795
-25.332963519985817413 -18.509676743477601946
-23.978039484473143261 -17.921068098402194835
-22.508037562014170163 -17.563339017896979044
-21.398238045471167368 -16.909354361656909305
