-22.268021032898708711 -15.364847183227539063
-22.097408481763430643 -13.260214547174697941
-24.389175387143936291 -11.595696164431618769
-22.662403375398959327 -9.0421586447765349703
-24.046463008684952456 -7.3172591734081997572
-24.65935372680505111 -5.2829913374733106224
-26.611118488615954192 -4.0957963388683555905
-27.036845687681353212 -1.7824358289091524199
-28.032782118582787234 0.28241374219111392563
-30.359931798447995277 0.82375762702262278481
-31.534355399013008991 2.9728657822454209736
-34.209328209914644958 2.4064965712894803573
-36.265595078232330195 2.6582035507575305644
-37.826042076100215183 4.8443499923253270367
-40.096429823184571717 3.9037402456092742398
-42.121639251708984375 6.1211166040388711451
-44.125545256853115461 3.7010516396038752873
-45.747801454839347457 1.6949058517420709791
-48.027357101185558008 2.8110721867735435353
-50.036822048428199139 2.4129466392505420913
-52.63125106678582199 2.8383338710281265094
-53.507650954017343281 0.30665668183833716398
-55.181338188681536394 -0.86058428818350485301
-57.236897206763174495 -1.755007310079344407
-58.203844064114292678 -3.6804450200204623656
-61.26847000431642698 -4.3104186391779428789
-60.053619382164654894 -7.3810150321551901698
-60.869449110525586377 -9.2733155638680671018
-59.433442532588237839 -11.685110319152384406
-60.958531582708182839 -13.385008915425645526
-62.060111866633832278 -15.364847183227539063
-63.459130685416148765 -17.607507107946855029
-63.009324349020602085 -19.804661084224399303
-62.022811605631673615 -21.831128928624693231
-60.170305277269321209 -23.400631714391916915
-60.75470240128215238 -26.12265184579134214
-58.461761375590853618 -27.236637906882450011
-57.734267827547540719 -29.422521715855811664
-53.342258120011791789 -27.826611614909893433
-51.196348334556034843 -27.855113844248045041
-49.450739866671959533 -28.059229694313852832
-47.472436191142385553 -27.382930242808171784
-45.543591615400188743 -25.896530872315700833
-45.369340892336836646 -30.644083718280871409
-44.14804227909689871 -34.644789101882395244
-42.121639251708984375 -35.834710496938413371
-40.091947867708292108 -34.67607573324117709
-37.824418091202730352 -35.581684114767199389
-35.973342181066499279 -34.287357475103306115
-33.926147283171218305 -33.772228193183686074
-31.809614519035015689 -33.225798857842384848
-29.462349033712229129 -32.788868358499541955
-27.955696326605313118 -31.097719985399415066
-26.45745065401503382 -29.468948380081588567
-27.599830389307392409 -25.915557560965883255
-23.98505039660708249 -25.836009941882721819
-26.328962495430452861 -22.396199923630433659
-24.870280512410396057 -20.970151714805201237
-26.091143937580621781 -18.772233951831331922
-23.936434505964925279 -17.276188543705828238
