-8.7604393220832790234 -8.3458147048950195313
-8.5898248627923230458 -6.2411830301950050881
-10.881593676328506604 -4.5766636860991001257
-9.1548254876708732297 -2.0231261406220060195
-15.679870611482048304 -2.5871446909032300709
-18.347029194540745323 -2.4181441686885154496
-21.237804548238784719 -2.9866533704781534908
-21.899720619565172797 -2.3002008135699627545
-22.644219078886692387 -1.7156354717636412843
-24.360820622620693143 -2.491735539634901464
-24.388887554101444266 -1.027607290290756481
-25.222420309491390356 -0.72807422475713856613
-25.324295806058522373 1.7790250807752521212
-24.862636457151090497 9.3032337525980075554
-26.588844415630717322 10.922772736339776856
-28.614057540893554688 13.140148605534232473
-30.617965375182890853 10.720084126155907001
-32.240218082590658355 8.7139387546408393348
-34.519769892078493001 9.8301041155667263638
-36.529238468443558929 9.4319786237473337565
-39.12366738624348983 9.8573659085375986422
-40.000067381351421147 7.3256895443470426699
-41.673754600940711157 6.1584485799883239565
-43.729313573092461809 5.2640253046843419327
-44.696260449947104121 3.3385874528108310244
-47.760886341316151515 2.7086137976038777708
-46.546035768724131287 -0.36198272834469324977
-47.361861685515833642 -2.2542831097002116181
-45.925858923911810905 -4.6660778854556834716
-47.450951772886341473 -6.3659773303032824998
-48.552528248469769778 -8.3458147048950195313
-49.951550876252937883 -10.588475637486425285
-49.501740738406752484 -12.785627616696606523
-48.515224147490080497 -14.812096528096827086
-46.66272165863308885 -16.381598283445576669
-47.247118715689353508 -19.103620437923112263
-44.954177755397765281 -20.217604477668324137
-44.226684142384087295 -22.403490265607953091
-42.290752156280049689 -23.53532126080110487
-40.627763861454653238 -24.881267431196885553
-38.93692695286602401 -26.225552341826084302
-36.696664123996775686 -26.499652337461935048
-34.273396888768807855 -25.763476047836700644
-33.14163004557607195 -29.646378284805898318
-30.640462420770660401 -27.625757582990154049
-28.614057540893554688 -28.815677064931573881
-28.460923356943180096 -9.8027869294023073365
-28.308857644749110705 -9.7816672348854627472
-28.159532527356454068 -9.7446979423464448189
-28.014598144427672821 -9.6922217262047318798
-27.874175737940948494 -9.6273275393302331082
-21.05956660080154208 -18.743681367325081055
-19.588260863571562709 -18.369976829652255645
-17.646009134729304435 -18.221488859868209431
-17.67293153414294693 -16.295005637177172986
-10.278600000696133776 -18.93179710528333004
-11.672111688603727941 -15.888854741997171516
-9.4632103578369992647 -14.568302938206294073
-10.142247544221767441 -12.272117672827260293
-10.428850881088106206 -10.257156955180006364
