-1.0230077362945522168 -8.7411623001098632813
-0.85239381388396751049 -6.6365301444000035502
-3.1441618997590801143 -4.9720108607759883057
-1.4173936083976279576 -2.4184732450310049146
-2.8014478655524364115 -0.69357416835088336882
-3.4143395365537543285 1.3406936655855048457
-5.3661052332832319678 2.5278887574343933409
-5.7918310178679153211 4.8412491708606815166
-14.550810242035030484 -1.7156356988968139987
-16.336149066086925075 -2.4917355410649832947
-16.686000655953101557 -1.4827947938627694668
-18.320301541371822651 -2.9995641362450307099
-19.17304144218316253 -3.49807920272654993
-19.41266038873208899 -1.8537553664679302656
-20.286009127221522164 -3.1218506200936069206
-20.876620338092994444 -1.0140357358967087009
-21.445934159399723029 -3.3245392684170136377
-21.67115186989515152 -5.0031997033963646615
-22.629875416985136383 -3.3452107910653037237
-23.435816772118762685 -2.993114180122043777
-24.989571046149993805 -1.6173263238543524878
-32.262636769582940133 6.9303419776553170095
-33.936324003013929484 5.7631010076590616364
-35.991883015082848374 4.8686776933654538624
-36.958829874128113602 2.9432401005693193952
-40.023455808199727812 2.3132663725763489282
-38.808605192312498389 -0.75733003167374235431
-39.624431112402596966 -2.6496302262206077316
-38.188428353073362587 -5.0614250116963059867
-39.713517389408750091 -6.7613244841642412553
-40.815097675960004153 -8.7411623001098632813
-42.21411649474232064 -10.983822224829177472
-41.764310171480161671 -13.180975185644683734
-40.777793596374507956 -15.207443103792780192
-38.925291082285163213 -16.776945887281076608
-21.829369477414882539 -9.2912295255050416642
-21.761112734739747054 -9.3837798965229364256
-21.686548487933091423 -9.4704206094977134711
-21.605883482366042614 -9.5510856262138261741
-21.515212617911657844 -9.62010287082829052
-31.199496453209526692 -26.620897987630439019
-24.938750561677622386 -17.86485427544349136
-23.201545039466651588 -15.896530819764040032
-23.1077090637154825 -19.237612639425364591
-21.733050855217676656 -16.889505750909187043
-20.876621041701262982 -17.969861406362195311
-20.01690734273499217 -16.920792408249006655
-18.875889844524550654 -18.153884899078434501
-18.062745366393389901 -17.401382601747318546
-16.916177545751434508 -17.636470735267003818
-15.507682133337473473 -18.040442688377634539
-8.2173358795477735583 -26.165184489239361909
-6.7106826004248159023 -24.474034137492992613
-5.2124359494272844984 -22.845262502111687297
-6.3548172579895485512 -19.29186996228362716
-2.5411684400863698841 -19.327142733522514106
-3.9346801509439437439 -16.284202311437166344
-1.7257784725017870642 -14.963649575058695973
-2.4048157778945977725 -12.667465259928905041
-2.6914198389006003254 -10.652503664837853492
