-30.963079855530544648 4.2372241020202636719
-30.792467302921359362 6.3418548167011774552
-33.084234226564234405 8.0063747229625672475
-31.357462190608007546 10.559912140789112556
-32.741521834697081772 12.284812119431867572
-36.363375181884215692 12.581855847870352605
-40.113783062481580544 12.013346690625175128
-41.41806175938775425 12.699799270136299612
-42.670620602859251846 13.284364532015503713
-44.779384464805296773 12.546875871985625039
-45.45889657543532536 13.517205267621591247
-47.360294903716336989 12.000435897686600129
-48.456257410108719341 11.501920632046836346
-48.923026760298199633 13.146244619024383127
-50.013605231187156619 11.878149361093381486
-50.816699981689453125 13.985964264103570187
-51.598487833127535396 11.675460719456276948
-52.0409346488534581 9.9968004289264769113
-53.226809098156955713 11.654789106161508982
-54.275973190524354095 12.006885880771889674
-61.326307836267901052 22.440405240454236235
-62.202707918403511655 19.908725964457481439
-63.876395176969182899 18.741488779074796156
-65.931957931711139054 17.84706457680407965
-66.898900990829503144 15.921627441585416207
-69.96353075606836569 15.291652131523401081
-68.748680112145123644 12.221056253092612565
-69.564506029029445244 10.328755234630403237
-68.128503251409753716 7.9169605417570156902
-69.653592302186268626 6.2170605623970693898
-70.755168781917035403 4.2372241020202636719
-72.154191408184061629 1.9945631550037461466
-71.704385079206289788 -0.20258978311000408468
-70.71786850244043876 -2.2290578194446561966
-68.865366004017033674 -3.7985597211492407865
-69.449763131262614024 -6.5205805605435394057
-67.156818282337781056 -7.6345656797095120538
-66.429328569488731659 -9.8204499404871228307
-64.493392650948152323 -10.952283919314220739
-62.830404352573921756 -12.298230085546158818
-61.139567446792696614 -13.64251308089085768
-58.899304668778718508 -13.916614002337286848
-56.476041079665350253 -13.180436815177220211
-55.344270391092862837 -17.06334094834791415
-52.843099314749096607 -15.042719234494793312
-50.816699981689453125 -16.232636827504816068
-48.787008593358336839 -15.074005878049707263
-46.519478824424510321 -15.979613307045521964
-44.668399110606024749 -14.685288578673453941
-42.621208006534658352 -14.170154520804004505
-40.504675229687748583 -13.623726130924232791
-38.15740978112151538 -13.186797562751674917
-36.650755101459331797 -11.495649133969429556
-35.152509417822990656 -9.8668765526660973109
-36.294889325970849825 -6.3134854789948651188
-32.481239514358151155 -6.3487572301862336133
-33.87475412295591326 -3.3058161590276542441
-31.665847073099570252 -1.9852642397670869912
-32.344888071619166681 0.31092022377728545379
-32.631493321884008196 2.3258818517352763955
