-31.020483419983669648 -6.0713376998901367188
-30.849868960666178452 -3.9667062638611709779
-33.14163776878260137 -2.302186825926317848
-31.414863854883119387 0.25135080053187053295
-32.798921585401970447 1.9762500812344523382
-33.411814205696316549 4.0105179059818176768
-35.363580853114683578 5.1977128749631873461
-35.789304244664180032 7.5110732796915424814
-36.785244547179715369 9.5759227264642561295
-39.112392278054031181 10.117266573823560094
-40.286815866623300053 12.266374781744694644
-42.961788694495425034 11.700005579946612499
-45.141438038014911172 11.571986118650997355
-46.789275998747875462 13.146244651753235644
-48.987535402689587727 11.87814934139849754
-50.8740997314453125 13.985964264103568411
-52.739360660402958558 11.675460732914512363
-54.309527528687517872 10.091094967319293119
-56.779817574694760651 12.104581195297104301
-58.78928252338262439 11.706455647879828064
-61.383711557044442486 12.13184287145332263
-62.260111425731544443 9.6001656345623533895
-63.933798661981292355 8.4329246645076096911
-65.989353845821455025 7.5385018444847755603
-66.956304543162957543 5.6130642258448339987
-70.020934410193873987 4.9830904127144393101
-68.806083663248202242 1.9124942427483286878
-69.621909590104593235 0.020193882700619170123
-68.185906805256834673 -2.3916008526279730617
-69.710995868370090989 -4.0915005407241515911
-70.812572346370160403 -6.0713376998901367188
-72.211594975669470386 -8.3139986180564324769
-71.761788654620545458 -10.511151548353470986
-70.775272098335435089 -12.537618451703295364
-68.922769559716257959 -14.107121304302653542
-69.507166799279389124 -16.82914122940211854
-67.214221859805405757 -17.943127463706964875
-66.486724430352168724 -20.129011347962428857
-64.550796277327989969 -21.260844234954074494
-62.887807966847354635 -22.606792328097160549
-61.196971096953532765 -23.951075310155054865
-52.099219128015370472 -8.8230011839922219963
-51.804881242715559608 -8.9359869356379402205
-51.500345028352036536 -9.01759045044947527
-51.188947378645089259 -9.0669141683087666195
-50.8740997314453125 -26.541198152578058256
-48.844412043611157515 -25.38256909846866094
-46.576882514112185163 -26.288175612412491233
-44.725802656443420346 -24.993850851372396704
-42.678607754967110566 -24.478715845288025577
-40.562074985886184209 -23.932288413391415105
-38.214809548306192255 -23.495359854162007451
-36.708158747589081372 -21.804209578910317191
-35.209909154795539621 -20.175437863542040162
-36.352292755330701368 -16.622047094965285652
-32.538643110496522581 -16.657318133302787544
-33.932153879155485754 -13.614377736992288703
-31.723248729295825399 -12.293824965998620513
-32.402291626705860494 -9.9976415489686729643
-32.688894977201854886 -7.9826799331763158563
