-1.9132608029903488411 10.697525281717421564
-2.2562095863937270401 12.18326904335661709
-3.4259449113037079293 13.268791517798932844
-3.4819955589245226157 14.525291721738184947
-2.7636121617844437992 15.949219647280253653
-3.2542866284500782115 17.319888791660961402
-4.0077144234935211387 18.819913141654730282
-4.8746883720910112459 20.201604686031668479
-6.1051623900862397321 21.307187385419023684
-6.6541442818689064964 22.871256779788492253
-7.688113830342397037 24.044366360824994899
-8.423575793936741718 24.743045564685200333
-9.4201575018445531384 23.965566987247001407
-10.663900556815027798 22.797756955216105013
-11.907643611785504234 21.629946923185222829
-13.151386666755978894 20.46213689115433354
-14.395129721726450001 19.294326859123454909
-15.630363906414258324 18.186114328783997252
-16.737300585955239285 18.050629253277254094
-17.960286482225956917 17.596736283843849691
-19.292680685722768175 16.905166578549682299
-20.104486215988575992 17.562075932862210692
-20.95271294345428359 17.397422423676889736
-21.622881318789598737 18.241569965653351204
-22.151653276547072835 17.893528370404222727
-22.617239246983150025 16.288514587411455636
-23.195528567969336819 15.607893283097556747
-24.087817765010154147 16.835959789276465415
-24.898050015462871443 18.343535101421853284
-25.682225409701079144 19.854518433862242688
-26.466400803939286845 21.365501766302632092
-27.250576198177494547 22.876485098743021496
-28.034751592415705801 24.3874684311834109
-28.818926986653917055 25.898451763623793198
-29.696131326579532583 27.283703326894613639
-31.015021042840125176 27.662504666173738599
-32.152566733612552241 27.02628304173937579
-33.147883530673482255 26.014231181420157668
-34.30994549798256088 24.825557955515510145
-35.817746085281200408 23.995066672727837442
-37.018071160986004031 22.906367768562731158
-38.010792385717522279 21.648278160557598682
-38.719673738961397191 20.604080622040356729
-39.257803258536213775 19.70353015353901327
-39.750134745729653218 18.771632068391980397
-40.048554943241313708 17.40738173281342327
-40.27769230280027557 15.835397241762549925
-39.644486460508055359 14.356536489024502856
-39.753699159753573156 12.964012894372274332
-40.780036780949139086 11.586083810237246539
-41.672498040323525004 10.086137056643334375
-41.787333545942694002 8.6503760979726607161
-41.646656302324771559 7.2236617650827170678
-41.370870497268903421 5.6544785907252839152
-40.969707652444228074 4.1077697601891491885
-40.477729441982937431 2.6785691357899876763
-39.893513232674770563 1.3206444751021066963
-39.285043414596870548 0.1416266031112964896
-38.593894299580078666 -1.0034524440488734598
-37.724010070093335401 -2.2369077973048234753
-36.739527220753039671 -3.428219967312738703
-35.634453610563014081 -4.5701276626098881195
-34.373555385484849012 -5.6762597029285011274
-33.006198661810998374 -6.6851378992198249307
-31.596058773058523172 -7.553129021093582196
-30.232370823054598219 -8.0158604114191405188
-29.235729697819031969 -6.9109165445096563118
-28.471286443111377906 -5.3896918130304527494
-27.707547886038113916 -3.8672037101868474984
-26.94380932896484282 -2.3447156073432431356
-26.180070771891578829 -0.82222750449963932784
-25.416332214818311286 0.70026059834396525705
-24.65259365774504019 2.2227487011875695089
-23.954660860475655682 3.476458535582497511
-23.735302259230540045 2.7754710286660646545
-23.677804793965258057 1.3982326959711164349
-23.103869280937978203 2.0131414755258045801
-22.22852486337892941 2.5779781656066078632
-21.215079125966738616 2.5933984786230475095
-20.107171201674667316 2.2907002077427072173
-18.737484329378411019 2.3491154889770946568
-17.071721135171181061 1.8696413728684160294
-15.523101042396092453 1.1191249380420240644
-14.208211143704469137 0.052202730877379380225
-12.943285464853916622 -1.0850180948293319805
-11.678359786003362331 -2.2222389205360433273
-10.413434107152808039 -3.3594597462427557844
-9.1485084283022537477 -4.4966805719494677973
-8.3549928832839448489 -4.8842643455776997286
-7.5010166409771237284 -4.0582952671736940431
-6.677725793471186222 -3.1600675531171980026
-6.9421151011693318367 -1.7256487755826679376
-6.5861383724144424434 -0.74385118743316747114
-4.9979996485796931438 -0.67261887742082238084
-4.4397315599588225155 0.013594833801265693296
-4.2891283386221399354 1.0630815449119190852
-4.3928907171978552881 2.4454227658792984101
-3.2500790498965828057 3.4646672283838726436
-3.0398757684528856515 4.8790598508616307427
-3.4245121284361212943 6.576527643847713378
