4.9524135676356610958 11.724335163544377991
4.5920019080769245434 13.101398031857714344
3.6515260723309124202 14.141816858984354255
4.1025249094576414777 15.284085557518405807
5.0446742321539392861 16.521325100649733031
5.0473060301086771773 17.978507273181357107
4.9306845633004670049 19.575575211760355643
4.736596882861388913 21.021912312918058063
3.6267580400288474962 22.047541804319592984
2.9356090896247892807 23.395832005945013776
2.1865999120590693394 24.683790761010843795
1.1273707195467750353 25.726965192348451694
0.025384947647969724471 26.663519539877853504
-1.1653097581661810977 27.534184078734583068
-2.3044366571843823976 28.249715393155394594
-3.3886564556689755534 28.836950660617681308
-4.9217368331789286273 28.833907292545468692
-6.4261400002517241603 29.222514391676870815
-7.5108459745535718355 30.341859131661038873
-8.7473571851764404528 30.635226880160384866
-10.139338726125517454 30.545881950374234037
-11.339248041408447776 30.939081571051126218
-12.390465081493777788 30.96549475454288114
-13.420919250395526134 30.93772315950606
-14.230346501061314157 29.828978329555347671
-14.389607077855004036 28.265634217905837744
-14.406656818641161877 26.651212246252569571
-14.423706559427316165 25.036790274599294293
-14.44075630021347223 23.422368302946029672
-14.460247604213712691 21.807922361338942352
-14.538685220096807527 20.192897716561081012
-14.717399714941315381 18.577082368906246757
-15.225334353329873949 17.487648545316272219
-16.226100554688969169 17.881252628045665176
-16.949451334003313718 17.402858416946163089
-18.255084318906973806 17.268886045721703937
-19.832181424304746287 17.577340587176941256
-21.41061277863176926 17.574058649256592446
-22.991937115688365623 17.886844284300821073
-24.573060278300570047 18.300760352035656098
-26.160437359597427331 18.594914540590671947
-27.75562258789111425 18.739543542714077518
-29.335197435586348291 18.842763680958839245
-30.518484920676058891 18.260196526134258477
-30.817028830621875812 16.857322059158697414
-30.199395914764277649 15.465983353739842343
-30.216666853191959774 14.149377632703803442
-31.177306291399787597 12.866194423106717792
-32.033643052897396331 11.463982983981340524
-32.3475950218271322 10.083563190572602863
-32.246618763866763402 8.7739901385865959327
-32.032931549004977967 7.3250264019516206915
-31.701107534728979687 5.8474789718191360066
-31.274739720706168811 4.4463615928806259348
-30.769524961816792086 3.1329532221499496458
-30.202924205928116663 1.9166633741073884067
-29.730633472375870952 1.0404908321651191727
-29.318754936589424887 0.74409409898582523635
-27.781512969517468292 1.2345075697245060375
-26.244271002445518803 1.7249210404631871718
-24.705556735976148985 2.1555644456114810836
-23.150203686293160388 2.0622183043660626822
-21.552467567982713348 1.9876999224683584711
-19.933344719142223056 2.1384483539510852346
-18.330653309907596338 2.0824251094071120072
-16.796322310260201505 2.3383325118884097371
-15.46504695904627269 3.1889279443098095257
-14.785779703948140451 3.2313701088266002515
-14.867438495227244033 1.7909623648107391158
-15.029669415864100657 0.19091715408807430343
-15.191900336500959057 -1.409128056634590731
-15.289472113203562031 -3.0072422695087772659
-15.096838438013024941 -4.5966897096865615424
-14.796946653472739186 -6.1829339651980470549
-14.431442444415976567 -7.7245697078022779181
-13.455575555679800459 -8.8422079632309280584
-12.060165469690739215 -9.0321369449027493204
-10.636894722615977571 -8.6539081802117774345
-9.1629611576617193691 -8.7761686104980967116
-7.7899231718269819069 -8.5036956427744563314
-6.3223464290005475519 -8.0991592956838687201
-4.8207743989403937235 -7.5562010166268755995
-3.3648133747352009237 -6.8939353339746105576
-2.0047558515297101422 -6.1407142792436424372
-0.78035647739354274677 -5.3362868159914782495
0.39666413436382796931 -4.4321406171446415811
1.5345188151000233034 -3.4131694937901393416
2.4729264789795752932 -2.4425149962853662799
2.75682372750092064 -1.4579341309187345832
2.4592408520914634806 -0.066462185280548966015
3.4178814203612883915 0.39681735107897286863
4.717089036571490368 0.56684568447824013049
5.0923296161882731781 1.2099942536249397307
4.7076551785061084843 2.2702767426950565266
4.0486926405462764222 3.5940771493977101692
4.5717681441830890776 4.8187871317604038524
4.6321991080641149452 6.1306612546189551693
3.9370229762218409419 7.5709231196747381887
3.5656315009640766611 9.042793157801574111
4.2547286568576172527 10.328828252278560385
