-30.814115927307888398 -4.2151360511779785156
-30.643501468157115397 -2.1105043751442371658
-32.935270274901711218 -0.4459851195538035995
-31.208496362459506202 2.1075524872730246884
-32.592554092726189197 3.8324517299466105413
-33.205446710485333028 5.8667188350471484171
-35.157213341665311646 7.0539154515100221943
-35.582936751988398782 9.3672749284037006845
-36.578877092043576624 11.432125839488731955
-38.906024785725698223 11.973469653299630977
-40.42996251287153342 13.517205507912500195
-43.448093962152974257 12.000435891529537713
-45.553326287513613124 11.525384864425143761
-46.977458919614761612 13.146244670895292472
-48.976262946697325162 11.878149338710741745
-50.66773223876953125 13.985964264103568411
-52.337901767957298205 11.675460748912554365
-53.68857090197723636 9.9968004630312474745
-56.573450075791853919 13.960782369195420927
-58.582915025924933161 13.562656821883869895
-61.177344074890953607 13.98804403725327461
-62.053743954448094655 11.456368698243545978
-63.727431186469701174 10.289127728276536544
-65.782994040540785363 9.3947034287807582587
-66.74993705323780091 7.4692668244454143434
-69.814566950175304783 6.8392912896069084638
-68.599716170572420992 3.7686958914604868909
-69.415542097586126147 1.8763955681814925569
-67.979539314063103461 -0.53539914755836948146
-69.504628377007108497 -2.2352986660838554123
-70.606204853694379153 -4.2151360511779785156
-72.005227482993689136 -6.4577969693442742738
-71.555421168511458063 -8.6549493919102982176
-70.568904599175937165 -10.681417299783136698
-68.716402064885315326 -12.250919183593913075
-69.300799259662952068 -14.972941092505047678
-67.007854369368743619 -16.086925335075768828
-66.280364727421911653 -18.2728099979995946
-64.34442877944167094 -19.404643067770663833
-62.681440489101149183 -20.750589238026552863
-60.9906035976112193 -22.094874142128979599
-51.13391179517410734 -5.2621926070227811323
-51.021910657113387799 -5.305184519671096055
-50.906028899793653864 -5.3362337186903365804
-50.787536712400296324 -5.3549998532445419741
-50.66773223876953125 -24.684996980703058256
-48.638044555265786073 -23.526366019700173382
-46.370515011712491571 -24.43197253112197842
-44.519435163041073622 -23.13764967926131888
-42.472240263614736477 -22.622514674002246693
-40.355707499652986314 -22.076087245236038825
-38.008442003343958504 -21.639156736950049265
-36.501791268792317169 -19.948008419532040847
-35.003541674903068781 -18.319236705864341275
-36.145925285897419599 -14.76584500140652878
-32.332275654118170394 -14.801117977971088635
-33.725786399367130741 -11.75817564038860219
-31.516881237575756103 -10.437623797065004538
-32.195924139438872658 -8.1414394488657677584
-32.482527484526073636 -6.1264782844641576531
