-41.534412928828089662 -4.9831051826477050781
-41.527958407563893672 -4.8592730658359037932
-41.538910514765895243 -4.7350024148027962667
-24.561895643967346814 0.91231820326119539288
-25.195730208977249021 2.8130327735424280888
-25.243854987691218383 5.0987501765814489119
-27.195621667137480415 6.2859454297528110089
-27.621346938755976907 8.599305796933974122
-28.617285290846762535 10.664155681757936378
-30.944434972261646521 11.205499567987295961
-32.118858572841133991 13.354607782825254958
-34.793831383742769958 12.788238571869314342
-37.349831306552360388 11.501920676059590676
-38.852630519488883465 13.146244657822467872
-40.933954221531138273 11.878149347351019571
-42.706142425537109375 13.985964264103568411
-44.457027211285307544 11.675460740807221072
-45.89021937590700162 9.9968005136682478451
-48.112119924015580352 11.654789203913615836
-50.270571472647077371 12.006885928210600412
-53.21575424061394699 13.220075871607960494
-54.092154126954113735 10.68839862346113101
-55.76583759793125239 9.5211576076644632849
-57.821400383610807694 8.626734329519116784
-58.78834343055125089 6.7012967320848151331
-61.85297319991602194 6.0713228468554323314
-60.638122552706064994 3.0007264989695521251
-61.453952286367432123 1.1084269073513270953
-60.017945707811236389 -1.303368265530250536
-61.543034749972314046 -3.0032680444864916502
-62.644615040461957278 -4.9831051826477050781
-64.043633855637992269 -7.2257656185156218243
-63.593827516282040335 -9.4229195913755869896
-62.60731478594351529 -11.449386431252863261
-60.754808448942277721 -13.018889241815500668
-61.339205590757167386 -15.740909341273145117
-59.046260723946311089 -16.854895444296523976
-58.318771013336387909 -19.040779225155091581
-56.382835084374725909 -20.172614167039682798
-54.719850655962623875 -21.518560291307540666
-53.029013784378797425 -22.862843273598706162
-50.788750906924818196 -23.136943296087395083
-48.365483547140250664 -22.400767045842549408
-47.233712817713836785 -26.283671190351842739
-44.732541764682515861 -24.263050425871757199
-42.706142425537109375 -25.452966112172784818
-40.676451031432101502 -24.294337069459448486
-38.408921274754781905 -25.19994354676572712
-36.557845349808651747 -23.905618810731045443
-34.510650450382314602 -23.390483805471973255
-32.394117686420564439 -22.844056376705765388
-30.046852259826799525 -22.407127826419500849
-28.540199542070482153 -20.715979452821223106
-27.041951861670646906 -19.087205837334067837
-28.184333586378013337 -15.533815115539448826
-24.370683881397063431 -15.569086065457275581
-25.764196560359859944 -12.526145667641385373
-41.385506067196352831 -5.4122058389062628336
-41.34362346422055623 -5.2727175207472747331
-41.316478758791149062 -5.1291646871555256482
