-6.5799492789708358131 -8.0340538233617664332
-7.0151154225793241892 -6.4935612861899087989
-8.207164277720030654 -5.3459641781582387665
-7.9761055652658905402 -3.9620313441743673089
-7.5392550869301295791 -2.4989885507899405326
-8.3312906949131964041 -1.2310630948989913502
-9.9420539170753787772 -1.186087239245808167
-11.710750598817028845 -1.5922137283504942395
-13.47986098968658375 -1.9995218869895816649
-15.25213272841712886 -2.3946772379724938773
-17.03649871536121907 -2.7339899468218944456
-18.721963154576723554 -2.5740306409790472131
-20.29847199945697156 -2.0158287116200557243
-21.785987445940573792 -2.0841437832655849149
-22.949924346841047651 -2.1954017217637940007
-24.256868518741985241 -3.048708295958748149
-24.811147361859426042 -2.0865673786559426617
-24.894594145421894638 -0.25847173459646688443
-24.9571258647560974 1.5473761784647637185
-25.019816471753397735 3.3518115041746656679
-25.164865044266925054 5.147591603546522343
-25.467000688161725463 6.9268629881988807995
-25.788313852174177043 8.7041189542310704041
-26.109627016186635728 10.481374920263258232
-26.506980739571563532 11.118239572268024062
-27.415027360579671267 11.096998779651386258
-28.595252258233852416 10.058573934704382324
-29.79066608403720906 8.7522751908838785084
-31.262997560040673761 8.7422554355386239422
-32.961605206383232769 9.1170344155615055115
-34.756722957097601068 9.0126872214313653586
-36.194937352763048466 8.6076843337268513778
-37.386211728892604356 7.8916469002453730752
-38.393168186152692556 6.5107935660998474958
-39.896100674327442448 5.5092051299959274857
-41.337171096179176288 4.5220863925731720201
-42.437536459558479862 3.1923933441659464449
-43.259802360599280746 2.0218374664609175539
-43.8515763648009127 1.0527461290503268287
-44.372973858355322818 0.080468951065720162319
-44.711127489237725285 -1.3256765467678819359
-44.929932880035231335 -2.9887032350722102514
-44.267448059617258593 -4.5502983900793880778
-44.559575281414090853 -6.0132402385006900047
-45.639722879628010332 -7.4974676205098154114
-46.492342691375242225 -9.0891221327437889954
-46.421482410747771041 -10.576523799182592001
-46.224513685243522332 -12.150372171347349592
-45.875113559160311638 -13.816314286149555812
-45.401725183805794472 -15.399110323246448573
-44.826761754362102863 -16.874783868731874747
-44.186713517920054528 -18.206308606892999791
-43.502112977341582223 -19.403366272071380649
-42.821041790016934669 -20.43202391565970899
-41.325527689229566874 -19.672343891514753267
-39.858274462636977375 -18.620362915343239507
-38.391021236044394982 -17.568381939171715089
-36.923768009451812588 -16.516400963000197777
-35.456514782859223089 -15.464419986828678688
-33.989261556266654907 -14.412439010657159599
-32.522008329674058302 -13.360458034485638734
-31.054755103081472356 -12.308477058314121422
-29.587501876488904173 -11.256496082142604109
-28.123039716090087126 -10.251903668823224791
-27.258298412629631713 -10.455863787806066512
-27.641968268800944486 -12.080728114603653367
-28.188730974151710029 -13.804205472871181826
-28.73549367950247202 -15.527682831138703179
-29.282256384853230458 -17.251160189406228085
-29.829019090203992448 -18.974637547673751214
-30.375781795554750886 -20.698114905941274344
-30.922544500905516429 -22.421592264208804579
-31.469307206256271314 -24.145069622476327709
-31.938014840241535808 -25.870308318851972018
-31.767357087459288323 -27.609974503423128311
-31.023922119689355981 -28.361861836382662005
-30.084041057050889378 -28.556801551653180127
-28.85832095422968635 -28.598687037705392555
-27.353458754003472819 -28.813910304910191229
-26.34943545480509286 -28.436199005483299374
-25.943239146547270479 -26.724595531548324345
-25.569532932216084475 -24.940204726498933496
-25.202719621411709738 -23.153969209125165207
-24.918259637009811058 -21.345693894505288313
-24.687639165728516133 -19.523483470430342379
-24.049907520265193739 -17.952826447773180263
-22.453000833005884118 -17.708142418149222408
-20.695006473797295854 -18.238737192820067889
-18.975507815147924617 -18.55350210903943875
-17.187058665319831618 -18.328914520436104141
-15.400250262106814247 -18.456128546932429657
-13.660149239375231289 -18.939626612485099599
-11.910461014833757076 -19.355767079196414926
-10.114964114653652416 -19.449637627665914863
-9.1980253642532474601 -18.925131883427987134
-8.8547511148783986101 -17.946109833100333475
-9.1073688913157742064 -16.439542483595598554
-7.953987509845469539 -15.344729490666079386
-7.7199421204253253492 -13.851282118323917203
-8.1110143421898026617 -12.05434741875381377
