88.67408992325860595 2.7007614500347125741
88.416367819942948358 4.1285889447336217017
87.311044090366124237 5.1619448227658155659
86.969979799178403823 6.2914432879653192643
87.724653142026085106 7.631109064134429687
87.519019756124123433 8.8925556972658217347
86.826842827238934319 10.274225912319131737
86.188086765832750302 11.711091434148855228
85.052866270248927094 12.777800434308838717
84.172214484210627461 13.999135973433844526
83.569302833731029523 15.395094267733998805
82.56433894069071755 16.424879680281915029
81.911234096152824691 17.020641325837182478
80.550878335852075907 16.26888956761620264
79.163922758696344317 15.481183483453403227
77.870883093174313672 15.379961548186500409
76.602181793006749899 15.944369652093035583
75.153151812187971359 15.86770719673967811
74.073395671827427122 16.713375572426716786
73.57090023524732203 18.193550474316595
73.357977235580420938 19.797892900875762479
73.109382573884445833 21.330074991609045298
72.20099821354632752 21.652649127391367045
70.826674879185077316 21.559587803802504169
69.651557198767918067 21.930678038012324294
68.61369407709339896 21.949894948008594753
67.57120177631139768 21.914937382354317208
66.531103718113044465 20.732224235410644297
65.468496031957386094 19.569050786228512351
64.173957422277041474 19.501148507307661362
62.685288630813055022 19.952113901873662627
61.099761879602624504 19.844816951206709632
59.611864126064880054 19.734315329718857157
58.53450832495731504 19.13731119130813596
57.559417888682325781 18.283102663206545202
56.565878355798631105 17.081553700648804295
55.179734305222041257 16.247763825591938769
53.919349019651193089 15.354961169967284107
52.930004896736207343 14.170603808239002674
52.150283698134394683 13.087520432208997079
51.586163105531497308 12.196108849180717471
51.114841976054194106 11.361095354912201572
50.637807363875097622 10.405957218622599925
50.424429261264783975 8.9552487038892572002
50.704151292184178601 7.8116653502501049999
52.070242465920145492 7.1113338432778441245
53.531968026130208216 6.4495406033543467572
54.993693586340249624 5.7877473634308485018
56.455419146550298137 5.1259541235073493581
57.881688826169643391 4.447039407215808815
58.418695635516286302 3.3842041157917330807
57.619275775519518845 2.0463018125157335092
56.452170844228923841 0.9305356626747391946
55.552201320761284364 -0.33986601087752510431
54.457611386609869442 -1.3971868215787826006
53.054702505940525725 -2.189133048580800267
51.642197552653726689 -2.9728636542751556426
50.230236906348530113 -3.7566482492600963283
49.809494799767250583 -4.4357639450621615396
50.224629150252262377 -5.5560458421422591613
50.784684626916089201 -6.8130133679367865795
51.358964519524533898 -7.9043502673892618304
52.017667713794338624 -8.9862188911273808145
52.836852734759759187 -10.148057856995578163
53.758948145107353866 -11.274282989421179124
54.765026133549568499 -12.33488700251878889
55.802235835307307354 -12.92863293194836416
57.318732199838251518 -12.413731232869437804
58.849986363932821121 -11.883932723215217209
60.411963168806011026 -11.445267792099389936
61.995820652179432386 -11.085008601886906732
63.569575648927965972 -10.696379689317991435
64.662994801120149191 -10.82913830914248976
64.860145361900833905 -12.237186637175422987
64.917610265690299798 -13.846931460580554685
65.083478821862286168 -15.4050513988307749
65.944880435782295081 -16.63034981269944268
67.232037984227346783 -17.600510593381354596
68.631734138931392408 -18.049124009593100482
70.044547255632281235 -17.822407447784247125
71.504174405733650133 -17.691606374294789106
72.80880856714861693 -17.635959076996901018
73.660025007576138023 -16.83025641160320518
74.413958368583763558 -15.474978750590944188
75.768765695081825129 -14.769951347948977016
77.346697298087548234 -14.809860152224702645
78.939487527679105483 -15.099308980406002334
80.039116056022436396 -14.567355865821689065
81.093893298464635677 -13.795556188280393428
82.246882855719718464 -12.820175600330671273
83.294039806574943441 -11.791249422684156656
84.004202687136682925 -10.999084535266559826
83.613884533220399931 -9.5394117107146847445
84.031614755689815865 -8.6764672676279186447
85.541920710352769675 -8.6208391675543829535
86.109313853588702159 -8.003844191746386727
86.401201998499601586 -7.1140619742762707389
86.076074601640570449 -5.7444231373074963187
87.041824081439045813 -4.7609888362221948199
87.636137528753337733 -3.5890960993362717169
