-11.430258200257107148 -7.030101776123046875
-11.259644694710559065 -4.9254701007561694226
-13.551412554502334729 -3.2609507573271274694
-16.90355137042327982 -2.3576512746915270213
-21.304830554239330809 -2.5871446974648675265
-23.29573105730044702 -2.4181441613460181728
-25.497348975969259754 -2.8259446286927838443
-24.778100490972988723 -1.1722740511819731424
-24.293755205247755669 0.73321645054234885208
-24.993995519529761395 1.6271791842473355416
-24.412716235324261049 4.871098769923058569
-25.222420240167448213 6.5841541707150970097
-25.427830436121098501 10.992948512827684482
-26.988281214294595145 13.179095889761626381
-29.258663293804545447 12.238485665111749512
-31.283876419067382813 14.455861534306205129
-33.287784253356718978 12.035797054927879657
-34.903055838838930924 9.9968005122583392108
-37.189588770252321126 11.14581704433869902
-39.199057346617387054 10.747691552519306413
-41.793486264417317955 11.173078837309571298
-42.669886259525249272 8.6414024731190153261
-44.343573479114539282 7.4741615087602966128
-46.399132459318309429 6.5797372708393222496
-47.366079327433276092 4.6543001441107012539
-50.430709140188263007 4.0243264235674178764
-49.21585464638441465 0.9537301270749223292
-50.031684373152543799 -0.93857016481846233802
-48.59567780208563903 -3.3503649566837108154
-50.120770651060169598 -5.0502644015313098436
-51.222347126643597903 -7.030101776123046875
-52.621369754426766008 -9.2727627087144526286
-52.171559616580580609 -11.469914687924633867
-51.185046857214686611 -13.496383547455081953
-49.332540536806916975 -15.065885354673605789
-49.916941512124125779 -17.787906376099300587
-47.623996638049831631 -18.901890589058268688
-46.896503044479359801 -21.087776356594211791
-44.960571024032802256 -22.219609295086634404
-43.297582729675426094 -23.565555463330543517
-41.606745817706780599 -24.909840374426277521
-39.366483004441136018 -25.183940361353371884
-36.943215743315398925 -24.447762173067367542
-35.811448906523217772 -28.330666313369889053
-33.310281301987380687 -26.310045607572675408
-31.283876419067382813 -27.499963182485284818
-29.254181324465420744 -26.341332244426254761
-26.986657226906388019 -27.246938720627941422
-25.135577447114577865 -25.952613977309411553
-24.93923932393640186 -21.280393552569250915
-24.664839164843733954 -18.494612965791461079
-22.773462253998459914 -18.743681262316023606
-30.191099094250134272 -8.243753874566937867
-30.067153839347604105 -8.1256438626174425366
-29.952613581098358253 -7.9973206449056384315
-29.855221304323272591 -7.8549361946500821929
-29.773047665001495687 -7.7027660545054423835
-12.133024464533946229 -13.252589999877187665
-12.812066422395595566 -10.956404744055287637
-13.098670712042927988 -8.9414440179086298599
