-30.745828317923745487 -3.3840640559929315856
-31.08877766777994367 -1.8983199446404748212
-32.258512453662902431 -0.81279789254014978006
-32.314562787453205317 0.44370240644366892857
-31.596179621838068385 1.8676307206064191035
-32.086854031204104842 3.2382995627956514539
-32.840281728815547524 4.7383242251374380061
-33.707256412473782348 6.1200163394588544818
-34.937730967957186579 7.2255991264045489331
-35.486711823596749582 8.789668795338396734
-36.530793333979978854 9.9728760904006961141
-37.669456655062916184 11.024428504410860086
-38.917711750778622104 12.007594431111478173
-40.267029175214950953 12.904985425594340143
-41.627888725057658803 12.912386249317588494
-43.194615189813795553 12.178609705242294581
-44.832959425482158622 11.751105956182962942
-46.226506368165388494 12.29911874750655798
-47.512846748182347767 12.698183010202315657
-48.89804566526005658 12.277754745123607094
-50.03285972510108337 13.16352997952913384
-51.073537576807900962 13.298961468128958074
-52.094092621820401234 12.009169556734365258
-53.15736689161742845 10.71894155657635217
-54.202152004410798725 10.790719668855739855
-55.207282833880242379 12.117029107152159639
-56.247214665995798555 13.413500484226970499
-57.67672363995813356 13.769531377146343232
-59.371987950509989673 13.743905495293478936
-60.592328279977344607 13.175452471739848903
-61.720597915420675861 12.471714835980035829
-62.665315064181598359 11.107331932273041275
-64.106039772721516101 10.183279060917600489
-65.470425111243997662 9.2561104337869100078
-66.519243639633330645 8.0006433977243567313
-67.33005050221376564 6.8653053058362818462
-67.912306010035436543 5.9319801422270419522
-68.407319073822463906 5.0358382212199384043
-68.823719092631804983 3.8896187261637304999
-69.114045681093827511 2.2986278539580751179
-68.73575340462434724 0.78910084788595669103
-68.363230104925193586 -0.63943513656378425658
-69.254420731199601846 -1.9937229547630654913
-70.198079185963365489 -3.4618482230217497708
-70.644490821510231626 -4.9415836228152745235
-70.542928030138170925 -6.3337140202345745266
-70.316099747847133017 -7.8702193518902756608
-69.956433474568967767 -9.4372614695532384133
-69.493976143008666213 -10.909283526594748537
-68.939301173344659901 -12.296617681264553568
-68.334370291280393417 -13.541546942339465431
-67.688849402324478888 -14.670430479374141797
-66.882810454408854639 -15.878763582357777295
-65.927946702259418998 -17.100552686624723719
-64.876521498833639612 -18.249518877494018909
-63.665776272844574635 -19.376078673096181149
-62.331022865690414392 -20.424020065718650585
-61.063990396698372365 -21.263511209834245363
-60.274184142011080212 -20.848031172582825121
-59.412956205507825302 -19.382977808279367338
-58.552654276603497863 -17.913266019519355154
-57.692352347699134896 -16.443554230759342971
-56.832050418794807456 -14.973842441999329012
-55.9717484898904587 -13.504130653239316828
-55.111446560986102838 -12.034418864479304645
-54.251144632081768293 -10.564707075719292462
-53.390842703177412432 -9.0949952869592802784
-52.530540774273077886 -7.6252834981992689833
-51.663064363717523975 -6.1783666244988104665
-50.913466572262287002 -5.8218654152370987731
-50.763619377917521547 -7.3011484574876046594
-50.753326154939315984 -9.0062597457365907161
-50.743032931961074894 -10.711371033985582102
-50.732739708982862226 -12.416482322234569935
-50.722446486004642452 -14.121593610483557768
-50.712153263026429784 -15.82670489873255093
-50.701860040048195799 -17.531816186981536987
-50.69156681706996892 -19.236927475230523044
-50.681273594091749146 -20.942038763479512653
-50.670980371113536478 -22.647150051728502262
-50.508737945973273042 -24.0910276867662283
-49.418375207223313339 -23.975979903168905594
-47.870181738412611594 -23.841113282778074733
-46.385832459947970108 -23.721500889658347688
-44.849154835773290984 -23.320889929785042938
-43.25161178878408208 -22.761046307978705983
-41.701030138066016661 -22.065056893609348521
-40.256534497275971773 -21.265206583798313744
-38.961216024161146265 -20.405661095579382902
-37.712662021247055577 -19.427833373905521341
-36.524955546512828164 -18.333655154378661223
-35.627200765059313881 -17.376063175031163155
-35.700747461965072205 -16.081542425173459776
-35.608458888622109839 -14.904912601585763809
-34.12987967529073785 -14.752577353904742452
-33.35082426647694831 -14.204857043868619471
-32.999497093575911322 -13.293631305770691853
-33.325173867550155649 -11.844509305628470486
-32.275088966434651638 -10.804353514913769274
-31.817057545889785075 -9.4897910886970393562
