-30.838055059998318086 -7.8740787506103515625
-30.667442508196177897 -5.7694470745766102127
-32.959209418780417877 -4.1049279488887151501
-31.232441225585912292 -1.5513901863373380507
-32.616495133002516127 0.17350897144248200732
-33.229387753059597799 2.207776855261602833
-35.181154400477964828 3.3949718242429725024
-35.606877788487423686 5.7083317482025659473
-36.602818119569427324 7.7731826519522524421
-38.929965825648949362 8.3145264769459537035
-40.104389413986581303 10.4636337310244798
-42.779362241858706284 9.8972645292263976557
-44.835632746331341991 10.148971450099718794
-46.396076106403256745 12.335118902460582291
-48.666460153545756384 11.394508690624444824
-50.69167327880859375 13.611884559818900442
-52.695582942243142099 11.191820088660094257
-54.317835494347313841 9.1856747585589388905
-56.597383799305369223 10.301840044942906616
-58.60685607074590564 9.9037145971596132199
-61.201285104407723736 10.329101820733107786
-62.077684987356377633 7.7974255271548287283
-63.751372220787366984 6.6301845571585733552
-65.80692739721074247 5.7357603124560654351
-66.773878090526238793 3.810323175124619155
-69.838507957557155237 3.1803493619942244663
-68.623649604219508547 0.10975308075889511628
-69.439475518699424583 -1.7825471634704346258
-68.003480349830383034 -4.1943420094327903414
-69.528569417046170997 -5.8942413655162280151
-70.630145893733441653 -7.8740787506103515625
-72.029168523032751636 -10.116739668776647321
-71.579362215117200208 -12.313891583611656699
-70.592837969629727013 -14.340360599747054238
-68.740335488727339452 -15.909861376547093315
-69.324740315348904574 -18.631883287999059462
-67.031795411646925231 -19.745867554589100479
-66.304297953793991383 -21.931753378924412345
-64.368369814270195661 -23.063586248731784423
-62.705381524163691154 -24.40953241791174122
-61.014544630983742479 -25.753817322247439137
-58.774281761331572227 -26.02791734038174809
-52.170244045151797252 -12.424654804769534877
-51.686481106215389048 -12.554281810611346515
-51.191816953341167107 -12.632628908078228136
-50.69167327880859375 -27.969861406362237943
-48.689783411919755451 -26.920792377889846136
-46.394452118302339727 -28.090915682150015442
-44.543379999161672345 -26.7965928494822343
-42.496181304977206139 -26.281457850860995507
-40.379648546134625064 -25.735030425225197348
-38.032383060811838504 -25.298099925882358008
-36.525732322710396716 -23.606951608298295753
-35.027482727725434586 -21.978179896331170085
-36.169866349178981579 -18.424787255992306712
-32.356216682058089873 -18.460060179609975251
-33.749727452293612373 -15.417117891929448703
-31.540826095752038327 -14.096566983921626104
-32.219863282136806504 -11.800381718542592324
-32.506468524565136136 -9.7854209838965307
