4.9500620670899087017 -5.414176672858546091
4.7340504358699631027 -4.0691770688099211384
3.7752650529853468697 -3.0403769000593614535
3.8138088184973693018 -1.9828760381788623768
4.7515330033445959401 -0.85157904588143329416
5.1809273704802221161 0.40581144885438552583
4.8385469800292622011 1.8533974179960306383
4.4554614954943625449 3.3223682516811643417
3.5741337023689569996 4.4386940178375224875
2.5396251011506651984 5.4452338300986955488
2.1033707662694185458 6.8571580050954112906
1.1888346996491048202 7.9060311529588620516
0.18797454369765631554 8.8559869526963233
-0.86167839170814630734 9.7236337320364594206
-1.9817981366206982585 10.527078295459329382
-3.0436846575475762222 11.187652539458333933
-4.057707553615562901 11.736872152697159777
-5.4739258796821932407 11.74610433244829899
-6.9260631903947835752 12.021788287670203133
-7.995716679178995534 12.997729120563523253
-9.0919739591182047178 13.483442218664478673
-10.368733456057366737 13.49183534207679358
-11.575263100800865956 13.790933085960720206
-12.605462450377345363 13.877984261827904788
-13.393101558852132271 13.880841758314961254
-14.056820426817010272 13.248479973058492121
-14.65213134086863711 11.856981041429996537
-14.863256323781989465 10.397758396668450587
-14.811179377008061309 8.8921389150175471627
-14.749884601552151864 7.3848945285099842906
-14.688589826096242419 5.8776501420024205302
-14.627295050640332974 4.3704057554948558817
-14.566000275184421753 2.8631613689872916773
-14.51096847036726345 1.356470969768304391
-14.583604120956767503 -0.14027449830240368289
-14.820326885323071409 -1.5572274444292655282
-15.631120525461549065 -2.368223426036467405
-16.885447123094262878 -2.5212675574139873369
-18.321091398191086341 -2.3510279576806385471
-19.745311019132191888 -1.942685924848176926
-20.828165253379392396 -1.8202945974247448646
-21.367085908295319285 -2.4814975318776140156
-22.699744069519873335 -2.6136237753077065094
-24.22919358088661923 -2.581198207933473654
-25.744497975945034085 -2.546067379166209399
-27.257258486449966739 -2.5104500310575108557
-28.770018996954902946 -2.4748326829488118683
-30.207553681747135954 -2.6292398911354766255
-31.345593487262906507 -3.5250704713648408628
-32.248090222868775356 -4.7740421878868835037
-33.020984870745003548 -6.105892725443134772
-33.032909275311965303 -7.3636356524467494467
-32.915714480249690155 -8.6105882978475847267
-32.693159001863975277 -9.9899857486012546559
-32.369104655707545248 -11.371578648688993596
-31.964818267472590918 -12.678196516111153613
-31.49137298642911631 -13.908900008232754075
-30.960502926344176444 -15.060583279908684062
-30.419458394807286084 -16.069449052168746306
-29.793687355805321459 -17.088330090878343981
-29.025329639601174847 -18.178323809781701925
-28.220007335382177871 -19.175390804847822324
-27.66324622383255516 -19.687810348127911197
-26.288261172304252966 -19.064458193978047973
-24.905721771866517145 -18.424811794931205355
-23.494305908153766183 -17.933280384011816011
-22.001713423083767651 -17.863886728177313046
-20.480415829827634866 -17.948313528007357576
-18.984194342499598918 -17.68522524271203622
-17.622985358388500998 -16.972763736200299434
-16.543298527095302575 -16.351704931261981102
-16.098778011296996482 -17.218534636420724127
-15.911758114031313127 -18.728298384219804973
-15.662434893660172719 -20.218667877851530079
-15.368790074127927525 -21.691763315838898052
-15.052284696455213719 -23.155403670144437456
-14.468456607879225828 -24.508015326207928553
-13.630435972862091631 -25.731460456410058413
-12.600829775720999493 -26.11103092048832508
-11.296924116645518765 -25.719598540110489182
-9.9110237184492895324 -25.865231479554662286
-8.6267731343638587305 -25.616359808400858356
-7.2624585797983627344 -25.254269502724966401
-5.8510604062571598405 -24.767597557508523209
-4.47316325813177329 -24.173792232626105658
-3.1610742312082198424 -23.488307526214903476
-1.9698115669444256071 -22.752240399777832636
-0.85977458351666591341 -21.955321283210491146
0.23517594715827883078 -21.047207206114919131
1.2546309769409980106 -20.07195762827883101
2.0028946455278209271 -19.260123494936760125
1.9135706219058412625 -18.108191595942230379
1.8252667898313876815 -16.944575631563001394
2.9558306586796048165 -16.68155053962820844
4.0529915417010826673 -16.448113077925938796
4.4341344675995024716 -15.788255285699634101
4.266606087877668152 -14.734703948101051552
4.0358532258443640117 -13.455959829161544761
4.7031878984541606314 -12.304490350030024004
4.5989548294999718081 -11.053642626323442855
