-50 0
-48.091286272292286696 -0.86675244206424906235
-46.182572544584573393 -1.7335048841284981247
-44.273858816876860089 -2.6002573261927475201
-42.365145089169146786 -3.4670097682569962494
-40.456431361461433482 -4.3337622103212449787
-38.547717633753720179 -5.2005146523854950402
-36.639003906046006875 -6.0672670944497433254
-34.730290178338293572 -6.9340195365139924988
-32.821576450630587374 -7.8007719785782416722
-30.912862722922870518 -8.6675244206424899573
-29.004148995215157214 -9.5342768627067382425
-27.095435267507443911 -10.40102930477099008
-25.186721539799730607 -11.267781746835238366
-23.278007812092017303 -12.134534188899486651
-21.369294084384304 -13.001286630963734936
-19.460580356676594249 -13.868039073027984998
-17.551866628968880946 -14.734791515092235059
-15.643152901261167642 -15.601543957156483344
-13.734439173553454339 -16.468296399220733406
-11.825725445845741035 -17.335048841284979915
-9.9170117181380259552 -18.201801283349229976
-8.5023438767870018751 -18.670459582598873283
-6.9548342470963921969 -18.367565637631564357
-5.8807703388795999899 -18.775528645346707179
-5.3200423753813508299 -20.009415914088499733
-4.5481028859328400671 -20.190986680082183113
-3.6402881353988885138 -20.363773658758915985
-2.4770756485896425758 -20.266964645520797461
-1.1041712588009178209 -20.621324084562157708
0.30470605589214194708 -20.624430034509810383
1.7379949844654760671 -20.201935922002750345
3.1915619742756597965 -20.318250639799451562
4.5773352699588052417 -20.017426850383117198
6.0609270797601597636 -19.559712113486209972
7.5595724747572488056 -19.002397030754966778
8.9988848917468065025 -18.312787768846348513
10.323964852576738238 -17.545256208294894407
11.525618021620591236 -16.723685839496798877
12.620362677018421849 -15.854487913998141835
13.105317735463614781 -15.427287181725340304
12.182199616402931142 -14.144047176921159092
11.23495640558678943 -12.849989539595741306
10.287713194770642389 -11.555931902270323519
9.3404699839544989004 -10.261874264944903956
8.3932267731383536358 -8.9678166276194843931
7.4282716073612089502 -7.6836797686764342075
6.3964407881099827335 -6.4370011428168094625
5.3458098847031187972 -5.2034891994550909189
4.9064613313690692564 -4.3710587304040187107
6.0730459499007869439 -4.5966910474951365728
6.4479339297121276431 -4.4098327843632381118
5.5035020166183246104 -3.4522249150263792927
5.8302851061617380068 -2.913481329672683362
6.203720057748578931 -2.1940371474707380806
6.7664953534931244761 -1.3498319363514743596
8.3123186616308242236 -1.1959990941250060459
9.9174321109969625354 -1.1155451090737991127
12.298025583812034256 -0.80196199602620743541
14.6786190566271042 -0.48837888297861586917
17.059212529442174144 -0.17479576993102430293
19.439806002257245865 0.13878734311656737432
18.960060035885810237 1.5869667634039641424
17.846697020800927902 2.6398561638395112716
17.731935733130878674 3.7860990092275415009
18.580785899897787061 5.0764996215215338893
18.400207028787416874 6.3085192307715534099
17.708670020076880292 7.6884420657508520947
17.069919635457100782 9.125306868979851771
15.934697154819472686 10.192015996616422768
15.053885815223901901 11.412920454497420764
14.482730501893136932 12.558620397413546854
13.194899252177343385 12.333160635683372064
11.707128067545195194 11.737942369501839224
10.183966053593531242 11.232714318624232419
8.6427792280089814625 11.144555366009464947
7.7829881152823769952 12.118143463474581267
6.9163916931795794696 13.321818043725192737
6.0083435160174536449 14.4517745576350638
5.7052601365901001174 16.024335673299532345
5.2679330557560772874 17.566850624039748396
4.3533717341052433625 18.80238402783264462
3.0997258531528832926 19.06390944432947876
1.7085108640103077171 18.973804593023441356
0.53339240680820698692 19.344894090747700943
-0.50447199385648677783 19.364111047760733442
-1.5469655785722578045 19.329153395542853389
-2.5870638801512071403 18.1464408520587277
-3.6496697440884617869 16.983266420389607987
-4.9442086159059579487 16.91536441511806288
-6.4328778550957332882 17.366330377451895117
-8.0184018245741199848 17.259032570454102995
-9.5063004298598823283 17.148532112414397233
-10.58365719703256147 16.551527505794179973
-11.558748006595266133 15.697318972946659343
-12.551189057675079752 14.493686806351817609
-13.899722347995579597 13.588988186006709213
-14.977698429728226515 12.593690312797800601
-15.057808866918916735 11.107304322812254327
-15.438962676985951816 9.7674001938398209433
-16.381572127106771575 8.8127777337756292297
-15.942639992409716854 7.5930405354193366563
-15.075472356954708886 6.2584184887263223374
-14.674110540069124298 4.7940039177300022288
-14.096858419299628906 3.427045587447227426
-13.213829638231846531 2.2493049144544019491
-13.669359521786953238 1.0437397882466887822
-14.688425642633802681 -0.24574412817627999672
-15.743769528907815669 -1.4821491965155595416
-16.954931924355257422 -2.5369978797845869067
-20.225699929470838612 -2.9117070969826235327
-22.352435648794351408 -2.7037280186267218518
-24.479171368117860652 -2.4957489402708201709
-26.605907087441373449 -2.28776986191491849
-28.732642806764886245 -2.0797907835590168091
-30.859378526088395489 -1.8718117052031151282
-32.986114245411904733 -1.6638326268472136693
-35.112849964735417529 -1.4558535484913117664
-37.239585684058930326 -1.2478744701354100854
-39.366321403382443123 -1.0398953917795084045
-41.493057122705948814 -0.83191631342360672363
-43.619792842029468716 -0.62393723506770504272
-45.746528561352974407 -0.4159581567118038059
-47.873264280676494309 -0.20797907835590168091
