-50 20
-49.297796369899330671 18.565467402534352459
-48.595592739798654236 17.130934805068701365
-47.893389109697984907 15.696402207603052048
-47.191185479597308472 14.261869610137402731
-46.488981849496639143 12.827337012671753413
-45.786778219395962708 11.392804415206104096
-45.084574589295293379 9.9582718177404565552
-44.382370959194616944 8.5237392202748072378
-43.680167329093947615 7.0892066228091561442
-42.97796369899327118 5.6546740253435068269
-42.275760068892601851 4.2201414278778592859
-41.573556438791925416 2.7856088304122081922
-40.871352808691256087 1.3510762329465606513
-40.299488974776558337 0.24326472743693727807
-39.657909066437341039 -0.82957962067320067945
-38.858090742448929689 -1.985324067692861405
-37.944598379751738548 -3.121984031633843415
-36.939763019402001021 -4.1999828848935614189
-35.791446653847359016 -5.2582476025583346768
-34.535035403862273995 -6.2447086064044796672
-33.213537092594336286 -7.121901128470753406
-31.881634511279191457 -7.8637996409334185444
-30.376330745399297228 -7.9857407582781672062
-28.90432865067740309 -7.4614973772281487641
-27.970951664084758193 -6.3061399829152993135
-27.30898678251632461 -4.8500581485168572371
-26.650692111969181752 -3.3899097226365313418
-25.992397441422035342 -1.9297612967562054465
-25.333892635099566348 -0.46964403772812385318
-24.648070177984987339 0.98642153050820791105
-23.892537550989572992 2.3352730512856765266
-23.027033599359874927 2.5390912949020227884
-22.047487305282011505 2.5965319592025544182
-20.983231494480467205 2.2722117171974640648
-19.67449269570693815 2.3547349793923388894
-18.153284222753821808 1.9183164380450627995
-16.628779175775587618 1.4690319787957379916
-15.138815564346922216 1.3206236541316036526
-13.791401147943378902 0.55227488509719413479
-12.472969363008299837 -0.37983187530367096274
-11.154537578073217219 -1.3119386357045359492
-9.8361057931381381536 -2.2440453961054012133
-8.517674008203057312 -3.1761521565062662553
-7.8953476280120202802 -3.3444897990694428813
-7.6369789593824215501 -2.648296895488772229
-8.0071451379270488502 -1.2034272337547395892
-7.2224763477450428795 -0.61160422365755895413
-5.7897568019723877342 -0.51635877026378551591
-5.3694953165986092358 0.19931881003719986722
-5.3438490550885671126 1.2684529382399762909
-5.3755932269407509239 2.5495979871820204643
-4.2682419382900178562 3.4979327519039924432
-4.0020942933902414751 4.8012041159924212508
-3.6382759431006181927 6.7731449117786466374
-3.2744575928109944662 8.745085707564872024
-2.9106392425213711839 10.717026503351098299
-3.1683618159361151001 12.144853690076521602
-4.2736826730908177296 13.178210192547902935
-4.6147470376287573757 14.307708684437544733
-3.8600780517581498863 15.647373597039303306
-4.0657088376895309523 16.90882204290801738
-4.7578891651977572863 18.290491214472396564
-5.3966444523321683846 19.727355787361751993
-6.5318643057515410888 20.794064400650736246
-7.4126391944783183163 22.014902961413245208
-7.9506414074124647229 23.096925448902819511
-9.0996811542446618404 22.604901135408798751
-10.42064587843045409 21.689290689562845671
-11.741610602616244563 20.773680243716899696
-13.062575326802031483 19.858069797870950168
-14.385054446943403406 18.944792898224626754
-15.779445740746950833 18.142326106685942477
-17.173969286552289049 17.853992045443938252
-18.273505481836750164 18.032082262163918074
-19.516463472765963161 17.208170557146672763
-20.636127177052376425 17.026334191812793506
-21.313009585359935727 17.618552085029197229
-22.122644789699691614 17.440163278989562201
-22.701211899783753978 18.363140796544399791
-23.188318739339294439 17.769655294851212091
-23.615041667513210655 16.240821303547853915
-24.031973036061074822 15.613777624929509713
-24.565066693837721346 16.82782697604955402
-25.117814328546756997 18.330207955195291447
-25.670561963255792648 19.832588934341032427
-26.223309597964828299 21.33496991348677696
-26.77605723267386395 22.837350892632510835
-27.328804867382896049 24.339731871778248262
-27.881552502091935253 25.842112850923996348
-28.460323799107587917 27.299570750542070385
-29.517234653698768199 27.933953077511183949
-29.805626309820929976 28.707903676402750648
-31.248081573405148248 28.085910556659698045
-32.69053683698936652 27.46391743691664189
-34.132992100573588345 26.841924317173589287
-35.575447364157810171 26.219931197430536685
-37.01790262774202489 25.597938077687484082
-38.460357891326246715 24.975944957944427927
-39.902813154910461435 24.353951838201375324
-41.34526841849468326 23.731958718458322721
-42.787723682078905085 23.109965598715270119
-44.23017894566312691 22.487972478972213963
-45.67263420924734163 21.865979359229161361
-47.11508947283155635 21.243986239486105205
-48.557544736415778175 20.621993119743052603
