-50 0
-48.671959330726238591 -1.2945978045592290151
-47.343918661452477181 -2.5891956091184580302
-46.015877992178715772 -3.8837934136776870453
-44.687837322904954362 -5.1783912182369160604
-43.359796653631192953 -6.4729890227961455196
-42.031755984357431544 -7.7675868273553740906
-40.703715315083663029 -9.0621846319146026616
-39.375674645809901619 -10.356782436473832121
-38.04763397653614021 -11.65138024103306158
-36.719593307262378801 -12.945978045592291039
-35.391552637988617391 -14.240575850151518722
-34.063511968714855982 -15.535173654710748181
-32.735471299441094573 -16.82977145926997764
-31.40743063016732961 -18.124369263829205323
-30.079389960893568201 -19.418967068388436559
-28.751349291619806792 -20.713564872947664242
-26.961396070540022407 -18.913348968917770065
-25.435859907565991023 -18.175439785299474238
-23.793216432659704651 -17.858276884344917335
-22.043597021657625135 -17.936648105484596982
-20.354424507663210875 -17.679701246869068854
-18.869314304936793292 -16.853145586650200016
-17.813865787565514864 -16.448222613013083304
-17.494255143225274196 -17.814453085116333853
-17.095979093085190925 -18.665103105853262377
-16.222930332743068504 -17.654373922924410323
-15.65878422587771901 -17.858872554572393199
-15.458149189725290285 -19.492444728673177679
-15.274900095575874914 -21.194366374712711121
-15.091651001426457768 -22.896288020752251668
-14.908401907277038845 -24.598209666791785111
-14.672388085285209769 -26.197631544450668883
-13.746689121612400086 -26.463489377675848857
-12.233302355740176992 -26.117342247847517456
-10.719232435237106671 -26.141044495201697373
-9.2134143778458010843 -25.778056469135776752
-7.6187138447753470771 -25.245385672405163291
-6.0506411144398040136 -24.588088409899270914
-4.5729079963525229857 -23.807007376785627173
-3.2478168911037510469 -22.962650354765099081
-1.9958544755160492201 -22.019129537449273926
-0.78253956487501064032 -20.942929068235368817
0.21088286582798687618 -19.916245408157735142
0.42786461601160047374 -18.810447234739427813
0.23452612962586039114 -17.422773817374284988
1.478264589671771656 -17.096921688653907268
2.5546368114651762937 -16.729633996723421774
3.0101263368203099446 -15.918852658408862766
2.6451082794743174809 -14.498427610442375268
3.4361921880544996633 -13.384758978315865363
4.2206942727374086033 -12.201399142226305727
3.862782051247090731 -10.563965602356628182
3.5218350271087204284 -8.9238135414037031978
4.2387285421835541044 -7.3136833422556914996
4.9556220572583882245 -5.7035531431076789133
4.6346787021737227974 -4.1706876500095857452
3.5905144710914425055 -2.993534056616759198
3.8394836418442639392 -1.6541312687059783748
4.3427969205990244461 -0.26327343379841661175
3.7780471020433803453 1.1453132429671590842
3.0567944786234382271 2.6650257146266320696
2.0746189419628646711 3.9620267953797601024
0.92701486958074375 5.1205548685239969942
0.3713068178008587239 6.6738407650411808447
-0.72097676353517314851 7.8213164741621046261
-1.8670964799628162467 8.8509125688507541696
-3.110885878126930848 9.804661366888396401
-4.346992619899250343 10.611117107911425705
-5.4961036918258781014 11.251281867376960122
-7.0523102304440614674 11.336226128152395276
-8.6652633921806092587 11.706480839347310763
-9.8267932312649683979 12.875594522315154222
-11.15350980984874063 13.160984760005632666
-12.623548573257943772 13.097176786218804878
-13.856180443783596701 13.453190902408874052
-14.588629199429121286 13.468845594463140003
-14.694955177682231806 12.744769929602234981
-14.729927171158335497 11.036940495883669655
-14.764899164634435635 9.3291110621651043289
-14.799871158110542879 7.6212816284465398908
-14.834843151586643017 5.9134521947279754528
-14.869815145062750261 4.2056227610094101266
-14.904787138538852176 2.4977933272908461326
-14.93975913201495942 0.78996389357228113948
-14.974731125491061334 -0.91786554014628385367
-15.00358171773568472 -2.6306558659828058744
-15.024885647309849546 -4.205894308444033669
-15.449011113808039042 -3.9776558500920873307
-16.487591949364489352 -2.6765166837769216457
-17.274499297518612906 -2.2228642246545544658
-17.49862868251896586 -3.3999133835429611317
-18.747418760630363721 -3.2946346642075177158
-20.303917508906085487 -2.5413778246177174402
-21.922529552912582318 -1.9606016414491540534
-23.206597885543857274 -1.8598514957352032528
-24.048823586076590431 -2.4126852371612974579
-25.626980502662053851 -2.1522581549731931716
-27.299118946007048692 -1.7836963174690325662
-28.97125738935205419 -1.4151344799648712947
-30.643395832697045478 -1.0465726424607102452
-33.568276977698758401 -0.043585305764588966326
-35.394023980176676503 -0.038742494012967969297
-37.219770982654587499 -0.033899682261346972267
-39.045517985132505601 -0.029056870509725975238
-40.871264987610423702 -0.024214058758104981678
-42.697011990088334699 -0.019371247006483984648
-44.5227589925662528 -0.014528435254862987619
-46.348505995044170902 -0.0096856235032419940589
-48.174252997522081898 -0.0048428117516209970295
