-50 0
-49.314423407983362324 -1.4477495605562755721
-48.628846815966717543 -2.8954991211125511441
-47.943270223950079867 -4.3432486816688271603
-47.257693631933435086 -5.7909982422251022882
-46.57211703991679741 -7.2387478027813774162
-45.886540447900152628 -8.6864973633376543205
-45.200963855883514952 -10.134246923893929448
-44.515387263866870171 -11.581996484450204576
-43.829810671850232495 -13.029746045006479704
-43.144234079833594819 -14.477495605562754832
-42.458657487816950038 -15.92524516611902996
-41.773080895800312362 -17.372994726675308641
-41.087504303783667581 -18.820744287231583769
-40.401927711767029905 -20.268493847787858897
-39.716351119750385124 -21.716243408344134025
-39.030774527733747448 -23.163992968900409153
-38.345197935717102666 -24.611742529456684281
-37.65962134370046499 -26.059492090012959409
-37.407066448248556867 -25.441141045632306827
-35.962651464455746009 -25.341506314953303303
-35.27574099437534727 -26.612181383049151151
-34.508870211202136602 -27.051693902364249311
-33.598815039019434892 -27.235403810521809476
-32.422446905853178123 -27.238634464707711658
-30.977795299240778348 -27.477349980830869214
-29.481323054191712174 -27.534795149716956075
-27.957481612295083551 -27.115840187943650363
-26.472639546758610862 -27.213070987453392036
-25.629981433379530387 -26.630621291510472304
-25.332618746076050797 -24.944527093697171694
-25.085066247859455046 -23.235686260692204996
-24.994965891117445267 -21.532201441596342306
-24.984104157453145945 -19.835510456165394544
-25.347223558074286842 -18.205080996505387247
-26.011287773836638593 -16.627977704755931398
-26.686281243585955991 -15.052811031296362998
-27.36127471333527339 -13.477644357836785716
-28.036268183084590788 -11.902477684377211986
-28.710708420260910856 -10.32736334543270651
-28.867638166549422607 -8.9931819182384824529
-27.623812196943937636 -9.151672815151481899
-26.141292399529959312 -9.9859115211056721506
-24.659783881673540407 -10.825027052944905748
-23.178275363817114396 -11.664142584784141121
-21.696766845960695491 -12.503258116623374718
-20.215258328104276586 -13.342373648462611868
-18.733749810247854128 -14.181489180301847242
-17.252241292391431671 -15.020604712141077286
-15.770732774535009213 -15.859720243980310883
-14.289224256678590308 -16.698835775819546257
-12.821734721991852268 -17.522610893229998652
-12.604897970418107889 -17.240279379238714341
-12.668312894000962388 -16.108468882533461652
-12.509693654830359222 -14.805269988130282499
-11.37143032702455514 -13.77344616741291361
-11.383101617650149606 -12.268213753196262061
-10.983520903308045646 -10.427157993795624691
-10.583940188965943463 -8.5861022343949873203
-10.184359474623839503 -6.7450464749943499498
-10.527307949721517843 -5.2593024021134500146
-11.697043011261554213 -4.173780457211206496
-11.753092070326687235 -2.9172802371599741988
-11.08246803957880644 -1.6527091304318768383
-12.030567466025978263 -1.4523275147928966788
-13.710601839274245251 -1.7255496579808189406
-15.395486676053323549 -2.0019103283975474561
-17.080371512832407177 -2.2782709988142761937
-18.772408839034476102 -2.504235140095129708
-20.49958550701682114 -2.4917459024491539488
-22.220119485342571863 -2.6441523622663520854
-23.731986026201148832 -2.6190789701367895859
-24.419304077000560937 -1.3643246428725361863
-24.783104221989084692 0.11651780203184952667
-24.610102260969771493 1.7800235412135536617
-25.01873853992791652 3.3595352767499333524
-25.266290212739281884 5.0227617092152314626
-25.321633604361039716 6.7403583303006131544
-25.437528747758602066 8.4502869334837242832
-24.9703479490885627 10.053840539347415728
-24.503167150418526887 11.657394145211107173
-25.919657864284165072 11.009761137143822651
-27.336148578149803257 10.362128129076539906
-28.752639292015437888 9.714495121009255385
-30.169130005881076073 9.0668621129419726401
-31.585620719746714258 8.4192291048746881188
-33.002111433612355995 7.7715960968074053739
-34.418602147477990627 7.1239630887401208525
-35.835092861343625259 6.4763300806728372194
-37.251583575209266996 5.8286970726055535863
-38.668074289074901628 5.1810640645382699532
-40.08456500294053626 4.5334310564709854319
-41.501055716806177998 3.8857980484037026869
-42.917546430671812629 3.2381650403364190538
-44.334037144537447261 2.5905320322691345325
-45.750527858403088999 1.9428990242018500112
-47.167018572268723631 1.2952660161345672662
-48.583509286134365368 0.6476330080672845213
