-50 0
-49.335284217260202411 -1.3787991123461607046
-48.670568434520404821 -2.7575982246923214092
-48.005852651780607232 -4.1363973370384821138
-47.341136869040802537 -5.5151964493846428184
-46.676421086301004948 -6.8939955617308026348
-46.011705303561207359 -8.2727946740769642275
-45.346989520821409769 -9.6515937864231258203
-44.68227373808161218 -11.030392898769285637
-44.017557955341814591 -12.409192011115445453
-43.352842172602009896 -13.78799112346160527
-42.688126389862212307 -15.166790235807766862
-42.023410607122414717 -16.545589348153928455
-41.358694824382617128 -17.924388460500086495
-40.693979041642819539 -19.303187572846251641
-40.029263258903021949 -20.681986685192409681
-39.36454747616322436 -22.060785797538571273
-38.699831693423419665 -23.439584909884732866
-38.035115910683622076 -24.818384022230890906
-37.370400127943824486 -26.197183134577052499
-37.215632124670136704 -25.840182459752934818
-35.636664842460781699 -25.554816591082332167
-34.742569894233071182 -26.443582175162624992
-34.065453409479047764 -27.299236939434909033
-33.208970876478055345 -27.484250301753167633
-32.131049370998063353 -27.662103295388213553
-30.731809870933268769 -27.59858881343495085
-29.239884366509027558 -27.846571115618971248
-27.729838407005509282 -27.484187773602549498
-26.18078754361365057 -27.584052342721804507
-25.192915439963989854 -27.339498192985171698
-25.088559366824501495 -25.755083028195763006
-25.066723395576570255 -24.048361712283195857
-25.052942637547111815 -22.342883449505738014
-25.260967929212036154 -20.671633542698547359
-25.744596587423302481 -19.042913811013939096
-26.24932223263533615 -17.417449694683185157
-26.754047877847369818 -15.79198557835242589
-27.258773523059399935 -14.166521462021668398
-27.763499168271426498 -12.54105734569091446
-28.268224813483456614 -10.915593229360156968
-28.329609563044101606 -9.45666417649781188
-27.059135539599498799 -9.411337693813369043
-25.571164212652146119 -10.233465323664784563
-24.08711547532194075 -11.07320978535329381
-22.60306673799173538 -11.912954247041804834
-21.119018000661526457 -12.752698708730310528
-19.634969263331328193 -13.592443170418819776
-18.150920526001126376 -14.432187632107330799
-16.666871788670917454 -15.271932093795840046
-15.182823051340717413 -16.111676555484347517
-13.698774314010510267 -16.951421017172858541
-12.222745676413062199 -17.782397236805643104
-11.943117912665552893 -17.579868880240269391
-11.952494967322499164 -16.501173191588961231
-11.884435456875637627 -15.170658296112231156
-10.733912037972153541 -14.146788026726948573
-10.675804773278912307 -12.670355810020998533
-10.284629584810003777 -10.796270809039707927
-9.8934543963410934708 -8.9221858080584155459
-9.5022792078721849407 -7.0481008070771240526
-9.8452278627650642306 -5.5623566994327386936
-11.014963404297734684 -4.476834657006513396
-11.071012413447121503 -3.2203343671674118376
-10.400683047986657215 -1.951501845287049175
-11.3508756111118565 -1.7208948668096626378
-13.033798525137870072 -1.9524087636072005036
-14.721577173762295132 -2.1869850916524185003
-16.409483153141025014 -2.4193031831593483361
-18.104334115661714577 -2.5284506017636854125
-19.810855577463961197 -2.4913803434674832715
-21.515447741741020593 -2.7227509905878020113
-23.044748868605438474 -2.4726721036224965644
-24.374424946449678941 -1.6931543066719552115
-24.715428531910337284 -0.56119040050757007521
-24.764002335789879083 0.9866677453514834939
-25.225870692337419854 2.5040153604915729169
-25.301127292200106922 4.2292928484245448928
-25.291347425409526295 5.9462028857238475865
-25.246236230350071139 7.6505304444240209705
-24.733030277392714424 9.5582870484273687595
-24.219824324435361262 11.466043652430716548
-25.652056306411175512 10.82904122729567753
-27.08428828838698621 10.192038802160636735
-28.51652027036280046 9.5550363770255977158
-29.94875225233861471 8.9180339518905569207
-31.38098423431442896 8.281031526755517902
-32.81321621629024321 7.6440291016204771068
-34.245448198266053907 7.0070266764854380881
-35.677680180241864605 6.3700242513503981812
-37.109912162217682408 5.7330218262153582742
-38.542144144193493105 5.0960194010803192555
-39.974376126169303802 4.4590169759452784604
-41.406608108145121605 3.8220145508102376652
-42.838840090120939408 3.1850121256751986465
-44.271072072096743 2.5480097005401596277
-45.703304054072560803 1.911007275405120609
-47.135536036048378605 1.2740048502700798139
-48.567768018024182197 0.63700242513503901876
