-50 17
-49.729946331922540992 15.823488845517845292
-49.459892663845089089 14.646977691035690583
-49.189838995767630081 13.470466536553535875
-48.919785327690171073 12.293955382071381166
-48.64973165961271917 11.117444227589228234
-48.379677991535260162 9.9409330731070717491
-48.109624323457801154 8.7644219186249188169
-47.839570655380342146 7.5879107641427641084
-47.569516987302890243 6.4113996096606111763
-47.299463319225431235 5.2348884551784564678
-47.029409651147972227 4.0583773006963017593
-46.759355983070520324 2.8818661462141452745
-46.489302314993061316 1.7053549917319941187
-46.219248646915602308 0.52884383724983763386
-45.949194978838150405 -0.64766731723231529827
-45.679141310760691397 -1.8241784717144717831
-45.409087642683232389 -3.000689626196628268
-45.139033974605780486 -4.1772007806787776474
-44.868980306528321478 -5.3537119351609341322
-44.468231607334551825 -4.1369152297859681511
-43.847783150287014564 -5.2316462626108064526
-43.215778064526737978 -5.8205168386106187484
-42.46414674475653328 -5.9830910582500145267
-41.537700812157041241 -6.1423927578524981641
-40.358829567760615475 -5.9760074184900933147
-39.050506790148780567 -6.3526580584949883246
-37.729892367754608529 -6.3065880879659754754
-36.38171426393173391 -5.9172761968239306896
-35.023158003602290478 -6.0327111700806064221
-33.725161424634357843 -5.7510804820120604575
-32.334988553303027459 -5.337280030371162276
-30.927815911226435475 -4.8221181974098570322
-29.566036306412257773 -4.1944767481219997762
-28.290506919090507409 -3.4879547803692787511
-27.137104002905573452 -2.7377050675922482981
-26.034989647446941774 -1.9074804872985566817
-25.041499937907122586 -1.0484316606203165634
-24.286040001283065948 -0.1536047612341472357
-24.383970542206768073 1.3485621367729316855
-24.684849416861574412 2.7892085765352616633
-24.245333954942676513 3.5358480997868535489
-22.853695190111139368 3.4152711907418185078
-21.499846717410243002 3.2910642860189440739
-21.166449717952595222 3.8634186543968311867
-21.077651675817023147 4.8080097005299240465
-21.270746618958494167 6.0583502638743782498
-20.291714649886628763 6.9585164816402915733
-19.72990120831562777 8.0553536599214847769
-20.051906498082573194 9.5183712855522291107
-20.279633235480982734 11.011935198195553554
-19.859385808256114103 12.332605122267175091
-18.703575807525947283 14.343175350497137543
-18.929595194083923104 15.626454998594482504
-20.109135895240964231 16.306661003781286468
-21.532995932398705463 16.83492829138286595
-22.9273503482866019 17.423231995444123044
-24.212605380958244439 18.156091151281735563
-24.969745776586020014 19.353433332254041943
-25.018006235037493212 20.852416116174616434
-25.259388988004921828 22.312711169543355538
-25.422444083672825599 23.739564914708033427
-25.043122548788343096 25.213155177504980031
-24.746479771937863745 26.698377191130450825
-24.747263755700714682 28.056154773318652929
-25.521445440689703332 28.762776249310874732
-26.550175422979158668 29.595527998067634456
-27.670070314066322226 30.383537564079190929
-28.718845483449580769 31.023955804484842247
-29.741397565778971313 31.567433233016565453
-31.217971504419804063 31.510748964924026438
-32.634187267654525044 31.870055138952334772
-32.379534498922403429 32.646460992501729947
-33.260557773976280771 31.864137942876642029
-34.141581049030165218 31.081814893251557663
-35.02260432408404256 30.299491843626469745
-35.903627599137919901 29.517168794001385379
-36.784650874191804348 28.734845744376297461
-37.66567414924568169 27.952522694751209542
-38.546697424299559032 27.170199645126125176
-39.427720699353443479 26.387876595501037258
-40.30874397440732082 25.605553545875952892
-41.189767249461198162 24.823230496250864974
-42.070790524515082609 24.040907446625777055
-42.951813799568959951 23.25858439700069269
-43.832837074622844398 22.476261347375604771
-44.713860349676721739 21.693938297750520405
-45.594883624730599081 20.911615248125432487
-46.475906899784476423 20.129292198500344568
-47.35693017483836087 19.346969148875260203
-48.237953449892245317 18.564646099250175837
-49.118976724946122658 17.782323049625084366
