-50 17-49.799843415058013818 -1.4213364054381774082
-49.599686830116034741 -2.8426728108763548164
-49.399530245174048559 -4.2640092163145313364
-49.199373660232069483 -5.6853456217527096328
-48.999217075290083301 -7.106682027190887041
-48.799060490348097119 -8.5280184326290626728
-48.598903905406118042 -9.949354838067240081
-48.39874732046413186 -11.370691243505419266
-48.198590735522152784 -12.792027648943596674
-47.998434150580166602 -14.213364054381774082
-47.798277565638187525 -15.634700459819949714
-47.598120980696201343 -17.056036865258125346
-47.397964395754215161 -18.47737327069630453
-47.197807810812236085 -19.898709676134480162
-46.997651225870249903 -21.320046081572659347
-46.797494640928270826 -22.741382487010838531
-46.597338055986284644 -24.162718892449014163
-45.091285672407074969 -24.647308487195779492
-43.463826566196821943 -24.337057809396242192
-42.424169935695410061 -24.957507822349054294
-41.787838030856363503 -26.036163125413512631
-40.952450108403681384 -26.223537472208874988
-39.918070936086095912 -26.404275903704231609
-38.568652259541536864 -26.287272096104043584
-37.081021984275139403 -26.618999362152464983
-35.577771566930316283 -26.342741671620757415
-34.01818031938984177 -26.327678882498403823
-32.547429117346631244 -26.118630201824480253
-30.996208217576274535 -25.698674483929551116
-29.401219905255054243 -25.12189253-32.265172102272323684 -5.5859636070844551625
-30.854534443201220739 -5.0917155658266537444
-29.479630213764671964 -4.4910283415757881187
-28.174288150610394155 -3.8008951705991904646
-26.993219217301106738 -3.0635803686938309909
-25.913190067436186581 -2.2823426928195686969
-24.907882018890372677 -1.4488874984165089899
-24.208838579023375104 -0.56385835250106386418
-24.248828724041821658 0.94926693458210775756
-24.444155866099908536 2.4698155955851746057
-24.166463005236039407 3.4682221726286286412
-22.846909067487509049 3.4169861760796798045
-21.340474463037743647 3.1773591024317155984
-20.81711809575343608 3.5766189353828750086
-20.466953207251755487 4.3205072255373426771
-20.891390895122519566 5.6403994568791713249
-20.161249066209833813 6.61266399077156386
-19.308318390212590998 7.592508441611730774
-19.507820996725634188 8.9983510782113018678
-19.811228755089427267 10.500669122200990913
-19.612809457121251455 11.886398517709437783
-18.936114385508243885 13.055050894014053497
-18.259419313895236314 14.223703270318669212
-18.476773010830395805 15.536183038541041768
-19.62388507561812645 16.325623626827542978
-21.017541516271084134 16.952056210233500622
-22.447427779614500309 17.422913769214758872
-23.858063338688850763 17.863792156832680291
-24.842271124036393815 18.795854524447523914
-25.029914713433154105 20.203939840920323689
-25.170813310624613024 21.631752691280020429
-25.453236051806520379 22.998927137482407801
-25.124271249036702613 24.428132467807664341
-24.75656049077515064 25.893448401129724346
-24.514300533702066076 27.408230395607304786
-24.865312349439406603 28.456983086086189871
-25.866069828332108216 29.29160125473141818
-27.003410657934615813 30.116350338440835088
-28.072708027834565314 30.787802807464636601
-29.084203039469745278 31.340798049468990172
-30.469160954446167011 31.385414227058813452
-31.935690027826240112 31.6223922558851811
-31.656507680162800256 32.433109172697818678
-32.573682296154657934 31.661453714062929521
-33.490856912146519164 30.889798255428036811
-34.408031528138380395 30.1181427967931441
-35.325206144130241626 29.346487338158254943
-36.242380760122102856 28.574831879523365785
-37.159555376113956981 27.803176420888473075
-38.076729992105818212 27.031520962253580365
-38.993904608097679443 26.259865503618691207
-39.911079224089540674 25.48821004498380205
-40.828253840081401904 24.716554586348909339
-41.745428456073256029 23.944899127714016629
-42.662603072065124366 23.173243669079127471
-43.579777688056978491 22.401588210444238314
-44.496952304048839721 21.629932751809345604
-45.414126920040700952 20.858277293174452893
-46.331301536032562183 20.086621834539563736
-47.248476152024423413 19.314966375904674578
-48.165650768016277539 18.543310917269781868
-49.082825384008138769 17.77165545863489271
