-50 0
-49.338246859918704956 -1.4376254642191428346
-48.676493719837409913 -2.8752509284382856691
-48.014740579756121974 -4.3128763926574276155
-47.352987439674826931 -5.7505018568765713383
-46.691234299593531887 -7.1881273210957141728
-46.029481159512236843 -8.625752785314855231
-45.367728019430941799 -10.063378249533998954
-44.705974879349653861 -11.501003713753142677
-44.044221739268358817 -12.938629177972284623
-43.382468599187063774 -14.376254642191428346
-42.720715459105775835 -15.813880106410570292
-42.058962319024480792 -17.251505570629710462
-41.397209178943185748 -18.689131034848855961
-40.735456038861890704 -20.126756499067997908
-40.07370289878059566 -21.564381963287143407
-39.411949758699307722 -23.002007427506285353
-38.750196618618012678 -24.439632891725423747
-38.088443478536717635 -25.877258355944569246
-37.874917926338099505 -25.366868776701522847
-36.367253803481105479 -25.169730722900254705
-35.605331291056181442 -26.302134383020334241
-34.876731064599411525 -26.912334556177160749
-33.990462087806228908 -27.096312762505959881
-32.856124247101668345 -27.187347548721010781
-31.425069871039674752 -27.284705322073847356
-29.930521217795991618 -27.421998557328294055
-28.412363003243189752 -27.011013762642356539
-26.889549918603329104 -27.121730129802401166
-25.857458915732582483 -26.718996465307263577
-25.380321768078740519 -25.116990378880672097
-25.057666787057684132 -23.446078574894659852
-24.985641036229640832 -21.738749553942184889
-25.006876546660972593 -20.03881091200610598
-25.45572791153061587 -18.429036221465626255
-26.125171680004445562 -16.865774031690438761
-26.797200010910650292 -15.303056803845706213
-27.469228341816862127 -13.740339576000975441
-28.141256672723073962 -12.177622348156249998
-28.813285003629275138 -10.614905120311512121
-29.278378557490817968 -9.1215459922896968692
-28.392255918155427707 -8.7942584768823870434
-26.912565546306037589 -9.5774360763224475335
-25.433419644630696155 -10.41603953900188273
-23.954273742955351167 -11.254643001681319703
-22.475127841279999075 -12.093246464360754899
-20.995981939604661193 -12.931849927040190096
-19.516836037929323311 -13.770453389719627069
-18.037690136253978324 -14.609056852399064041
-16.558544234578629784 -15.447660315078501014
-15.079398332903288349 -16.286263777757934434
-13.600252431227941585 -17.12486724043737496
-12.978818238571207644 -17.304180477275835415
-12.710140077364908251 -16.536996095710183141
-13.035858572916172449 -15.088022820654808598
-11.985773748193730981 -14.047867243085756073
-11.527742324737923596 -12.733304767474383112
-11.259934927484067657 -11.206873150073581868
-10.992127530230213495 -9.6804415326727806246
-10.724320132976359332 -8.1540099152719776043
-10.456512735722503393 -6.6275782978711772486
-10.79946173848648705 -5.1418344061405054646
-11.969196968749024279 -4.0563122559263558031
-12.025247555504803287 -2.7998118926100317161
-11.353958337307705762 -1.5366097803247456
-12.297323438565271658 -1.3459385521623985493
-13.970823840778599845 -1.6325601675144547631
-15.649162780440278198 -1.9223447573099463614
-17.327501720101952998 -2.2121293471054377378
-19.00701049840721879 -2.4740470947728971929
-20.696449404067120525 -2.499967287997512333
-22.38377567728333517 -2.5913296009263717679
-23.920876355023786175 -2.6904629528946943928
-24.45120085727002035 -1.5043023883029409404
-24.73624210967749093 0.04599296803529336064
-24.661684628593974367 1.6816985668963739808
-24.769145484131971813 3.3261430308711581461
-25.215107453882570354 4.9541951092375100529
-25.288137948874606309 6.6767546125514387612
-25.395271426682555216 8.396044980033721572
-24.883387970788227506 10.024312125009572583
-24.371504514893903348 11.652579269985423593
-25.795309819622019631 11.005213754986232999
-27.219115124350135915 10.357848239987042405
-28.642920429078252198 9.7104827249878535866
-30.066725733806368481 9.0631172099886629923
-31.490531038534484765 8.4157516949894723979
-32.914336343262604601 7.7683861799902818035
-34.338141647990717331 7.1210206649910920973
-35.761946952718837167 6.4736551499919023911
-37.185752257446949898 5.8262896349927117967
-38.609557562175069734 5.1789241199935212023
-40.033362866903182464 4.5315586049943323843
-41.457168171631295195 3.8841930899951409017
-42.880973476359415031 3.2368275749959494192
-44.304778781087534867 2.5894620599967606012
-45.728584085815654703 1.9420965449975717831
-47.152389390543767433 1.2947310299983811888
-48.576194695271880164 0.64736551499918881802
