-50 26
-50.649811098164335021 24.804560763540692392
-51.299622196328670043 23.609121527081381231
-51.949433294493005064 22.413682290622073623
-52.59924439265733298 21.218243054162762462
-53.249055490821668002 20.022803817703454854
-53.898866588986003023 18.827364581244147246
-54.548677687150338045 17.631925344784836085
-55.198488785314673066 16.436486108325528477
-55.848299883479008088 15.241046871866219092
-56.498110981643343109 14.045607635406911484
-57.147922079807671025 12.850168398947600323
-57.797733177972006047 11.654729162488290939
-58.447544276136341068 10.459289926028983331
-59.09735537430067609 9.2638506895696721699
-59.747166472465011111 8.0684114531103645618
-58.63403397402363737 7.0917491332031570295
-57.436327790865504994 6.1894230045336442458
-56.192557730829278739 5.3901123962550272495
-54.942284280657737838 4.7093169315892495774
-53.513935849916791199 4.6586081269632320101
-52.143857200468325175 4.9063757887775780731
-51.365665431436823951 4.1024180713307636381
-50.803151358422837802 3.1864800321200341671
-50.075261904464532847 3.0211123289155175087
-49.197919198155055653 2.8592606075026374413
-48.089969874318072129 2.9862274645783535298
-46.801887246420022848 2.6276573726402747688
-45.48205836121221779 2.6103608169325553945
-44.143687960419796923 3.0183080809472824235
-42.76185316335497788 2.8687951464948788782
-41.476633428365190071 3.1237716284768843877
-40.105803178943716603 3.494496478219005553
-38.695165709135373788 3.9887443192185898511
-37.320262587604958071 4.5894308581038210093
-36.014920385749739751 5.2795638446760762008
-34.831779019990932511 6.0182748911158299165
-33.723435651676822999 6.8217242108776954268
-32.630895292099218352 7.7365764605592968195
-31.621659241460260859 8.7109444058331071403
-30.895877737572753574 9.5041913043796384386
-31.053227193258965855 10.706817961183768162
-31.073841765311112084 11.820420018525862105
-29.881574375564493806 12.037854176936793493
-28.857255016221955657 12.316858572707968023
-28.461482307292762073 13.007576342880756926
-28.619249442866628641 14.130531954166723807
-28.494361068575713603 15.284958912225139471
-27.418352473128731361 16.163994319840345071
-27.176142870167261378 17.388537922322431228
-27.536127032010103477 18.880403070540229038
-27.651511156355546461 20.351042893491158026
-27.017397386911760293 21.607812152985275134
-26.099903556808161653 23.304385850742921349
-26.281420018158240026 24.670208812579652147
-27.284696935080191338 25.661002130728480353
-27.881425510645055255 26.668903798109422354
-27.249056344648693084 27.904217642244063313
-27.092065470237390201 29.095311304459865909
-27.639229828810723433 30.360970076766182757
-28.262545863672553281 31.710410448480335077
-29.050166648979644179 32.912031985641888809
-30.183226008197589607 33.856138665666740906
-30.750748763878831937 35.152543676696524244
-31.443874022185102746 35.799335677824203117
-32.716999194305685705 35.234527163343997813
-34.061497334474438503 34.521053028327195022
-35.406879903938254017 33.809607780636518726
-36.788498805092018529 33.181288945107112909
-38.210232926382438734 32.778402398484629998
-39.440409865879125562 33.065154683192432117
-40.605420822250962942 32.858870001133759331
-41.874613051907680017 32.062339489677832205
-43.074352052851899941 31.960272116643576368
-43.881325234330660123 32.678685420290278785
-44.863107162993152599 32.520138762430079282
-45.672317495219353134 33.243782616268156005
-46.323728850549372282 33.13700248900016021
-46.914855378606304726 31.765829493144355666
-47.517608950371510446 30.576690975584615018
-48.376589639157714373 30.942070549327944207
-49.588129508069400231 31.814142771675555821
-50.953848691594593845 32.530527257495080562
-52.103843698820973884 32.954013445778322478
-52.938738650465623437 32.438811864287444564
-53.999691366708312046 32.951060032654091003
-55.169388978393378409 33.909856738990335145
-56.339220542068822795 34.869203353292014924
-57.615899288224511565 36.385111627067843187
-58.892578034380207441 37.901019900843664345
-58.084161849436554803 36.819109000766964357
-57.27574566449289506 35.737198100690271474
-56.467329479549242421 34.655287200613571486
-55.658913294605589783 33.573376300536878603
-54.85049710966193004 32.491465400460178614
-54.042080924718277402 31.409554500383485731
-53.233664739774624763 30.327643600306785743
-52.42524855483096502 29.24573270023009286
-51.616832369887312382 28.163821800153392871
-50.808416184943652638 27.081910900076696436
