-50 20
-49.007830150035850636 18.364540977837496172
-48.015660300071701272 16.729081955674992344
-47.023490450107559013 15.093622933512488515
-46.031320600143409649 13.458163911349984687
-45.039150750179260285 11.822704889187482635
-44.046980900215110921 10.187245867024978807
-43.054811050250961557 8.5517868448624749789
-42.062641200286812193 6.9163278226999711507
-41.070471350322662829 5.2808688005374690988
-40.07830150035852057 3.6454097783749652706
-39.086131650394371206 2.0099507562124614424
-38.093961800430221842 0.37449173404995761416
-37.355534910549408778 -0.89325124085993934386
-36.407188729804190075 -2.2624268737600079504
-35.306405714348159108 -3.594446477965199449
-34.049715676765956118 -4.8683455974044651526
-32.703999786550809858 -6.0094919584114538935
-31.550681502858317629 -5.6620282700805271148
-30.303914268589103642 -4.2237880072647078222
-29.057901066287485037 -2.7777805213164974418
-27.811887863985884195 -1.3317730353682879496
-26.565874661684262037 0.11423445057992157037
-25.289964132035908762 1.5211459432005098869
-23.799343252833605078 2.6487330769237402706
-22.597076944708678781 3.5579845975568695771
-22.341053529217976603 2.3839420647759745897
-22.142609187900394119 1.3941498586927081327
-21.326593236572783496 2.4714592478648698126
-20.273805384991433698 2.5441378794625499893
-19.079296256318254876 2.4036747670513856079
-17.540093731727392168 2.3267160595915457044
-15.800839312652517066 1.6483442345486243319
-14.496225517525616056 0.27287910016811289804
-13.260085421878912371 -1.1837976396778171484
-12.023945326232208686 -2.6404743795237473059
-10.787805230585501448 -4.0971511193696770192
-9.5516651349387942105 -5.5538278592156071767
-8.7016713173621216271 -6.3823678482824952596
-7.8584258384255232244 -5.7350390035682980994
-6.5203065585299082585 -4.5470429508095957516
-5.4677918391795756747 -3.4438177952934641013
-5.5184261291988958575 -2.0084191309973316031
-5.1980469665883290986 -0.85386998712648753962
-3.4627100063476490277 -0.74897310610604428405
-2.9600539502021874227 0.10739498719614459787
-3.0949889050249117517 1.4954536270739353654
-2.5201930469342808117 2.8279997588345637816
-2.003791614401805532 3.7267130482464008168
-3.5612792665229151545 4.404209627967020424
-5.3487008247858822685 5.0585353453788037825
-7.1361223830488489384 5.7128610627905898056
-8.9235439413118182728 6.367186780202372276
-10.710965499574783166 7.02151249761415297
-12.498387057837749836 7.6758382150259363286
-14.240557749390308828 8.3206826336546981793
-14.398948106078652387 8.6336815948774443541
-12.60993509183701633 8.5386460906162806594
-10.702407902877650869 8.4187786133519484366
-8.7948807139182836323 8.2989111360876162138
-6.8873535249589172835 8.179043658823283991
-4.9798263359995500466 8.0591761815589517681
-2.7606904371989444691 9.3775081280333836276
-0.5415545383983387806 10.695840074507813711
-1.0743266233303654378 12.288638790679266677
-2.2430580977688552302 13.508462959726168506
-1.7546609285734391381 15.015755730730012019
-1.6241842104996422336 16.540015545803619545
-2.4031847264087522476 18.173160803652926631
-3.240560762323977162 19.820829509897517795
-4.6076871800753007591 21.066677246410904445
-5.2852697902218697124 22.772455294314440266
-6.4588360095193593224 24.087446631317078527
-7.7349476111121688859 25.23446547790535277
-9.0621908700353266397 25.441422653141106736
-10.374860457171356742 24.120891312609959556
-11.653357307431461365 22.701290881769100594
-12.931854157691571316 21.281690450928223868
-14.210351007951675939 19.862090020087347142
-15.533596521702945026 18.474797594201117334
-17.032931716144801726 17.245333953009765793
-18.326142269739424506 17.160295989774279946
-19.200602029338003973 17.507955143999780034
-20.074397411919154166 17.928097649832665184
-20.692866425690159105 18.098711490528032186
-21.231831107390608082 16.384630240625394748
-21.883157480535626149 15.6389185845844505
-23.096513402980690444 16.770787125190448563
-24.383379544731866417 18.102863959944059502
-25.446412382427055832 19.693047767068197373
-26.505333357998011934 21.287956368579944666
-27.564254333568964483 22.882864970091691958
-28.623175309139917033 24.477773571603439251
-30.180494357038163855 27.275930686609893172
-31.982267597307423301 26.614482442372629833
-33.784040837576682748 25.953034198135366495
-35.585814077845938641 25.291585953898103156
-37.387587318115194535 24.630137709660839818
-39.189360558384450428 23.968689465423576479
-40.991133798653713427 23.307241221186316693
-42.792907038922969321 22.645792976949053354
-44.594680279192225214 21.984344732711790016
-46.396453519461488213 21.322896488474526677
-48.198226759730744106 20.661448244237263339
