-50 0
-49.017996859495042372 0.56298500490662362061
-48.035993718990084744 1.1259700098132472412
-47.053990578485127116 1.6889550147198708618
-46.071987437980169489 2.2519400196264944825
-45.089984297475211861 2.8149250245331183251
-44.107981156970254233 3.3779100294397417237
-43.125978016465296605 3.9408950343463655663
-42.143974875960338977 4.5038800392529889649
-41.161971735455381349 5.0668650441596128076
-40.179968594950423721 5.6298500490662366502
-39.197965454445458988 6.1928350539728604929
-38.21596231394050136 6.7558200588794834474
-37.233959173435543732 7.31880506378610729
-36.251956032930586105 7.8817900686927311327
-35.269952892425628477 8.4447750735993540872
-34.287949751920670849 9.0077600785059779298
-33.305946611415713221 9.5707450834126017725
-32.323943470910755593 10.133730088319225615
-32.81031467211122532 9.9963022010267295059
-32.653325065119716442 11.187395311341333581
-33.291385389545233409 12.324651901842807789
-34.603711848091244008 12.692701263640541853
-36.104435767591006368 12.647814424116573306
-37.608633488174774584 12.573487403874354484
-39.106578698514951498 12.391501696148560896
-40.598823790448918203 12.175691642153820382
-42.040410799289965382 12.380754091700900688
-43.455855358551737311 12.978368867060630976
-44.905855647244038664 12.89259919949240718
-46.134880438622374754 12.974295652212541441
-47.20567939057876572 12.877505774663454474
-48.433948410163807807 12.033429788438100516
-49.424522541561401567 12.14202722442106186
-50.082277974193658565 12.609023539548514847
-50.869287388759140356 12.445069529921243046
-51.428344145113392472 13.357400994559931462
-51.905910061843968606 12.903307802998632781
-52.335771565178887954 11.473747942836691749
-52.793268711361115209 10.516239052620251826
-53.537708861203689992 11.246726493072824127
-54.293000267105995249 12.542686983382242971
-54.99019952030401015 13.871695882545365563
-55.685360149001731145 15.20183987827705252
-56.38052077769946635 16.531983874008748359
-57.075681406397194451 17.862127869740440644
-57.77084203509490834 19.192271865472136483
-58.466002663792657756 20.522415861203821663
-59.192103217898512924 21.810693172518703875
-60.306359199851918618 22.573733897513520219
-61.372088876707827865 22.128993296590305562
-62.360377880541932427 21.535219359355679103
-63.159327431433133881 20.401718067167777804
-64.307802867988115736 19.455825868922993038
-65.653242979537949964 18.748458961597105343
-66.69848030696559249 17.777581522254134683
-67.600177173680378928 16.655679490430127743
-68.280672628700017412 15.684877706607444736
-68.793577563564184629 14.862199376273443008
-69.232416160717704656 14.079145150545341991
-69.678162684030255036 13.187174222120077616
-69.881059714310822528 11.828376213244901294
-69.995455156305212085 10.453319127459829829
-69.379315825969399611 9.1530702609005221149
-69.39123019610691756 7.9184731698678065825
-70.292031510735540678 6.7222455056114140959
-71.109591393681498062 5.4168357092048129431
-71.561626014779051275 4.103525390963998376
-71.48795883585758304 2.8815533995550728363
-71.324160058960032416 1.5668391890076378559
-71.052686070303806787 0.17442828465677884253
-70.686411960712675295 -1.1847766849055876293
-69.537166851784192545 -1.1189557579663882425
-68.387921742855709795 -1.0531348310271890778
-67.238676633927227044 -0.98731390408798969105
-66.089431524998744294 -0.9214929771487903043
-64.940186416070261544 -0.85567205020959113959
-63.790941307141785899 -0.78985112327039175284
-62.641696198213303148 -0.72403019633119236609
-61.492451089284820398 -0.65820926939199309036
-60.343205980356337648 -0.59238834245279381463
-59.193960871427854897 -0.5265674155135945389
-58.044715762499372147 -0.46074648857439515215
-56.895470653570889397 -0.39492556163519587642
-55.746225544642406646 -0.32910463469599660069
-54.596980435713931001 -0.26328370775679721394
-53.447735326785448251 -0.19746278081759782719
-52.298490217856965501 -0.13164185387839855146
-51.14924510892848275 -0.065820926939199386752
