-50 17
-49.625400155292489046 15.843284218032433586
-49.250800310584970987 14.686568436064867171
-48.876200465877460033 13.529852654097298981
-48.501600621169941974 12.373136872129732566
-48.12700077646243102 11.216421090162164376
-47.752400931754920066 10.059705308194597961
-47.377801087047402007 8.902989526227031547
-47.003201242339891053 7.7462737442594651327
-46.628601397632372993 6.589557962291896942
-46.25400155292486204 5.4328421803243305277
-45.879401708217351086 4.276126398356762337
-45.504801863509833026 3.119410616389197699
-45.130202018802322073 1.9626948344216295084
-44.755602174094804013 0.80597905245406309405
-44.381002329387293059 -0.35073672951350687299
-44.006402484679782106 -1.5074525114810697346
-43.631802639972264046 -2.6641682934486361489
-43.257202795264753092 -3.820884075416206116
-42.882602950557235033 -4.9775998573837725303
-42.508003105849724079 -6.1343156393513389446
-42.213860985413937499 -5.1627341844498211287
-41.701922126746069353 -6.3600499263840113429
-40.980494553070307973 -6.5316910057381676324
-40.154034207674456525 -6.6940475353184005769
-39.120078174600351417 -6.7032646332650864807
-37.856244380884383816 -6.808604503584363421
-36.537552388866060937 -6.9915480451181224453
-35.20782663943111146 -6.6738112296667457812
-33.831027473493854529 -6.6687789082507977767
-32.527281330416627725 -6.549439194845447787
-31.184151828506227133 -6.2129705920533915275
-29.778927316087617783 -5.7329787020010352094
-28.386271645210548797 -5.1766000836780783345
-27.056352726348212201 -4.5066577949535684411
-25.843461023382396036 -3.7808985345818157953
-24.86930486038598076 -3.1084746141674166608
-24.160077995378738791 -2.5114890821185156256
-24.18698834315401669 -0.97274725495008296239
-24.112872406458521368 0.56758243229591265333
-24.008919359996379939 2.0955966587324805772
-23.694039922607053938 3.3102267730737788831
-22.524636522322669663 3.3824401376105357464
-21.044310478323055236 3.0404327007134170913
-19.572579784449924745 2.7047729679212184628
-19.285368128003220534 3.195290816874230444
-19.137023012757470752 4.0813505484507324184
-19.3974717874343483 5.3520071012746539552
-18.468258530252374072 6.2660742890448366538
-17.827905140645409432 7.3315433614665765916
-18.12820974294628229 8.7833368477787949757
-18.377799133921417507 10.280191797141055687
-18.013549811687575186 11.617452171999142152
-17.408582914140495745 12.663053779817591504
-16.803616016593412752 13.70865538763603908
-16.985135648815543163 15.074478660875346492
-17.99940671013450455 16.06103345052711262
-19.305215162856093514 16.795595141054374011
-20.764147793426236177 17.221956652308215041
-22.255805072650801435 17.580184645899908702
-23.769789708942415274 17.880693790935751508
-24.885764744042184304 18.433746817687634234
-25.063447156445157304 19.711037231598929509
-25.414063685601423259 21.067946940546292467
-25.192349340710791239 22.489783596015971767
-24.776664440484342578 23.965359547885064728
-24.505228336670505485 25.480094329711668877
-24.441161325671021842 26.986983854455733223
-24.800163416638426384 28.452620586441586426
-25.556336561143602637 29.606850083370236604
-26.617898680131830247 30.273026549726289147
-27.628555138727115548 30.825530999538269583
-29.013506796033009749 30.870145378033935657
-30.480035879085630057 31.107122459103607071
-30.200853672073776579 31.917838986445342897
-31.19081098847008704 31.171947037123075575
-32.1807683048663975 30.426055087800808252
-33.170725621262711513 29.68016313847854093
-34.160682937659018421 28.934271189156273607
-35.150640254055332434 28.188379239834006285
-36.140597570451646448 27.442487290511742515
-37.130554886847953355 26.69659534118947164
-38.120512203244267369 25.95070339186720787
-39.110469519640574276 25.204811442544936995
-40.10042683603688829 24.458919493222673225
-41.090384152433202303 23.71302754390040235
-42.080341468829509211 22.96713559457813858
-43.070298785225823224 22.221243645255867705
-44.060256101622130132 21.475351695933603935
-45.050213418018444145 20.72945974661133306
-46.040170734414758158 19.98356779728906929
-47.030128050811065066 19.237675847966801967
-48.020085367207379079 18.491783898644534645
-49.010042683603685987 17.745891949322267322
