-50 0
-48.772195585911589433 -1.6024224202335908274
-47.544391171823185971 -3.2048448404671816547
-46.316586757734782509 -4.8072672607007724821
-45.088782343646371942 -6.4096896809343633095
-43.860977929557961374 -8.0121121011679541368
-42.633173515469557913 -9.6145345214015449642
-41.405369101381154451 -11.216956941635135792
-40.177564687292743884 -12.819379361868726619
-38.046529259166831594 -12.361293951102839017
-35.915493831040919304 -11.903208540336951415
-34.050024075552705938 -11.518937097329098762
-32.184554320064492572 -11.134665654321247885
-30.319084564576272101 -10.750394211313393455
-28.45361480908806584 -10.366122768305540802
-26.588145053599845369 -9.9818513252976899253
-24.72267529811162845 -9.597579882289837272
-22.869589126605756491 -9.2427436599497223568
-22.010889585195556606 -9.7495536715305437525
-23.04975739473073304 -11.14457104753144101
-24.314680386600784345 -12.56801343780247926
-25.579603378470824993 -13.991455828073517509
-26.844526370340872745 -15.414898218344559311
-28.109449362210920498 -16.838340608615599336
-29.374372354080964698 -18.261782998886634033
-30.639295345951005345 -19.685225389157675835
-31.904218337821049545 -21.108667779428717637
-33.168737549045921753 -22.532080182592508777
-33.685861841025733554 -23.761950633664291388
-32.377355864448105649 -24.798414717270311769
-30.973524336207326257 -25.730293602048135426
-29.963958600199170235 -25.099855506670841976
-28.865032357567017129 -23.540374397658432315
-27.766168943538307445 -21.980488543985892136
-26.667305529509601314 -20.420602690313348404
-25.568442115480888077 -18.860716836640804672
-24.412887010085519535 -17.342530099616517703
-23.250731025295259258 -16.429065290090516527
-22.92956404075773591 -17.713725418536611755
-22.601542065807414872 -18.597781941728264599
-21.675408328351338128 -17.500742043338537002
-20.487767215262394416 -17.479631544935202214
-19.169237787948400609 -17.54482737826982941
-17.673915677787686462 -17.652791962560876016
-15.830788331582706263 -17.918163214542360606
-14.309485783412041471 -19.01683057673924182
-13.02441977996760869 -20.432902544760331409
-11.742681795041375992 -21.853425545712504174
-10.460943810115143293 -23.273948546664659176
-9.1792058251889105946 -24.694471547616831941
-8.6088649119136952947 -24.604683659557181841
-7.3892094503692629104 -23.610693937390369257
-6.1278358088126800851 -22.394994536251839889
-5.3977642888358037254 -21.374566190311515612
-5.775332158117931769 -19.701487907682615486
-4.5933868580128507375 -19.183528233290616072
-3.3933924465866383002 -18.769960581203584127
-2.9261255527825218437 -17.816455666098423904
-3.2434021438052806907 -16.212154263766748841
-2.0637220427168938564 -15.043555125125525507
-1.8862828210762019321 -13.437997967219006412
-1.4946676633686672986 -11.532181892607045626
-1.1030525056611328871 -9.6263658179950848393
-0.7114373479535981426 -7.7205497433831231646
-1.2442094135860441995 -6.1277505274654870959
-2.4129409090413185268 -4.9079268090697203419
-1.9245437308214412564 -3.4006336881888628021
-1.7940664252795599509 -1.8763737721394484481
-2.5730676642678678157 -0.24322961767547482403
-3.4104435612028276559 1.4044394965077255932
-4.7775699226757781801 2.6502880116141658284
-5.4551525569816048389 4.3560654144702715129
-6.601204849256118834 5.6440530760538365485
-7.2627955314204744042 6.2657384760339045471
-8.6059971478847305804 4.9854156723535911766
-9.9626205979905826382 3.6451715872491048387
-11.31924404809643292 2.3049275021446189449
-12.675867498202279648 0.96468341704013205185
-14.032490948308126377 -0.37556066806435439709
-15.380207073275872887 -1.6759144671531398529
-16.50752036573849324 -1.964008363885647368
-17.776216427371469564 -2.6294692747969672375
-18.943327220889841556 -2.8277178780341194475
-19.64815274946402468 -2.4977276833556718572
-20.3705821983057902 -1.980492155329274695
-20.863870850601962559 -2.0857923427384568171
-21.260909320930188926 -3.8946513576731778272
-21.872678432425068706 -4.1443753947213508582
-23.168047131564289742 -2.8775854857646043783
-24.62757217673020449 -1.5921913397350848651
-25.90006066962140352 -0.1590982538095470078
-27.135094834448551637 1.2991300271184518245
-28.370128999275696202 2.7573583080464501016
-29.605163164102847873 4.2155865889744488229
-30.848751627945851794 5.9924011528920644309
-32.092340091788855716 7.7692157168096791509
-33.883106082609970144 6.9922941451287110581
-35.673872073431084573 6.2153725734477429654
-37.464638064252199001 5.4384510017667757609
-39.25540405507331343 4.6615294300858076681
-41.046170045894427858 3.8846078584048391313
-42.836936036715542286 3.1076862867238714827
-44.627702027536656715 2.3307647150429042782
-46.418468018357771143 1.5538431433619361854
-48.209234009178885572 0.77692157168096720454
