-50 26
-50.677779328926085611 24.816632183286778002
-51.355558657852171223 23.633264366573552451
-52.033337986778256834 22.449896549860330452
-52.71111731570433534 21.266528733147108454
-53.388896644630420951 20.083160916433882903
-54.066675973556506563 18.899793099720660905
-54.744455302482592174 17.716425283007438907
-55.422234631408677785 16.533057466294216908
-56.100013960334763397 15.349689649580991357
-56.777793289260849008 14.166321832867767583
-57.455572618186934619 12.982954016154543808
-58.133351947113013125 11.799586199441323586
-58.811131276039098736 10.616218382728099812
-59.488910604965184348 9.4328505660148742606
-60.166689933891269959 8.2494827493016522624
-59.103396176255124317 7.353046915525146332
-57.97264237499237538 6.5274289480236724614
-56.810167038065230827 5.7964623542088453689
-55.641982943102902937 5.1676249046227269446
-54.304996113680239489 5.1257192763414423098
-53.000682937248711823 5.3986788293304508457
-52.191971501746309059 4.8002074057176900013
-51.715828261819311251 3.7088589832564196058
-51.044395277537873312 3.5491056779631762197
-50.284664833797911854 3.3975024760929315448
-49.3595830006365901 3.2775866393132870868
-48.199009745231350621 3.3954542118530044448
-46.969647746932182031 3.0841294026964334307
-45.73613016488882721 3.1934461159683782405
-44.47490282871622469 3.5266620528303360693
-43.204846453390416627 3.3999114548150863868
-41.998738507237575845 3.6558523578161405965
-40.707046104958749311 4.0181774013187627759
-39.391090840654769067 4.4865668404258940427
-38.107832463906994747 5.047201926558919638
-36.882521827047135332 5.6874170340510445953
-35.763242833503490203 6.3718880573132423706
-34.723795901686870025 7.1037196704060825425
-33.696067592101229593 7.9318038302299527231
-32.714065294271847506 8.8368261630414526309
-31.907226861267449891 9.6796209588985817618
-31.565829305141260619 10.467420964244853465
-31.938877679260425424 11.76820357659086369
-31.495905371512019855 12.466048328840541259
-30.172281965133851855 12.513201375968112217
-29.509006600152595468 12.948935577483156933
-29.134396769493903889 13.615134983857945628
-29.409337328049709015 14.743672811776207254
-29.043055723498092391 16.028036578848489313
-28.676774118946479319 17.312400345920774924
-28.310492514394862695 18.596764112993056983
-27.944210909843249624 19.881127880065339042
-27.577929305291633 21.165491647137621101
-27.211647700740019928 22.449855414209906712
-26.845366096188403304 23.734219181282188771
-26.960953608883652777 25.033380092826536867
-27.833010582601435345 25.989588974198824189
-28.622208185293235516 26.887893192357726235
-28.239845790557193794 28.001567123787292957
-27.698184525609256923 29.163477381789839171
-28.091888642375856477 30.281594791108339848
-28.732273521055134324 31.494839204833574797
-29.268483319385747876 32.767035812204163392
-30.228975248033556511 33.719271453416503448
-31.487935549459841411 34.123279411954413831
-32.803553565991201424 33.817456913455920642
-34.129413728623099189 33.363914679102677496
-35.454495862332372269 32.95313052287022515
-36.77240724345109868 32.983161713666454773
-38.104993881389745525 33.049545790843147586
-39.428678613020167631 32.771998369960606112
-40.524025600053754204 33.079487007537906607
-41.592386810524217822 32.862051188130919854
-42.771902755774725335 32.089788416229716006
-43.880689607613817316 31.895906445634601312
-44.586304217372862979 32.613702744050947047
-45.410749959555666067 32.414032033847306025
-46.158782234162423208 32.708965680402350529
-46.724817672830106119 33.460464165512874501
-47.258849537024673282 32.6831547709341379
-47.76574025314124583 31.329141283913802596
-48.327218115680523169 30.489870339504985708
-49.152073975991065424 31.111496835210605383
-50.277495911370529313 31.882556058115941511
-51.502070483083166152 32.556770535024831759
-52.542999954819954667 32.954586118669958239
-53.303899339695441029 32.458319122998894102
-54.258328755702187607 32.872084528969814698
-55.330124282820825954 33.780594309758704696
-56.402507063388817699 34.691577230036251933
-57.474889843956802338 35.602560150313777854
-58.618403641747335087 36.937613464023087317
-59.761917439537867835 38.272666777732389676
-58.874470399579877267 37.156969797938536715
-57.987023359621893803 36.041272818144683754
-57.099576319663903234 34.925575838350830793
-56.212129279705912666 33.809878858556977832
-55.324682239747929202 32.694181878763117766
-54.437235199789938633 31.578484898969268357
-53.549788159831948064 30.462787919175411844
-52.662341119873964601 29.347090939381558883
-51.774894079915974032 28.231393959587705922
-50.887447039957990569 27.115696979793852961
