70 0
70.799913387915466956 1.1054369626928610693
71.599826775830919701 2.2108739253857221385
72.399740163746386656 3.3163108880785832078
73.199653551661839401 4.421747850771444277
73.999566939577306357 5.5271848134643057904
74.799480327492773313 6.6326217761571664155
75.599393715408226058 7.7380587388500279289
76.399307103323693013 8.8434957015428885541
77.199220491239145758 9.9489326642357500674
77.999133879154612714 11.054369626928611581
78.79904726707007967 12.159806589621473094
79.598960654985532415 13.265243552314332831
80.39887404290099937 14.370680515007194344
81.198787430816452115 15.476117477700055858
81.998700818731919071 16.581554440392917371
80.548990412590555366 15.777679994029341515
79.09928000644919166 14.973805547665763882
77.463713813787720142 14.933464824371668556
75.940977185700972996 15.013676752293953598
75.229331362778779635 16.115800080937269456
74.954298248541832095 17.732030697343201808
74.550680182696979159 19.315257239195833705
74.362634433917520482 20.885858174687243149
74.607919095533461018 22.478879163973562783
74.844347272946691874 24.004492117312178578
74.181224114826363802 24.387696031033243571
73.06307840710326218 24.788938627244814228
71.46740246339849989 24.438676666123352987
70.097846323728106199 24.558451239770899832
69.263739383190880972 25.77759360786398446
68.248810782418786403 26.529715701046210796
66.826620922457109941 26.415059900249641345
65.606082847168650574 26.852534939152867821
64.547166365677412614 26.882675955078429553
63.52064505247962245 26.858339287905735659
62.470757213103198069 25.902641704503157172
61.422800812947997429 24.673858377888564064
60.183475106389295206 24.345105979117619199
58.71804645380365173 24.847269610594604927
57.145714046051921287 24.80326307029479338
55.575743118766098405 24.777373673050050229
54.475907716797216551 24.184785485519576298
53.459593339305875759 23.479526001535774071
53.363073593391604277 21.928368806063410545
53.797414430780087002 20.38536003046886691
54.254252700228313699 18.844989965549316935
54.151212218509698459 17.348533996439641669
53.501353787307849075 15.901144301254298341
52.470207292651863895 15.148867534151518655
50.88473934881436378 15.186428673859145633
49.261397115462870033 15.153205500684533646
47.651005002162456492 14.968506137520137145
46.409614863769249382 14.267775495285695442
46.042856612571831931 12.864009955305267141
46.635253600624800185 11.468507611673874891
46.701233355271611458 10.145818575888400304
45.757212554815161809 8.8670307035034792165
45.003217701571287535 7.521839846531682916
45.557859785324133384 6.7601823327180152745
47.111719757329822755 6.498247921512214198
48.70696482959623097 6.2570138340641481278
50.302209901862617869 6.0157797466160829458
51.895394821268183705 5.7634784307035555884
53.450512090925414554 5.3069897016621352392
54.951057504579253532 4.5797962463600274674
56.419210268154053267 3.9272132953674523392
56.876808442374645836 3.1332245960820479525
56.667482959084466643 2.091928363078551012
57.07383339222930374 1.1483239809841734314
56.48816969530467702 -0.27436978125830624453
55.598035198831603054 -1.6236904909533445007
54.66219004800016279 -2.9357106526475731378
53.726344897168729631 -4.2477308143418008868
52.681783984641697316 -5.3261062210012619644
51.637223072114665001 -6.4044816276607221539
50.592662159587632686 -7.4828570343201832316
51.88648468228178956 -6.9839998986988378604
53.180307204975946433 -6.4851427630774924893
54.474129727670103307 -5.98628562745614623
55.767952250364260181 -5.4874284918348008588
57.061774773058424159 -4.9885713562134554877
58.355597295752581033 -4.4897142205921101166
59.649419818446737906 -3.9908570849707643013
60.94324234114089478 -3.4919999493494189302
62.237064863835051653 -2.9931428137280740032
63.530887386529208527 -2.4942856781067277439
64.824709909223372506 -1.9954285424853814845
66.118532431917529379 -1.4965714068640370016
67.412354954611686253 -0.99771427124269163045
68.706177477305843126 -0.49885713562134537113
