-50 17
-49.947643525278706989 15.753461796218926949
-49.895287050557413977 14.506923592437853898
-49.842930575836120966 13.260385388656782624
-49.790574101114827954 12.013847184875707796
-49.738217626393542048 10.767308981094636522
-49.685861151672249036 9.5207707773135652474
-49.633504676950956025 8.2742325735324904201
-49.581148202229663013 7.0276943697514173692
-49.528791727508370002 5.7811561659703460947
-49.47643525278707699 4.5346179621892730438
-49.424078778065783979 3.2880797584081999929
-49.371722303344490967 2.0415415546271287184
-49.319365828623205061 0.79500335084605566749
-49.26700935390191205 -0.45153485293501915976
-49.214652879180619038 -1.6980730567160904343
-49.162296404459326027 -2.9446112604971652615
-49.109939929738033015 -4.1911494642782365361
-48.738108683721435455 -3.1982316010411993012
-47.682705388040680816 -3.4913743819577094385
-47.184845457768432198 -4.8031340897789931432
-46.460793319169219728 -4.9792806635886499578
-45.658765644437764308 -5.1414877871479305327
-44.663732796966755245 -5.2498509466744733842
-43.413335117465955193 -5.2032271134213505803
-42.095549649086613897 -5.4613866764974225987
-40.769618284334733005 -5.2123594085924587205
-39.401293347543465018 -5.0877630626250631707
-38.081503265311141604 -5.0543491445269452811
-36.752820894937990204 -4.7344486858260879103
-35.352431634388921111 -4.2631923789723087381
-33.951830748631650181 -3.7281116713675714891
-32.611024489423584782 -3.0692285472544149627
-31.377227046034079194 -2.3465539376776121117
-30.251824967790028609 -1.5771114941789434738
-29.149600172485669702 -0.70579219207920118606
-28.092556294094173097 0.25908855056794521943
-27.23085505379643223 1.1584486451312230315
-26.956644330721346137 2.0671513282909463882
-27.288077154746321895 3.4104094035046590427
-26.544769492215063877 3.9595685517978198575
-25.104456910477694009 3.9892533273732517785
-24.710087710702413943 4.6526827992443440252
-24.478368433768981305 5.520207554774501979
-24.800214570265342928 6.809383582496399967
-23.929666703445938936 7.7403027101899812834
-23.213753673195824945 8.7755049227239432241
-23.486647423031836723 10.214140382596669454
-23.756019449943089228 11.713490149630924719
-23.447753617713978258 13.067239656763350197
-22.817363097255743298 14.153161500602379874
-22.186972576797508339 15.239083344441409551
-22.426796691306456921 16.484547537291160069
-23.657979430447014124 17.023291780877119805
-25.14509378110978588 17.379587442268928044
-26.302326393782209379 17.835232333763983092
-25.930910595588706258 18.751254461183872735
-25.008085328503554479 19.886136921362542296
-24.901578335295599942 21.203277773649741533
-25.074746134139527243 22.673862239693402643
-25.054170056089073881 24.125973092312779755
-25.833173848366683956 25.251768404744815655
-26.647293158802764168 26.440384146838336932
-27.134545541059324592 27.810999319782581551
-28.10087857077122564 28.826294680571869833
-29.106804408373765369 29.746570763947833171
-30.182506590938761093 30.603162784165512278
-31.299245398883545732 31.374024334755258536
-32.335722959972031276 31.995356216457665255
-33.389775512874734886 32.472993239006406441
-34.85404673147318988 32.077138500674301724
-36.255825157510820134 31.769810777359353438
-37.435049716769817962 32.381269647944108669
-38.603272008203042276 32.75403118307483652
-39.890757255981952767 32.256688906990987675
-41.013355896308873128 32.752964753497913364
-42.015596885290825924 33.531535526225013655
-42.965421124311362178 32.868346704272575209
-43.912472609434068715 31.685097181727726934
-44.917329574159971628 30.609388488835001851
-46.037684065180670245 30.527571194346137418
-46.46043696096955955 32.242396833167234149
-46.883189856758448855 33.957222471988323775
-47.12294448316164619 32.652820743373837331
-47.362699109564843525 31.348419014759350887
-47.60245373596804086 30.044017286144864443
-47.84220836237123109 28.739615557530377998
-48.081962988774428425 27.435213828915891554
-48.32171761517762576 26.13081210030140511
-48.561472241580823095 24.826410371686918666
-48.80122686798402043 23.522008643072432221
-49.040981494387217765 22.217606914457945777
-49.280736120790407995 20.913205185843459333
-49.52049074719360533 19.608803457228972889
-49.760245373596802665 18.304401728614486444
