-50 0
-49.084727287854462929 -1.4189587319723260261
-48.169454575708918753 -2.8379174639446520523
-47.254181863563381683 -4.2568761959169778564
-46.338909151417837506 -5.6758349278893041046
-45.423636439272300436 -7.0947936598616303527
-44.50836372712675626 -8.5137523918339557127
-43.593091014981219189 -9.9327111238062819609
-42.677818302835682118 -11.351669855778608209
-41.762545590690137942 -12.770628587750934457
-40.847272878544600871 -14.189587319723260705
-39.932000166399063801 -15.608546051695585177
-39.016727454253519625 -17.027504783667911425
-38.101454742107975449 -18.446463515640235897
-37.186182029962438378 -19.865422247612563922
-36.489256566969572759 -20.969472410401422735
-35.63537965529288698 -22.135993192738823154
-34.695504558507956006 -23.242125773261754773
-33.636976604107829303 -24.315758156967881121
-32.463586757513148484 -25.336402095813500779
-31.527272078930067778 -25.69139765615326354
-30.458808041519464638 -24.585253237517708413
-29.399751070915556284 -23.378127479136715294
-28.340694100311647929 -22.171001720755718623
-27.281637129707739575 -20.963875962374725503
-26.222580159103834774 -19.756750203993728832
-25.143914918045602747 -18.571594582589430189
-23.861408831610773973 -17.611792844955491688
-22.621954283686662279 -16.645696833785716962
-21.987321718497213396 -16.681676259050348676
-21.93642313396334842 -18.139254359802052363
-21.63731903023862202 -18.56068312809322407
-20.89346878644289518 -17.503551784357632926
-20.008541590934456167 -17.489140222956098825
-19.015618926597273486 -17.40921802540511365
-17.944802033845217437 -17.738775373055165829
-16.573247256642396508 -17.657707520086056263
-15.120787377324100831 -18.255372326050103737
-13.998472243390844838 -19.372032115560834598
-12.948971545615680867 -20.58948526046722094
-11.899470847840502685 -21.806938405373600176
-10.849970150065335162 -23.024391550279993623
-9.8004694522901658615 -24.24184469518637286
-8.7509687545149965615 -25.459297840092762755
-8.1689423905316758123 -25.920571852806411073
-7.4466058890708257678 -25.369581910564235727
-6.3094841316312777479 -24.388417547370103478
-5.2931931277090917831 -23.372118405177534584
-4.6902797446245410029 -22.554192019968244409
-5.1097974852147460822 -21.070943758708782667
-4.507734482696856837 -20.344197936621462475
-2.9584811906942789506 -20.317709229776284019
-2.5349753780592862995 -19.609373134628150126
-2.3784348896345433033 -18.627929863458771109
-2.5678244361349169544 -17.299233455339745547
-1.5102030980979348485 -16.340458498411372545
-1.1383541491376947263 -14.504595964081474335
-0.76650520017745449319 -12.668733429751576125
-0.39465625121721426005 -10.832870895421676138
-0.022807302256974037319 -8.9970083610917779282
-0.28052977544769314155 -7.569181049414149598
-1.3858506284317688717 -6.535824955203461073
-1.7269150408286373377 -5.4063265455602138587
-0.97224614381015084241 -4.0666612145123188782
-1.1778763518901271823 -2.8052125703179005001
-1.8700573783779161907 -1.4235438858137545726
-2.5088127182101942481 0.013321053560793959247
-3.6440324474662655341 1.0800304255810726506
-4.5246844997599104943 2.3013660090209482334
-5.1275947153787839738 3.697326773142705747
-6.1727860708256017119 4.7653636396529677199
-7.2522252312511792383 5.7175577050899395459
-8.3539001691150360784 6.0289667458944826706
-9.4708675522724501405 4.9696687108030133118
-10.536037894459674646 3.7621902008005738693
-11.601208236646900929 2.5547116907981357592
-12.666378578834130764 1.347233180795697649
-13.731548921021357046 0.13975467079325892827
-14.80637469559268915 -1.0587666739378118752
-15.972894400840866425 -2.1724201366055688744
-17.247158460928275758 -3.0395049528625888158
-18.120919917286705925 -2.6113196172728745381
-18.828689052312064689 -2.5302913419863877209
-19.530302171339300799 -2.1759213198854010507
-20.027568802840558959 -1.638473444185324368
-20.472685026411205911 -2.8942818247736359361
-20.868591249722523884 -4.285394680289638103
-21.560261408927889448 -4.0716809772371416187
-22.761619489244989012 -3.0188914800816921691
-24.096189936319287739 -2.0356528001915616954
-25.260307692535910462 -0.89814729442297414064
-26.334754414455986193 0.30575819280767729813
-27.40549931237883996 1.5123995915297392401
-28.476244210301707938 2.7190409902518011265
-29.546989108224565257 3.9256823889738630129
-30.491964874232039051 5.2698213107905678143
-31.436940640239512845 6.6139602326072726157
-32.983862253552885591 6.0627968798899996017
-34.530783866866258336 5.5116335271727274758
-36.077705480179631081 4.9604701744554544618
-37.624627093493010932 4.4093068217381823359
-39.171548706806383677 3.8581434690209093219
-40.718470320119756423 3.3069801163036363079
-42.265391933433129168 2.7558167635863632938
-43.812313546746501913 2.204653410869091168
-45.359235160059874659 1.6534900581518181539
-46.906156773373254509 1.1023267054345460281
-48.453078386686627255 0.55116335271727212586
