70 0
70.863551444066374074 1.0745535154703877989
71.727102888132748149 2.1491070309407755978
72.590654332199136434 3.2236605464111631747
73.454205776265510508 4.2982140618815511957
74.317757220331884582 5.3727675773519383284
75.181308664398258657 6.4473210928223263494
76.044860108464632731 7.5218746082927152585
76.908411552531021016 8.5964281237631023913
77.77196299659739509 9.6709816392334904123
78.635514440663769165 10.745535154703876657
79.499065884730143239 11.820088670174266454
80.362617328796517313 12.894642185644652699
81.226168772862905598 13.96919570111504072
82.089720216929279673 15.043749216585430517
82.953271660995653747 16.118302732055816762
82.541591271942522212 15.845428143031137225
81.049077527888201189 16.087809111195987555
79.478019348884373585 15.693215081062920291
77.936845748563186476 15.382888760651239224
76.615506416653005317 15.966380746396986012
75.2471032405616711 16.628942788655148632
74.640743761374309884 17.778129985480166653
74.558595257857945171 19.384752443094619423
74.404133534812245898 20.98917728927845161
74.054796670367167621 22.428740771696148215
72.835104376934467041 23.05871393708627437
71.580514989067594911 23.910194574254017397
70.456561038682139042 24.628252145563376274
69.122692292801389158 24.714565154507088351
67.816420489370173641 24.952924197645788951
66.704692185889214784 25.064153967846838356
65.690571955336963583 25.05983330258414199
64.634206304460434467 24.561818668972694724
63.597168755014635622 23.293163604813738488
62.461067463852096182 22.474692313616550621
61.055919843873979858 22.874636198228795791
59.519481968197631261 23.054013624892387924
57.919412398696543676 22.963447645731740465
56.648009756698257888 22.594885591665629931
55.593425580809437747 21.972360222082105707
54.944287192863683345 20.678620595779058533
54.664109859938633917 19.06956639094106265
54.199767693803053703 17.50843689750104204
53.489555953930171484 16.019486559608814957
52.581939698775258307 14.954669124480513887
51.076959492055252099 14.868538081744373969
49.553078498009796249 14.811796727180579936
48.635681075888328451 13.772237272013221343
48.013463498344300717 12.250016855244219016
47.876039286885692547 10.782679253816031206
48.520905865303163296 9.3991705603286934689
48.339685104123063297 8.0968551301698052924
48.001409040522261762 7.0919652756982198838
49.268569683555334393 6.6274414738293714322
50.844917182724230997 6.2633334489844756376
52.42126468189309918 5.8992254241395798431
53.997612181061946046 5.5351173992946840485
55.401277479348884469 5.084848672620990051
55.735753428979599278 3.9719621663708619685
56.32647247990630035 2.5360310679606730133
57.243025474798379548 1.3826433225170522423
56.819958820699483226 0.24412800013728808146
55.725022205480669868 -0.9591750558887915945
54.597886027547694709 -2.1194652181433126792
53.460766124980366953 -3.2636233941710264261
52.323610819134231065 -4.4077243645738217737
51.186455513288066754 -5.5518253349766171212
50.279028413089186245 -6.7485639599572468939
50.926984416868563699 -7.7453921453178651291
51.900762621351319126 -8.8294749178594429395
53.014526748960072666 -9.8964403688871840359
54.247972238194492434 -10.905205294786927794
55.547264680130219006 -11.805873191883282658
56.654102393624974354 -12.45265823877335265
58.110197935146970849 -11.854549147648363316
59.467756385752466031 -11.003612075302084961
60.709090033258995334 -9.9524016468701610449
61.678223097592244528 -9.7002435977582361915
62.127193977624528998 -11.04914978181847296
61.708364470992947304 -12.673598307647228722
61.28953496436136561 -14.298046833475986261
62.015407050664585142 -13.106542930686320148
62.741279136967804675 -11.91503902789665581
63.467151223271024207 -10.723535125106989696
64.19302330957424374 -9.5320312223173253585
64.918895395877456167 -8.3405273195276592446
65.644767482180682805 -7.1490234167379931307
66.370639568483909443 -5.9575195139483270168
67.09651165478712187 -4.7660156111586626793
67.822383741090334297 -3.5745117083689965654
68.548255827393560935 -2.3830078055793322278
69.274127913696787573 -1.1915039027896643375
