-50 0
-48.961479689469754817 -1.5961439471660350264
-47.922959378939502528 -3.1922878943320700529
-46.88443906840925024 -4.7884318414981050793
-45.845918757879005057 -6.3845757886641401058
-44.807398447348759873 -7.9807197358301751322
-43.768878136818507585 -9.5768636829962101586
-42.730357826288255296 -11.173007630162246073
-41.691837515758010113 -12.769151577328280212
-38.46104995129311277 -12.076438120768148821
-36.694757235798562078 -11.712714590826962535
-34.928464520304018492 -11.348991060885779802
-33.162171804809474907 -10.98526753094459707
-31.395879089314941979 -10.621544001003409008
-29.629586373820391287 -10.257820471062224499
-27.863293658325851254 -9.8940969411210417661
-26.097000942831311221 -9.530373411179857257
-24.342841637582594672 -9.197324185759249815
-23.49951111791216718 -9.6698913533636652318
-24.454973063529635624 -10.985933097149398918
-25.65405928582017836 -12.335122173946835744
-26.853145508110717543 -13.684311250744258359
-28.052231730401260279 -15.033500327541693409
-29.251317952691799462 -16.3826894043391178
-30.450404174982352856 -17.731878481136540415
-31.649490397272884934 -19.081067557933984347
-32.848576619563431223 -20.430256634731406962
-34.047662841853970406 -21.779445711528836682
-35.176404151075935545 -23.123394217542518447
-34.771735038516077054 -24.079323734902985166
-33.357525400630748891 -25.131721521148612908
-31.8648993657124322 -26.050628888411210937
-30.283693171997487781 -26.605118829107240686
-28.555859742054597206 -26.17575216481427347
-27.333276996040964946 -25.03313070051801148
-26.506212337648641153 -23.426513823171546846
-25.691842948404264746 -21.805003703679030735
-24.875919579346550847 -20.184259156081381548
-24.011582339199410541 -18.587365818589084654
-23.050068139115737154 -17.420950517014588854
-21.897956662160559915 -17.47505985722053623
-20.639214969786760179 -17.558405831998602054
-19.220258844419063848 -17.655460621904008889
-17.445464042664671211 -17.834344276679484409
-15.670471195911378715 -18.421300219569108236
-14.095701561244485589 -19.301329542173597531
-12.684383650137089461 -20.43890017566686268
-11.281859976954891067 -21.59036969886025048
-9.8793363037727015552 -22.741839222053631175
-8.7733468505753613442 -23.456829428201881882
-7.9610727979410338406 -22.685223154514751798
-7.0467813228725884045 -21.7028127413130143
-7.2379267385276806479 -20.247263204088611133
-6.8523995977029734661 -19.214074846447680045
-5.1640187103295511761 -19.144247935118599457
-4.6828167756293588297 -18.342326120690000124
-4.7188799533970140487 -17.097166711603918543
-4.4476699666579779802 -15.748455721698604748
-3.891457639487421627 -13.74347737838369099
-3.3352453123168652738 -11.738499035068777232
-2.7790329851463089206 -9.7335206917538634741
-2.2228206579757525674 -7.7285423484389497162
-2.6579867454814594119 -6.1880498161835699733
-3.8500354759300869922 -5.0404527198659803133
-3.6189768137156241856 -3.6565198775804828024
-3.1821251790144877702 -2.1934766522916744336
-3.8367730582159893515 -0.68795303246756134286
-4.5764497140244699835 0.92737625612792617957
-5.7885012835846048063 2.1389515829663445778
-7.3657468570395252527 2.2091238413673037755
-8.9351242896114015934 1.3426565280308708772
-10.50374374705656777 0.42557354767162269837
-12.072363204501735723 -0.49150943268762542493
-13.640982661946901899 -1.4085924130468741033
-15.214896233320736485 -1.9903830295789808336
-16.817796109993619069 -2.091074309381835139
-18.060456408361019953 -1.9709796510724091334
-19.26856392413090191 -2.6018183358781907799
-20.412135059505352785 -2.897188634038448285
-21.056675245976222755 -2.4532013931606910795
-21.780359082105373858 -2.2000282681958274189
-22.26476655510983349 -1.7802950696412263021
-22.663922259016345606 -3.3873852075047232724
-23.092058136517525924 -4.4029263551642543462
-23.890407009881464262 -3.2051572925720721585
-24.701682913392566832 -1.5976265260559701087
-25.500821305256195615 0.01552832334155758269
-26.299959697119831503 1.6286831727390846947
-27.099098088983453181 3.2418380221366125404
-27.898236480847085517 4.8549928715341401642
-28.697374872710710747 6.4681477209316664556
-29.502181745322388906 8.0738053383472614399
-30.659244207277637884 9.2135635397426618454
-30.777597552461600117 9.4606002657860521765
-32.379464423089800107 8.6722169103038808657
-33.981331293718000097 7.8838335548217104432
-35.583198164346200087 7.0954501993395391324
-37.185065034974400078 6.3070668438573687098
-38.786931905602600068 5.518683488375197399
-40.388798776230800058 4.7303001328930260883
-41.990665646859000049 3.9419167774108556657
-43.592532517487200039 3.1535334219286843549
-45.194399388115400029 2.3651500664465130441
-46.796266258743600019 1.5767667109643417334
-48.39813312937180001 0.78838335548217131077
