-50 17
-49.796029859467132894 15.709020647098579815
-49.592059718934258683 14.418041294197157853
-49.388089578401391577 13.127061941295735892
-49.184119437868517366 11.836082588394315707
-48.98014929733565026 10.545103235492895521
-48.776179156802783154 9.25412388259147356
-48.572209016269908943 7.9631445296900533748
-48.368238875737041838 6.6721651767886314133
-48.164268735204167626 5.3811858238872094518
-47.960298594671300521 4.0902064709857910429
-47.756328454138426309 2.7992271180843690814
-47.552358313605559204 1.5082477651829471199
-47.348388173072692098 0.21726841228152693475
-47.144418032539817887 -1.0737109406198932504
-46.940447892006950781 -2.3646902935213134356
-46.73647775147407657 -3.6556696464227371735
-46.532507610941209464 -4.9466489993241573586
-46.21843531874535671 -3.921128921032400072
-45.714661754177171815 -5.1782290729332061119
-44.992340839848651513 -5.3520171967219667408
-44.178291983057405901 -5.5143072732342552911
-43.163574112130874028 -5.5708576625726440312
-41.906406796764926526 -5.601358427072026025
-40.588061029838414129 -5.8231752821449553892
-39.260308741759210704 -5.5382360588336148055
-37.887716188321753918 -5.4735659982304749605
-36.57601678610195961 -5.3986368922079819299
-35.240157599747348627 -5.0705226352181291816
-33.837406986247920315 -4.5940079636106831984
-32.440429898409661291 -4.0491031012582681115
-31.104688862440138308 -3.3844718236610802364
-29.879507751625965284 -2.6589975324813117652
-28.758192787191209305 -1.8847756111542501856
-27.656824869724975002 -1.0057358585481495084
-26.605869673236458794 -0.037266362222528215398
-25.771184765063665623 0.84058450758520386614
-25.604366720605458596 1.7931715650981965293
-25.964297215079888304 3.128170047941424059
-25.230906377818598685 3.6563166224576799657
-23.750496324623153299 3.6330323734429708082
-23.314427789033764782 4.2478810202047636579
-23.016063498119471831 5.0660158047375407619
-23.392891579984755879 6.3717763757393788282
-22.588991368733385201 7.3221956871325550864
-21.801790631907291385 8.3287002814055952626
-22.041203744573898859 9.7520747023670306675
-22.328455925088217526 11.25321441050455995
-22.075638471584003497 12.623177886506345757
-21.421267005688992668 13.750077033167658058
-20.76689553979398184 14.876976179828970359
-21.007017651767565525 16.092147284332863677
-22.23931516679855136 16.517566388677686007
-23.727755154904350832 16.739101149777180666
-25.213846422479889497 16.96147890989634277
-26.138006303193332514 17.385544185470727996
-25.517013032510401871 18.365041592151289507
-24.850664048796780037 19.563757272071754301
-25.03288276936133272 20.981862303637154099
-25.004658427139627719 22.49078766893918413
-25.187633701711668266 23.95682591583435439
-25.58770501612214332 25.40419410352217966
-25.635643586618694911 26.93058471686965305
-26.288990046876744344 28.06970555451702154
-27.282019096457062801 29.029395330568895872
-28.319663841639076907 29.90317019372481866
-29.437101227364827594 30.720208558062854109
-30.512060707640124235 31.401522236338905714
-31.522145836815990805 31.9589043580883434
-32.875300517053830163 32.040636025312466018
-34.393741029410499266 32.193713277327496769
-35.820289446145984869 32.695658664529290149
-37.161602975913133662 32.766212568476682065
-38.441835601602292627 32.241974643897158614
-39.543776254713996821 32.721693541349210932
-40.537037526281054056 33.53093967750699278
-41.500238910325606412 32.944784403497209269
-42.465561175220919665 31.76317348200024071
-43.490318157567330104 30.664329285853192175
-44.625435949874642461 30.489754616546697719
-45.003765701651111897 32.052394682984768792
-45.382095453427581333 33.615034749422832761
-45.737318880086995421 32.336955153313382993
-46.092542306746416614 31.058875557203936779
-46.447765733405830701 29.780795961094487012
-46.802989160065251895 28.502716364985037245
-47.158212586724665982 27.224636768875591031
-47.51343601338408007 25.946557172766141264
-47.868659440043501263 24.668477576656691497
-48.223882866702915351 23.39039798054724173
-48.579106293362329438 22.112318384437795515
-48.934329720021750632 20.834238788328345748
-49.289553146681164719 19.556159192218895981
-49.644776573340585912 18.278079596109449767
6
-25.391690119614068522 3.3143023045503956503
-25.316518492858978817 4.8348347513367473383
-24.924350941721591823 6.4004545595796269453
-24.839111134841388662 8.0050971213066137722
-25.685890472236700077 8.8578813984662367886
-26.751247696754205663 9.743746832087765597
-27.944812497818308117 10.599976637930456747
-29.070207012969078164 11.293839153589420476
-30.680191088894535056 10.42508229562100297
-32.290175164819991949 9.5563254376525872402
-33.900159240745445288 8.6875685796841697339
-35.510143316670898628 7.8188117217157522276
-37.120127392596359073 6.9500548637473356095
-38.730111468521812412 6.0812980057789181032
-40.340095544447265752 5.2125411478105014851
-41.950079620372719091 4.343784289842084867
-43.560063696298172431 3.4750274318736682488
-45.170047772223632876 2.6062705739052507425
-46.780031848149093321 1.7375137159368332362
-48.39001592407454666 0.86875685796841572994
