-50 0
-49.48472060859041477 -1.6897049557693069044
-48.96944121718082954 -3.3794099115386138088
-48.45416182577124431 -5.0691148673079204912
-47.93888243436165908 -6.7588198230772276176
-47.423603042952073849 -8.448524778846534744
-46.908323651542488619 -10.138229734615840982
-46.393044260132903389 -11.827934690385148997
-45.877764868723318159 -13.517639646154455235
-45.530255130186347401 -14.762990840227086409
-44.388469722536839868 -14.609147232800482996
-42.665096961657340557 -14.0606198778038749
-40.941724200777862563 -13.512092522807272132
-39.218351439898341937 -12.963565167810665812
-37.494978679018863943 -12.415037812814063045
-35.771605918139350422 -11.866510457817460278
-34.048233157259858217 -11.317983102820852181
-32.324860396380351801 -10.769455747824249414
-30.601487635500852491 -10.220928392827644871
-28.87911941013231143 -9.6762618691805393212
-27.651140441490120736 -9.7300942201777314011
-28.227427241379068334 -11.031087261809178202
-29.277305031363784593 -12.494876250098240433
-30.327182821348500852 -13.958665238387306218
-31.377060611333224216 -15.422454226676373779
-32.426938401317940475 -16.886243214965439563
-33.476816191302653181 -18.350032203254503571
-34.526693981287372992 -19.813821191543567579
-35.576571771272099909 -21.277610179832631587
-36.626449561256805509 -22.741399168121699148
-37.668207901700341722 -24.204175990136633345
-37.724704899171456418 -25.286708255718714611
-36.344701526473187414 -26.148470789854783902
-34.796953132457048241 -26.806946144964715728
-33.054352642297381237 -26.508887893320306262
-31.901985005451585664 -27.071394078758917345
-31.219685197477527794 -28.19051163853838915
-30.32595392827555969 -28.388413260624265178
-29.200193240720153653 -28.577589758439700063
-27.724768136261651819 -28.53827958891937655
-26.496531586267888514 -28.642291532961664302
-26.040895548798317805 -27.101283440720255413
-25.698364905139179371 -25.312873690415326422
-25.355870319455462436 -23.524447003259101763
-25.027140865888650723 -21.729554673119494623
-24.733973590580646373 -19.917958373386280613
-24.247142987726682861 -18.233517261355238759
-22.851535573192315098 -17.631677454290006324
-21.06505779026560532 -18.076111645880970968
-19.33174827378545757 -18.543569884938719383
-17.540378852262378473 -18.386253897388989742
-15.714834743204887602 -18.357958384720081568
-13.939307907796443686 -18.769887751120684527
-12.168986801523065111 -19.200064798696509172
-10.372626892885399741 -19.332371459273254288
-9.2324627496303115493 -18.943794521795773278
-8.7475088440384389799 -18.074604995272110841
-9.1331734949760416953 -16.542911642621916712
-8.1066952004150216737 -15.416486920065786137
-7.6201236369848244223 -14.025092145095170437
-7.258936061534813966 -11.990019754734824176
-6.8977484860848043979 -9.9549473643744779139
-6.5365609106347939417 -7.9198749740141316522
-6.9717269426535501964 -6.3793821816010005676
-8.163775549493401229 -5.2317850678127673092
-7.9327169357420519447 -3.8478522236756003139
-7.4958668578920359948 -2.3848094844619573962
-8.2879353451097799166 -1.118787329796708363
-9.8989231342355683552 -1.0867568700349936606
-11.667918527775634985 -1.5101028151364028762
-13.437327824667145038 -1.9346416257384362325
-15.212818904089765226 -2.3499642768929835945
-17.022892739266907824 -2.7092583766221745023
-18.72991948247027949 -2.6117743525218619638
-20.268696428094390427 -2.015510635379806903
-21.755080555055062774 -2.0992800758778020764
-22.896992110307145651 -2.1499660629125920686
-24.21840626441891331 -3.0241420999913639633
-24.808178731000818829 -2.1397776587219090594
-24.895681400651685777 -0.34840535654964938095
-24.960441255773748281 1.4534721896516245021
-25.026575841694874924 3.2552203061698263831
-25.18331719755876108 5.0488495983449110938
-25.469221395681476139 6.8309052473074709511
-25.76593641408105384 8.6119921921556663591
-26.062651432480624436 10.393079137003860879
-26.412052887763010744 11.232386773305719885
-27.242842370573377764 11.216702839501493827
-28.422318553621568782 10.331180607195760146
-29.606427156526812894 8.9743600845787163678
-31.040332596777286511 8.789753990279452367
-32.722613123863801832 9.233076017012045611
-34.513248503301632297 9.1212912518166842091
-36.017010970202726128 8.7958183751515690574
-37.570676417957976412 7.818505222356950668
-39.124341865713233801 6.8411920695623313904
-40.678007313468484085 5.8638789167677121128
-42.231672761223734369 4.8865657639730937234
-43.785338208978984653 3.909252611178475334
-45.339003656734242043 2.9319394583838560564
-46.892669104489499432 1.954626305589237667
-48.446334552244749716 0.97731315279461838941
