-50 26
-50.91760029121344644 24.892703184958545393
-51.835200582426885774 23.785406369917087233
-52.752800873640332213 22.678109554875632625
-53.670401164853778653 21.570812739834174465
-54.588001456067225092 20.463515924792719858
-55.505601747280664426 19.35621910975126525
-56.423202038494110866 18.24892229470980709
-57.340802329707557305 17.141625479668352483
-58.258402620921003745 16.034328664626897876
-59.176002912134443079 14.927031849585441492
-60.093603203347889519 13.819735034543985108
-61.011203494561328853 12.712438219502530501
-61.928803785774775292 11.605141404461074117
-62.846404076988221732 10.497844589419617733
-61.982158129367483923 9.5530790149641706677
-61.006935538407532249 8.6185577313694547996
-59.938024913558514584 7.7264172028506941103
-58.803257088909305139 6.9065263129111293949
-57.640718526031378133 6.1834262160322772672
-56.471757986700843901 5.5612750259707510736
-55.120445405625638102 5.5814061683986437856
-53.834171964290312928 5.831638528811406097
-53.069841015954970942 5.151357418348560202
-52.580101232112774312 4.1312424901375770503
-51.908756854086398391 3.9732982167303703136
-51.137130848372478908 3.8215681139331785232
-50.193136110755354196 3.7562012687564498847
-49.025984566376685336 3.7980580590012316122
-47.795542955267983132 3.5182702781611538967
-46.560927709579587486 3.6699188688390358415
-45.295943474317333255 3.9539757330598583884
-44.033244457468860844 3.8503204403162811786
-42.822822841751801093 4.1128235558221533097
-41.526133243263203099 4.4832385194664148287
-40.21160227409204424 4.9585026529657838523
-38.931142279227323399 5.5255566030125216059
-37.712167030781365895 6.1701017507140214491
-36.600731404671257962 6.8569514121388088768
-35.563594485300995984 7.59428662605147764
-34.537172976705818428 8.4292999144957665436
-33.561025527093505616 9.3374983137413831713
-32.775190273547245567 10.165012721350745295
-32.510098265908510484 10.99836324895702333
-32.860946035457935466 12.282741512158770192
-32.331142001431558697 12.916428441985697617
-30.98531663232708766 12.947177856181264488
-30.396559112475905806 13.427938014914881037
-30.019581239565710007 14.102719806449306006
-30.347285097783462504 15.265456760721475504
-29.915864100989765006 16.74940118057570615
-29.484443104196067509 18.233345600429935018
-29.053022107402370011 19.717290020284163887
-28.621601110608676066 21.201234440138392756
-28.190180113814978569 22.685178859992621625
-27.758759117021281071 24.169123279846850494
-27.874346796673055593 25.468284506953690283
-28.74640448900189682 26.424494747560395069
-29.535603172110768355 27.322800091927145871
-29.153242399967840726 28.436473140577607666
-28.611579946053939949 29.598383023435197003
-29.005284339300995811 30.716500882797770799
-29.645666890452613274 31.929746422620240764
-30.19428372957701967 33.091304433746316249
-31.238313944159106228 33.301099863536038015
-32.598257139967493856 32.940960651678089732
-33.967226420953771537 32.564537592915918651
-35.333517837609107914 32.231405723470864189
-36.670877185434768819 32.365364041987845667
-37.983071933823396193 32.895579228726582244
-39.318693157198900678 33.054337037504431862
-40.652631030640634435 32.786790765144175452
-41.754676120414345064 33.08421655263765615
-42.811604148556931193 32.80889556179126032
-43.980132024756223075 32.038886864116513209
-45.037938963605519405 31.979671779796227327
-45.695296689767026521 32.660568465194579346
-46.506891385650455106 32.369835484625291144
-47.201420016035434912 32.892131311987668596
-47.746944545606901045 33.416727633633378503
-48.251982230960720699 32.396377087336119871
-48.722086049596775581 31.055986074961744237
-49.308497512993021417 30.535514116068327439
-50.218329804637527047 31.360908930144262285
-51.438145377867321884 32.103951700501639266
-52.636272191757448979 32.824057900645541963
-53.51321081311125738 32.756647202979415567
-54.273836510339307893 32.492689404646647233
-55.30038611153393191 33.283508553641922845
-56.362458890264782951 34.211346100140076487
-57.424531668995633993 35.139183646638223024
-58.48660444772649214 36.067021193136390877
-59.606333946317576533 37.365487410082124597
-60.726063444908668032 38.663953627027865423
-59.832224824499611771 37.608624158108874269
-58.938386204090555509 36.553294689189890221
-58.044547583681499248 35.497965220270899067
-57.150708963272442986 34.442635751351907913
-56.256870342863386725 33.387306282432923865
-55.363031722454337569 32.331976813513932711
-54.469193102045281307 31.27664734459494511
-53.575354481636225046 30.221317875675957509
-52.681515861227168784 29.165988406756966356
-51.787677240818112523 28.110658937837975202
-50.893838620409056261 27.055329468918991154
