-50 0
-49.499139954393562846 -1.3054608875770996601
-48.998279908787125692 -2.6109217751541993202
-48.497419863180688537 -3.9163826627312987583
-47.996559817574251383 -5.2218435503083986404
-47.495699771967814229 -6.5273044378854976344
-46.994839726361377075 -7.8327653254625975165
-46.49397968075493992 -9.1382262130396956223
-45.993119635148502766 -10.443687100616797281
-45.492259589542058507 -11.749147988193897163
-44.991399543935628458 -13.054608875770995269
-44.490539498329184198 -14.360069763348095151
-43.989679452722747044 -15.665530650925195033
-43.48881940711630989 -16.970991538502296692
-42.987959361509872735 -18.276452426079391245
-42.487099315903435581 -19.581913313656492903
-41.986239270296998427 -20.887374201233594562
-41.485379224690561273 -22.192835088810692667
-40.984519179084124119 -23.498295976387794326
-40.483659133477686964 -24.803756863964892432
-40.232416921986477121 -24.188453572139170689
-38.911258351721819793 -24.012992435563408122
-38.217116365886319329 -24.971880899529306674
-37.62145936063990348 -25.728162077095579008
-36.883835925866542027 -25.891746203426080797
-35.981691839368508568 -26.052591905528785787
-34.83776628629884442 -25.893614960720366724
-33.538054141727243973 -26.278382425634791986
-32.218419101041995134 -26.275414629296033553
-30.875674683069600945 -25.851026968384594795
-29.504215892499288998 -25.993434485733239114
-28.214280004604908925 -25.725586885377047963
-26.840798677149066975 -25.291419736638030002
-25.555290558456324135 -24.476858228451366273
-24.901417934225921869 -23.287538583886409072
-24.76914727589667109 -21.775024901069528482
-24.497870352497905344 -20.282739994747764456
-23.764198016713340422 -19.032838333081631532
-22.442864337083047843 -18.479318128966138346
-20.913590252719352236 -18.294218757171151424
-19.708570305707123538 -17.76573991154020149
-19.000305279790222102 -16.669010983055880359
-17.729248083243319911 -16.476683906788682776
-16.209697390918719861 -16.668017672891245695
-15.599657031088469239 -16.282593119569487072
-15.206560597065042373 -15.567976411362208111
-15.645555796885700417 -14.250023881611406651
-14.994946266224944864 -13.254010625160452364
-14.083121669332228976 -12.298321004672205348
-14.235921885578983748 -10.91244892359115326
-14.565614625919888425 -9.4140509771571938558
-15.173135037563289629 -8.3083424332788382571
-16.531630406505367858 -7.996800887579635031
-18.026333021014696811 -7.8281530442160951466
-19.521035635524022211 -7.6595052008525552623
-21.015738250033340506 -7.4908573574890171543
-22.48668831112352251 -7.2454609830494156597
-23.957638372213708067 -7.0000646086098141652
-25.428588433303890071 -6.7546682341702126706
-26.899538494394075627 -6.5092718597306102879
-28.370488555484257631 -6.2638754852910087934
-29.841438616574443188 -6.0184791108514072988
-31.312388677664625192 -5.7730827364118058043
-29.998230844585215493 -5.0938701819228544565
-28.628673483761915008 -4.4565671009688072601
-27.259116122938618076 -3.8192640200147587315
-25.891225273957662267 -3.1810669978108516709
-24.944668346755573651 -2.3478674442280227375
-25.263163593891484027 -1.1761508155746958071
-25.178714624677169809 0.11092710998737359551
-24.692350643328772719 1.5392145870939932806
-24.465078898292727416 2.9879699865740372289
-24.759751487318574448 4.3784613210416152285
-24.806084203288374823 5.8351340914445062324
-24.586684365576889633 7.3446372075076853392
-24.596598012859011817 8.8428314709291253592
-25.042603662064252035 10.285565744545525746
-26.022362113058552069 11.294765284692584117
-25.616217876481684357 12.329578964350478287
-26.835406982657598718 11.713100016132955261
-28.054596088833516632 11.096621067915430459
-29.273785195009430993 10.480142119697905656
-30.492974301185348907 9.8636631714803826299
-31.712163407361263268 9.2471842232628596037
-32.931352513537177629 8.6307052750453348011
-34.150541619713095542 8.0142263268278099986
-35.369730725889013456 7.3977473786102869724
-36.588919832064924265 6.781268430392763058
-37.808108938240842178 6.1647894821752391437
-39.027298044416760092 5.5483105339577161175
-40.246487150592670901 4.9318315857401904267
-41.465676256768588814 4.3153526375226665124
-42.684865362944506728 3.6988736893051434862
-43.904054469120424642 3.0823947410876186837
-45.12324357529633545 2.4659157928700956575
-46.342432681472253364 1.8494368446525726313
-47.561621787648164172 1.2329578964350478287
-48.780810893824082086 0.61647894821752480254
