70 0
69.816594613916763024 1.379174161241307317
69.633189227833511836 2.7583483224826146341
69.44978384175027486 4.1375224837239210629
69.266378455667023673 5.5166966449652292681
69.082973069583786696 6.8958708062065365851
68.899567683500535509 8.2750449674478421258
68.716162297417298532 9.6542191286891494428
68.532756911334061556 11.033393289930458536
68.349351525250810369 12.412567451171765853
68.165946139167573392 13.79174161241307317
67.982540753084322205 15.170915773654380487
67.799135367001085228 16.550089934895684252
67.615729980917848252 17.929264096136993345
67.432324594834597065 19.308438257378298886
67.248919208751360088 20.687612418619607979
67.065513822668108901 22.066786579860917072
66.882108436584871924 23.445960741102222613
66.698703050501620737 24.825134902343531706
66.515297664418383761 26.204309063584837247
65.35082827136992023 26.963748941037813722
64.271066061624779309 27.57080119529455331
62.865145380173657941 27.709683658087275404
61.294223306265919859 27.927972775066894684
60.121783731577700394 28.916690890757333676
58.954201985220763049 29.450044310962002925
57.585269564964050915 29.432510349522789994
56.32849128232046354 29.798734104068714146
55.329245369261499832 29.839479634826780341
54.959903358791073913 29.841886047382487845
54.879513836474757227 28.472594240487168804
54.803858672576808431 26.86960250813618245
54.728203508678838318 25.266610775785196097
54.652548344780889522 23.663619043434206191
54.576893180882933621 22.060627311083216284
54.501238016984984824 20.457635578732226378
54.425582853087021817 18.854643846381236472
54.351598256330021286 17.251312328624109682
54.301649577104122102 15.643092019629548872
54.231527537426877927 14.164076560584465625
53.609202189483212919 14.085652094924892452
52.43581069245787063 14.800750955021900523
52.011617055666086173 14.421187477721343129
51.32041748392065017 13.835582701669050465
49.822171769483418302 14.046461350708712601
48.340956721355809123 14.481241502769071516
46.909266086230658743 15.210357638954432602
45.478746611169640346 15.947009543407379084
44.048227136108629054 16.683661447860330895
42.617707661047603551 17.420313352313279154
41.187188185986613576 18.156965256766227412
39.756668710925616494 18.893617161219175671
38.326149235864605203 19.630269065672123929
37.717202192349148504 19.882442323316791288
37.534298586752903759 19.560521507124278173
37.105609633027782479 18.745875900922261081
36.82337546002320039 17.492295469808716746
36.534019875935939581 16.003559337816302133
37.053770962571988434 14.59900165005862327
37.279333648643273591 13.26452996379594218
36.624681169309880602 12.035734801466146493
37.254393568109804846 10.931241344747110844
38.329689545145726015 9.7814188386564726585
38.753831010160574522 8.2911885613595099898
39.202985486939923021 6.7297788237934490496
39.731164673738049942 5.3178614108426627283
40.984941896147773832 5.0184981440729421465
42.586083445247510326 5.2181070704263214921
44.182411662777340666 5.4138033278632580192
45.257528693279333254 5.0650551811538049307
46.024569771280162911 4.2791140075768900886
47.118328235745252641 3.6934801893301898446
47.859731783941697358 2.637351107789877247
49.084977369200501585 3.0035088671807730343
50.330027988014073514 4.0404179531869743869
51.658913093055822685 4.9649623125393791412
53.024097834087100978 5.8364511683690798449
53.933773698841797284 6.8566256814782242657
54.06650629504472505 6.1921966284098370892
53.905234514766696918 4.7943214568332050973
54.170805185566855755 5.0841910451431120421
54.716785698830861406 5.7692431697665469414
55.319506699838903785 5.5084759730502650399
56.10467348656048614 4.7609244125609091469
57.08079820454238984 3.6147412522904387444
57.83618511773791937 2.2294155460153257664
58.549690728740273471 0.79607662924445510289
59.263196339742627572 -0.63726228752641567166
59.976701950744988778 -2.0706012042972865572
60.690207561747342879 -3.5039401210681568877
61.403713172749689875 -4.9372790378390272181
62.177276746092125848 -6.7265881907535689521
62.95084031943456182 -8.5158973436681115743
63.831985279505239816 -7.4514101757095971834
64.713130239575917813 -6.3869230077510836807
65.594275199646602914 -5.322435839792570178
66.475420159717288016 -4.2579486718340557871
67.356565119787958906 -3.1934615038755413963
68.237710079858644008 -2.1289743359170278936
69.118855039929314898 -1.0644871679585143909
