-50 0
-48.948785122500382272 0.41446734970449738977
-47.897570245000764544 0.82893469940899477955
-46.84635536750113971 1.2434020491134922803
-45.795140490001521982 1.6578693988179895591
-44.743925612501904254 2.0723367485224866158
-43.692710735002286526 2.4868040982269845607
-42.641495857502668798 2.9012714479314820615
-41.590280980003043965 3.3157387976359791182
-40.539066102503426237 3.730206147340476619
-39.487851225003808509 4.1446734970449732316
-38.43663634750419078 4.5591408467494716206
-37.385421470004573052 4.9736081964539691214
-36.334206592504955324 5.388075546158465734
-35.282991715005330491 5.802542895862964123
-34.231776837505712763 6.2170102455674616238
-33.180561960006095035 6.6314775952719582364
-32.129347082506470201 7.0459449449764557372
-31.078132205006856026 7.460412294680953238
-32.092265392562246973 7.294810506704457076
-32.688993554941035313 8.3027116309216761891
-32.05662510112168917 9.5380260600133208726
-31.899636375512063324 10.729119396912112805
-32.538018716828567278 11.881594600974059617
-33.852828485774900003 12.366960159695079113
-35.357453224903643729 12.494703299979915911
-36.870945045677878227 12.48133109473825364
-38.390622684909843088 12.274553600710804702
-39.894946795658078997 12.170612234993459566
-41.332210559522692961 12.642224124543112396
-42.765330568825589808 13.06351380453478761
-44.177960393851783749 12.841979228913460886
-45.359594444974327132 13.079152903220553128
-46.490919602444726877 12.692968692602141445
-47.714182541951160488 11.920140813439173755
-48.619475345288797996 12.224466337742853739
-49.300791804767094106 12.594865779254190485
-50.119190554963189754 12.48498114589750152
-50.700913149134336777 13.391879727736219152
-51.206858607509360581 12.817059545022665645
-51.666579433714950653 11.377826634897830971
-52.179603313940695841 10.513096447515190235
-53.035584744254059331 11.258374766473606243
-54.16894732947081792 12.147791859158990846
-55.121876590551551089 13.259088763081797069
-55.968053505502822986 14.51093052709565967
-56.814093662992057432 15.762952850257542892
-57.660133820481284772 17.014975173419422561
-58.506173977970512112 18.266997496581307558
-59.352214135459732347 19.519019819743185451
-60.198254292948959687 20.771042142905070449
-60.846860409064191799 21.540283999076784482
-61.484532952421162122 21.154592092005273685
-62.288242797932731776 20.099175739013301012
-63.382516979655783018 19.105875403808237678
-64.71851818920836763 18.379016051795456832
-65.818327898928799868 17.464134543718472514
-66.735840845363355811 16.344286262697707457
-67.449267251853129324 15.343875532738705303
-67.977497294091804747 14.508885876175620311
-68.42125857730140126 13.728247052875747869
-68.861339869789503609 12.862244177868701556
-69.075917589863806256 11.558141392250552926
-69.281010959161363871 10.173145710260410368
-68.707458713821267793 8.8655402860109369101
-68.55983191596595816 7.6192131275950467639
-69.414892245050793917 6.428550735202509081
-70.253835551859907582 5.1369909916250815485
-70.812226933233461068 3.8142561007755961811
-70.748463392631208535 2.5865250591165134253
-70.598761888722449953 1.2927331941868227538
-69.51461652615810749 1.2246946050190952171
-68.430471163593765027 1.1566560158513676804
-67.346325801029436775 1.0886174266836401436
-66.262180438465094312 1.0205788375159126069
-65.178035075900751849 0.95254024834818518119
-64.093889713336409386 0.88450165918045775548
-63.009744350772074029 0.81646307001273021875
-61.925598988207731566 0.74842448084500268202
-60.841453625643396208 0.68038589167727514528
-59.757308263079053745 0.61234730250954760855
-58.673162900514711282 0.54430871334182018284
-57.589017537950375925 0.47627012417409264611
-56.504872175386040567 0.40823153500636510937
-55.420726812821698104 0.34019294583863757264
-54.336581450257355641 0.27215435667091014693
-53.252436087693013178 0.2041157675031826102
-52.168290725128684926 0.13607717833545507347
-51.084145362564342463 0.068038589167727536733
