-50 0
-50.959895977807939005 -1.4233478963399506245
-51.91979195561587801 -2.846695792679901249
-52.879687933423817014 -4.2700436890198520956
-53.839583911231756019 -5.6933915853598024981
-54.799479889039695024 -7.1167394816997529006
-55.759375866847634029 -8.5400873780397041912
-56.719271844655573034 -9.9634352743796537055
-57.679167822463512039 -11.386783170719604996
-58.639063800271451043 -12.81013106705955451
-59.598959778079390048 -14.233478963399505801
-57.819728252924875278 -11.738324061924954478
-56.760269356908537475 -10.404253269250411051
-55.700810460892206777 -9.070182476575867625
-54.641351564875833446 -7.7361116839013241986
-53.581892668859495643 -6.4020408912267825485
-52.52243377284315784 -5.0679700985522382339
-51.447801300632299615 -3.7465711322118080417
-50.426579009066195169 -3.0128156941850146033
-50.481188912820670112 -4.1211211251181349979
-50.944769589377422392 -5.7688477778312012845
-51.408719664439836095 -7.4170407501116262239
-51.872669739502242692 -9.0652337223920493869
-52.3366198145646635 -10.713426694672468997
-52.800569889627070097 -12.361619666952890384
-53.262799058925352824 -14.009816355284801404
-53.465343548413549968 -15.65857379578621611
-53.076146403217549619 -17.291234949562550582
-52.253072391774864514 -17.489262456589177219
-51.30328916763512126 -17.672669623131195493
-50.066707610750384561 -17.582797233507477586
-48.602386804119326769 -17.940024936224951091
-47.104359690802290572 -17.894496168832784377
-45.57086396833373243 -17.535766977337374328
-44.056796133503723922 -17.559470474283209285
-42.550979887649582167 -17.196483131371653741
-40.956278799793345513 -16.663811107110952037
-39.388203332282451186 -16.006514260618388334
-37.910469421639746201 -15.225432830582491306
-36.585378564028260939 -14.381075960257291513
-35.333416778848445006 -13.437555666059649795
-34.120101757293397782 -12.361355191177654689
-33.12667881364130551 -11.334671048211969691
-32.909697763411891458 -10.22887319543974094
-33.103037084822837244 -8.8412000404649209173
-31.859298427777417828 -8.5153477140597004791
-30.782925102299309117 -8.148060073604137088
-30.327435569101862001 -7.3372787800443965978
-30.692455125766247903 -5.9168534882959686882
-29.901373889548935381 -4.8031847431886847133
-29.116872840344218076 -3.6198249649782225923
-29.44754466134577342 -1.9733156819179769048
-28.989769015090320892 -0.36562610614138790766
-28.53199336883486481 1.2420634696352010895
-28.074217722579412282 2.8497530454117905307
-28.417166375028532599 4.335497232736513773
-29.586902040163575833 5.4210194851944040195
-29.642952881465738812 6.677519727856596532
-28.924568020434264781 8.1014484023271222668
-29.415242617117314694 9.4721175937273578427
-30.168671003270379316 10.97214108298777191
-31.035644717377273594 12.353832903998183568
-32.509234987649790583 13.107423061726581892
-34.169061503793770385 13.034807625790595154
-35.853711760793224528 12.835396328003813693
-37.459174012949333132 13.010752363665975651
-38.807984028484824535 12.359876045292997659
-40.034922523450333642 11.165661673593366032
-41.260434720416178322 9.965063446166709582
-42.485946917382023003 8.7644652187400566845
-43.713170311635629162 7.5722499911038427811
-45.106970107583919116 7.0563922914314014534
-46.532878260128065051 7.8748486955756975547
-46.869749265777159053 9.4371673014907067056
-46.957850487488776992 11.159341886772994101
-47.413916537123121486 12.780576328369413375
-48.142854028709280101 13.356998124165960107
-48.833033355388501207 12.043959762839060446
-49.52236003387438501 10.65711330600698048
-50.50982300759951471 10.94361348685136015
-51.913498031148868961 11.876462919996772172
-53.430400709094300282 12.671018493573901864
-54.814024345049567444 13.666230489940755177
-56.094669771896825239 14.784615485229194221
-57.361401917631489766 15.919520826613339892
-58.630519014782123577 17.021886912136256598
-59.965911176501222712 17.229357716683779245
-61.434430573041119317 16.417096430861640499
-61.654447064533862033 16.652155914135107651
-60.683243142489374122 15.264476254623849272
-59.712039220444886212 13.876796595112589117
-58.740835298400398301 12.489116935601330738
-57.76963137635591039 11.101437276090070583
-56.79842745431142248 9.7137576165788139804
-55.827223532266927464 8.3260779570675538253
-54.856019610222439553 6.9383982975562954465
-53.884815688177951643 5.5507186380450352914
-52.913611766133463732 4.1630389785337769126
-51.942407844088975821 2.7753593190225185339
-50.971203922044487911 1.3876796595112583788
