-50 0
-49.777196730822417692 -1.3402064260579069632
-49.554393461644828278 -2.6804128521158139264
-49.33159019246724597 -4.0206192781737213338
-49.108786923289656556 -5.3608257042316278529
-48.885983654112074248 -6.7010321302895352602
-48.66318038493449194 -8.0412385563474426675
-48.440377115756902526 -9.3814449824053482985
-48.217573846579320218 -10.721651408463255706
-47.99477057740173791 -12.061857834521163113
-47.771967308224148496 -13.40206426057907052
-47.549164039046566188 -14.742270686636977928
-47.326360769868976774 -16.082477112694885335
-47.103557500691394466 -17.422683538752792742
-46.880754231513812158 -18.762889964810696597
-46.657950962336222744 -20.103096390868604004
-46.435147693158640436 -21.443302816926511412
-46.212344423981051023 -22.783509242984418819
-45.989541154803468714 -24.123715669042326226
-44.591179645903345374 -24.644277755395954443
-43.034686985503107337 -24.352476431661550293
-41.913160454485080209 -24.673454904411425304
-41.358748391506743758 -25.964191677332099317
-40.586995291455707502 -26.147796050059856299
-39.692528210426260671 -26.320703427410442998
-38.548355699511944294 -26.2522909734982548
-37.181489879656609787 -26.556803046522446721
-35.773344483202080824 -26.594697690548709801
-34.342565663238559637 -26.175786039501595326
-32.882938111767117562 -26.300963347994482433
-31.501628960095025889 -26.007583083548944103
-30.020487506874754757 -25.565313502360265119
-28.521580026825393617 -25.009283381570657667
-27.076176823411323369 -24.325490307741286955
-25.699705888202544202 -23.534510475341896552
-24.541565554279220152 -22.748519382393819654
-24.163271055307347979 -21.561751103024796805
-24.063603753614792424 -19.956431645104000694
-23.56715779320498072 -18.436594630242751691
-23.059201475446847951 -16.96458969229668412
-21.941571145909399831 -16.504683190884097854
-20.357227720714305974 -16.768741370703320825
-19.146122255384735666 -16.810866303102329766
-18.780349576121135868 -16.167792655395231805
-18.992436723605887749 -14.9452411799125926
-18.669370999154125457 -13.771118216523902333
-17.736541854565274434 -12.951725710998806207
-18.572981067334389138 -12.365283322499800889
-20.089526083576306092 -11.857036471708626735
-21.60848282252557695 -11.349066910058262181
-23.127439561474847807 -10.841097348407897627
-24.646396300424111558 -10.333127786757531297
-26.165353039373382416 -9.8251582251071667429
-27.684309778322653273 -9.3171886634568004126
-29.203266517271920577 -8.8092191018064340824
-30.543166813816327476 -8.1536047017421466876
-31.883067110360730823 -7.4979903016778610692
-33.222967406905134169 -6.8423759016135736744
-34.562867703449541068 -6.1867615015492871677
-33.059672600145049159 -5.6500317046644648045
-31.533001280961407531 -5.1360991551299788327
-30.00632996177776235 -4.6221666055954928609
-28.479658642594117168 -4.1082340560610077773
-26.952987323410468434 -3.5943015065265218055
-25.4263160042268197 -3.0803689569920358338
-24.038036079521543087 -2.5636761396627867349
-24.221207987460882549 -2.0037615101556482955
-24.987190268847150776 -1.042182019446312502
-25.200469306437295103 0.40745478374825733203
-25.37979668673586886 1.8698184140126334896
-24.94021414015900362 3.3893834062340806312
-24.594242606477934032 4.9506093434420819221
-24.419941121136755413 6.530800920484763239
-24.705421243996710245 8.0952898783234328306
-25.168958462473895565 9.6501460463012964652
-26.016827286677990827 10.524062698270455485
-27.022492510373055552 11.091580006164285521
-28.231835009827104699 10.507812637418796342
-29.441177509281153846 9.924045268673307163
-30.650520008735206545 9.3402778999278197603
-31.859862508189255692 8.7565105311823305811
-33.069205007643304839 8.172743162436841402
-34.278547507097357538 7.5889757936913531111
-35.487890006551403133 7.0052084249458648202
-36.697232506005455832 6.4214410562003756411
-37.906575005459501426 5.837673687454886462
-39.115917504913554126 5.2539063187093981711
-40.325260004367606825 4.6701389499639098801
-41.534602503821652419 4.086371581218420701
-42.743945003275698014 3.5026042124729315219
-43.953287502729750713 2.9188368437274441192
-45.162630002183803413 2.3350694749819549401
-46.371972501637856112 1.751302106236465761
-47.581315001091894601 1.1675347374909765819
-48.7906575005459473 0.58376736874548740275
