-50 17
-49.731792017434194975 15.824987456419306042
-49.463584034868389949 14.649974912838610308
-49.195376052302584924 13.47496236925791635
-48.927168069736779898 12.299949825677220616
-48.658960087170967768 11.124937282096528435
-48.390752104605162742 9.9499247385158327006
-48.122544122039357717 8.7749121949351387428
-47.854336139473552691 7.5998996513544430087
-47.586128156907747666 6.4248871077737472746
-47.317920174341942641 5.2498745641930550931
-47.049712191776137615 4.074862020612359359
-46.78150420921033259 2.8998494770316636249
-46.513296226644527565 1.7248369334509678907
-46.245088244078715434 0.54982438987027748567
-45.976880261512910408 -0.62518815371041824847
-45.708672278947105383 -1.8002006972911139826
-45.440464296381300358 -2.9752132408718097167
-45.172256313815495332 -4.1502257844525054509
-44.904048331249690307 -5.3252383280331976323
-44.488146241739578102 -4.1254722971627799666
-43.709954603408775142 -4.9294302459904830727
-43.147441532963277666 -5.8453673414297036004
-42.419553025411943281 -6.0107347887459887659
-41.542210561175672012 -6.1725864449457894523
-40.434261563096050907 -6.0456215326247484398
-39.146178888616951497 -6.4041910772001306995
-37.826348997022961385 -6.4214861554770266139
-36.487976558504506386 -6.0135408461256369961
-35.106141483522499414 -6.1630512996222712729
-33.82092272519653875 -5.9080748155013154133
-32.450094223240007807 -5.5373503233487326725
-31.039455879731246313 -5.0431020850825305502
-29.66455163478606849 -4.4424148687219471299
-28.359209545996030499 -3.7522816977432924546
-27.176159860565892501 -3.0136321925980702474
-26.068614470352862611 -2.2108133613590279509
-25.039272690641656283 -1.3526903880643388334
-24.224368206952682669 -0.58363956838275754535
-24.267265547382795177 0.91951547679936385116
-24.5115233747223904 2.4106732080690229658
-24.341521880518445897 3.4505427445922198793
-23.089083644080911739 3.4502040631895085632
-21.603055975793363785 3.2253888492093367724
-21.024985532962524815 3.5853094776955583001
-20.636769772687394209 4.2914654025266880666
-21.075781178719314113 5.6093792490206038082
-20.425172924996939372 6.6053924678859408104
-19.513349771825474477 7.5610820581572113497
-19.666150723926385524 8.9469539497615180323
-19.98416735955952106 10.449928286894287766
-19.838583251703319377 11.850800587254282092
-19.141471081380402097 13.061532217849654458
-18.444358911057481265 14.272263848445026824
-18.665810138370186877 15.572017537541428922
-19.828254367827518934 16.31385120131398736
-21.237186408756123512 16.904695763820310361
-22.675160546227019154 17.438781053222161432
-24.066206725678213729 18.008078524846904855
-24.929584092464203593 19.086928322204144592
-25.02147017849803845 20.544962850317109115
-25.229518877734584237 21.980879693064121483
-25.435869078612846295 23.375169245703656173
-25.068605233083172124 24.825018102723586111
-24.721443889320212861 26.296325410076494933
-24.49479366804325764 27.788831096216860317
-25.096470673557739417 28.546656440879409899
-26.070814076699988959 29.355660331810767616
-27.189235436839179982 30.165571792619331859
-28.257628989032312461 30.836416178297650248
-29.26912391775404032 31.38941140076289571
-30.654082221477128911 31.434027200965161342
-32.120611526310170802 31.671006318744503005
-31.841429328733330095 32.481722853185864608
-32.749357862296662347 31.707636710526571733
-33.657286395859998152 30.933550567867278858
-34.565214929423333956 30.159464425207985983
-35.473143462986662655 29.385378282548693107
-36.38107199654999846 28.611292139889400232
-37.289000530113327159 27.837205997230107357
-38.196929063676662963 27.063119854570810929
-39.104857597239998768 26.289033711911518054
-40.012786130803334572 25.514947569252225179
-40.920714664366663271 24.740861426592932304
-41.828643197929999076 23.966775283933639429
-42.736571731493327775 23.192689141274346554
-43.644500265056663579 22.418602998615053679
-44.552428798619999384 21.644516855955757251
-45.460357332183335188 20.870430713296464376
-46.368285865746663887 20.0963445706371715
-47.276214399309999692 19.322258427977878625
-48.184142932873328391 18.54817228531858575
-49.092071466436664195 17.774086142659292875
