-50 0
-49.522933692089857516 -1.2943450428758080939
-49.045867384179715032 -2.5886900857516161878
-48.568801076269572548 -3.8830351286274242817
-48.091734768359430063 -5.1773801715032323756
-47.614668460449287579 -6.4717252143790400254
-47.137602152539145095 -7.7660702572548485634
-46.660535844629002611 -9.0604153001306571014
-46.183469536718860127 -10.354760343006464751
-45.706403228808710537 -11.649105385882272401
-45.229336920898575158 -12.943450428758080051
-44.752270612988425569 -14.237795471633887701
-44.275204305078283085 -15.532140514509697127
-43.7981379971681406 -16.826485557385503
-43.321071689257998116 -18.120830600261314203
-42.844005381347855632 -19.4151756431371183
-42.366939073437713148 -20.709520686012929502
-41.889872765527570664 -22.003865728888737152
-41.41280645761742818 -23.298210771764544802
-40.935740149707285696 -24.592555814640352452
-40.713233244216930018 -24.05742144850692199
-39.285230245004605365 -23.849655984338419046
-38.536753578809062049 -24.857617726567436733
-37.883737981057883815 -25.582821006932235264
-37.079823327946442646 -25.756592545534505945
-36.078995522395175044 -25.92524223144620521
-34.789603796272892566 -25.797883796977160387
-33.387892115162614459 -26.124888668035595174
-31.97507714671703738 -25.898173032849101105
-30.515449831818592941 -25.767371351603713947
-29.1138158942368932 -25.691433564800696843
-27.681618490055225124 -25.332441776283285861
-26.189024627175598425 -24.815366468113609244
-25.117536494292952653 -23.981721418950556313
-24.842452129473134192 -22.444594766430384425
-24.579575134962730942 -20.835104738591880391
-23.979069593840037555 -19.377011306551981562
-22.746431095401714373 -18.573416611287747457
-21.179451777896094455 -18.306772019577334021
-19.885592127093516979 -17.814636307762661716
-19.139316364857606345 -16.676609185956824177
-17.795951450954888173 -16.436778120479800691
-16.204697493156803745 -16.575893011410499867
-15.825896849421983603 -15.931035004142474421
-15.740814366396662649 -14.914491971043348784
-15.853743014470763839 -13.608858816245961165
-14.765900102696283724 -12.657126422364626706
-14.418822881296350147 -11.386360252436885432
-14.150633573909702889 -9.8838199479035981909
-13.882444266523055632 -8.3812796433703091736
-13.614254959136408374 -6.8787393388370219327
-13.346065651749761116 -5.3761990343037338036
-13.673118342271557424 -4.1050250738692213304
-15.044744857769675406 -3.5934470467144090655
-16.611753426905966791 -3.2245087018738409768
-18.179941856721619331 -3.0147003209096014942
-19.751322604616547096 -3.2354457074547187112
-21.323414616041588943 -3.5521205048472697108
-22.895506627466634342 -3.868795302239818934
-24.467598638891683294 -4.1854700996323686013
-26.03969065031672514 -4.5021448970249187127
-27.611782661741766987 -4.8188196944174697123
-29.183874673166812386 -5.1354944918100180473
-30.751018907365995858 -5.4339639935632630952
-31.72372198242905128 -5.0715048756647869155
-31.065724949578740421 -3.8909152586543025443
-30.008636965701146693 -2.6857743451731805884
-28.951548981823549411 -1.4806334316920599647
-27.894460997945948577 -0.27549251821093867498
-26.837373014068351296 0.92964839527018250376
-25.780285030190754014 2.1347893087513032384
-24.80479294523470557 3.3538526520843747747
-24.710454796793747789 4.7393722481123106149
-24.826152183083706859 6.3114459534451370359
-24.602362721781297239 7.9285432956624601886
-24.614156167487028171 9.5135284648716229583
-25.16025182774099278 10.973782984320633815
-26.332162223397823198 11.756173870635766576
-26.034435459677489177 12.524957001234206189
-27.295780961799728459 11.865748738011353325
-28.557126463921964188 11.206540474788500461
-29.818471966044199917 10.547332211565647597
-31.079817468166439198 9.8881239483427947334
-32.34116297028867848 9.2289156851199418696
-33.602508472410917761 8.5697074218970890058
-34.863853974533149938 7.910499158674236142
-36.125199476655389219 7.25129089545138239
-37.386544978777621395 6.5920826322285295262
-38.647890480899860677 5.9328743690056766624
-39.909235983022099958 5.2736661057828237986
-41.17058148514433924 4.6144578425599709348
-42.431926987266578521 3.9552495793371171828
-43.693272489388817803 3.2960413161142660954
-44.954617991511049979 2.6368330528914114552
-46.215963493633289261 1.9776247896685585914
-47.477308995755521437 1.3184165264457057276
-48.738654497877760718 0.65920826322285286381
