-50 17
-49.701895860722196119 15.816560277558405545
-49.403791721444392238 14.63312055511681109
-49.105687582166588356 13.449680832675216635
-48.807583442888784475 12.26624111023362218
-48.509479303610980594 11.082801387792027725
-48.211375164333176713 9.8993616653504332703
-47.913271025055372832 8.7159219429088388154
-47.61516688577756895 7.532482220467242584
-47.317062746499757964 6.3490424980256481291
-47.018958607221961188 5.1656027755840536742
-46.720854467944150201 3.9821630531424592192
-46.42275032866634632 2.7987233307008647643
-46.124646189388542439 1.6152836082592685329
-45.826542050110738558 0.43184388581767763071
-45.528437910832934676 -0.75159583662392037695
-45.230333771555130795 -1.9350355590655148319
-44.932229632277326914 -3.1184752815071092868
-44.634125492999523033 -4.3019150039487037418
-44.336021353721719152 -5.4853547263902981967
-43.922923666188552261 -4.2625527151887308008
-43.228781675055266476 -5.2214418787056411375
-42.63312447302956798 -5.9777234429423735662
-41.895500931638267161 -6.141307581622079681
-40.993356928488651647 -6.3021532548215439817
-39.849431631520310759 -6.1431775261786487619
-38.549719518267913543 -6.527943734455696756
-37.230085137481879087 -6.5249759635178499195
-35.887340488826680485 -6.1005895771041345199
-34.515877659953098089 -6.2429951749654755133
-33.225940778265474762 -5.9751470879412202919
-31.843167811031754866 -5.5871042053476962508
-30.435081797304771811 -5.0779847725029370054
-29.066463315575038706 -4.463679872591502118
-27.775502513568468999 -3.7649197923966468693
-26.615057279932010204 -3.0256400910800671511
-25.572328856175232659 -2.2589721264551627655
-24.604008132990205837 -1.4467395595184839863
-24.207633737671255147 -0.23685513349222928059
-24.246622920658907674 1.2913793451526407452
-24.365778575024517494 2.7667933808834517251
-23.81765534713583321 3.5130071144662045057
-22.402403643264435118 3.3499773046944079091
-20.90578659206677159 3.1002222169553488307
-20.535826617416091722 3.5998564404858974797
-20.317265167581997076 4.4441966973190574208
-20.639111159998442702 5.7333726930380670694
-19.768565712507314203 6.6642916734052999317
-19.052654904850150785 7.699493865596908293
-19.325548943026504389 9.1381295684742323004
-19.594920902263666562 10.637479443028645676
-19.28665358751763037 11.991228952722822854
-18.656193455586439711 13.077322795430401214
-18.025733323655245499 14.163416638137977799
-18.232657259964142327 15.49145009152342034
-19.340752686404915295 16.339075381330435022
-20.7032740686063228 16.995574938853049929
-22.15015038343098297 17.392151514605409091
-23.609654902222686701 17.724293589987592412
-24.738426939888022105 18.540400520930358397
-25.03151018709295883 19.927301498683284819
-25.156145235424911988 21.365942515351754594
-25.443857030813799014 22.774103774919243648
-25.106912523817623395 24.23298639511709851
-24.738609699561571631 25.712321695928984866
-24.500697012056331658 27.210348739086178682
-24.703307143739621665 28.460139209332005805
-25.767869408245957175 29.335990003764401024
-26.918029243158891006 30.154801963264500131
-27.974032590302222445 30.805670070031773378
-28.991732977851100372 31.35172062580028296
-30.438573051015872295 31.327152599554448642
-31.873887816620477764 31.643656114158325465
-31.609721189066213753 32.436075264722603606
-32.529235129612899868 31.664271501486474847
-33.448749070159593089 30.892467738250342535
-34.368263010706279204 30.120663975014213776
-35.287776951252972424 29.348860211778081464
-36.207290891799658539 28.577056448541952705
-37.126804832346351759 27.805252685305823945
-38.046318772893037874 27.033448922069691633
-38.965832713439731094 26.261645158833562874
-39.885346653986417209 25.489841395597430562
-40.804860594533110429 24.718037632361301803
-41.724374535079796544 23.946233869125173044
-42.643888475626482659 23.174430105889040732
-43.56340241617317588 22.402626342652911973
-44.4829163567198691 21.630822579416779661
-45.402430297266548109 20.859018816180650902
-46.32194423781324133 20.087215052944522142
-47.24145817835993455 19.31541128970838983
-48.160972118906620665 18.543607526472261071
-49.08048605945330678 17.771803763236128759
