70 0
70.963705016294412076 0.94845636308657199631
71.927410032588824151 1.8969127261731439926
72.891115048883236227 2.8453690892597154338
73.854820065177634092 3.7938254523462879853
74.818525081472046168 4.7422818154328600926
75.782230097766458243 5.6907381785194308677
76.745935114060870319 6.6391945416060034191
77.709640130355282395 7.5876509046925759705
78.67334514664969447 8.5361072677791476337
79.637050162944106546 9.4845636308657201852
80.600755179238518622 10.43301999395229096
81.564460195532916487 11.381476357038861735
82.528165211827328562 12.329932720125436063
83.491870228121740638 13.278389083212006838
84.455575244416152714 14.22684544629857939
84.089426520911331409 13.983485537376177277
83.208605564724507531 15.20442307469060772
82.623171487353644693 16.382753390920690606
81.275554230415664847 16.293893125242135511
79.714954331335690085 15.867184181545177069
78.14253674991145715 15.491884578507754355
76.723403288748855289 15.473408106340984958
75.825006210532734485 16.506469072133942433
74.609512773217858239 17.098769483711375727
73.908461476705767268 18.105168816374060725
73.766729878007595289 19.708833143534395305
73.448155692521581273 21.266599948922568331
72.584547857788166425 22.575174812303352212
71.336957170542802942 22.840729807154112052
69.944289010801782069 22.747913519516814063
68.757149720475624122 23.133172533838557428
67.712940640034830153 23.155948455724313817
66.676324135404598792 23.124595367386653777
65.632475373066355928 22.017403393778959497
64.575659684351492729 20.8278670973442388
63.299373838110483348 20.674327647770692096
61.818169551829576847 21.148827017707358067
60.236561831259379574 21.057880522436626336
58.720403846416502347 20.976849876427458241
57.636432746483762912 20.381722793684513562
56.638731191020944777 19.579101785759736032
55.684266351404694717 18.344511453158634851
54.474824633695014597 17.276658612324645503
53.459707396182331252 16.009103956264617352
52.502068664528209752 14.777386822662096577
51.174962425410356559 14.275451570846499294
50.69551126343041858 13.522833558984871161
50.263092895522255787 12.773290180297362184
49.800119978138582155 11.876110449463674001
49.548803285779662531 10.524113949207130503
49.349082759562634237 9.0479473576650875088
50.012026948215662969 7.6685346898212403133
51.133901237015379593 6.6518275983375607652
52.61698944653995369 6.0684640034737711289
54.131462751862073901 5.5227526871472560899
55.645936057184194112 4.9770413708207392744
57.068588820523721949 4.3867034484343481182
57.335957752067898241 3.3355315628554818019
56.460141054411280948 2.0513305047498260336
56.107252457502440279 0.53018129655615509055
55.559764295787566368 -0.86512720377544050088
54.309238475457419781 -1.8204962871048093742
52.970862352572879672 -2.7185964450949824389
51.632486229688346668 -3.6166966030851543934
50.338981543002340402 -4.547134092245900483
49.866413042532172994 -5.6993732561965693151
50.432868313803759008 -6.7643109230070059823
51.100701638478270183 -7.8513487101204404439
51.929109107041114157 -9.0153291074318389065
52.855470464519640927 -10.136307316459021166
53.886371156877366673 -11.211780368694562071
55.055566905396744914 -12.258251131127192224
56.128186905437182475 -13.061333132487753517
57.585837312632328633 -12.512721068441896577
59.062147195329536942 -11.805553435571139786
60.533872339779769334 -11.115398453553353875
62.000424942702338171 -10.39937073597592132
63.312142156515065494 -9.8967006869586544582
63.831770038607032802 -10.864673002194784601
64.008578944321385507 -12.475253842467026288
63.547200057455157207 -14.377910351010081413
63.085821170588928908 -16.280566859553136538
63.617681080543626138 -15.028215562664433591
64.149540990498323367 -13.775864265775730644
64.681400900453027702 -12.523512968887027696
65.213260810407717827 -11.271161671998324749
65.745120720362422162 -10.018810375109623578
66.276980630317112286 -8.7664590782209188546
66.808840540271816621 -7.5141077813322159074
67.340700450226506746 -6.2617564844435147364
67.872560360181211081 -5.0094051875548100128
68.404420270135901205 -3.7570538906661088419
68.93628018009060554 -2.5047025937774058946
69.468140090045295665 -1.2523512968887011709
