-50 0
-50.531582752364343492 -1.3975394615258003306
-51.063165504728694088 -2.7950789230516006612
-51.59474825709303758 -4.1926183845774005476
-52.126331009457381072 -5.5901578461032013223
-52.657913761821724563 -6.9876973076290012088
-53.18949651418607516 -8.3852367691548010953
-53.721079266550418652 -9.7827762306806018699
-54.252662018914762143 -11.180315692206402645
-54.78424477127911274 -12.577855153732201643
-55.315827523643456232 -13.975394615258002418
-55.847410276007799723 -15.372934076783803192
-56.378993028372143215 -16.770473538309602191
-56.910575780736493812 -18.168012999835404742
-57.442158533100837303 -19.56555246136120374
-56.107405085716109738 -20.613493857331228298
-54.70255380328367778 -21.53618438364315324
-53.286712858839450746 -22.307427191073898598
-51.647518071273182727 -22.246414481750772296
-50.239697592961029216 -22.207138232222174423
-49.585299267934040301 -23.537744167524799366
-48.798530290422576172 -23.891020531951483008
-47.875662897312366795 -24.074644904574839188
-46.67889971768567392 -24.041326119375128201
-45.227831074912103304 -24.342639365280721364
-43.730120242085057214 -24.360343286577883504
-42.20348166371258003 -23.944966527882407092
-40.674927921235209283 -24.016095771909981238
-39.183464855172147168 -23.670930735740704165
-37.59536562721979891 -23.146895945152973439
-36.017313033089678243 -22.514946138895780336
-34.524783003852903107 -21.744668021611335718
-33.182552143625187568 -20.906885245967835374
-31.928260012154041192 -19.97967090103453458
-30.705888680752725151 -18.915973515633382362
-29.668949084441571529 -17.861893980185357123
-29.295940676712685757 -16.844238196781951444
-29.593291776074437394 -15.379713325840217664
-28.504353225272918593 -14.939483448221150041
-27.283043557709955707 -14.658773103246730329
-26.831615611485418071 -13.865508662672663576
-27.124316352811455033 -12.503955448206140133
-26.504421408035629071 -11.342250484863267701
-25.886755139734635378 -10.535709766929722164
-27.182125752170556154 -9.9567173602889660344
-28.795192441393698601 -9.413950877451746635
-30.408259130616823285 -8.8711843946145219064
-32.021325819839965732 -8.3284179117773025069
-33.634392509063097521 -7.7856514289400804429
-35.247459198286229309 -7.2428849461028574908
-36.860525887509368204 -6.7001184632656336504
-38.473592576732499992 -6.1573519804284124746
-40.086659265955638887 -5.6145854975911895224
-42.315511873003998744 -3.8859338916003118847
-40.725317406494205841 -3.3181243088019942711
-39.112437075883647708 -2.7786267228927092887
-37.49955674527308247 -2.2391291369834260827
-35.886676414662531442 -1.6996315510741428767
-34.27379608405197331 -1.1601339651648590046
-32.660915753441415177 -0.62063637925557557651
-31.048035422830849939 -0.0811387933462918709
-29.435155092220295359 0.4583587925629917792
-27.822274761609740779 0.9978563784722754848
-26.219164531024944154 1.5402437096767478408
-25.575866394324258124 2.2848145540434607881
-26.211959558531109593 3.6430555500058106055
-26.894024198137049808 5.176433327992177702
-28.025759216687688991 6.3641135444719072467
-29.00656492749404336 7.6320709958400714257
-29.660270113379365142 9.1068321935165226222
-30.773501866607531952 10.233952221722478981
-31.934915755920044944 11.239447401908151392
-33.195971823397499634 12.170455456981340348
-34.340623641133305455 12.892750482826325964
-35.323148300982580849 13.086080414566113816
-36.819091389692019334 12.246609640501006311
-38.449072188767949854 11.745688058163443301
-39.881672544197044772 12.23008153090590433
-41.171476478990449266 12.720198385052981394
-42.577979926827147494 12.269793732576346201
-43.738785794388405748 13.099795845838329456
-44.794022563155564853 13.348666373107459293
-45.826290393288523717 12.090960148015929221
-46.909443552528387045 10.769017406460630326
-48.135092387882778553 10.560259503700464734
-49.524542350110763778 11.437995258546324706
-50.043948265536172926 13.051621158903550679
-50.563354180961574968 14.665247059260774876
-50.500759271965847574 13.035775163787356234
-50.438164362970113075 11.406303268313935817
-50.375569453974385681 9.7768313728405171759
-50.312974544978651181 8.1473594773670967584
-50.250379635982923787 6.5178875818936781172
-50.187784726987189288 4.8884156864202594761
-50.125189817991461894 3.2589437909468390586
-50.062594908995727394 1.6294718954734186411
