-50 0
-51.269319142966722325 -0.41529373433408978133
-52.538638285933444649 -0.83058746866817956267
-53.807957428900159869 -1.245881203002269455
-55.077276571866882193 -1.6611749373363591253
-56.346595714833604518 -2.0764686716704487957
-57.615914857800319737 -2.4917624060045389101
-58.885234000767042062 -2.9070561403386285804
-60.154553143733764387 -3.3223498746727182507
-61.423872286700486711 -3.737643609006807921
-62.693191429667209036 -4.1529373433408975913
-63.962510572633924255 -4.5682310776749872616
-65.231829715600639474 -4.9835248120090778201
-66.50114885856737601 -5.3988185463431674904
-67.770468001534084124 -5.8141122806772571607
-69.039787144500806448 -6.229406015011346831
-70.309106287467528773 -6.6446997493454365014
-69.120189078303866381 -6.7762053979087628619
-69.995050820558617488 -8.1666770851811278931
-70.417483851493017255 -9.5604709949944126635
-70.327819534076780883 -10.865931215540953758
-70.12982479031441585 -12.297507442687040324
-69.811897952956769586 -13.778581213732412181
-69.395004623517593245 -15.194977009527345757
-68.901217058661870851 -16.513338195065454528
-68.336934127311749876 -17.751561500266554106
-67.758822230851421864 -18.829657316512644627
-67.081542109608477631 -19.922176077972089558
-66.244264586164405273 -21.087655459446448702
-65.313559056659443058 -22.203488939374715017
-64.273554782853935308 -23.278349502355560219
-63.093844012054425718 -24.323651958652021676
-61.816399295857863194 -25.286038067539099217
-60.48988714158827662 -26.129473674016537643
-59.155947827091985403 -26.839697308196118541
-57.593664164659898574 -26.705782943693698428
-56.237029662772258121 -26.042017992287284756
-55.504984508816441746 -24.716086450245200012
-54.938002704900227968 -23.21784747427258111
-54.371020900984007085 -21.719608498299969312
-53.804039097067786201 -20.221369522327343304
-53.237057293151572424 -18.723130546354720849
-52.670075489235344435 -17.224891570382109052
-52.101003371827914634 -15.730248594540906737
-51.401630784898436843 -14.829438859097894721
-50.981014442907458317 -15.813376793425911515
-50.903099183937982275 -17.409408135731059275
-50.831401080323892927 -19.010993465874175712
-50.759702976709760947 -20.612578796017299254
-50.688004873095664493 -22.214164126160419244
-50.616306769481553829 -23.81574945630353568
-50.544608665867436059 -25.41733478644665567
-50.449148777919830877 -26.977457619466477468
-49.780041710165548352 -27.537863615142359919
-48.403198689972143143 -27.216850195435320359
-46.979551972481566224 -27.746659487770639174
-45.452209004232877021 -27.961315699231843013
-43.848987866257161272 -27.649460983832401695
-42.331723081571837497 -27.130428373693323607
-40.902320317951577522 -26.428044693271871779
-39.59536936688169817 -25.654294473395193421
-38.401916515265959617 -24.822125043911341891
-37.230870336286947975 -23.869260051522012134
-36.136347692516523011 -22.832112731525935345
-35.337702273760669414 -21.966450130795735163
-35.487400276967846935 -20.693888520508654238
-35.415887198806913716 -19.575133264983907821
-34.051887638852150531 -19.411363808538609987
-33.1873858024196835 -18.976622546543460146
-32.75648401172082913 -18.204829201943852013
-33.14201284929366409 -16.848631099855690962
-32.461140899618385447 -15.782057053662125412
-31.57044484333447798 -14.729784583056977354
-31.338604606445930045 -14.802143511002789467
-32.375348794976709144 -13.979802204835968027
-33.412092983507491795 -13.157460898669146587
-34.448837172038274446 -12.335119592502325148
-35.485581360569057097 -11.512778286335503708
-36.522325549099839748 -10.690436980168680492
-37.559069737630622399 -9.8680956740018608286
-38.595813926161397944 -9.0457543678350376126
-39.632558114692187701 -8.223413061668216173
-40.669302303222963246 -7.4010717555013947333
-41.706046491753745897 -6.5787304493345732936
-42.742790680284528548 -5.756389143167751854
-43.779534868815311199 -4.9340478370009304143
-44.81627905734609385 -4.1117065308341089747
-45.853023245876869396 -3.2893652246672857586
-46.889767434407659152 -2.467023918500464319
-47.926511622938434698 -1.6446826123336428793
-48.963255811469217349 -0.82234130616682143966
