-50 0
-50.532757652380439595 -1.1209973106181716496
-51.065515304760879189 -2.2419946212363432991
-51.598272957141318784 -3.3629919318545145046
-52.131030609521758379 -4.4839892424726865983
-52.663788261902197974 -5.6049865530908578037
-53.196545914282630463 -6.7259838637090290092
-53.729303566663070058 -7.846981174327201991
-54.262061219043509652 -8.9679784849453731965
-54.794818871423949247 -10.088975795563543514
-55.327576523804388842 -11.209973106181715607
-55.860334176184828436 -12.330970416799887701
-56.393091828565268031 -13.451967727418058018
-56.925849480945707626 -14.572965038036230112
-57.45860713332614722 -15.693962348654403982
-57.99136478570657971 -16.814959659272574299
-58.524122438087019304 -17.935956969890746393
-59.056880090467458899 -19.056954280508914934
-59.589637742847898494 -20.177951591127087028
-60.122395395228338089 -21.298948901745262674
-60.655153047608777683 -22.419946212363431215
-61.187910699989217278 -23.540943522981603309
-60.654210800514256618 -24.616254212096009724
-60.086423501332056674 -25.609475963642978513
-59.394628456493663293 -26.666498434165262665
-58.575312108957263035 -27.755128046420939114
-57.851658422113217739 -28.602016027373416307
-56.894205640386324774 -28.666973324358835384
-55.449361429308844151 -28.18628525918074601
-53.967473746064761997 -27.87505501230198135
-52.421359093884078106 -27.873324822883041918
-50.871916002476659457 -27.955109384640074666
-49.399301747323598022 -27.693706665626312002
-48.050370965303095261 -27.043430778508025014
-46.90235827652657008 -26.352674056560129401
-46.336611692916321203 -27.030264100459977072
-46.098817576867048729 -28.527310397591531199
-45.797868212149765554 -30.02447620109547799
-45.430787017886238743 -31.503165553735346549
-45.01791492513624604 -32.95755618945467802
-44.265081376329199259 -34.223072863556133427
-43.251156526243867972 -35.189687116172606807
-42.040445486807556108 -35.09755536525634767
-40.691221647516883309 -34.7561862870247964
-39.339857770440957552 -34.85065312258346637
-38.036765225657248379 -34.561791647672151839
-36.644814053719763081 -34.131943686908989832
-35.237283590342670436 -33.61710211815501026
-33.879194728500081624 -32.982934903484633082
-32.611708544380839214 -32.272833820759977641
-31.464845636026456788 -31.519285664882694675
-30.36066057907281035 -30.679319999178989775
-29.284751760029209322 -29.73410735960738549
-28.34445789489160461 -28.785043526846166628
-27.754966032117216912 -28.045928873633975797
-28.175940510361666469 -26.634717192758461835
-27.789037683353537744 -25.822219499289158051
-26.384954056616756191 -25.761290804229357576
-25.736842506278883036 -25.265278719727042755
-25.351063156638979024 -24.572447928868363931
-25.931430251609853599 -23.261269864402120078
-25.728261166182242903 -22.04241135146975239
-25.19294292734141294 -20.879449916890731487
-25.636984721111129915 -19.586150111656731809
-25.647898891787658471 -18.312845101896108702
-24.810114728199248901 -17.11336052128102736
-23.957597414242183476 -15.80173925907813981
-23.10508010028511805 -14.490117996875254036
-23.286596337529562817 -13.124294823830696899
-24.289872423820717984 -12.133502584439016303
-24.88660058327065272 -11.125601655640792842
-24.254232139180210481 -9.8902872165468735943
-24.097241796424036409 -8.6991934964388839546
-24.644406380450231353 -7.4335362176278643176
-24.589807727534275017 -7.4104793694452837372
-25.79981688336597756 -7.0575993994716990088
-27.00982603919767655 -6.7047194294981142804
-28.219835195029379094 -6.3518394595245286638
-29.429844350861081637 -5.9989594895509439354
-30.639853506692780627 -5.646079519577359207
-31.84986266252448317 -5.2931995496037735904
-33.059871818356185713 -4.9403195796301897502
-34.269880974187884703 -4.5874396096566041336
-35.479890130019583694 -4.2345596396830194053
-36.689899285851282684 -3.8816796697094342328
-37.89990844168298878 -3.5287996997358495044
-39.10991759751468777 -3.1759197297622643319
-40.319926753346393866 -2.8230397597886796035
-41.529935909178092857 -2.4701597898150948751
-42.739945065009791847 -2.1172798198415092585
-43.949954220841490837 -1.7643998498679245301
-45.159963376673196933 -1.4115198798943398018
-46.369972532504895923 -1.0586399099207550734
-47.579981688336594914 -0.70575993994716945679
-48.78999084416830101 -0.35287996997358472839
