-50 0
-51.282297931811754665 -0.37099588971868013854
-52.564595863623502225 -0.74199177943736027707
-53.846893795435249785 -1.1129876691560403046
-55.129191727247004451 -1.4839835588747205541
-56.411489659058759116 -1.8549794485934008037
-57.693787590870506676 -2.2259753383120806092
-58.976085522682254236 -2.5969712280307608587
-60.258383454494008902 -2.9679671177494411083
-61.540681386305763567 -3.3389630074681213578
-62.822979318117511127 -3.7099588971868016074
-64.105277249929258687 -4.0809547869054814129
-65.387575181741013353 -4.4519506766241612183
-66.669873113552768018 -4.822946566342841912
-67.952171045364508473 -5.1939424560615217175
-69.234468977176263138 -5.5649383457802024111
-70.516766908988017803 -5.9359342354988822166
-69.327852794171164419 -6.067439571095438744
-70.202710626091288759 -7.4579116959444187174
-70.625144538408349604 -8.8517056342905213739
-70.535480311225043693 -10.157165181147776778
-70.337485640666713493 -11.58874141296425897
-70.019558858711519633 -13.069815277776356766
-69.60266553839173298 -14.486211263535617277
-69.108878197592133574 -15.804572048018915353
-68.544595873693282329 -17.042794316817349909
-67.966484509040213879 -18.120889504760825162
-67.289204312474339531 -19.21340875176583296
-66.451926722372874679 -20.378888542382714633
-65.521221345437055561 -21.494722111752672333
-64.481216723039977978 -22.569583259166112299
-63.301505205430842693 -23.614886504728531236
-62.024059778526009268 -24.577273170850681083
-60.697547209890558406 -25.420708997204204849
-59.411760217533753803 -26.107505870066226805
-58.317414428119619174 -25.401630468216740866
-57.595546983941147801 -23.984130437014002268
-56.889625738706598668 -22.538217221199808193
-56.183704493472049535 -21.092304005385628329
-55.477783248237500402 -19.646390789571434254
-54.771862003002929953 -18.200477573757247285
-54.065940757768373714 -16.754564357943063868
-53.360019512533824582 -15.308651142128873346
-52.643501209574907307 -13.884370738266332168
-51.690766695850925316 -13.240402936498052
-51.134025222896077878 -14.295037668111776341
-51.065683434132054686 -15.889431820578895582
-51.008895657089617259 -17.493472263504482811
-50.952107880047201149 -19.097512706430077145
-50.895320103004770829 -20.701553149355667927
-50.838532325962340508 -22.305593592281258708
-50.781744548919917293 -23.909634035206853042
-50.724956771877494077 -25.513674478132440271
-50.634142440271787677 -27.059318546029999197
-49.918070716120240604 -27.533205652483950132
-48.523354731182280375 -27.211770980714145907
-47.067596761711214981 -27.728842023650901893
-45.659314990735047957 -27.505124590872195967
-44.137523883571766703 -27.012819019733246506
-42.630983279519746532 -26.46195560717819717
-41.196471842121439977 -25.765869440689719738
-39.880437592248036083 -24.99516895479892753
-38.683149595878788318 -24.168479494907519012
-37.510522690157699799 -23.223432196658421844
-36.40676090122083508 -22.187183668434421691
-35.584550674894899203 -21.302619201548814942
-35.666777405247252375 -20.079247319169084562
-35.672104239785262791 -18.903715791763570309
-34.359907491519329881 -18.701669624024660266
-33.420936265382103159 -18.311784322778976275
-32.99245369926483562 -17.549316209915211573
-33.340951187465158512 -16.221969765760668736
-32.745813052454451508 -15.129762009310086412
-32.010939249904197368 -15.41706479733107038
-33.010331513798405467 -14.560561197479344742
-34.009723777692620672 -13.704057597627617326
-35.009116041586828771 -12.847553997775891688
-36.008508305481043976 -11.991050397924166049
-37.007900569375252076 -11.134546798072438634
-38.00729283326946728 -10.278043198220714771
-39.00668509716367538 -9.421539598368987356
-40.006077361057890585 -8.5650359985172617172
-41.005469624952098684 -7.7085323986655351902
-42.004861888846306783 -6.8520287988138086632
-43.004254152740521988 -5.9955251989620830244
-44.003646416634730087 -5.1390215991103573856
-45.003038680528945292 -4.2825179992586299704
-46.002430944423153392 -3.4260143994069043316
-47.001823208317368596 -2.5695107995551786928
-48.001215472211576696 -1.713007199703453054
-49.000607736105791901 -0.85650359985172741517
