-50 0
-49.026712279541179385 -1.5633986104442989529
-48.053424559082351664 -3.1267972208885979057
-47.080136838623531048 -4.6901958313328968586
-46.106849118164710433 -6.2535944417771958115
-45.133561397705882712 -7.8169930522214947644
-44.160273677247062096 -9.3803916626657937172
-43.186985956788241481 -10.943790273110090894
-42.21369823632941376 -12.507188883554391623
-41.240410515870593144 -14.070587493998692352
-40.267122795411772529 -15.633986104442989529
-39.293835074952944808 -17.197384714887288482
-38.320547354494124193 -18.760783325331587434
-36.725560629167489424 -17.836419863836070476
-35.130573903840847549 -16.912056402340553518
-33.479406649636736404 -15.970063406056405952
-31.828239395432618153 -15.028070409772260163
-30.177072141228496349 -14.086077413488112597
-28.525904887024378098 -13.144084417203970361
-26.874737632820245636 -12.202091420919824571
-25.223570378616130938 -11.260098424635678782
-23.572403124412002029 -10.318105428351534769
-22.091991819945128839 -9.721178168891961846
-22.084685235809399018 -10.881640287682202484
-22.844482622323244669 -12.627730925975539478
-23.61117781799799431 -14.375540388639230116
-24.377873013672736846 -16.123349851302915425
-25.144568209347486487 -17.871159313966600735
-25.911263405022229023 -19.618968776630289597
-26.677958600696978664 -21.366778239293982011
-27.444653796371721199 -23.114587701957670873
-28.211348992046467288 -24.86239716462135263
-28.814613945752906687 -26.269987846294867495
-28.355582326665345505 -25.466156451532231841
-27.474756480144879589 -23.784260408772887274
-26.592969279259900617 -22.10036307906653974
-25.711182078374907434 -20.416465749360192206
-24.829394877489928462 -18.732568419653851777
-23.951828665501881943 -17.067079642711174614
-23.370937673127340162 -16.695449145729224227
-23.243147511730555266 -18.312953531569394983
-22.677671642430482279 -18.239066387672831837
-21.647654003259411581 -17.404724930908155756
-20.412527199714567416 -17.413448765916228922
-19.073324622019633523 -17.704621652758312678
-17.451063810380414765 -17.633721273325900114
-15.666588496139340236 -18.237515573659397461
-14.305713568459294649 -19.529602063145723889
-13.035806959245181957 -20.944303429382205906
-11.765900350031069266 -22.359004795618684369
-10.495993740816954798 -23.773706161855169938
-9.3611743654067751663 -24.985140238373542587
-8.7393097470646345926 -24.520650253083495329
-7.4269256836575525682 -23.40624991789873377
-6.2553626821860284224 -22.227117019737470116
-5.9389319715520345611 -21.011724019316492473
-6.0420652846018514381 -19.544251600488415477
-4.4875017068557045974 -19.301611190317732536
-3.6554718690971128581 -18.6618379219969448
-3.5129287629003780324 -17.477931820547826902
-3.4127417550564107529 -15.998161781121813974
-2.2378939380086841915 -14.806367375952850907
-2.4030209803147331016 -13.056561070597586749
-1.969918233726471346 -11.316600335966654711
-1.5368154871382095905 -9.5766396013357244499
-1.103712740549948057 -7.8366788667047924122
-1.6364847917949261191 -6.2438799003807838872
-2.8052162659490540442 -5.0240561639802141514
-2.3168191338326611373 -3.5167629379011620117
-2.1863412698407742596 -1.9925027271917787886
-2.9653430078736615627 -0.35935875733253125341
-3.8027188943415088929 1.2883103400548889805
-5.1698452549131825862 2.5341588734373541314
-5.8828806793935513042 4.0845632045038069435
-6.9832986686147053845 4.0514147946327758731
-8.505474746239613637 2.9225251932619205064
-10.033654214045853337 1.7780439409147665852
-11.56183368185209126 0.63356268856761233099
-13.09001314965833096 -0.51091856377954147916
-14.654305825381094053 -1.6033570168929771604
-16.239254838548095705 -2.1099434407166497429
-17.449957930611610379 -2.137098812263184211
-18.839299604181597658 -3.0140878475200647557
-19.65302834395165732 -2.4528748082213422954
-20.454385498007287225 -2.4724238516053214099
-21.032164255141022835 -1.6535592227488702388
-21.490591639410627778 -3.0315695915737657096
-21.923942372112396271 -4.3963684905643098944
-22.911409339918826333 -3.4666914919730396072
-24.414555940991160554 -2.2271882999480689946
-25.769980383585437522 -0.85082515341931252983
-27.008871519299006536 0.59819357494506097961
-28.243559025116855565 2.0497412343751331143
-29.478246530934704595 3.5012888938052055821
-30.712934036752560729 4.9528365532352776057
-32.579043234764341719 7.5865896272754795859
-34.321138911287910389 6.8279306645479316273
-36.063234587811471954 6.0692717018203836687
-37.805330264335040624 5.3106127390928357102
-39.547425940858602189 4.5519537763652877516
-41.289521617382170859 3.793294813637739793
-43.03161729390573953 3.0346358509101918344
-44.773712970429301095 2.2759768881826438758
-46.515808646952869765 1.5173179254550959172
-48.25790432347643133 0.75865896272754707041
