-50 0
-48.753066905920455554 1.3577054422987295812
-47.506133811840918213 2.7154108845974591624
-46.259200717761373767 4.0731163268961889656
-45.012267623681829321 5.4308217691949183248
-43.765334529602284874 6.7885272114936467958
-42.518401435522747533 8.1462326537923779313
-41.271468341443203087 9.5039380960911081786
-40.024535247363658641 10.86164353838983665
-38.7776021532841213 12.219348980688565121
-37.530669059204576854 13.577054422987295368
-36.890043125683369851 10.414383843121861162
-38.177713633595871556 10.855390797032642425
-39.599552260344978549 11.566004872422297467
-41.210300497603327585 11.762782639189483191
-42.711017628365567589 11.758883082819799881
-43.788123724485828347 11.162007414347502987
-44.763213953516171273 10.307798779100469488
-45.75675345367184832 9.1062504732082754089
-47.142896416512968472 8.2724603852019189532
-48.403282169783793165 7.3796582359531086581
-49.39262735541701943 6.1952996190855316172
-50.172348717963579645 5.1122159169310812388
-50.73646910299824242 4.2208045746462179437
-51.207790239829762413 3.385790992501510388
-51.684824874028819863 2.4306527070906049914
-51.909278859332744105 0.9675735172848271004
-51.907951089365525377 -0.48706804024976202427
-51.267477954928040162 -1.8630306475134021937
-51.619824353241284598 -3.1562656187555511167
-52.599303252383286633 -4.4652205054720033317
-53.431858881289535645 -5.8815084387429950041
-53.523675210186070217 -7.231941626020072178
-53.398241200180649457 -8.5644491860314371223
-53.153499894421329941 -10.037341612014184733
-52.79467744456367484 -11.50503511822412861
-52.350338551928089714 -12.875274558823029736
-51.82268401477476516 -14.178339016846186027
-51.253496558778294911 -15.349282882114023252
-50.652498326254892902 -16.40999413855021416
-49.914610555270677139 -17.537071502049904836
-49.03232188108862033 -18.698111610306689556
-48.070795741110053712 -19.788601777854559316
-46.975186264391389557 -20.858478988129157017
-45.754129386593987761 -21.877504699667731813
-44.44986425311284961 -22.800247661279318123
-43.121477493075744292 -23.591321132698073626
-41.70680955324293393 -24.059978797029810238
-40.159299079692537759 -23.757085490280402951
-39.085235117313253284 -24.165048840978180067
-38.524508412235540789 -25.398935644313336724
-37.752569797783642969 -25.580506226126143332
-36.844753885327691023 -25.753293444056030381
-35.681539706750115215 -25.656483373496453027
-34.308636251419756036 -26.010843871695108476
-32.899760057405437408 -26.013949790795003025
-31.466471601256944979 -25.591454658714930304
-30.012904482963534747 -25.707770481294947018
-28.627131655199537619 -25.406946848247233817
-27.143540589706493193 -24.949232203283568055
-25.747727042990472768 -24.358080642800093329
-25.07245485082333758 -23.105790830228031041
-24.706417340956253526 -21.538373056258542704
-24.252806201994975055 -19.986919287570412251
-23.297849262020175587 -18.834307864529765908
-21.780966703964420361 -18.357626059351279224
-20.326797039016959445 -18.029146721792393748
-19.52132687500979813 -16.921297802138752786
-18.361543087876970759 -16.393092420359497652
-16.77507306530370812 -16.493951555072012383
-16.205698167441369151 -15.965857406396352758
-15.921434605767910142 -15.089365371304875652
-16.246562323793291682 -13.719726368766160363
-15.280811075176711 -12.736292537068452546
-14.686494830180160776 -11.564399988820497356
-15.032781911012259357 -9.9986224171000586125
-14.340952919092899265 -7.6372401074035431989
-13.649123927173539172 -5.2758577977070277853
-13.982752277931680851 -4.0203626968009871234
-15.375983099962535761 -3.5602970883400613111
-16.967402760975591747 -3.2490092072569809467
-18.558029041781185953 -2.945590323864418103
-20.144413571977562327 -2.6842424745529527286
-21.730976806966044279 -2.4522039342456198874
-23.336430787781250018 -2.3236219016109265212
-24.935513290463863001 -2.3606096731792680643
-26.447862377524888444 -2.8229945311063304736
-27.928009121693975203 -3.4418043890633835957
-29.408041673157772067 -4.0611689456021036193
-30.888202265262101776 -4.6745570644045377762
-32.085244702889376356 -4.6551632953175934304
-31.863131425178632838 -3.4085610728953446014
-31.078384481820698682 -2.0112460729414887162
-30.291294490912488158 -0.61432402892006054973
-29.504204500004284739 0.78259801510136750569
-28.717114509096070663 2.1795200591227961162
-27.930024518187863691 3.5764421031442239496
-27.142934527279649615 4.973364147165652227
-26.355844536371446196 6.3702861911870805045
-25.568754545463239225 7.7672082352085096701
-24.838836224018773891 9.1642976069687414054
-24.933032212955811957 10.561326359213666137
-25.990833407643968656 11.639736822432352525
-25.682837323574009503 12.35851188569252912
-27.419777514747295299 11.475761036714491325
-29.156717705920581096 10.593010187736453531
-30.89365789709386334 9.7102593387584157369
-32.630598088267149137 8.8275084897803779427
-34.367538279440438487 7.9447576408023401484
-36.104478470613720731 7.0620067918243023541
-37.841418661787002975 6.1792559428462654481
-39.578358852960292324 5.2965050938682267656
-41.315299044133574569 4.4137542448901880832
-43.052239235306856813 3.5310033959121511771
-44.789179426480146162 2.6482525469341133828
-46.526119617653428406 1.7655016979560755885
-48.26305980882671065 0.88275084897803779427
