-50 0
-49.015189765065365179 -1.3986304107053229018
-48.030379530130730359 -2.7972608214106458036
-47.045569295196095538 -4.1958912321159687053
-46.060759060261460718 -5.5945216428212916071
-45.075948825326825897 -6.9931520535266145089
-44.091138590392191077 -8.3917824642319374107
-43.106328355457563362 -9.7904128749372603124
-42.121518120522921436 -11.189043285642583214
-41.136707885588293721 -12.587673696347906116
-40.1518976506536589 -13.986304107053229018
-39.167087415719024079 -15.38493451775855192
-38.182277180784389259 -16.783564928463874821
-37.197466945849754438 -18.182195339169197723
-36.212656710915119618 -19.580825749874520625
-35.227846475980484797 -20.979456160579843527
-34.305534307808386529 -22.215952050305872945
-33.289339033705680038 -23.379091258667035191
-32.326396684715184904 -24.332117857726075272
-31.162880516877589088 -23.696678668004857116
-29.901883593141473483 -22.555223480148288928
-28.640886669405364984 -21.413768292291720741
-27.379889745669260037 -20.272313104435149
-26.118892821933147985 -19.130857916578580813
-24.802684330467680951 -18.165883932132281586
-23.239230678517234452 -17.785224836365376433
-21.789661450464187453 -16.916561167415423483
-20.900944219232467702 -16.504650331516735662
-20.779120078998424503 -17.9095677248694507
-20.519352493977535801 -18.606525454665526098
-19.743216086355555916 -17.536493391873488434
-18.791587865144336433 -17.484929225458184732
-17.719162524699900274 -17.443745368683483576
-16.54091635456264342 -17.718012019182793892
-15.172571267112266113 -17.938282416318806156
-14.112136411949830261 -19.212848891434084919
-13.147050099005095802 -20.623292514738370329
-12.181963786060361343 -22.033736138042648633
-11.216877473115625108 -23.444179761346930491
-10.251791160170894202 -24.854623384651208795
-9.2861440390439042858 -26.263804292763829551
-8.4240283877550172775 -26.778496419174711463
-7.2710944907917500757 -26.028472627763740377
-6.0200439048420992805 -25.076520057519545048
-4.8120776894543482172 -23.994804108056715819
-3.8418402512451841346 -22.983945472395177489
-3.7004957371818840706 -21.831974798278761085
-3.8316704931113823029 -20.490233680211645151
-2.5192676405976897058 -20.215114953034490242
-1.5169094910808951226 -19.803312966886970514
-1.0590032776249707069 -18.982879685485546162
-1.452155037995847886 -17.536585501127412101
-0.58464641925684190937 -16.445224634394520535
0.12214841831080457124 -15.230481601687946736
-0.22979301391075154792 -13.572187055897886765
-0.37843688138737424653 -11.90433156663678993
0.37484406398984271291 -10.49036772930347361
1.1658602645276467946 -8.8493855972176334035
0.82291141446367754853 -7.363641484960075978
-0.34682391697645242878 -6.2781194317176112207
-0.40287453754880692136 -5.0216191726383394567
0.31550829067320762533 -3.5976910141602349569
-0.17516614810086039711 -2.2270220584926168073
-0.92859334016205608009 -0.72699751315143801289
-1.7955671789022817908 0.65469460880908825207
-3.0260412668562466365 1.7602778913633256863
-3.5750233192954210537 3.3243467014435701401
-4.6191047635429480778 4.5075538315115650789
-5.7577680074271615496 5.5591062831051747395
-6.9831712589469727703 6.5256761992740628386
-8.1955879919104059894 7.3414848681117987894
-8.7760107522753969533 7.6884945448758372777
-9.6413891033779037798 6.4186300686306694274
-10.574179172640020496 4.9890827393331358408
-11.506969241902137213 3.5595354100356044746
-12.439759311164257483 2.1299880807380717762
-13.372549380426375976 0.70044075144053974391
-14.305339449688494469 -0.7291065778569928435
-15.248875748140980235 -2.1497495165749906931
-16.358558727075120487 -3.0605963094179426953
-17.136632235057884799 -2.4489074041887688438
-17.961098937242880424 -2.5831219006974732721
-18.587341824336064633 -1.7095470937992007787
-19.078199961403591089 -2.1903692778980228262
-19.5009620741979397 -3.8008951722780217608
-20.056662260760948158 -4.3587592152610561413
-21.160359946354546423 -3.2879404193628372077
-22.566017667180897632 -2.3107738844974097248
-23.473017363936158119 -2.3103002886134724747
-24.315556716497574996 -2.2689174792153319338
-25.539066886198789064 -1.1297145515761162216
-26.778053179702709485 0.053436423375862671103
-28.017039473206637012 1.2365873983278414805
-29.256025766710560987 2.4197383732798201095
-30.568589948680099155 3.9270881461397859624
-31.881154130649640877 5.4344379189997518154
-33.528321936954220917 4.9403981081815926402
-35.175489743258793851 4.446358297363433465
-36.822657549563373891 3.9523184865452742898
-38.469825355867953931 3.4582786757271151146
-40.116993162172533971 2.9642388649089554953
-41.764160968477106906 2.4701990540907963201
-43.411328774781686946 1.9761592432726367008
-45.058496581086266985 1.4821194324544779697
-46.705664387390847025 0.98807962163631923858
-48.35283219369541996 0.4940398108181591752
