-50 26
-50.580618010461471101 24.75612546884143228
-51.161236020922935097 23.512250937682868113
-51.741854031384406198 22.268376406524300393
-52.322472041845870194 21.024501875365736225
-52.903090052307341296 19.780627344207168505
-53.483708062768805291 18.536752813048604338
-54.064326073230276393 17.292878281890040171
-54.644944083691740389 16.049003750731472451
-55.22556209415321149 14.805129219572904731
-55.806180104614675486 13.561254688414340563
-56.386798115076146587 12.317380157255772843
-56.967416125537610583 11.0735056260972069
-57.548034135999081684 9.8296310949386409561
-58.128652146460552785 8.5857565637800767888
-58.709270156922016781 7.3418820326215090688
-57.651756488935888001 6.441321978666980641
-56.525169277509533572 5.6100841284631783878
-55.362950013207679945 4.8713094872664335355
-54.195681058114303141 4.2358094541355058027
-52.873069519225587953 4.1330395889095772333
-51.553345512737337231 4.4217615351734576024
-50.699477269801384693 3.9065267964222782915
-50.235261169047930707 2.7479803675399914198
-49.562843361707862755 2.5862010497797918163
-48.814671168248452204 2.4347491888452097442
-47.904450632941518506 2.2900967683683361997
-46.754987001586684414 2.4498061169230842538
-45.527236449504975724 2.1116470509974902825
-44.294529064528241236 2.1785110303898180817
-43.036845321797819963 2.5559856396301574577
-41.75992922566653931 2.4111270142136937977
-40.55742720413066138 2.6607215500380050344
-39.271170439748537717 3.0149378496965866248
-37.95410081049687534 3.4763637073339452854
-36.668114253579460637 4.0305469897671883928
-35.436779538735791562 4.6662135657186851745
-34.309528142042104548 5.3482986579621467627
-33.267288710240286775 6.0749809963568850435
-32.238560339776626051 6.895947730579077728
-31.251284681824714085 7.7972022839258610105
-30.424236934235779017 8.6540307010084571715
-30.005253087709018445 9.3978357532435463639
-30.395690448086821078 10.711658436546100504
-30.03905649445280801 11.473296429922527295
-28.742567957495968045 11.540499170255921868
-28.004777582871767549 11.931463309554981578
-27.632344602309807158 12.589552024355999293
-27.850782217065006563 13.681977973511564528
-27.488569461804690519 14.978922302465571548
-27.126356706544370923 16.275866631419578567
-26.764143951284054879 17.572810960373587363
-26.401931196023738835 18.869755289327596159
-26.039718440763422791 20.166699618281604955
-25.677505685503103194 21.463643947235610199
-25.315292930242787151 22.760588276189618995
-25.430880436968699598 24.059749506600422109
-26.302937385816896665 25.015959761406097783
-27.092135292043003858 25.914265116416213885
-26.709774309465355913 27.027938151023619184
-26.168113553377654767 28.189847373796574459
-26.561817707913657927 29.307964726008563616
-27.202200590389242763 30.521210083663699919
-27.738410153894275112 31.793406814823118367
-28.693173174880776344 32.755640702319858804
-29.637043762949240033 33.709552457679400561
-30.061438107123517938 34.948403075388085881
-30.854352257671230575 35.298323255951018496
-32.100017839076620874 34.750662657656178567
-33.378531166372503947 34.137881325707802205
-34.661256174200310909 33.536612854081155888
-35.980450506633864904 33.035035286603921634
-37.298704712373186965 32.759791142767397787
-38.46191451116629878 33.104775043434294446
-39.601137202098094292 32.836190388936081774
-40.807616175805655701 32.088120962165071148
-41.980926353014936581 31.857864399812591216
-42.77272670899163387 32.580931974818106767
-43.63621294105935533 32.458261849342868288
-44.467031821653549173 32.584027919615252245
-45.102212602385485241 33.465326807092573347
-45.68350770877926692 32.925927297533881699
-46.237972849562588351 31.629871254057501773
-46.80925266292128839 30.558864907020854673
-47.618710392122387987 30.841629404187383301
-48.715381713669465569 31.684491491630801363
-49.988879572747443092 32.284576143998762632
-51.159130403167644374 32.933289102078397548
-52.07403054135503595 32.66585678110401858
-53.105132360058647123 32.111338677179588785
-54.44401627264310406 32.342297496776616583
-55.687977655377252972 32.98470055821491087
-56.904449063698855582 33.70025696837807061
-58.161914987253254594 34.947808072952057046
-59.419380910807660712 36.195359177526043482
-58.477442819726896062 35.175823259773437712
-57.535504728646131412 34.156287342020831943
-56.593566637565359656 33.136751424268233279
-55.651628546484595006 32.11721550651562751
-54.709690455403830356 31.097679588763021741
-53.767752364323065706 30.078143671010415972
-52.825814273242301056 29.058607753257813755
-51.8838761821615293 28.039071835505207986
-50.94193809108076465 27.019535917752605769
