-50 0
-49.656754987989167205 -1.3090894406773634362
-49.31350997597833441 -2.6181788813547268724
-48.97026496396750872 -3.9272683220320900865
-48.627019951956675925 -5.2363577627094537448
-48.28377493994584313 -6.5454472033868169589
-47.940529927935010335 -7.8545366440641801731
-47.59728491592417754 -9.163626084741542499
-47.25403990391335185 -10.47271552541890749
-46.910794891902519055 -11.781804966096270704
-46.56754987989168626 -13.090894406773633918
-46.224304867880853465 -14.399983847450995356
-45.881059855870020669 -15.709073288128360346
-45.53781484385919498 -17.01816272880572356
-45.194569831848362185 -18.327252169483084998
-44.85132481983752939 -19.636341610160449989
-44.854586807290061756 -19.569470028737931955
-43.502680989761380204 -19.225189969330667594
-42.151318938979407847 -19.319657967783417263
-40.848227373525652695 -19.030796925336144199
-39.456275731690801933 -18.600948738589782039
-38.048743152862932959 -18.086106892439119065
-36.690655054587814732 -17.451940158897770061
-35.423170177631483568 -16.74184003832101908
-34.276306890555801488 -15.988291914076171452
-33.172120973239785258 -15.148325837899676571
-32.09621139569109971 -14.203112711823511205
-31.155917165085597276 -13.254048626235434227
-30.566425304013478126 -12.514933791924617523
-30.987400509603926224 -11.103721339178365568
-30.600498122403642753 -10.291223537679488942
-29.196414568916022603 -10.230295571061757798
-28.544270724214172219 -9.7273677274394323433
-28.137781958208570643 -8.9947231670193001918
-28.541639904525887061 -7.7037122598610592306
-28.166625445147822404 -6.4544851327098422544
-27.791610985769757747 -5.2052580055586243901
-27.416596526391693089 -3.956030878407407414
-27.041582067013628432 -2.7068037512561904379
-26.666567607635563775 -1.4575766241049734617
-26.291553148257499117 -0.20834949695375559742
-25.91653868887943446 1.0408776301974611567
-26.098055155494940038 2.4067007564630755745
-27.101332104075758878 3.3974928826056656206
-27.6980615545635942 4.4053938714400713295
-27.068078733531820035 5.6332973268787860377
-26.903739020360561085 6.4016426603999914136
-28.110393314824815292 6.1728464764388810693
-29.563609772717601487 5.7647224701637576061
-31.01682623061038413 5.3565984638886350311
-32.470042688503170325 4.9484744576135115679
-33.923259146395949415 4.5403504513383881047
-35.37647560428873561 4.1322264450632637534
-36.829692062181507595 3.7241024387881416224
-38.28290852007429379 3.3159784325130163829
-39.723721604039354816 2.9471855522576584363
-40.951291695074132804 3.3723851590575550929
-41.627990797904530496 4.6637754984553829729
-41.140528953155531156 5.9476232727269842115
-40.330997783024663761 7.2256702573736042439
-39.521466612893767945 8.5037172420202242762
-38.711935442762886339 9.7817642266668425322
-37.902404272632004734 11.059811211313460788
-37.360421022835474503 12.302606883183651476
-38.066297774067855642 13.143445150255079312
-39.339892053186481746 12.808810928086440839
-40.667065350268181589 12.066245363326283169
-41.987809557120137072 11.825459657269153269
-42.939252895355494388 12.580643236673116903
-43.968941005113457265 12.45775031442243197
-44.950018574493704193 12.582415133018566067
-45.719058099841248577 13.456145908196111449
-46.445211278313578873 12.778119157532687566
-47.161096594790294034 11.394925136941710164
-47.943468641774529715 10.469630287230264898
-48.950358283555587491 11.058208857231829114
-50.222141728156415752 11.802527771210062468
-51.617299048422211172 12.37948225059256302
-52.895277710579406971 12.989489719340635787
-53.955371699333220192 12.593796873678410719
-55.064516027182797586 12.50786954045534749
-56.332927702301823558 13.259166017038250374
-57.388984353414144834 14.55765821351617717
-58.445041004526459005 15.856150409994102191
-57.841823789917427234 14.723568237851665685
-57.238606575308395463 13.590986065709230957
-56.635389360699363692 12.458403893566794451
-56.032172146090324816 11.325821721424357946
-55.428954931481293045 10.193239549281923217
-54.825737716872261274 9.0606573771394867123
-54.222520502263229503 7.9280752049970510953
-53.619303287654197732 6.7954930328546154783
-53.016086073045165961 5.6629108607121789731
-52.41286885843613419 4.530328688569742468
-51.809651643827095313 3.3977465164273077391
-51.206434429218063542 2.265164344284871234
-50.603217214609031771 1.1325821721424365052
