-50 0
-48.902110544031124562 0.25115706412533145286
-47.804221088062256229 0.50231412825066290573
-46.70633163209338079 0.75347119237599435859
-45.608442176124512457 1.0046282565013258115
-44.510552720155637019 1.2557853206266571533
-43.412663264186768686 1.5069423847519887172
-42.314773808217893247 1.758099448877320059
-41.216884352249024914 2.0092565130026516229
-40.118994896280149476 2.2604135771279829648
-39.021105440311281143 2.5115706412533143066
-37.923215984342405704 2.7627277053786460925
-36.825326528373537371 3.0138847695039774344
-35.727437072404661933 3.2650418336293087762
-34.629547616435786495 3.5161988977546401181
-33.531658160466918162 3.7673559618799714599
-32.433768704498049829 4.0185130260053032458
-31.33587924852917439 4.2696700901306350318
-30.237989792560302504 4.5208271542559659295
-30.316378089975476229 4.5180672298976851664
-30.497894556709191249 5.8838901943802603967
-31.501171493184994432 6.8746825969694471681
-32.097900078840844174 7.8825838507563634749
-31.465530896827456075 9.117898741202543178
-31.308541720513332507 10.308991971369609431
-31.855704488353207893 11.574649433946802901
-32.4805664502190794 12.90769687228978313
-33.313850019460815588 13.624862944590869773
-34.69491756665026827 13.309700046671645524
-36.143616127076164446 12.867761379961629942
-37.592284027881959219 12.426878517959474735
-39.03363600414220258 12.238540667868496925
-40.459448240718877798 12.729339891764043458
-41.894000361363353591 13.068530358078508158
-43.302845489213574126 12.807811198242898598
-44.434076283928284568 13.123703557078680859
-45.538243356578469445 12.828575725673589503
-46.789996690886248132 11.989599588867937641
-47.816853456793900534 12.112276028223284641
-48.501046490851905446 12.651345831132744024
-49.34935364177360384 12.380536151243115128
-49.991374173722803675 13.262832789341514328
-50.534106026128291944 13.062903473617291539
-51.035155222035676559 11.668386644559136656
-51.546542885165948178 10.551195922001443961
-52.363985452000271437 11.051403513087477037
-53.519096201729169593 11.970448239315112815
-54.549556239610737407 13.003510541960627833
-55.403411507765085275 14.241278648240875526
-56.254231510403108985 15.48260791108272727
-57.105051513041139799 16.723937173924579014
-57.955871515679163508 17.965266436766437863
-58.806691518317201428 19.206595699608286054
-59.657511520955232243 20.447924962450144903
-60.275302341470897716 21.108815843487157338
-60.955740795666507381 20.695015831063820144
-61.754531935263585751 19.600155167347747209
-62.87683938859927224 18.631074681585694464
-64.218237198965908874 17.91470052148641301
-65.290517320745536267 16.971882607683671296
-66.200640216281954054 15.850310214420446187
-66.897401917399022864 14.864773698583926276
-67.41779296338729921 14.036130613566859537
-67.858888627443874952 13.254643579009329102
-68.301581548181275139 12.376247129580420392
-68.510129726194392674 11.043943221511648645
-68.672553326651410543 9.6637589036825222166
-68.073964847287285806 8.3599305832299517505
-68.005050666440496343 7.119390216462401888
-68.886027192074337222 5.9264666838724586739
-69.713854833576817782 4.627683825023306774
-70.219157982622334657 3.3093166998687189029
-69.09587142803221127 3.125465772098234396
-67.972584873442073672 2.9416148443277503333
-66.849298318851950285 2.7577639165572658264
-65.726011764261812687 2.5739129887867813196
-64.602725209671689299 2.3900620610162972568
-63.479438655081558807 2.2062111332458123059
-62.356152100491428314 2.0223602054753282431
-61.232865545901297821 1.8385092777048437362
-60.109578991311167329 1.6546583499343594514
-58.986292436721036836 1.4708074221638751666
-57.863005882130906343 1.2869564943933906598
-56.739719327540775851 1.1031055666229061529
-55.616432772950645358 0.91925463885242209017
-54.493146218360521971 0.73540371108193758332
-53.369859663770384373 0.55155278331145307646
-52.246573109180260985 0.36770185554096856961
-51.123286554590130493 0.18385092777048450685
