-50 0
-48.909238491269256599 -1.5127907382276337689
-47.818476982538513198 -3.0255814764552675378
-46.727715473807769797 -4.5383722146829006405
-45.636953965077033502 -6.0511629529105350755
-44.546192456346290101 -7.5639536911381686224
-43.4554309476155467 -9.0767444293658012811
-42.364669438884803299 -10.589535167593435716
-38.97917834246347013 -10.227385813408517379
-37.184211063995995517 -10.050159378706734259
-35.389243785528528008 -9.8729329440049600208
-33.594276507061081816 -9.695706509303176901
-31.799309228593610754 -9.5184800746014026629
-30.004341950126146799 -9.3412536398996266485
-28.209374671658689948 -9.1640272051978470813
-26.414407393191229545 -8.9868007704960728432
-24.640351722236378151 -8.8487658564443609777
-23.95199771101883357 -9.453215718906617937
-25.084869433376439929 -10.664621118319693949
-26.418806034238876634 -11.880549648050561018
-27.752742635101306234 -13.096478177781426311
-29.08667923596374294 -14.31240670751229338
-30.42061583682617254 -15.528335237243160449
-31.754552437688612798 -16.744263766974025742
-33.088489038551045951 -17.960192296704892811
-34.422425639413482656 -19.176120826435756328
-35.756362240275912256 -20.392049356166616292
-37.080819045750523344 -21.607036099691494968
-36.969990981414021292 -22.245785655632396072
-35.819829477208557478 -23.361879560035504255
-34.432797439889810676 -24.496146939598197889
-32.953367913026383462 -25.499542466651917039
-31.455542012982984801 -26.334184321031504084
-29.7393368405875691 -26.345394211924539007
-28.191825558883174097 -25.601364437383622885
-27.24969772188805095 -24.129576451245192459
-26.430217957532249784 -22.513881955784153632
-25.61073819317643796 -20.898187460323114806
-24.772851292904945808 -19.290408977151482617
-23.852434659281744445 -17.775365591440092317
-22.77661827380934767 -17.460020461762276511
-21.553214323447722478 -17.381227312188467948
-20.27655701814086342 -17.745860342390724185
-18.730548070932272253 -17.622379493817188489
-16.994577229897913639 -18.050511285637835357
-15.288765917874233224 -18.711900202458529918
-13.801606459135378202 -19.726538953148903488
-12.39988453655167433 -20.867208554328414039
-10.998386418908800977 -22.008208295260349274
-9.5969168359489334108 -23.148806211518344611
-8.8468660549934572401 -23.097441787494204846
-7.841808932833529866 -22.092301668568495643
-7.2936572529215588645 -21.077511718334495328
-7.63336603621742249 -19.507867609406712717
-6.4972706037140133262 -19.029255220615137745
-5.2865579620849700859 -18.682331696994339154
-4.8040036526670562012 -17.823098210611416192
-5.1709696589888176632 -16.314133847262624499
-4.6497070252973236038 -14.574217009329462513
-4.1284443916058286561 -12.834300171396302304
-3.6071817579143350407 -11.094383333463140318
-3.0859191242228405372 -9.3544664955299801079
-2.5646564905313464777 -7.6145496575968172337
-2.999822709899053752 -6.0740571213657563732
-4.1918714544241026942 -4.9264600048938049781
-3.9608127912504276225 -3.5425270695745187943
-3.5239620779753408897 -2.0794840514094801165
-4.1786090341792716529 -0.57396010232671057505
-4.9182856896271260894 1.0413691854741609077
-6.1301699512553113891 2.2529020806843682578
-7.7032996419994663739 2.3220303760156841832
-9.2643239993740849059 1.4534443575193660703
-10.824360326745564365 0.53418431975979507875
-12.3843966541170456 -0.38507571799977635685
-13.944432981488523282 -1.3043357557593475704
-15.503007318759724598 -1.9727578563825609592
-17.082959299144768295 -2.0665003692338328456
-18.358403618131532653 -1.9954892514682047722
-19.514230598113009307 -2.4782686108101028566
-20.704366177957012951 -2.968705819754534847
-21.336154483165316265 -2.4260726185245062858
-22.06579843718422751 -2.3206700580404597822
-22.554975622999151597 -1.6944765927261185023
-22.956001914198395752 -3.1844946607340154365
-23.350498563803945729 -4.3989148395148118809
-24.14259153339452979 -3.3068817916308645977
-24.961124906598374906 -1.6840479813461355363
-25.759323153470170098 -0.067781605216845786099
-26.557521400341958184 1.5484847709124438531
-27.355719647213753376 3.1647511470417333257
-28.153917894085545015 4.7810175231710241306
-28.952116140957329549 6.3972838993003131591
-29.751935478696811543 8.0114031547529567234
-30.833338300153073419 9.2525675486726139951
-31.009802247003218412 9.6267084186710576432
-32.592318726419620134 8.8244827171151367651
-34.174835205836018304 8.0222570155592141106
-35.757351685252416473 7.2200313140032932324
-37.339868164668814643 6.4178056124473723543
-38.922384644085212813 5.6155799108914505879
-40.504901123501610982 4.8133542093355288216
-42.087417602918009152 4.0111285077796070553
-43.669934082334407321 3.2089028062236861771
-45.252450561750805491 2.4066771046677644108
-46.834967041167203661 1.6044514031118435327
-48.41748352058360183 0.80222570155592087815
