-50 0
-49.38747841168001429 -1.2965008920060856479
-48.774956823360028579 -2.5930017840121712958
-48.162435235040042869 -3.8895026760182571657
-47.549913646720057159 -5.1860035680243425915
-46.937392058400071448 -6.4825044600304284614
-46.324870470080085738 -7.7790053520365143314
-45.712348881760100028 -9.0755062440426002013
-45.099827293440114317 -10.372007136048685183
-44.487305705120128607 -11.668508028054771941
-43.874784116800142897 -12.965008920060856923
-43.262262528480157187 -14.261509812066941905
-42.649740940160171476 -15.558010704073028663
-42.037219351840185766 -16.854511596079117197
-41.424697763520200056 -18.151012488085200403
-40.812176175200214345 -19.447513380091283608
-40.199654586880228635 -20.744014272097370366
-39.587132998560242925 -22.040515164103460677
-38.974611410240257214 -23.337016056109543882
-38.362089821920271504 -24.633516948115627088
-37.749568233600285794 -25.930017840121713846
-37.137046645280300083 -27.226518732127800604
-36.993075329900868553 -26.896308794293489086
-35.482830095310646357 -26.593910900359635008
-34.553280212127233995 -27.268092932477770773
-33.961829920644369452 -28.304267392524202762
-33.182831177336190365 -28.481187538828962147
-32.234962620942596345 -28.652952812258188686
-31.015776832164537069 -28.507797695653195547
-29.625917008546391429 -28.887471315182295939
-28.216772502526698219 -28.821004355426236287
-26.777076857324416892 -28.454286155818628856
-25.431907934312075525 -28.545817842116065322
-24.898665902794327565 -27.861753360597695917
-24.924571043425888917 -26.257063074566172389
-24.961550555526031303 -24.636695178277811635
-24.998461497531010878 -23.016339484299400908
-25.016035672698428982 -21.399424841727594071
-24.980041240802982827 -19.792786393426649028
-24.581126165621306257 -18.477747308916431024
-23.25588946217852282 -18.311904488149778558
-21.732617041689717752 -18.565128302447746478
-20.153911336193441883 -18.351874978649096448
-19.010140231672757238 -17.796422176808185611
-18.675886566921480636 -16.716108957157430837
-17.504201330446139906 -16.86277020044910202
-16.006082740864108871 -17.44792723652535571
-14.5076262285562958 -18.033538201993728478
-13.009169716248480952 -18.619149167462101246
-11.867605878330948599 -18.969702434728205276
-11.575659248551801284 -18.451607127177574341
-11.791342325803215729 -17.235659144011354016
-11.468275475946800412 -16.061535922342539351
-10.389130192432519451 -15.089845828732194377
-10.416562646173028739 -13.667197830128783309
-10.76585614503496835 -12.065078966868076904
-9.9990167219596095549 -10.104024850856475837
-9.2321772988842525365 -8.1429707348448765458
-9.4898999667830388205 -6.7151429037118290921
-10.595220678208519871 -5.6817867735494305137
-10.936283915505027764 -4.5522883767712007952
-10.181612817223559375 -3.212623010616142416
-10.386247389175061073 -1.9538740071060800574
-11.378221679564331836 -1.0876641577819887718
-12.881566954747645681 -1.2612713694974346801
-14.449546059338771897 -1.6206881541566977578
-16.017525163929896337 -1.9801049388159608355
-17.587799125317193472 -2.3333484816533309747
-19.172750082917403347 -2.6471104119594710546
-20.730890668815121103 -2.7812420255821566073
-22.13625295135687665 -2.1798558171162092378
-23.561828230173823329 -2.0906967789312895789
-24.40553069734550462 -1.7084754899330203415
-24.845914931179351015 -0.35491708837398333598
-25.253901336947969014 1.0877418432546070992
-25.298726699278663688 2.708022428426378525
-25.243524983800561756 4.3268622704756429798
-25.154649852008517996 5.9434532640480979282
-25.065655310938780076 7.5600362829805671794
-24.698913950144373075 9.0396698815425899909
-24.332172589349966074 10.519303480104614579
-25.683110874121020117 9.9656559285201602449
-27.034049158892074161 9.4120083769357076875
-28.384987443663128204 8.85836082535125513
-29.735925728434182247 8.3047132737668007962
-31.08686401320523629 7.7510657221823482388
-32.437802297976290333 7.197418170597893905
-33.788740582747344376 6.6437706190134404594
-35.13967886751839842 6.0901230674289870137
-36.490617152289459568 5.5364755158445344563
-37.841555437060506506 4.9828279642600810107
-39.192493721831567655 4.4291804126756266768
-40.543432006602614592 3.8755328610911741194
-41.894370291373675741 3.3218853095067197856
-43.245308576144722679 2.76823775792226634
-44.596246860915783827 2.2145902063378137825
-45.94718514568683787 1.6609426547533594487
-47.298123430457891914 1.1072951031689068913
-48.649061715228945957 0.55364755158445433381
