-50 0
-50.507768645295470833 -1.4059541065344818289
-51.01553729059093456 -2.8119082130689636578
-51.523305935886405393 -4.2178623196034452647
-52.031074581181869121 -5.6238164261379273157
-52.538843226477339954 -7.0297705326724093666
-53.046611871772803681 -8.4357246392068905294
-53.554380517068274514 -9.8416787457413725804
-54.062149162363745347 -11.247632852275854631
-54.569917807659209075 -12.653586958810336682
-55.077686452954679908 -14.059541065344818733
-55.585455098250143635 -15.465495171879299008
-56.093223743545614468 -16.871449278413781059
-56.600992388841078196 -18.277403384948264886
-57.108761034136549029 -19.683357491482745161
-55.7740074467371727 -20.7312989073637155
-54.369155218951242148 -21.653989911556365655
-52.953315533766073031 -22.425231922411676067
-51.314121115988790223 -22.364218318326525292
-49.906300371728313792 -22.324944862182960037
-49.251900525050736235 -23.655550717512365821
-48.465130087855428087 -24.00882579492050084
-47.542263427746021875 -24.192449878534826979
-46.345502193617164721 -24.159131323265871316
-44.894434100612436112 -24.460442642472457919
-43.39672191813797042 -24.47814776403569681
-41.870082019079227109 -24.062771668195495067
-40.341530305396496203 -24.133900164384129994
-38.850068407347393418 -23.788735389240681428
-37.261968710263140281 -23.264701190610214354
-35.683915372444488412 -22.632750318632375297
-34.191385641400117379 -21.862472291699582172
-32.849155349325315001 -21.024689853096447223
-31.594863025645437915 -20.097475368304184684
-30.372491288676279453 -19.033777589346833281
-29.335551777778157145 -17.979698075022021442
-28.962541856352935099 -16.96204367876704211
-29.259892970616551366 -15.497518782126148196
-28.170954409236259153 -15.057288577419608799
-26.949646225991983783 -14.776576930005134614
-26.498218382689287864 -13.98331260177538482
-26.790917593364035554 -12.621760647524574495
-26.171028102983754593 -11.460054112656949954
-25.554071581531168533 -10.65336183655842639
-26.851743312363652194 -10.073880292309697282
-28.467372304253551363 -9.5305692691233083735
-30.083001296143457637 -8.9872582459369176888
-31.698630288033353253 -8.4439472227505287805
-33.31425927992326308 -7.9006361995641380958
-34.929888271813169354 -7.3573251763777491874
-36.545517263703061417 -6.8140141531913593909
-38.161146255592981902 -6.2707031300049687061
-39.776775247482873965 -5.7273921068185780214
-41.931470687655384211 -3.9938889193935720456
-40.338154884269329159 -3.4230852305614027919
-38.721039008920854485 -2.8816411801921191227
-37.103923133572379811 -2.3401971298228345653
-35.486807258223890926 -1.7987530794535502299
-33.869691382875416252 -1.2573090290842663386
-32.252575507526941578 -0.71586497871498167012
-30.635459632178459799 -0.17442092834569736248
-29.018343756829988678 0.36702312202358700066
-27.401227881481510451 0.90846717239287133605
-25.801236669438928573 1.4549558636835497882
-25.264941476142070087 2.2303288487038877008
-25.925497124184872177 3.6124018125382115763
-26.606687111285200587 5.1433527804744514356
-27.77048748309822912 6.3074602928892069542
-28.703879180210858379 7.6068463299241102504
-29.389657402860294155 9.0575250969801377465
-30.506894736731858586 10.178331465723267968
-31.673328761727429281 11.17886933896178725
-32.936993093530560373 12.10296588650304983
-34.06817657800464616 12.810437420192474889
-35.093224398588837687 12.948738784856052675
-36.604894351067684966 12.157627573524253606
-38.203387835401962036 11.729642591641963989
-39.590739263850920793 12.288053828687544922
-40.899240205497122247 12.697286680018528671
-42.308017854066982011 12.27775474476588613
-43.463872907759487418 13.163529977824504513
-44.524566838297033655 13.298961461336789469
-45.565346883388883725 12.009169525852330551
-46.663150989015775849 10.708653065450702613
-47.908820467596591186 10.601974710612470432
-49.317375916546090764 11.48060625283067715
-49.813869365776866971 13.000989803805946821
-50.310362815007650283 14.521373354781218268
-50.275878057784581188 12.907887426472193226
-50.241393300561504986 11.294401498163169961
-50.206908543338435891 9.6809155698541466961
-50.17242378611535969 8.0674296415451216546
-50.137939028892290594 6.4539437132360966132
-50.103454271669214393 4.8404577849270733481
-50.068969514446145297 3.2269718566180483066
-50.034484757223069096 1.6134859283090250415
