-50 0
-49.386992523306915359 -1.3560088861507930691
-48.773985046613830718 -2.7120177723015861382
-48.160977569920746078 -4.0680266584523794293
-47.547970093227668542 -5.4240355446031722764
-46.934962616534583901 -6.7800444307539642352
-46.32195513984149926 -8.1360533169047588586
-45.70894766314841462 -9.4920622030555517057
-45.095940186455329979 -10.848071089206344553
-44.482932709762245338 -12.2040799753571374
-43.869925233069167803 -13.56008886150792847
-43.256917756376083162 -14.91609774765872487
-42.643910279682998521 -16.272106633809517717
-42.03090280298991388 -17.628115519960307012
-41.417895326296829239 -18.984124406111103411
-40.804887849603744598 -20.340133292261896258
-40.191880372910659958 -21.696142178412689105
-39.578872896217582422 -23.052151064563481953
-38.965865419524497781 -24.4081599507142748
-38.352857942831413141 -25.764168836865067647
-38.169716173782347823 -25.334066170180058464
-36.695141900185014094 -25.064580144923933602
-35.859289854524838859 -25.911478697918070679
-35.239406258404578409 -26.797497815887162176
-34.450084307435282938 -26.972461084425539468
-33.475807583295072334 -27.142906599115722344
-32.220588276616282997 -26.995875809238917498
-30.823466655521464475 -27.360574890903485823
-29.413178587219398707 -27.212599371827476347
-27.962231704502450214 -26.964572804511657722
-26.619770801554150097 -26.979446309411919458
-25.763909386048844397 -26.289195560635189253
-25.248662268925613716 -24.76358866811142434
-25.01523739856013151 -23.181050942432893436
-24.974849939472012039 -21.562258480981846276
-24.863257232304981414 -19.952583192396353695
-24.580341846940591211 -18.395567338932146129
-24.971369898964322687 -16.940714488202509358
-25.751199348231278208 -15.531650930133594102
-26.536287699932227468 -14.123206395348493203
-27.321376051633176729 -12.714761860563388751
-28.106464403334122437 -11.306317325778282523
-28.88920205356744475 -9.8977185439234371955
-29.106351648816687572 -8.6728291118974798479
-27.908068218747779099 -8.6963823976478966671
-26.433124936603945798 -9.330265684419046579
-24.95841359416940719 -9.9697713904394689166
-23.483702251734882793 -10.609277096459889478
-22.008990909300351291 -11.248782802480315368
-20.534279566865819788 -11.888288508500737706
-19.059568224431288286 -12.527794214521160043
-17.584856881996760336 -13.167299920541580605
-16.110145539562232386 -13.806805626562004718
-14.63587321851496803 -14.435628141885489484
-13.182448141628928084 -14.557151716114432816
-11.905327965319619565 -13.766813519763175577
-11.717922735499668008 -12.431794734761572485
-11.439901875019170774 -10.976996976480460688
-11.16188101453867354 -9.5221992181993488913
-10.883860154058176306 -8.0674014599182370944
-10.605839293577679072 -6.6126037016371244093
-10.863561963867944371 -5.1847763549026506524
-12.00952637390794564 -4.16180272845829613
-13.372488099811768336 -3.2933519984186379048
-14.817652238668031828 -2.6026762555468327953
-16.384821351397075517 -2.423469655251318855
-18.011173105501836034 -2.4998374123366327026
-19.641129506001338001 -2.5505003237706356245
-21.279899957626106755 -2.4919301468178955972
-22.879904411575125778 -2.634134159555525212
-24.215925285787914589 -2.6440768764301143534
-24.499241174232107454 -1.4195419090658301098
-24.692442881589290238 0.071090981160078905998
-24.729223104046301529 1.577271053347645724
-24.619138615247148749 3.1314835317643883172
-25.085876958584286456 4.6193749665004668614
-25.264443864100307735 6.2170139236538570771
-25.31514080370853037 7.8508760946801068314
-24.680761163363250432 9.7060820540271759427
-24.046381523017974047 11.561288013374245054
-25.41236144285913312 10.952799170565073794
-26.778341362700292194 10.344310327755902534
-28.144321282541451268 9.7358214849467330509
-29.510301202382610342 9.1273326421375617912
-30.876281122223769415 8.5188437993283905314
-32.242261042064924936 7.9103549565192201598
-33.608240961906091115 7.3018661137100497882
-34.974220881747250189 6.6933772709008785284
-36.340200801588409263 6.0848884280917072687
-37.706180721429561231 5.4763995852825368971
-39.07216064127072741 4.8679107424733665255
-40.438140561111879379 4.2594218996641952657
-41.804120480953045558 3.6509330568550240059
-43.170100400794204631 3.0424442140458545225
-44.536080320635363705 2.4339553712366832627
-45.902060240476522779 1.825466528427512003
-47.268040160317681853 1.2169776856183407432
-48.634020080158840926 0.60848884280916948342
