-50 0
-50.821657405332359758 -0.83988030747386643871
-51.643314810664719516 -1.6797606149477328774
-52.46497221599708638 -2.5196409224215994271
-53.286629621329446138 -3.3595212298954657548
-54.108287026661805896 -4.1994015373693329707
-54.929944431994165654 -5.0392818448431988543
-55.751601837326532518 -5.8791621523170647379
-56.573259242658892276 -6.7190424597909315096
-57.394916647991252034 -7.5589227672647982814
-58.216574053323611793 -8.3988030747386659414
-59.038231458655971551 -9.2386833822125300486
-59.859888863988331309 -10.078563689686397709
-60.681546269320698173 -10.918443997160263592
-61.503203674653057931 -11.758324304634129476
-62.324861079985417689 -12.598204612107997136
-63.146518485317777447 -13.438084919581863019
-63.968175890650144311 -14.277965227055730679
-64.789833295982504069 -15.117845534529596563
-65.611490701314863827 -15.957725842003462446
-65.199099315227613261 -17.120968042936574705
-64.719381668385466355 -18.248692860688407791
-64.221631477749994588 -19.251254193137846471
-63.697462533243765392 -20.176572971535424728
-63.069971242654119692 -21.153349671582748925
-62.321561023700731141 -22.176076358983451087
-61.507819154594827182 -23.151667383830545788
-60.613979680147622275 -24.093199256928805596
-59.608596833283968408 -25.019952876095675975
-58.518711615706521911 -25.893415111723566469
-57.3726292835002738 -26.687328541040582053
-56.274001378825239783 -27.344316327981648129
-55.028262165806324901 -27.452669931950985927
-53.70072441824820686 -26.981826923647137306
-52.470868622915766366 -26.347131526761110365
-51.607817588895478877 -26.608024629249559467
-51.134880874444206711 -27.852823739923053381
-50.597787844173879535 -28.764578045363826675
-49.7293551493302175 -28.274517911328395314
-48.726240991296094762 -27.384383034918169386
-47.587131783726199785 -27.388049884752376784
-46.345332683174781607 -28.097335324697457537
-45.103869373997220293 -28.82250198862056223
-43.822713476831985702 -29.447383261495296836
-42.592524829003941989 -29.461442091463649007
-41.359087647982157421 -29.170584428119450848
-40.056057612308258342 -28.743282805355047316
-38.740958012783167419 -28.266285035308484908
-37.472956440610545314 -27.674181994787524275
-36.282043138565143181 -27.014427090132176801
-35.199837682070210576 -26.317510638235990683
-34.167913481812405507 -25.554959040094022527
-33.149987934525185551 -24.694415916840338099
-32.205105158705791268 -23.781877569754932722
-31.507131525324375332 -23.023889273093118391
-31.532568593017721525 -21.99501557830199161
-31.740341240259017042 -20.816352368801727124
-30.878010994540943557 -20.428360394309503789
-29.558630319664377595 -20.386967483196222872
-29.191424584692938993 -19.769277920806217708
-28.88288809504394905 -19.016406316695331213
-29.295381472858306182 -17.779362264541848759
-28.918573943542135396 -16.554939858026667565
-28.541766414225961057 -15.330517451511489924
-28.164958884909790271 -14.106095044996308729
-27.788151355593619485 -12.881672638481129312
-27.411343826277448699 -11.657250231965949894
-27.03453629696127436 -10.4328278254507687
-26.657728767645103574 -9.2084054189355892817
-26.77331644959064505 -7.9092436589416541537
-27.645374148552413374 -6.9530342976975871849
-28.434572350908656091 -6.0547299348751977277
-28.052209480830843091 -4.9410565301945963412
-27.510547454241756071 -3.7791468563810370895
-28.63502008152966738 -3.5901895135619854571
-29.75949270881758224 -3.4012321707429333806
-30.883965336105493549 -3.2122748279238813041
-32.008437963393404857 -3.0233174851048296716
-33.132910590681319718 -2.8343601422857780392
-34.257383217969227474 -2.6454027994667259627
-35.381855845257142335 -2.4564454566476738862
-36.50632847254505009 -2.2674881138286222537
-37.630801099832964951 -2.0785307710095701772
-38.755273727120879812 -1.8895734281905185448
-39.879746354408787568 -1.7006160853714664682
-41.004218981696702429 -1.5116587425524148358
-42.128691608984617289 -1.3227013997333632034
-43.253164236272525045 -1.1337440569143111269
-44.377636863560439906 -0.94478671409525949443
-45.502109490848354767 -0.75582937127620741791
-46.626582118136262523 -0.56687202845715578547
-47.751054745424170278 -0.37791468563810326486
-48.875527372712085139 -0.18895734281905163243
