-50 0
-48.691632274082699894 -1.2901562904011094624
-47.383264548165392682 -2.5803125808022189247
-46.074896822248092576 -3.8704688712033283871
-44.76652909633079247 -5.1606251616044378494
-43.458161370413492364 -6.4507814520055468677
-42.149793644496185152 -7.7409377424066567741
-40.841425918578885046 -9.0310940328077666805
-39.53305819266158494 -10.321250323208875699
-38.224690466744277728 -11.611406613609984717
-36.916322740826977622 -12.901562904011093735
-35.607955014909677516 -14.19171919441220453
-34.299587288992370304 -15.481875484813313548
-32.991219563075077303 -16.772031775214422566
-31.682851837157770092 -18.062188065615533361
-30.374484111240469986 -19.352344356016640603
-29.066116385323166327 -20.642500646417751398
-27.571413954080025377 -19.165633668831549841
-26.039838333364038192 -18.385855501653757926
-24.438709379507983499 -17.888211705164888343
-22.711177306524341191 -17.911596970285611263
-20.995801499665930123 -17.824909364704726755
-19.445724646382103629 -17.138719057805140267
-18.213797973620213355 -16.377987184261950659
-17.724209892269019662 -17.319094782243226405
-17.449674078156220958 -18.645426200046486542
-16.670440193445564603 -17.988769711057663869
-15.945736893257032918 -17.546694434551955766
-15.69938232519665533 -18.982476188499603609
-15.518882861497976577 -20.676785582270436947
-15.338383397799297825 -22.371094976041270286
-15.157883934100619072 -24.065404369812100072
-14.972577661925054571 -25.750423323974633405
-14.378446746875253481 -26.580188136906841123
-12.973035020052275712 -26.182972472014906629
-11.419980728547487914 -26.291028845095915756
-9.9506659695364962914 -25.97881600853256856
-8.3754626469411217471 -25.493894662518655991
-6.7862772288567985157 -24.892545698378391705
-5.268395965001570147 -24.146727914663379977
-3.8891769834909428738 -23.32149663074975976
-2.6265706721102723975 -22.423677926111061254
-1.3904208733219292071 -21.388410228930965218
-0.28206884039218138582 -20.299923047748105631
0.41732876930486595413 -19.439750199966670863
-0.012034854168242495667 -17.874517593940112192
0.7201741072226071072 -17.170708729782283797
2.206695157476985969 -17.046482415615990647
2.6542088689136065227 -16.279580780481772706
2.5588263146365677336 -15.060886941991995513
2.8100266501316997214 -13.785613234064147292
3.925338947019437974 -12.742042725881972842
3.8473634008780264182 -11.209690855492921102
3.4881801405101469093 -9.5069478784395027304
4.2212833944197454272 -7.6475443971085930173
4.954386648329343501 -5.7881409157776841923
4.6661424753714335623 -4.2925408289485647018
3.5154858017355938848 -3.1668305152359490506
3.550626013889512933 -1.8760171742225331126
4.2006088728811690203 -0.46342839266879831683
3.6967408460839124018 0.9253679232169806923
2.9424190213472112276 2.4281502287102343374
2.0381365336585428594 3.7822891210745788193
0.83002001914275880257 4.901902127004079901
0.30191646566103003124 6.481324036050919446
-0.77759188250238153728 7.6365537044349309781
-1.9184626870997210091 8.6804928254357278661
-3.1503840459361178716 9.6431153060925005605
-4.3975508640082487943 10.47230538830007518
-5.5483409519737083571 11.125430456266830248
-7.0393062327217856833 11.283217049437958224
-8.6875861417760873451 11.562900332320577235
-9.8890346480121031902 12.678302107237700014
-11.179680069156310296 13.076818918945626535
-12.651100332053745845 13.008017758694858657
-13.913802448831349423 13.39307254804839431
-14.735807122454488649 13.414232178214334112
-14.877019370429749756 12.89771598856363255
-14.909033686857535272 11.195380563943306385
-14.941048003285319012 9.4930451393229784429
-14.973062319713100976 7.7907097147026513895
-15.005076636140884716 6.0883742900823261124
-15.037090952568668456 4.3860388654619981708
-15.069105268996452196 2.6837034408416720055
-15.10111958542423416 0.98136801622134517409
-15.133133901852019676 -0.72096740839898121322
-15.164299646117763487 -2.4250782769765311109
-15.198262272774085702 -4.0656623614800881938
-15.567675558616929976 -4.1132055532148656951
-16.562331650392238203 -2.8205011020923764775
-17.462028406480300191 -2.1610449722559335051
-17.537769352850112625 -3.3082122498088075702
-18.500123162122481091 -3.5671763942607164211
-20.018701495904867471 -2.792085024713961694
-21.619403294405380223 -2.1542282771732601532
-23.144576885699240876 -1.7558306028417851596
-23.976275995279792141 -2.2998702989353159154
-25.344722475253423255 -2.2878525374791442992
-27.012835909701081505 -1.9248044935856156723
-28.680949344148739755 -1.5617564496920859352
-30.349062778596401557 -1.1987084057985573082
-32.040667108985161349 -0.61118477266174675577
-33.732271439373917588 -0.023661139524936203316
-35.539796834999037856 -0.021032124022165515215
-37.347322230624158124 -0.018403108519394823644
-39.154847626249278392 -0.015774093016624135544
-40.96237302187439866 -0.013145077513853445708
-42.769898417499518928 -0.010516062011082757607
-44.577423813124639196 -0.0078870465083120677718
-46.384949208749759464 -0.005258031005541379671
-48.192474604374879732 -0.0026290155027706881008
