-50 0
-50.718953768620110623 -1.4265458017071861452
-51.437907537240228351 -2.8530916034143722904
-52.156861305860338973 -4.2796374051215586576
-52.875815074480449596 -5.7061832068287445807
-53.594768843100567324 -7.1327290085359305039
-54.313722611720677946 -8.5592748102431173152
-55.032676380340788569 -9.9858206119503041265
-55.751630148960899191 -11.412366413657489161
-56.470583917581016919 -12.838912215364674196
-57.189537686201127542 -14.265458017071861008
-57.908491454821238165 -15.692003818779047819
-58.627445223441355893 -17.11854962048623463
-59.346398992061466515 -18.545095422193419665
-58.063260579038171727 -19.637590119722219129
-56.682222139925301008 -20.625029595751723122
-55.270741795469632507 -21.465713908493977868
-53.748845448171898909 -21.895304869634689027
-52.135397336705253224 -21.586747596210859257
-51.14504144078474468 -22.298072837717622718
-50.496562837222320752 -23.305566135859862698
-49.655196299327570841 -23.491970630945075982
-48.606484128601579187 -23.671857789750504253
-47.239761895959716753 -23.56886022841993622
-45.750364684192597053 -23.876782412782624476
-44.245066456705394842 -23.568280697187287132
-42.681375385568600223 -23.61237992913423156
-41.216807388721925065 -23.356079245569446812
-39.658799716702404226 -22.926392879089050325
-38.065584011175154444 -22.34127846801059647
-36.527574804548592624 -21.623114659652550529
-35.110418281688076547 -20.811436157706300065
-33.832313944582608656 -19.937602354091062296
-32.587387405242850491 -18.934167367697746442
-31.427533374870066041 -17.83544746437674533
-30.602212154456474025 -16.935136069031976547
-30.866601704232525805 -15.500716767488771808
-30.510624656427882684 -14.518919237938803235
-28.922486093053510814 -14.447686691188012631
-28.364217550143962399 -13.761473150096199092
-28.213614561081293175 -12.711986315190234365
-28.317376005782044501 -11.329645450172826315
-27.174562460392735375 -10.31040150402686173
-26.97888915893352646 -8.9096870337111990779
-27.928518803668310966 -7.7410109621880209829
-29.53600850585062787 -7.3004485537233732018
-31.204247236594209625 -6.9289337066411356147
-32.872485967337787827 -6.5574188595588989159
-34.540724698081362476 -6.1859040124766595525
-36.208963428824944231 -5.8143891653944201892
-37.87720215956851888 -5.4428743183121826021
-39.545440890312093529 -5.0713594712299441269
-41.213679621055668179 -4.6998446241477056518
-42.88185651586356073 -4.3270049393740599442
-43.970197966066336903 -3.2952352743015498326
-42.460549288991295214 -2.5477112488573485649
-40.909043471139170833 -1.8426817029776132451
-39.357537653287046453 -1.1376521570978788134
-37.806031835434922073 -0.43262261121814354903
-36.254526017582797692 0.27240693466159116021
-34.703020199730666207 0.97743648054132592495
-33.151514381878541826 1.6824660264210606897
-31.60000856402641034 2.3874955723007964536
-30.048502746174293065 3.0925251181805304412
-28.541746307046203412 3.8181358047511109177
-27.974310938201984555 4.971407093463216853
-28.727230200668000037 6.3604860942254202172
-29.974187996389240141 7.4560756831720391702
-30.554436230496289539 8.9971273123328661114
-31.556579107467822354 10.213085832331319835
-32.693220533506362813 11.272471325649540574
-33.937144981772306096 12.261302965857062475
-35.370294189995590273 13.126597173289290765
-36.879974555157687632 12.913112347193047569
-38.426343369770236791 12.176854612076652984
-40.040996417389870032 11.738281353553251307
-41.405190796864083325 12.288334437347431916
-42.661804137775376944 12.697286674979830323
-44.029976153329911881 12.286762496504255893
-45.175617784290182044 13.195560374668817261
-46.215108246259426039 13.242253888783753979
-47.217556311548783299 11.927490854622250893
-48.274057804783474523 10.654313408203520908
-49.511243795958058911 10.671717726706734908
-50.950587808913098797 11.555769293154575905
-51.543685316596224766 13.316031453999498169
-52.136782824279350734 15.076293614844420432
-51.923104541851415661 13.568664253359978389
-51.709426259423480587 12.061034891875536346
-51.495747976995545514 10.553405530391094302
-51.282069694567610441 9.0457761689066522592
-51.068391412139675367 7.538146807422210216
-50.854713129711740294 6.0305174459377681728
-50.64103484728380522 4.5228880844533261296
-50.427356564855870147 3.0152587229688840864
-50.213678282427935073 1.5076293614844420432
