-50 0
-49.455739954588437968 -1.3846272788481208682
-48.911479909176875935 -2.7692545576962417364
-48.367219863765313903 -4.1538818365443628267
-47.822959818353751871 -5.5385091153924834728
-47.278699772942182733 -6.923136394240604119
-46.734439727530620701 -8.3077636730887256533
-46.190179682119058668 -9.6923909519368471877
-45.645919636707496636 -11.077018230784966946
-45.101659591295934604 -12.46164550963308848
-44.557399545884372571 -13.846272788481208238
-44.013139500472810539 -15.230900067329331549
-43.468879455061248507 -16.615527346177451307
-42.924619409649679369 -18.000154625025572841
-42.380359364238117337 -19.384781903873694375
-41.836099318826555304 -20.76940918272181591
-41.291839273414993272 -22.154036461569933891
-40.74757922800343124 -23.538663740418055426
-40.203319182591869207 -24.92329101926617696
-39.912998763689977011 -24.194981810979339087
-38.544823821532773422 -24.223108872351200915
-37.919325076470713043 -25.606985778478492222
-37.112326824456559393 -25.873972549573849733
-36.176178646757549018 -26.057505500141363797
-34.959366981548868125 -25.993029549770962916
-33.501591613254802837 -26.332550537880138108
-32.003098438634204115 -26.326221113271376595
-30.473631425177753584 -25.922134193352743381
-28.952208660943664853 -25.97179368539975286
-27.455831241913507768 -25.618393332796365769
-26.003826441844147155 -24.779390335019609637
-25.016197444672769734 -23.538962680254122972
-24.792136859140697425 -21.892905854921938413
-24.497564776679816134 -20.226410635470831068
-23.559097166867765338 -18.901698832665449146
-21.96518399149416112 -18.412892912546837465
-20.291169575756661914 -18.176162292668362142
-19.290301935413129542 -17.148554276464007984
-18.166982376441936253 -16.462230580427181792
-16.479668508921559322 -16.65443960641166754
-15.516184336150953271 -16.412398075401043229
-15.080719319298577119 -15.624659460927562193
-15.496258981456829673 -14.155328583259368713
-14.576328427558165046 -13.101656479026903668
-14.435879634327417165 -12.360545836336420678
-15.924436397945251898 -11.808587507470342359
-17.537814662011509625 -11.271071140037985714
-19.151192926077754919 -10.733554772605625516
-20.764571190144014423 -10.19603840517326887
-22.377949454210266822 -9.6585220377409104486
-23.991327718276522774 -9.1210056703085502505
-25.604705982342778725 -8.5834893028761936051
-27.372537656120513816 -7.7475687002838169448
-29.140369329898245354 -6.9116480976914393963
-30.908201003675980445 -6.075727495099062736
-29.251554039748942415 -5.7016553483506031696
-27.588315682693647091 -5.3351751260858932824
-25.925077325638351766 -4.9686949038211869478
-24.2618389685830671 -4.6022146815564815014
-22.598600611527761117 -4.2357344592917725024
-20.935362254472480004 -3.8692542370270652796
-19.272123897417174021 -3.5027740147623571687
-17.608885540361889355 -3.136293792497649946
-16.019565728945554639 -2.7763217938181821154
-15.975759509263824043 -2.5524259032667799829
-17.593272602817730643 -2.474802337793651219
-19.312391370824691705 -2.4072197306110840742
-21.02974699731159447 -2.3992061518105898266
-22.744022937810960627 -2.4902130582687242999
-24.311946888615722173 -2.2647521592729837892
-25.29070595037880409 -1.1535774582160251978
-25.03731610577656852 0.32628012299013542385
-24.551626873535536077 1.9876208661445933235
-24.624274853970383958 3.6510746828672897557
-24.832058856998131091 5.2941475481104616208
-24.60131025545634742 6.9832435746695367129
-24.62076261874227967 8.652912611371933238
-25.181436354583158987 10.225728628246510965
-24.445230085001568909 11.827516326902372867
-25.7902179752646461 11.20501546759172129
-27.135205865527719737 10.582514608281069712
-28.480193755790793375 9.9600137489704181348
-29.825181646053870566 9.3375128896597683337
-31.170169536316944203 8.7150120303491167562
-32.515157426580017841 8.0925111710384651786
-33.860145316843095031 7.4700103117278144893
-35.205133207106172222 6.8475094524171629118
-36.550121097369242307 6.2250085931065122224
-37.895108987632319497 5.6025077337958615331
-39.240096877895396688 4.9800068744852090674
-40.585084768158473878 4.3575060151745574899
-41.930072658421551068 3.7350051558639076887
-43.275060548684621153 3.1125042965532561112
-44.620048438947698344 2.4900034372426045337
-45.965036329210775534 1.8675025779319529562
-47.310024219473845619 1.2450017186213013787
-48.65501210973692281 0.62250085931065157752
