-50 0
-51.28565248413125488 -0.35470602622890701205
-52.57130496826250976 -0.70941205245781402411
-53.856957452393757535 -1.0641180786867210362
-55.142609936525012415 -1.4188241049156280482
-56.428262420656267295 -1.7735301311445350603
-57.71391490478751507 -2.1282361573734420723
-58.99956738891876995 -2.4829421836023488623
-60.28521987305002483 -2.8376482098312560964
-61.57087235718127971 -3.1923542360601633305
-62.856524841312534591 -3.5470602622890701205
-64.142177325443782365 -3.9017662885179769106
-65.42782980957503014 -4.2564723147468841447
-66.713482293706292126 -4.6111783409757913788
-67.9991347778375399 -4.9658843672046977247
-69.284787261968801886 -5.3205903934336049588
-70.570439746100049661 -5.6752964196625121929
-69.381525580890425431 -5.8068017353357905819
-70.256383415655236035 -7.1972736238478827175
-70.678817328651007301 -8.5910674052268873879
-70.589153111564655774 -9.8965268476120247243
-70.391158526276427665 -11.328102633677364253
-70.073231691893141715 -12.809176873261154839
-69.656338057735240454 -14.225573836252710436
-69.162550344675480574 -15.543935360588985617
-68.598267848411850878 -16.782157719717844202
-68.020156851930209996 -17.860252044523011961
-67.342877145671309336 -18.952770450634137234
-66.505598723649413273 -20.118251324737848051
-65.574891245462467282 -21.234087094809517282
-64.534887743577712627 -22.308946719608435671
-63.355177893930367361 -23.354248351192559596
-62.077732721500218815 -24.316634828285526027
-60.751219710850875799 -25.160070928717608751
-59.465576883674337694 -25.846797396728526053
-58.374848450116843424 -25.143747608432786222
-57.659030358930387195 -23.730677640659163075
-56.959264773110007241 -22.28927233887243986
-56.259499187289627287 -20.847867037085720199
-55.559733601469254438 -19.406461735298993432
-54.85996801564888159 -17.965056433512263112
-54.160202429828515847 -16.523651131725539898
-53.460436844008142998 -15.082245829938816684
-52.758927270073506577 -13.644656752906364261
-51.87860585462194507 -12.730187909521522016
-51.201721547896426046 -13.517744458506058436
-51.111728587157870152 -15.08859097479691691
-51.059425980670802403 -16.692484569388707172
-51.007123374183734654 -18.296378163980502762
-50.954820767696666906 -19.9002717585722948
-50.902518161209606262 -21.504165353164086838
-50.850215554722531408 -23.108058947755878876
-50.79791294823547787 -24.711952542347667361
-50.745610341748403016 -26.315846136939459399
-50.457832465090447727 -27.522669016763696703
-49.280370139709937405 -27.298638824586799245
-47.817356664934521859 -27.391200788787159581
-46.450801559171082999 -27.419282946463070516
-45.022737402845763199 -27.053838030492400435
-43.51748468358128008 -26.543064207782641972
-42.047691565134080349 -25.909643064866244799
-40.656095966578817524 -25.1739974790396559
-39.401779476729785756 -24.382812740162140841
-38.221666018776446094 -23.510539953029056193
-37.066758104084662762 -22.51517455938018486
-36.050466872167419297 -21.498875077826745894
-35.447554211789949363 -20.680948002344525349
-35.867072885342103916 -19.197699051802963766
-35.265010067805135918 -18.470953254864735271
-33.71575626119528124 -18.444465239404166823
-33.292249549267594944 -17.736129951039472985
-33.135709059406707411 -16.754686558641200378
-33.325098356807046684 -15.425990325945290849
-32.350745956054723251 -15.849690635692308405
-33.331260069607239416 -14.969152267042735716
-34.31177418315975558 -14.088613898393163026
-35.292288296712271745 -13.208075529743590337
-36.272802410264787909 -12.327537161094017648
-37.253316523817304073 -11.446998792444444959
-38.233830637369813132 -10.56646042379487227
-39.214344750922329297 -9.6859220551452995807
-40.194858864474845461 -8.8053836864957268915
-41.175372978027361626 -7.9248453178461550905
-42.15588709157987779 -7.0443069491965815132
-43.136401205132393955 -6.1637685805470088241
-44.116915318684910119 -5.2832302118974361349
-45.097429432237426283 -4.4026918432478634458
-46.077943545789935342 -3.5221534745982907566
-47.058457659342451507 -2.6416151059487180675
-48.038971772894967671 -1.7610767372991453783
-49.019485886447483836 -0.88053836864957268915
