-50 0
-48.794961534139822845 -1.4338326337163527224
-47.58992306827964569 -2.8676652674327054449
-46.384884602419475641 -4.3014979011490579452
-45.179846136559298486 -5.7353305348654108897
-43.974807670699121331 -7.1691631685817638342
-42.769769204838951282 -8.6029958022981158905
-41.564730738978774127 -10.036828436014468835
-40.359692273118596972 -11.470661069730821779
-39.154653807258419818 -12.904493703447172948
-37.949615341398249768 -14.338326337163527668
-36.744576875538072613 -15.772158970879878837
-35.539538409677895459 -17.205991604596231781
-33.506191391307496019 -17.177448191167801639
-31.472844372937093027 -17.148904777739371497
-29.769811588689698567 -17.243951145284214022
-28.06677880444230766 -17.338997512829052994
-26.363746020194916753 -17.434043880373891966
-24.660713235947525845 -17.529090247918738044
-22.954394565239809367 -17.623047581486520841
-21.219333029034821436 -17.707468572459816869
-19.457134159024683129 -17.768436899286768949
-17.736321910102510913 -17.652249256794775079
-17.202199759441715088 -17.778512666336617087
-17.136529218711874734 -17.943781071967315199
-16.473854149673147873 -17.881643608256617028
-15.678301981616039384 -17.056684205041118929
-15.396477697171228272 -16.610279060877640944
-15.736601245104743896 -18.036696860879334992
-15.873709013812515423 -18.50136359676883302
-15.614574936242734182 -17.485526323234950041
-15.510904252980651563 -17.444400513014823417
-15.318120834238825978 -17.711530366037603557
-14.76517675082430614 -18.443530807707592345
-13.912334868838502899 -19.888457418537178967
-13.054146111889430415 -21.36091030339319019
-12.195957354940357931 -22.833363188249204967
-11.337768597991285446 -24.305816073105216191
-10.479579841042214738 -25.77826895796123452
-9.6213910840931404778 -27.250721842817252849
-8.7632023271440715462 -28.723174727673274731
-7.9050135701949972855 -30.19562761252929306
-7.0468248132459265776 -31.668080497385311389
-6.1886360562968523169 -33.140533382241329718
-5.3675177346289011382 -34.144148585954461339
-4.3628460380828695264 -33.509520896646293409
-3.1080278536306611414 -32.590787472456902663
-1.8817664845751931324 -31.53387479993105913
-0.82489287137141786843 -30.468575289129574912
-0.37162778391964412794 -29.492697886350917713
-0.71133349454400374157 -27.996719649684369102
0.29309528366970977187 -27.49404712149101826
1.5844465823700026874 -27.25491565660464488
2.0343161475563071861 -26.469394398921185285
1.784972776730716415 -25.140607247656223677
2.3164976223311430914 -23.949746511062979692
3.302124606479723834 -22.849112257729622399
3.06979685685875614 -21.249618541446540831
2.8001650038077574578 -19.558335226726882183
3.3321443978559774912 -18.078389153842532977
4.3715340628860959171 -16.12602648910486991
4.0285850601560229123 -14.640282377995125884
2.8588498303917675436 -13.554760328347311926
2.8027992440809965657 -12.298260068043044058
3.5211824096168413689 -10.874331740781553179
3.0305078464434167529 -9.5036625078335070782
2.2770804357220892911 -8.0036378222558397511
1.4101065086448318908 -6.621945788295090729
0.17963241529955986664 -5.5163626933296612265
-0.36934952545690002967 -3.9522937852034840667
-1.4134310252295883004 -2.769086628242664716
-2.5520943039285377552 -1.717534209233178899
-3.7774974676729904388 -0.75096441624398124759
-5.0294929447025626956 0.08936053855813241853
-6.1825473165953575005 0.74985303497214061963
-7.6404181858365518565 0.94676392125153796542
-9.3028256032851324164 1.1839869218489522673
-10.528127208827822159 2.2637963403715799515
-11.801132416876825459 2.7218603802971976791
-13.237264512924140192 2.3229813694237289035
-14.294695811569146926 1.0514494697850347293
-15.178700850759646812 -0.41108452479275997549
-16.07121491003001168 -1.8696446608958561253
-16.977862797612402801 -3.3196156707022912435
-17.94443413054549552 -4.4909006245607754337
-19.132315834155289025 -4.0781807442482032044
-20.571414507065398425 -3.2662264842160775302
-22.189117326593446933 -2.7244903152817019354
-23.75103666770984745 -1.9718207103494933552
-25.40138906553882947 -1.4813591632970470879
-27.056499842348813445 -1.5239695325077935451
-28.158177779235892046 -2.4213999435123079174
-27.663875299177213662 -3.7270081301083815006
-26.668870976459540856 -5.1144900711986638342
-25.673426282728090797 -6.5020440208680954086
-24.677981588996640738 -7.8895979705375278712
-23.707723999804318993 -9.2543600264920193865
-23.687380067516276227 -9.759542090911683232
-25.032986786752054797 -9.0286709193979675092
-26.50722764702695855 -8.1813982906972455567
-27.981468507301862303 -7.3341256619965253805
-29.680973369819412255 -6.0238167612756612357
-31.380478232336962208 -4.7135078605547970909
-33.242430409103263855 -4.2421570744993175595
-35.104382585869572608 -3.7708062884438375839
-36.966334762635874256 -3.2994555023883580525
-38.828286939402175904 -2.8281047163328780769
-40.690239116168484657 -2.3567539302773985455
-42.552191292934786304 -1.885403144221919014
-44.414143469701087952 -1.4140523581664394825
-46.276095646467396705 -0.942701572110959507
-48.138047823233691247 -0.47135078605547953146
