-50 0
-48.968935352247896731 -1.492461385687225528
-47.937870704495793461 -2.9849227713744510559
-46.906806056743690192 -4.4773841570616763619
-45.875741408991586923 -5.9698455427489021119
-44.844676761239483653 -7.4623069284361278619
-43.813612113487380384 -8.9547683141233527238
-42.782547465735277115 -10.447229699810579362
-41.751482817983173845 -11.939691085497804224
-40.720418170231070576 -13.432152471185030862
-39.689353522478967307 -14.924613856872255724
-37.455100842408754147 -14.193207917552346231
-35.220848162338533882 -13.461801978232438515
-33.401522090371891238 -12.88270722107341193
-31.582196018405259252 -12.303612463914383568
-29.762869946438652136 -11.72451770675535343
-27.943543874472016597 -11.145422949596323292
-26.124217802505388164 -10.566328192437296707
-24.30489173053874552 -9.9872334352782736744
-22.520838885457948209 -9.4818371247045387662
-21.946641705808634271 -10.121392912283777576
-22.945376974385677471 -11.646297120295388439
-24.054685161694916218 -13.192633436781935785
-25.163993349004151412 -14.738969753268484908
-26.273301536313393711 -16.285306069755034031
-27.382609723622628906 -17.831642386241576048
-28.4919179109318641 -19.377978702728125171
-29.601226098241102846 -20.924315019214674294
-30.710534285550341593 -22.470651335701223417
-31.815994808488138545 -24.016506417975325149
-31.979623965331029467 -25.205705821010973011
-30.846346063029102424 -25.926847501648975225
-29.793896261351516586 -24.857226729004107568
-28.698339122204245655 -23.296659326084967034
-27.602781983056967618 -21.736091923165833606
-26.50722484390968603 -20.175524520246696625
-25.411250300613794195 -18.615271638083264349
-24.2326559973797373 -17.117896199697828052
-23.171159962177025449 -16.487865645596698982
-22.949492496931885199 -17.993477420749258044
-22.525668925058319303 -18.479734479050456741
-21.552866670110621072 -17.423904676319939
-20.34623016899536907 -17.456064825884485714
-19.025797544330036004 -17.62289017241632294
-17.486376337818072102 -17.631114883889377865
-15.657753282416802421 -18.042293782669304392
-14.214181679272874348 -19.238864263593072224
-12.935192173075765965 -20.660874612257341454
-11.656575828561278385 -22.083394815183744697
-10.377959484046790806 -23.505915018110151493
-9.099329969293703968 -24.926753893878935031
-8.5699672800337989287 -24.617759309997552464
-7.3041265585992594112 -23.569575176134527794
-6.0749012327349323215 -22.363786244848260054
-5.5128136405515340002 -21.26958177530316263
-5.8017046286600466587 -19.664291658826538622
-4.4536259338975581201 -19.269083954764688826
-3.3991540136926801097 -18.76744269404845511
-3.0632644745580530632 -17.720910272850431966
-3.2289144958538140706 -16.161094315774924723
-2.0181658790134004988 -14.994726003947119963
-1.9926983916513374417 -13.326223997874118155
-1.584839883454703946 -11.486371577290094947
-1.1769813752580704502 -9.6465191567060717404
-0.76912286706143695447 -7.8066667361220476451
-1.3018949514620077323 -6.2138677656235348223
-2.4706264294271376158 -4.9940440214907777516
-1.9822292947787574224 -3.4867508031158864767
-1.8517521721897978182 -1.9624908566587837555
-2.6307530603674118552 -0.32934655710719312749
-3.4681290162539455402 1.3183225625422423377
-4.8352556854375974282 2.5641710330457256894
-5.5128383879096531928 4.2699485524871798603
-6.6589311124375267781 5.5579760239749127493
-7.3214549869006582128 6.1804957556711634936
-8.6655941414548500745 4.9026701494041207141
-10.023470040278731119 3.5646348341744391597
-11.381345939102605058 2.2265995189447567171
-12.739221837926477221 0.8885642037150749406
-14.097097736750352936 -0.44947111151460733547
-15.442654045623315895 -1.7305589496707398656
-16.568778889283994005 -1.9612673512392972963
-17.870246119546070673 -2.6874288807332153972
-19.013906755927429515 -2.7838708783600458752
-19.737200265650557185 -2.5137765875284339145
-20.453507569778849984 -1.9214738452710513616
-20.949780181572247528 -2.1664812071242631752
-21.351957935668870903 -3.9746482615409033379
-22.005333890330362578 -4.0863913045214612652
-23.343891998894928719 -2.813905934880704951
-24.804570543611635713 -1.5195208069526011663
-26.075194475693979967 -0.084022193929602861928
-27.312821652127162508 1.3726167765419645672
-28.550448828560348602 2.8292557470135322184
-29.788076004993541801 4.2858947174850996475
-30.975711679010455413 5.9798309735799968223
-32.163347353027369024 7.6737672296748939971
-33.947012617724631411 6.9063905067074049526
-35.730677882421893798 6.13901378373991502
-37.514343147119156185 5.3716370607724259756
-39.298008411816418572 4.604260337804936043
-41.081673676513688065 3.8368836148374469985
-42.865338941210950452 3.0695068918699579541
-44.649004205908212839 2.3021301689024680215
-46.432669470605475226 1.534753445934978977
-48.216334735302737613 0.76737672296748904444
