-50 0
-49.738570014525734564 -1.2364330895892776674
-49.477140029051469128 -2.4728661791785553348
-49.215710043577203692 -3.7092992687678325581
-48.954280058102938256 -4.9457323583571106695
-48.69285007262867282 -6.1821654479463878928
-48.431420087154400278 -7.4185985375356651161
-48.169990101680134842 -8.6550316271249432276
-47.908560116205869406 -9.8914647167142213391
-47.64713013073160397 -11.127897806303497674
-47.385700145257338534 -12.364330895892775786
-47.124270159783073098 -13.600763985482052121
-46.862840174308807661 -14.837197075071330232
-46.601410188834542225 -16.073630164660606567
-46.339980203360276789 -17.310063254249886455
-46.078550217886004248 -18.54649634383916279
-45.817120232411738812 -19.782929433428442678
-45.555690246937473376 -21.019362523017719013
-45.294260261463207939 -22.255795612606995348
-45.032830275988942503 -23.492228702196275236
-44.771400290514677067 -24.728661791785551571
-43.357403497189288544 -24.841150424695189969
-41.967403710497166003 -24.568461389780885895
-41.144416764046397361 -25.289848155704188315
-40.596805207930103165 -26.281558583761196246
-39.872128489412688168 -26.448146363479580145
-39.007444871268120323 -26.610291652643965676
-37.917720734481044076 -26.508561902783792874
-36.635199655312085554 -26.813073199701783267
-35.315790451018919782 -26.871787812626195091
-33.97962925003182022 -26.479621531801612377
-32.59372851334570953 -26.625254423073787535
-31.309477702154822509 -26.376382626522740793
-29.945163163276369289 -26.014292226462274016
-28.533764932863942221 -25.52762015091132497
-27.155867775695401889 -24.93381470128857913
-25.851958857337244524 -24.25299415178993101
-24.654238131702406633 -23.513411708919957022
-24.16031801612110641 -22.204930194056291981
-24.166758622258260658 -20.704479890734106107
-23.860118040969418018 -19.30133087449839735
-23.194810142346991455 -17.979852091555166282
-22.671595431313541269 -16.739508159922305452
-21.495097046571412847 -16.580404984190909801
-20.005656699389305686 -16.900415345700046998
-18.604639497704482665 -17.166459436686643869
-18.304346699965680756 -16.648552331876771859
-18.219566055819594652 -15.711137941114539984
-18.412661038169844119 -14.460797413851192772
-17.433629018486733742 -13.560631563752439277
-16.871815020599093771 -12.463794546412664488
-17.193819489784189614 -11.000776655718047081
-17.421546881541498664 -9.5072122416837903103
-17.001299825424535328 -8.1865424005365081683
-15.845304302081276049 -6.1756291096220161663
-16.026821068806668791 -4.8098059589258959079
-17.041199412502145094 -3.8236023176192772688
-18.3540158332934773 -3.1116608374547900517
-19.833702705194774296 -2.7522821422574001993
-21.34310664558890025 -2.4700647929276242643
-22.850117582896054103 -2.3001061984330464227
-24.305337252064429521 -2.1681899815158067746
-24.981998799063394046 -1.4226207316564807304
-25.240211782238084481 -0.1131783939090512392
-25.365414873304231946 1.214087484357325275
-24.930295713362554011 2.6367824448370194013
-24.589753531984271717 4.1252552733115948058
-24.427859938167735265 5.6438008674043125268
-24.717058523671646242 7.1414156590826696203
-25.01220653781781067 8.640370489062410897
-25.148304378282514193 10.079458310358546669
-25.914605671302464174 10.535344944287405866
-26.883313171682864606 11.048283608132447142
-27.984107782555110333 10.52217486488804532
-29.084902393427352507 9.9960661216436434984
-30.185697004299598234 9.4699573783992399001
-31.286491615171843961 8.9438486351548380782
-32.387286226044089688 8.4177398919104362562
-33.488080836916331862 7.8916311486660344343
-34.588875447788574036 7.3655224054216317242
-35.689670058660823315 6.8394136621772290141
-36.790464669533065489 6.3133049189328271922
-37.891259280405307663 5.7871961756884244821
-38.992053891277549837 5.2610874324440226601
-40.092848502149799117 4.7349786891996208382
-41.193643113022041291 4.2088699459552181281
-42.294437723894290571 3.6827612027108163062
-43.395232334766532745 3.1566524594664127079
-44.496026945638774919 2.630543716222010886
-45.596821556511017093 2.1044349729776090641
-46.697616167383266372 1.5783262297332072421
-47.798410778255515652 1.0522174864888054202
-48.899205389127757826 0.52610874324440182193
