-50 20
-49.043043683996351945 18.589668302070865735
-48.086087367992696784 17.179336604141727918
-47.129131051989048729 15.769004906212593653
-46.172174735985393568 14.358673208283457612
-45.215218419981745512 12.948341510354321571
-44.258262103978090352 11.53800981242518553
-43.301305787974442296 10.127678114496051265
-42.344349471970787135 8.7173464165669152237
-41.38739315596713908 7.3070147186377791826
-40.430436839963483919 5.8966830207086431415
-39.473480523959835864 4.4863513227795071003
-38.516524207956180703 3.0760196248503710592
-37.559567891952532648 1.6656879269212367944
-36.602611575948884592 0.25535622899210252967
-35.645655259945229432 -1.1549754689370352878
-34.785842129759338093 -2.3855659427741606748
-33.806051305887727665 -3.5822631619738611874
-32.756407183610846801 -4.6806001511261410286
-31.780626480948541257 -4.7980222409960839869
-30.531452684440235856 -3.6668380974925791627
-29.286112620203667234 -2.5044932658564871275
-28.040772555967098612 -1.3421484342203962026
-26.795432491730537095 -0.17980360258430486131
-25.550092427493968472 0.98254122905178631342
-24.224348443010445209 1.8964027387234054789
-22.658084430305997614 2.3461072763876069658
-21.307885863978132335 3.340489064971169153
-20.700937446680974574 3.2018271546214838175
-20.6820994515257226 1.6702007258189837113
-20.29226853912803108 1.6463601938190914886
-19.489209436898221384 2.5886984947961919623
-18.538681178319887266 2.5516911019556878237
-17.48237986420591028 2.396500306225882948
-16.196180854527181481 2.2969794574853885649
-14.969369132248624865 1.4326970890409693737
-14.008653193056161967 0.019554785742406034094
-13.056648541787680529 -1.4035725905781371026
-12.10464389051919909 -2.8266999668986789729
-11.152639239250717651 -4.2498273432192226196
-10.200634587982236212 -5.6729547195397671544
-9.2457782497723819404 -7.0897223307899039924
-8.4001642873413526758 -7.3869116654468207628
-7.2087176857341468406 -6.5986687700586443839
-5.9593013132178711544 -5.6295116771392486044
-4.7640711378771527507 -4.5387168658081957773
-3.8418874282594597247 -3.562628379018899949
-3.8460896562375772589 -2.3158811771010650027
-3.8338411351658558957 -1.0801115431512253728
-2.4040180944802949092 -0.89175197760434898875
-1.5505617430762761444 -0.38965607408567137782
-1.1323741065140264794 0.47492072234109083961
-1.5185823354696930121 1.9418353091186855153
-0.52039848079502115663 2.9960500072581783826
0.02198026708180996977 4.2768046395134735604
-0.35751605664135377438 5.9537097882528859927
-0.42831504787528146272 7.6031277562728689645
0.42058944854072399799 8.988435201203889946
1.0803914954051252462 10.475833555325358759
0.73744264223133559888 11.961577500165628152
-0.43229269680658571895 13.047099106034499627
-0.48834330728771768726 14.303599413598318435
0.2300400255607897293 15.727528054747285324
-0.26063423906744276337 17.098196592202537403
-1.0140620956873342973 18.598220983202484291
-1.8810359521840855912 19.979913448948419585
-3.1115100489727134381 21.085496236878832121
-3.660492096682052221 22.649565647729726692
-4.7045732276459002463 23.832773157394925079
-5.8432363534347580014 24.884325483390860256
-7.0686395954754335236 25.850895385846850871
-8.2815494157697564503 26.667010268664647299
-8.8692077180408190884 27.01815643245818066
-9.7439688481284427723 25.761469153488228301
-10.687532802534422061 24.343016159144106325
-11.631096756940401349 22.924563164799980797
-12.574660711346378861 21.506110170455858821
-13.518224665752356373 20.087657176111736845
-14.461788620158335661 18.669204181767618422
-15.471401508546151149 17.321424422214295902
-16.577690370102022399 17.05689079846987255
-17.344982340720154212 17.591776156164211642
-18.213044217234656941 17.554485892172102979
-18.821381216304196471 18.409722015328561895
-19.34866298549987107 17.347672664771245366
-19.821693287415627083 15.81109048675853046
-20.551611108611655965 15.860631100372666324
-21.792755672686961788 16.916151265915765123
-23.187054066140515118 17.800513944113713904
-24.082000589164827886 17.61714691252163334
-25.03794087006527036 17.831032476303001033
-26.286185951585551379 18.976888056643009151
-27.540195925276556466 20.140933544953202983
-28.794205898967561552 21.304979033263393262
-30.319221397776942695 23.085169792901950814
-31.844236896586320285 24.865360552540508365
-33.494760815078471694 24.423055047764098191
-35.145284733570626656 23.980749542987688017
-36.795808652062781618 23.538444038211277842
-38.446332570554929475 23.096138533434867668
-40.096856489047084438 22.653833028658461046
-41.7473804075392394 22.211527523882047319
-43.397904326031387257 21.769222019105640697
-45.048428244523542219 21.326916514329230523
-46.698952163015690076 20.884611009552820349
-48.349476081507845038 20.442305504776410174
