-50 0
-49.124462515561333475 0.73435947348199959173
-48.248925031122674056 1.4687189469639991835
-47.373387546684007532 2.2030784204459989972
-46.497850062245348113 2.9374378939279983669
-45.622312577806681588 3.6717973674099986248
-44.746775093368015064 4.4061568408919979944
-43.871237608929355645 5.14051631437399692
-42.99570012449068912 5.8748757878559967338
-42.120162640052029701 6.6092352613379965476
-41.244625155613363177 7.3435947348199972495
-40.369087671174696652 8.0779542083019961751
-39.493550186736037233 8.8123136817839959889
-38.618012702297370708 9.5466731552659958027
-37.742475217858704184 10.28103262874799384
-36.866937733420044765 11.015392102229993654
-35.99140024898137824 11.749751575711993468
-35.115862764542718821 12.484111049193993281
-34.240325280104052297 13.218470522675993095
-36.066552840486636455 12.387457246960630997
-37.576070271254252475 12.504598437562920665
-39.094549018370599924 12.526750892436412599
-40.600202482636035484 12.354156399393058763
-42.090389744278077444 12.164104897876065081
-43.479832753237815268 12.503709717033338222
-44.844043410971110575 13.030740599569467619
-46.243320506087663091 12.840260467210081075
-47.36663451049714979 13.044504173046398421
-48.436844197194609762 12.717316133317378757
-49.644292389446007974 11.931238396265595014
-50.492659859548076895 12.309793614920028659
-51.15695271201746408 12.537667690249225672
-51.89010332540583903 12.5881464366824396
-52.402352106194712178 13.431856576983925322
-52.855903821362304029 12.634988629385587089
-53.25510388624903868 11.192199157540716925
-53.732513210840807005 10.548423702449486683
-54.477472490145899542 11.543538141613529646
-55.210870725161981909 12.859351773165725419
-55.907398857999410779 14.190559123619108206
-56.603027092945474408 15.522142192455715914
-57.298655327891523825 16.853725261292318294
-57.994283562837573243 18.185308330128922449
-58.689911797783629765 19.516891398965530158
-59.385540032729672077 20.848474467802134313
-60.122397436242835056 22.124161233917092773
-61.273233173232100057 22.838598305885973616
-62.312004128638434963 22.331078535213016778
-63.301911968449509516 21.731052962470258194
-64.095819670343317398 20.566327418183288245
-65.268449197339904799 19.642513239889307641
-66.616520290220378797 18.942507321130019449
-67.63541010253618424 17.943671966073850399
-68.527563266411320342 16.82298281646025373
-69.192325606960778828 15.866571061510549967
-69.69805867658517684 15.049520508840824817
-70.1350336070210858 14.264188931920880776
-70.584293131961828749 13.357386992815067472
-70.781286243485766363 11.973936410130246344
-70.843216980677340189 10.604259683926807512
-70.21711268352140678 9.3074511833432982399
-70.311057612374895598 8.0788450224126204802
-71.226083011659454769 6.8783456466709269606
-72.034303688452695269 5.5669626443261659432
-72.432823697835758026 4.25932805081706789
-72.354132909621938552 3.0385745198100062581
-72.183109285196920268 1.7135746405217844313
-71.904910656369111166 0.32163561386828742883
-71.533214008482133295 -1.0325948900105270667
-71.095488531866323001 -2.2852707073050630981
-70.582236236159531018 -3.4920236605311352207
-69.438778667484001517 -3.2980223460571833627
-68.295321098808472016 -3.1040210315832315047
-67.151863530132942515 -2.9100197171092792026
-66.008405961457413014 -2.7160184026353273445
-64.864948392781883513 -2.5220170881613754865
-63.721490824106354012 -2.3280157736874231844
-62.578033255430824511 -2.1340144592134713264
-61.43457568675529501 -1.9400131447395194684
-60.291118118079765509 -1.7460118302655676104
-59.147660549404236008 -1.5520105157916157523
-58.004202980728706507 -1.3580092013176634502
-56.860745412053177006 -1.1640078868437115922
-55.717287843377647505 -0.97000657236976017828
-54.573830274702118004 -0.77600525789580787617
-53.430372706026588503 -0.58200394342185557406
-52.286915137351059002 -0.38800262894790371604
-51.143457568675529501 -0.19400131447395230211
