-50 0
-48.940154571388930549 -0.36395043992690279122
-47.880309142777868203 -0.72790087985380558244
-46.820463714166798752 -1.0918513197807082626
-45.760618285555736406 -1.4558017597076111649
-44.700772856944666955 -1.8197521996345140671
-43.640927428333597504 -2.1837026395614165253
-42.581081999722535159 -2.5476530794883194275
-41.521236571111465707 -2.9116035194152223298
-40.461391142500403362 -3.275553959342125232
-39.401545713889333911 -3.6395043992690281343
-38.34170028527826446 -4.0034548391959310365
-37.281854856667202114 -4.3674052791228330506
-36.222009428056132663 -4.7313557190497359528
-35.162163999445063212 -5.0953061589766388551
-34.102318570834000866 -5.4592565989035417573
-33.042473142222931415 -5.8232070388304446595
-31.982627713611865516 -6.1871574787573475618
-30.922782285000799618 -6.551107918684250464
-31.037073853698526449 -6.4921454306476880092
-31.413903004454176937 -5.186384906820603824
-30.610004684432418287 -4.235965705760684763
-29.822804415432038638 -3.2294611888102977559
-30.06221478424749094 -1.8060866873867664761
-30.349466380227124063 -0.304946585459366315
-30.09664973512848718 1.0650170520984811873
-29.442156345292552544 2.1922295179473207938
-28.787662955456621461 3.3194419837961599562
-28.969179193175197184 4.6852650267072686319
-29.972455290498192682 5.6760572513791291982
-30.569184028570216327 6.6839583355662464115
-29.936817271826075881 7.9192732052704961632
-29.779825098034010011 9.1103678648068751045
-30.326990154604441585 10.376023873563406497
-30.950305286624363532 11.725463776817104389
-31.737926050220412577 12.927085950588370622
-33.027269187503783598 13.620520441538085166
-34.461308374248417863 13.533762450967822488
-35.931687024797142271 13.131697984368832621
-37.405984595437658413 12.878370892405042625
-38.888649047057839425 13.07939807007942612
-40.348568493399504575 12.875333811066917988
-41.663899874218941477 12.212901382491105906
-42.712948106978771534 11.157529354541795286
-43.714125280895096637 10.031916765513582135
-44.715393364753545313 8.9067331260318987063
-45.79422454815083654 8.1218831392696007043
-47.139737296905359187 8.3571565177366498034
-48.072826066265484712 9.2154560024250660177
-48.316120182563921048 10.661929924205889364
-48.489196449567010916 12.172854624159382908
-48.707174363363385794 13.369271679861288504
-49.17458618823602734 12.816714393523032101
-49.752557764032175669 11.377771317152545194
-50.399225918704537719 10.499730263980882938
-51.345971927856155048 11.210245568151055551
-52.640035192902494998 11.993439467242565044
-53.976892898928220177 12.754534256859175301
-55.187689066219732581 13.674202368177297728
-56.295472349248100841 14.695894882149422855
-57.387999462432240705 15.732648610080696372
-58.480526575616380569 16.769402338011964559
-59.579334816648227502 17.732352455382415002
-60.757626881847002664 17.770645291651810282
-62.052456421203920911 17.029035068247821982
-63.315497757328522255 16.267508780564469362
-64.261658111265631987 15.177846627011218672
-65.075155959687819518 14.096812543110091909
-65.660091696167825148 13.213267235576791947
-66.128573873175639619 12.423383819691068197
-66.56125255544637298 11.610938276143873082
-65.641182969032684014 10.965886149691435492
-64.721113382618995047 10.320834023238997901
-63.801043796205313186 9.6757818967865603099
-62.880974209791624219 9.0307297703341227191
-61.960904623377935252 8.3856776438816869046
-61.040835036964246285 7.7406255174292484256
-60.120765450550564424 7.0955733909768108347
-59.200695864136875457 6.4505212645243741321
-58.28062627772318649 5.8054691380719365412
-57.360556691309497523 5.1604170116194998386
-56.440487104895808557 4.5153648851670613595
-55.520417518482126695 3.8703127587146237687
-54.600347932068437729 3.2252606322621879542
-53.680278345654748762 2.580208505809748587
-52.760208759241059795 1.9351563793573127725
-51.840139172827377934 1.2901042529048751817
-50.920069586413688967 0.64505212645243759084
