70 0
70.077032668156078898 1.3842975102287142786
70.154065336312143586 2.7685950204574285571
70.231098004468208273 4.1528925306861426137
70.308130672624287172 5.5371900409148571143
70.38516334078036607 6.9214875511435716149
70.462196008936430758 8.3057850613722852273
70.539228677092495445 9.6900825716010015043
70.616261345248574344 11.074380081829714229
70.693294013404653242 12.458677592058428729
70.77032668156071793 13.84297510228714323
70.847359349716782617 15.22727261251585773
70.924392017872861516 16.611570122744570455
71.001424686028940414 17.995867632973286732
71.078457354185005101 19.380165143202003009
71.155490022341069789 20.764462653430715733
71.232522690497148687 22.148760163659428457
71.309555358653227586 23.533057673888141181
71.386588026809292273 24.917355184116857458
70.26473763997887545 25.532273776648008123
69.260549639636209918 26.460312404471402203
68.184382495951609826 27.183216805735163746
66.948394048728204098 27.663515536881778445
65.331020350090398097 27.698374581472169353
63.926076542905924782 28.289835304045936937
62.845352561627045418 29.276849550544987721
61.577207592107662038 29.530622801720010528
60.195213359829850219 29.464522899139900858
59.041693671216194161 29.788631116725817094
58.014501664696709327 29.800922989217340842
56.963657181681206509 29.688000672051739315
55.927831815855398645 28.425300006958714505
54.850469759943010217 27.330345448744097325
53.520586612941265514 27.424610307707123269
52.017585750927018751 27.812435026758230094
50.779902547782405975 27.38745624462952577
50.872429763008938153 26.099023182837385093
51.386384106989481779 24.570160119398270382
51.900774710937668033 23.041048163617908529
52.415165314885882708 21.511936207837553781
52.929555918834068962 19.98282425205719548
53.436024215076898258 18.452036438734388923
53.850079852340165587 16.902247989658683025
53.814756379153337207 15.493174395885770167
52.707624140914127508 14.791466623786424961
51.420712192903380355 14.49988252149046275
49.900004633997106396 14.847270897351531715
48.35930753894039924 15.294983026127438208
46.82567325904358313 15.771462578336862492
45.292331521786536541 16.249133680629320509
43.758989784529475742 16.726804782921782078
42.225648047272429153 17.204475885214250752
40.774688808853134958 17.495852116025034206
39.900591754714142212 16.600362461001214598
40.013336214755419462 15.165531075544093298
40.617050903410849116 13.797287671371758933
40.110982016395652749 12.512572548988879717
39.221153078782300838 11.157424849882758622
38.769757784106666065 9.6328865084113317607
38.88220394141318792 8.0242023507033994889
39.261840635673621591 6.4871505525232420197
40.327015371160342738 5.6904120455752771335
41.908761547057842733 5.4779033557700227419
43.511286368553768966 5.2891262226206379182
45.106851099238923553 5.0950110804984642954
46.540051889531362406 4.796850989356093109
46.832948972766658358 3.8039976274713005466
47.378127411763870214 3.4169058480075404916
48.807478768884699605 4.0059714486617279405
50.285768836727569919 4.6486833404480156773
51.760180377176389754 5.248854141423636932
53.214256390597924451 5.3336223191914564623
54.720283829467234682 5.1291062224296490868
56.113578227818436517 5.2164890224970319466
56.920937257505961782 5.5291777471464786942
56.885500488652645856 4.2262835719086053743
56.808085315483445754 2.811860828326681272
57.343535689516194509 2.6596226055314611258
57.662742473206392901 1.7008001497289348958
57.744621362780243601 0.10053072131263221523
57.825624938290864918 -1.5020869055934829017
57.90662851380147913 -3.1047045324995972138
57.987632089312107553 -4.7073221594057139683
58.06863566482272887 -6.3099397863118262819
58.042082990553694799 -8.252633483883659693
58.015530316284653622 -10.195327181455493104
59.10502756025877602 -9.2684792558686304176
60.194524804232898418 -8.3416313302817677311
61.284022048207020816 -7.4147834046949041564
62.373519292181143214 -6.4879354791080405818
63.463016536155265612 -5.5610875535211778953
64.55251378012938801 -4.6342396279343152088
65.642011024103510408 -3.7073917023474525223
66.731508268077632806 -2.7805437767605889476
67.821005512051755204 -1.853695851173725373
68.910502756025877602 -0.92684792558686268649
