-50 0
-50.310728790642336605 -1.4011275675580825428
-50.621457581284680316 -2.8022551351161650857
-50.932186371927016921 -4.2033827026742480726
-51.242915162569353527 -5.6045102702323301713
-51.553643953211697237 -7.0056378377904131582
-51.864372743854033843 -8.4067654053484961452
-52.175101534496370448 -9.8078929729065791321
-52.485830325138714159 -11.209020540464660343
-52.796559115781050764 -12.61014810802274333
-53.107287906423387369 -14.011275675580826316
-53.41801669706573108 -15.412403243138907527
-53.728745487708067685 -16.81353081069699229
-54.03947427835040429 -18.214658378255073501
-54.350203068992748001 -19.615785945813158264
-54.660931859635084606 -21.016913513371239475
-53.346641911285630044 -21.917678418893881798
-52.016728762223372939 -22.6837543816774172
-50.555449448528989365 -22.986130146434586408
-49.045204158560103735 -22.683733146554100557
-48.115653327181377108 -23.357916158138163354
-47.52420097213854433 -24.394089491577556572
-46.745200773294861563 -24.571009809314858785
-45.797330564412256138 -24.742775116380848033
-44.578144983060660422 -24.597621738554494186
-43.18828912307746748 -24.977292702075715169
-41.779107751026003825 -24.911013541974025287
-40.336440679807594734 -24.558278017710311047
-38.903819142291027333 -24.618337232452585539
-37.500636334175489139 -24.29379409663513556
-36.009108942629623584 -23.802969221166009106
-34.516111229450970654 -23.229293524521629877
-33.092142825060349764 -22.520807759725261832
-31.794267713565169231 -21.744101282827053012
-30.604134754808331564 -20.906088896060897042
-29.434977065623442627 -19.945597287568848088
-28.350666375515920947 -18.908632367543368957
-27.575201593363299679 -18.061890658878112959
-27.78975997343114912 -16.740664280955169119
-27.636656491995786666 -15.682193444267044313
-26.227329132506227438 -15.551914681944657204
-25.437307826448254389 -15.072076963226317403
-25.003812860870134216 -14.290496223316267788
-25.689925710936066139 -12.92462778735178297
-26.909337059924862245 -12.009450321608451162
-28.367748144832621193 -11.340489029518870723
-29.829391139624341633 -10.674857232678157004
-31.291034134416062074 -10.009225435837443285
-32.752677129207782514 -9.3435936389967295668
-34.214320123999499401 -8.6779618421560158481
-35.569696469325336352 -7.8587259051129203513
-36.925072814651173303 -7.0394899680698248545
-38.280449159977003148 -6.2202540310267284696
-39.635825505302840099 -5.4010180939836329728
-40.99120185062867705 -4.581782156940537476
-39.488316021944747547 -4.0528822277894516191
-37.962292213333633129 -3.5452579025702140036
-36.436268404722532921 -3.0376335773509799409
-34.910244596111418502 -2.5300092521317449901
-33.384220787500311189 -2.022384926912509151
-31.85819697888922164 -1.514760601693273756
-30.332173170278107222 -1.007136276474038139
-28.806149361666996356 -0.49951195125480274406
-27.280125553055892595 0.008112373964432713358
-25.762461495516411958 0.51990177866971154508
-24.863001029723545088 1.3396988113678984789
-25.100688757812200436 2.7892984024964340151
-25.292159049021893935 4.3873181296316507982
-26.105953831270390708 5.6006723827925171122
-27.155326582017757175 6.7077513795787311324
-27.654350458198976526 8.1866920280907855556
-28.677659384755546768 9.2717769134800676056
-29.751058339991189428 10.253882588445206281
-30.904830557707938965 11.164001003856252936
-32.088526244115229247 11.965824772485401439
-33.179124820008453867 12.602000320133534217
-34.43542023198513391 12.824293987884864521
-35.934314870725181379 12.212744169713237952
-37.322311651162934254 11.863227366439364374
-38.494253252486664962 12.61513839633120071
-39.765907871620079561 12.572257578655934296
-41.059204525746700654 12.314457307354727433
-42.147005666121764023 13.259004005850963281
-43.173444141757642001 13.27991966038157301
-44.178764334628183974 12.054233602738422704
-45.209655491718393705 10.824062410581259286
-46.35896094796043343 10.464094811332266488
-46.833797955281198711 12.472106480020560326
-47.308634962601963991 14.480118148708854164
-47.577771466341765461 13.032106333837969459
-47.846907970081574035 11.584094518967082976
-48.116044473821375504 10.13608270409619827
-48.385180977561176974 8.6880708892253117881
-48.654317481300978443 7.2400590743544270822
-48.923453985040787018 5.7920472594835423763
-49.192590488780588487 4.344035444612655894
-49.461726992520389956 2.8960236297417711882
-49.730863496260198531 1.4480118148708847059
