-50 17
-50.303045735851000586 15.780220626085762703
-50.606091471702001172 14.560441252171525406
-50.909137207553008864 13.340661878257288109
-51.21218294340400945 12.120882504343050812
-51.515228679255010036 10.901103130428813515
-51.818274415106010622 9.6813237565145762176
-52.121320150957011208 8.4615443826003389205
-52.4243658868080189 7.2417650086861016234
-52.727411622659019486 6.0219856347718643264
-53.030457358510020072 4.8022062608576270293
-53.333503094361020658 3.5824268869433897322
-53.636548830212021244 2.3626475130291524351
-53.93959456606302183 1.1428681391149151381
-54.242640301914029521 -0.076911234799322159006
-54.545686037765030107 -1.2966906087135612324
-54.848731773616030694 -2.5164699826277967531
-54.588274382295132625 -1.874664935460314652
-53.347102039459038281 -1.6920544095024185882
-52.667148473059953062 -2.5278691261901546916
-52.14617831790862823 -3.3953235836609287901
-51.471982742326858329 -3.550343674108987102
-50.67607270400870334 -3.7021355490732972271
-49.695472337811409602 -3.6719717204198607519
-48.515346836274787279 -3.7784416402214993091
-47.283947076577042878 -3.9843130667069956985
-46.046472797842447733 -3.7512205065411974303
-44.773541967280095832 -3.5759979082259851779
-43.526678066033447578 -3.6197818444097862312
-42.305731009533303677 -3.343507201529103412
-41.005411389576202907 -2.9422942187364387046
-39.689601412842399952 -2.4682577295294620967
-38.41505868330899176 -1.8885217477560267696
-37.209610526864004498 -1.2359585254088827355
-36.113309904360392011 -0.54425480696319183949
-35.079489802360029671 0.20509528588445746777
-34.056663040838415668 1.0533247339575222412
-33.094383032648650556 1.965609722694001249
-32.352215525690795062 2.7595080021926854386
-32.235032829622056738 3.6882340885488842375
-32.526183106803848943 4.9285041262862216982
-31.825182494508027276 5.435697995442183128
-30.448318683700566822 5.4434670581609632123
-30.007897578231759184 6.0149870916303047608
-29.625833665313052734 6.7079932176329517546
-30.045832373460239495 7.9328652488816713273
-29.670990938646081503 9.1805872102839636284
-29.296149503831923511 10.428309171686255041
-28.921308069017765519 11.676031133088546454
-28.546466634203607526 12.923753094490837867
-28.171625199389449534 14.17147505589312928
-27.796783764575291542 15.419197017295420693
-27.42194232976113355 16.666918978697712106
-27.537530012684136693 17.966080917220057955
-28.409587715832010701 18.922289990111071489
-29.198786407941188514 19.820593978725856488
-28.816425629828238186 20.934267279158117248
-28.27476127352586488 22.096178199045255042
-28.668465238326827915 23.21429493563401536
-29.308850553749540069 24.427538412301295523
-29.845061018523434626 25.699735018132624731
-30.799824461622140603 26.661968899772912067
-31.74369506127601781 27.615880996162019301
-32.139522999505253154 28.94010265372040891
-32.968320935081109724 29.936800879164511713
-33.900996441890718813 30.838417432855663947
-34.864581287598944925 31.657328009283638437
-35.944338467964144002 32.459834150229490035
-37.048320397890094569 33.171616261500538769
-38.265518384319953782 32.980477500915448275
-39.536079953867805159 32.355182051516003128
-40.861833266595503744 31.860302630886167208
-42.162167435706358276 31.774260448674500168
-43.198521733000383449 32.500323923443509955
-44.256839800199770707 32.705099611268202864
-45.40912184692864173 32.248966982748662247
-46.396580688710876927 32.820078045016856549
-47.282330220027624534 33.527850010721444107
-48.121528238326717997 32.869521231310969256
-48.955664317199314439 31.723310044089767956
-49.834474831240768822 30.661190054218430134
-50.838401116537980329 30.500437868678922371
-51.980396619212449139 31.265880052987508719
-53.281041253786192158 31.79268633266891797
-53.834800973620218656 33.260295372562865168
-54.388560693454238049 34.727904412456815919
-54.07509207249322003 33.461625525852760177
-53.761623451532202012 32.195346639248697329
-53.448154830571183993 30.929067752644641587
-53.13468620961017308 29.662788866040582292
-52.821217588649155061 28.396509979436522997
-52.507748967688137043 27.130231092832467255
-52.194280346727119024 25.86395220622840796
-51.880811725766101006 24.597673319624348665
-51.567343104805082987 23.331394433020292922
-51.253874483844064969 22.065115546416233627
-50.940405862883054056 20.798836659812174332
-50.626937241922036037 19.53255777320811859
-50.313468620961018019 18.266278886604059295
