-50 0
-50.242553592754134684 -1.4214399316371957305
-50.485107185508276473 -2.8428798632743914609
-50.727660778262411156 -4.2643197949115876355
-50.97021437101654584 -5.6857597265487829219
-51.212767963770680524 -7.1071996581859782083
-51.455321556524822313 -8.528639589823175271
-51.697875149278956997 -9.9500795214603705574
-51.94042874203309168 -11.371519453097565844
-52.182982334787226364 -12.79295938473476113
-52.425535927541368153 -14.214399316371956417
-52.668089520295502837 -15.635839248009153479
-52.91064311304963752 -17.057279179646350542
-53.153196705803772204 -18.478719111283545828
-53.395750298557913993 -19.900159042920741115
-53.638303891312048677 -21.321598974557936401
-52.324013858985836123 -22.222364028520338763
-50.994100643031330833 -22.988440101380739122
-49.532821268071458576 -23.290815266615471302
-48.022577850031467506 -22.988417495144993552
-47.093028136319702526 -23.66260039806514115
-46.501576040175855553 -24.69877460489535892
-45.722575763169658103 -24.875695100586721509
-44.774705579080588791 -25.047460591580026801
-43.555519326999096563 -24.902307335727165594
-42.165661380203509623 -25.281978746453813045
-40.756479007904069078 -25.215699134862980202
-39.313812715606381687 -24.862963615727117883
-37.881192900187464545 -24.923023794208877035
-36.478008918357943458 -24.598480534987583468
-34.986480328915739335 -24.107653574095458282
-33.493482311237102067 -23.533979533847226406
-32.069514368767030987 -22.825494008957932124
-30.771639622517298562 -22.048787803563651977
-29.581506905344525649 -21.210775675965152232
-28.412349113707129789 -20.25028409524350792
-27.328038279063797233 -19.213319145992919346
-26.552573393027305571 -18.36657740381956927
-26.767133078741167651 -17.045349846033797547
-26.614029581906908817 -15.986878991526324967
-25.204702242235811127 -15.856600258989843155
-24.414679340061745449 -15.376763542433884879
-23.981184445097191826 -14.595182993501399693
-24.667271147619270977 -13.22921816053495192
-25.886477937766620983 -12.313331105025357104
-27.344594566220369103 -11.643348160840874428
-28.805941888904090575 -10.976690491995475085
-30.267289211587836917 -10.310032823150075743
-31.728636534271565495 -9.6433751543046746235
-33.189983856955294073 -8.9767174854592735045
-34.651331179639029756 -8.3100598166138741618
-35.971431746858108625 -7.4522166948258821151
-37.291532314077187493 -6.5943735730378891802
-38.611632881296259256 -5.7365304512498962453
-39.931733448515338125 -4.8786873294619041985
-38.426393667920748953 -4.3477893231235489324
-36.901775327758670642 -3.839401881735307942
-35.377156987596585225 -3.3310144403470669516
-33.852538647434506913 -2.8226269989588264053
-32.327920307272421496 -2.314239557570585859
-30.803301967110353843 -1.8058521161823455348
-29.278683626948268426 -1.2974646747941045444
-27.754065286786186562 -0.78907723340586444216
-26.22944694662410825 -0.28068979201762389586
-24.996740254559103533 0.37753480776061043578
-24.999534843632144288 1.7148862264898796504
-25.023832425567434257 3.3384595728770500855
-25.294814389903791607 4.8302803157419091917
-26.095115943102634049 6.1832040087775164139
-26.522091851909067373 7.7350998774018959736
-27.522222538040303164 8.8351629107544589203
-28.592168373837719031 9.8322841142959589433
-29.732590493325197656 10.748899051970397522
-30.922521405912384296 11.570472184786673608
-32.022802534008704356 12.224223506318864452
-33.221999076196567557 12.583139504628537253
-34.762531034755923542 12.084403814600637617
-36.197014011580890269 11.84125750228728613
-37.398123441437775227 12.615138384818161299
-38.692798535706330654 12.572257582822173205
-40.007188732061408132 12.314457309546224195
-41.113411692867835256 13.26012720965172953
-42.141710815874183993 13.302804923075322918
-43.133133255651529225 12.116829956119161693
-44.168969438358971047 10.890757475691755118
-45.328644116490906413 10.438021222217924944
-45.764140261046264868 12.316837563443950643
-46.199636405601623323 14.195653904669978118
-46.579672765041458149 12.776088514202980306
-46.95970912448130008 11.356523123735982495
-47.339745483921134905 9.9369577332689846827
-47.719781843360976836 8.5173923428019868709
-48.099818202800811662 7.0978269523349890591
-48.479854562240646487 5.6782615618679912473
-48.859890921680488418 4.2586961714009934354
-49.239927281120323244 2.8391307809339956236
-49.619963640560165175 1.4195653904669978118
