-50 0
-48.998084860257961282 -1.2283767341045559451
-47.996169720515922563 -2.4567534682091118903
-46.994254580773883845 -3.6851302023136680575
-45.992339441031845126 -4.9135069364182237805
-44.990424301289806408 -6.1418836705227795036
-43.98850916154776769 -7.3702604046273361149
-42.986594021805728971 -8.598637138731891838
-41.984678882063690253 -9.8270138728364475611
-40.982763742321651534 -11.055390606941003284
-39.980848602579612816 -12.283767341045559007
-38.978933462837574098 -13.512144075150116507
-37.977018323095535379 -14.74052080925467223
-36.975103183353496661 -15.968897543359227953
-35.973188043611457942 -17.197274277463783676
-33.90823520378907574 -17.165295329460093399
-31.843282363966686432 -17.133316381456406674
-30.436100471660147093 -17.218261989808045342
-29.028918579353607754 -17.303207598159680458
-27.621736687047079073 -17.388153206511315574
-26.214554794740539734 -17.473098814862947137
-24.8073729024340075 -17.5580444232145787
-23.396506228267178074 -17.639303192871004455
-21.971064925849344007 -17.705979198759767002
-20.538528320203045752 -17.760992969295426036
-19.103658994024964812 -17.750979821237216072
-17.838518836245366828 -17.60066064362137439
-17.781269928458353746 -17.862147902633179086
-17.607990814013934511 -17.935325186621550841
-17.050179583870665567 -17.907574196989809678
-16.381512452185095441 -17.475053464691082894
-15.864295510328828342 -16.512335466192041622
-15.915219668678927789 -16.954304238595153009
-16.236091755687748872 -18.26278953012818107
-16.333133813032766568 -18.586492494331302794
-16.107405061764801246 -17.597884673651488896
-15.979849138177426582 -17.440134717944108189
-15.887195446003698152 -17.48063216046282875
-15.660353683930509305 -17.788938565423251248
-15.004078063316930169 -18.230978355182323014
-14.084339498589169892 -18.613034166964641969
-12.976855574280548922 -19.293883558273485335
-11.828648456880609174 -20.105425962013693919
-10.680441339480665874 -20.916968365753909609
-9.5322342220807279034 -21.728510769494118193
-8.3840271046807846034 -22.54005317323433033
-7.2358199872808439679 -23.351595576974538915
-6.0876128698809042206 -24.163137980714747499
-4.9394057524809609205 -24.974680384454959636
-3.791198635081020285 -25.786222788195168221
-2.6429225538690084285 -26.597550759117460473
-1.447957971884793027 -27.263707712308391962
-0.098652378485227440463 -27.449964018995949289
1.0837092227012909973 -27.326950998037595753
1.4497189312190066346 -26.703830167122443839
1.6208879183339779395 -25.859881722518860414
1.304614595208041683 -24.651859659468023267
2.0712905782079871209 -23.770057881577976389
2.8828128242375332668 -22.861343865466505321
2.7245050227355536165 -21.562227504930131516
2.4137212538140353502 -20.158820239577305955
3.172112152769992921 -18.197560390443186407
3.9305030517259504919 -16.236300541309066858
3.814915045182855291 -14.937138956918229127
2.9428575230371407656 -13.980929293033003802
2.1536595522969901317 -13.08262462403207671
2.5360222403482493014 -11.968951468878527677
3.0776828889867111627 -10.80704248870591222
2.6839786769662801191 -9.688924858230802073
2.0435953626659006943 -8.4756793653824704649
1.5073850424466062048 -7.2034833151354673575
0.55262155341841323608 -6.2412491651568302586
-0.39124907577075990206 -5.2873367062882019596
-0.78707640381692112186 -3.9631156479635420986
-1.6158762292154698059 -2.9664193864975700876
-2.5485520141834712149 -2.064802453818810335
-3.5110723197532855977 -1.246740092614722073
-4.5500818704210868049 -0.47240932775821420364
-5.570825473153307783 0.19284534322795110484
-6.516225442228691378 0.73401096969327639385
-7.6214671499109547526 1.0142437899560434733
-9.0351569106364451045 1.0197974608733724189
-10.271037577580949929 1.5275976402898991946
-11.189784575843502168 2.5313816477382715675
-12.27358284550931522 2.766812355045225047
-13.478797591209362494 2.5059126002915794729
-14.434711326621725291 1.5439335913299772063
-15.170693908250425963 0.33527613785796894774
-15.89952277745645759 -0.88034522013371641069
-16.635596821761293285 -2.083651545114239223
-17.380416406180035693 -3.2775627843796142358
-18.156403238902566244 -4.3644084576624599947
-19.072905875666638309 -4.4380197661438787193
-20.146596453973650398 -3.6413146687372726085
-21.416963170202443223 -3.1333960226101496005
-22.746006209895561767 -2.6674538921112023182
-24.023560720051811757 -2.0306824513823413803
-24.762628174009147841 -0.66633298635603810389
-25.501695627966483926 0.69801647867026517247
-27.032839651218580457 0.65439044875337359919
-28.563983674470673435 0.61076441883648202591
-30.095127697722766413 0.56713838891959045263
-31.626271720974862944 0.52351235900269887935
-33.157415744226959475 0.47988632908580730607
-34.688559767479048901 0.43626029916891573279
-36.219703790731145432 0.39263426925202415951
-37.750847813983241963 0.34900823933513258623
-39.281991837235338494 0.30538220941824101295
-40.813135860487435025 0.26175617950134943968
-42.34427988373952445 0.2181301495844578664
-43.875423906991620981 0.17450411966756629312
-45.406567930243717512 0.13087808975067471984
-46.937711953495806938 0.087252059833783146559
-48.468855976747903469 0.043626029916891573279
