-50 17
-49.959400001908761624 15.756353590766103423
-49.918800003817523248 14.512707181532206846
-49.878200005726277766 13.269060772298310269
-49.83760000763503939 12.025414363064413692
-49.797000009543801013 10.781767953830517115
-49.756400011452562637 9.538121544596620538
-49.715800013361317156 8.2944751353627221846
-49.675200015270078779 7.0508287261288256076
-49.634600017178840403 5.8071823168949290306
-49.594000019087602027 4.5635359076610324536
-49.553400020996356545 3.3198894984271358766
-49.512800022905118169 2.0762430891932392996
-49.472200024813879793 0.8325966799593409462
-49.431600026722641417 -0.41104972927455563081
-49.391000028631395935 -1.6546961385084522078
-49.350400030540157559 -2.8983425477423487848
-49.309800032448919183 -4.1419889569762453618
-48.925707263470947339 -3.103196348368636226
-47.91631822399757823 -3.4809824864701615077
-47.412543326968780377 -4.7380831560131184688
-46.690221219898091931 -4.9118714635237630262
-45.876171898452611231 -5.0741614834438593107
-44.861454050227173695 -5.130711173728525587
-43.604288192312466776 -5.1612113979795530838
-42.285944250767443009 -5.3830288342263301615
-40.958192442680271483 -5.0980891418497495948
-39.585601175573700061 -5.0334195349130075314
-38.273903173111492038 -4.9584910284455929741
-36.938042658713641231 -4.6303765993442098647
-35.53529207468155704 -4.1538615218546226515
-34.138315538851053077 -3.6089575743284214582
-32.80257237283248628 -2.9443253253482026821
-31.577391287875968828 -2.2188510415514919316
-30.456077460966959336 -1.4446299572555965085
-29.354709581404136998 -0.56559036048926181195
-28.303670423163978853 0.40296210173792168519
-27.46402786428780729 1.2863664903599456579
-27.2653220465395556 2.2413541602541107167
-27.560837518065909535 3.558074128964479943
-26.731882367058251049 4.0439502961973170514
-25.354904916125700964 4.1116099300212738399
-24.961426779441111989 4.7775383605472576676
-24.797941320379788266 5.6904447318252397992
-25.058390113548572486 6.9611013437778721524
-24.129174290102664457 7.8751684899930909367
-23.488818339718111616 8.940637623467246442
-23.789121843825892455 10.392431409556950328
-24.038711884623307213 11.889286881562204812
-23.674464387473904026 13.226547362087943682
-22.464750462529991637 15.317281547204590453
-22.698746485425377983 16.570557367471980825
-23.908123209855702385 17.138520331829013799
-25.368723636561320234 17.529733823149431515
-26.355337886820414894 18.061271620851545805
-25.79872777169951803 19.049683267252760288
-24.931141219783285123 20.214615801890055025
-24.943206857938850618 21.582999433821715485
-25.081944564021394939 23.077626515478236513
-25.163251004429202595 24.484036850239501604
-26.125355589148945512 25.473084021561632539
-26.952160729361597902 26.616884096608849575
-27.47357748984080672 27.957863580959916305
-28.445419326484543632 28.969524447540784706
-29.453067967447871922 29.882940682146383438
-30.535144450264681382 30.736554320558834519
-31.64927140198426514 31.498287178311883849
-32.680181297367674631 32.110620936317296525
-33.766760480163583225 32.526578340892100982
-35.236910262898554436 32.098442890513979364
-36.640923691973981136 31.789330248036318238
-37.806441615740020268 32.439830673607055189
-38.980297071995273939 32.730738558950093875
-40.259940245990328833 32.245649191665279432
-41.364331359975821556 32.823588792757547594
-42.358406938508181838 33.534883912801632277
-43.301195267122018606 32.790370046148616723
-44.246377419762623617 31.607198178088097507
-45.250982248583014211 30.559226131489236167
-46.375597661844864206 30.569667050992723745
-46.80782564295881798 32.292696777201200575
-47.240053624072771754 34.015726503409680959
-47.452357191451788765 32.7068244646858588
-47.664660758830805776 31.397922425962036641
-47.876964326209822786 30.089020387238214482
-48.089267893588839797 28.780118348514392324
-48.301571460967856808 27.471216309790573717
-48.513875028346873819 26.162314271066751559
-48.726178595725897935 24.8534122323429294
-48.938482163104914946 23.544510193619107241
-49.150785730483931957 22.235608154895288635
-49.363089297862948968 20.926706116171466476
-49.575392865241965978 19.617804077447644318
-49.787696432620982989 18.308902038723822159
