-50 0
-48.664515077219284933 -1.2858528138200866486
-47.329030154438569866 -2.5717056276401732973
-45.993545231657847694 -3.8575584414602599459
-44.658060308877132627 -5.1434112552803465945
-43.32257538609641756 -6.4292640691004336873
-41.987090463315695388 -7.7151168829205198918
-40.651605540534980321 -9.0009696967406060963
-39.316120617754265254 -10.286822510560693189
-37.980635694973550187 -11.572675324380780282
-36.64515077219283512 -12.858528138200867375
-35.309665849412112948 -14.144380952020952691
-33.974180926631397881 -15.430233765841039784
-32.638696003850682814 -16.716086579661126876
-31.303211081069964195 -18.001939393481212193
-29.967726158289245575 -19.287792207301301062
-28.632241235508530508 -20.573645021121386378
-27.093581812142321752 -19.044466268564274714
-25.562532793118961649 -18.289789286612105457
-23.938703640327599231 -17.870168344923481385
-22.187203292582893255 -17.924001294536864748
-20.467732123827442337 -17.773408399068497232
-18.933264953807437792 -17.027083401249711869
-17.756183882506924476 -16.380199135133665322
-17.338886835720245472 -17.516962653781334325
-17.017486584307388142 -18.682294958368572679
-16.184882045385826643 -17.843776933053362654
-15.517594582192641539 -17.64928082168192347
-15.29178447301592314 -19.179403129879080581
-15.107549116308341297 -20.871935997179502209
-14.923313759600745243 -22.564468864479916732
-14.739078402893159847 -24.257001731780334808
-14.534711601409815884 -25.91054192960483249
-13.776882672508344641 -26.464068962582320665
-12.306549178290017821 -26.046833939924166401
-10.771186142410947184 -26.134688017800673521
-9.2862256277330494925 -25.798114021133500273
-7.7014004565185185669 -25.280966916945338596
-6.1194410751391448144 -24.659356235239393129
-4.6200353476350350945 -23.894844351065760435
-3.2688224067487858804 -23.060220007146092769
-2.0129882247419725871 -22.140801760985880264
-0.78672725075078453472 -21.083889420938049852
0.27014633354489703265 -20.018589961839101221
0.72341125157380636868 -19.042712381358402496
0.38370557134995186832 -17.546734135407305644
1.3881343378277004597 -17.044061610966874554
2.6794858634952269938 -16.804930295950015307
3.1293555294243624587 -16.01940886863526714
2.8800116792093599649 -14.69062109937571492
3.4114916300753681533 -13.499799609411789802
4.3822886192001515582 -12.411969119391233818
4.0789896458116388089 -10.860030889982931868
3.5933657737005786359 -9.2200407350790811734
4.2745109445893660904 -7.4379873699273790777
4.9556561154781544332 -5.655934004775676982
4.6366044542069611012 -4.1199684561783458392
3.6445346659503083941 -2.906016458972512595
4.0062198645628646076 -1.5660107151093871636
4.5437370343675027584 -0.20056458372759156106
3.9812731584595262291 1.201093893327994433
3.2600219727779862211 2.7208063674784930264
2.2778464671320217683 4.0178075303157427811
1.1302423989069740884 5.176335822116882035
0.57453421820337879922 6.7296218542589976153
-0.517749192726903118 7.8770972983712859161
-1.6638687737554622714 8.9066932211250033902
-2.9076582917731350619 9.8604420675940076535
-4.1437653038741402156 10.666897927849596783
-5.2928764607791300989 11.307062672334204478
-6.8490825826384966746 11.392007486737533384
-8.4620354529907277907 11.762262088864771314
-9.6235652291378421808 12.931375275104569411
-10.950281815947315422 13.216765171291502412
-12.420320576431771897 13.152957309083967985
-13.653025705865344364 13.508974221940373894
-14.389466791538012558 13.524638005947210218
-14.506887590616756256 12.804991406892542116
-14.553574446180672197 11.100592969466690718
-14.600261301744589915 9.3961945320408375437
-14.646948157308504079 7.6917960946149852575
-14.693635012872421797 5.9873976571891311949
-14.740321868436337738 4.2829992197632780204
-14.787008724000251902 2.578600782337424846
-14.833695579564167844 0.8742023449115718936
-14.879509536109509327 -0.83042923714914262945
-14.877713086184447988 -2.5477771937227258192
-14.826792744694447634 -4.1538370100033361609
-15.186931190103052813 -4.0480341085556004188
-16.189856345158815998 -2.7476467481114945635
-16.982469815174741967 -2.188506757964456817
-17.124085263604541751 -3.2874837436126904677
-18.313684112069577026 -3.3422929987081135828
-19.839640199827254463 -2.6145242499128595881
-21.441313975241875767 -2.0245185464749617665
-22.802824354348842917 -1.8051750661014560606
-23.578447015674640852 -2.3919122425100023399
-25.087320393408738539 -2.1931104023101055667
-26.74778085352469148 -1.8225183110196960801
-28.408241313640644421 -1.4519262197292865935
-30.068701773756604467 -1.0813341284388771069
-33.3513280761107751 0.052070532483690534775
-35.201180512098467545 0.046284917763280475356
-37.05103294808615999 0.040499303042870415936
-38.900885384073852435 0.034713688322460356517
-40.75073782006154488 0.028928073602050297097
-42.60059025604923022 0.023142458881640237678
-44.450442692036922665 0.017356844161230178258
-46.30029512802461511 0.011571229440820118839
-48.150147564012307555 0.0057856147204100594195
