-50 0
-49.262403270471217809 -1.3912107960270101437
-48.524806540942435618 -2.7824215920540202873
-47.787209811413653426 -4.1736323880810299869
-47.049613081884871235 -5.5648431841080405746
-46.312016352356089044 -6.956053980135049386
-45.574419622827306853 -8.3472647761620599738
-44.836822893298517556 -9.7384755721890705615
-44.099226163769735365 -11.129686368216081149
-43.361629434240953174 -12.520897164243089961
-42.624032704712170982 -13.912107960270098772
-41.886435975183388791 -15.303318756297111136
-41.1488392456546066 -16.694529552324119948
-40.411242516125824409 -18.085740348351130535
-39.841546488292330253 -19.233954792329264194
-39.228892579758728232 -20.29589863200750699
-38.470143352785434843 -21.433719364933274676
-37.576113763191671069 -22.588428231689196224
-36.60165163134722377 -23.673329944399135627
-35.487886232972094547 -24.740295889965551623
-34.254442805624847779 -25.74905852496226899
-32.943197499451343901 -26.657324484427096678
-31.614713438498014852 -27.431178424729239396
-30.360057121389608881 -27.565664847567617812
-29.50639634546027068 -26.357668708549308434
-28.778792572221700397 -24.920945921132702239
-28.051188798983140771 -23.484223133716099596
-27.323585025744570487 -22.047500346299493401
-26.595981252506000203 -20.610777558882894311
-25.868377479267433472 -19.174054771466288116
-25.140773706028866741 -17.737331984049685474
-24.468431880743434448 -16.529354543411486134
-24.221637418404796449 -17.082841957223497076
-24.180807325022048104 -18.500551021955335074
-23.711505874341479938 -18.254622284506698549
-22.914305867518770299 -17.385324282725711953
-21.992266296862013064 -17.473584372207017879
-20.982736815659706053 -17.527958246943384779
-19.853447099068706194 -17.689257598447710507
-18.382880902749018759 -17.762013998858122932
-16.818009651924327841 -18.292091763827997397
-15.249618244980306159 -18.567525634498959874
-13.786779354162785438 -18.892732399314748903
-12.458233892641386475 -19.776014120016029096
-11.137323237814788612 -20.694242411282580463
-9.8164125829881907492 -21.612470702549138935
-8.4955019281615946625 -22.530698993815690301
-7.4056020306172882783 -23.211962404498127199
-7.0657683248665161813 -22.827497361486958738
-7.3032221573187658947 -21.532806434242370841
-7.1501186457922685236 -20.474335905251024315
-5.7407916555563289762 -20.344056526156226283
-4.9507699747725233408 -19.864218540554304582
-4.5172748606802635152 -19.082637533718973089
-4.9344159553741553381 -17.699975496523268959
-4.4091352357872226619 -15.964967133615219907
-3.8838545162002899858 -14.229958770707170856
-3.3585737966133573096 -12.494950407799121805
-2.8332930770264246334 -10.759942044891072754
-2.3080123574394919572 -9.0249336819830237033
-2.5657347985355647424 -7.5971061079271082761
-3.6710556372508857947 -6.5637499837088082444
-4.0121200587487697575 -5.4342515199163354822
-3.2574511932215690635 -4.0945860549419634822
-3.4630823289693495326 -2.8331376941596833063
-4.1552623647104010018 -1.4514686692538241175
-4.7940176501424618394 -0.014603753864222246417
-5.9292374808698564692 1.0521055675686417086
-6.8100118375406211157 2.2729411849809459945
-7.3475005425782429214 3.3520713052557735701
-8.4943905676240660796 2.8479416347280674948
-9.8127722196512525699 1.917785795713096153
-11.131153871678446166 0.98762995669812425614
-12.449535523705637985 0.057474117683152109448
-13.768064260573687818 -0.87240306879478923818
-15.128070922563727763 -1.7237002398300984574
-16.529249470428229785 -2.1718648244290648108
-17.614021763175390589 -1.9259279620760443308
-18.798636747047233087 -2.6212142945853988962
-19.992496098167137575 -3.0346591107161975387
-20.671970900335349342 -2.3814041074003617915
-21.456362639534646064 -2.6040325111230151478
-22.041452653204110845 -1.7216970143712986285
-22.515297613388664644 -2.0603457006108532035
-22.931950601897835185 -3.5735105083660116954
-23.401089192409742168 -4.4562367754891445415
-24.200051283316028616 -3.4714299391121885563
-24.973874840768900185 -2.049573059997283675
-25.707992055886592198 -0.61996169805009915255
-26.441968468371911172 0.80967716206315809568
-27.175944880857230146 2.2393160221764154549
-27.909921293342524251 3.6689548822896727032
-28.643897705827839673 5.0985937424029295073
-29.396890786284913588 6.8419604444498745011
-30.149883866741987504 8.5853271464968194948
-31.676815876992602483 7.9249173659970644223
-33.203747887243217463 7.2645075854973093499
-34.730679897493835995 6.6040978049975533892
-36.257611907744454527 5.9436880244977983168
-37.784543917995065954 5.2832782439980423561
-39.311475928245684486 4.6228684634982872836
-40.838407938496303018 3.9624586829985322112
-42.36533994874692155 3.3020489024987771387
-43.892271958997532977 2.6416391219990211781
-45.419203969248151509 1.9812293414992652174
-46.946135979498762936 1.3208195609995110331
-48.473067989749381468 0.66040978049975507247
