-50 26
-51.062529499437161462 25.039696181789416585
-52.125058998874322924 24.079392363578829617
-53.187588498311484386 23.119088545368246201
-54.250117997748652954 22.158784727157659233
-55.312647497185814416 21.198480908947075818
-56.375176996622975878 20.238177090736492403
-57.43770649606013734 19.277873272525905435
-58.500235995497298802 18.317569454315318467
-59.56276549493446737 17.357265636104735052
-60.625294994371628832 16.396961817894151636
-61.687824493808790294 15.436657999683564668
-62.750353993245951756 14.476354181472981253
-63.812883492683113218 13.516050363262396061
-64.87541299212027468 12.55574654505181087
-64.053524101820116243 11.463931572600197129
-63.163571873938693102 10.43572886252537657
-62.162279351748047418 9.4295145613507536098
-61.042433041084102285 8.4566840040420352409
-59.840049135778386358 7.5602150609520748503
-58.595637388808746948 6.7690896811579932546
-57.344657863186000668 6.0955729917799139628
-55.902020610860994054 6.1077096952720930645
-54.554801280049588286 6.3231671519301748674
-53.819718208179466501 5.4397461576831744878
-53.241126324758141664 4.602436978295951775
-52.5089276480259457 4.438068186478311361
-51.619083717789536081 4.2766465161501265868
-50.493063306222119024 4.4226967675931465607
-49.19892499420132026 4.0435449521579087673
-47.879357737291108776 4.0406369572781279942
-46.538775326503291296 4.4593265510469528579
-45.16177554965393881 4.3108874863686139634
-43.874645371174892716 4.5721872210232206157
-42.49765200215206562 4.9515671405346495249
-41.088125585759833314 5.4532968411501236972
-39.716307469360323523 6.060820739743324026
-38.418014069385819198 6.7553778043129604214
-37.242765643324972302 7.496792758204851026
-36.135751813589166659 8.3070747665738178256
-35.045942447976955236 9.2284399956983698132
-34.048016856726377455 10.200680641010068328
-33.344142458358184911 10.975553378609616217
-33.567302155111725881 12.228555805648522181
-33.514701167215655175 13.288061373664808329
-32.267177099272700502 13.464667550717743794
-31.317161493783281401 13.788170862596096811
-30.919762087549820251 14.486114280441725555
-31.134609788314282497 15.64661425709427256
-30.922208744586775708 16.774643988358395319
-29.848224171199827737 17.657423462813500947
-29.682412347295471733 18.912680994363931575
-30.042017093548810891 20.408556290001090616
-30.121936584996799269 21.870582428101165817
-29.439467281523754139 23.112860249343182062
-28.585865470907041441 24.732127853396509209
-28.767381940998838274 26.097950396970812648
-29.770658903685262686 27.088742167363630386
-30.367388360675985126 28.096643065432019171
-29.735021697013166886 29.331958266234778421
-29.578027659125154969 30.523054109681439172
-30.125193122939990076 31.788710535121524003
-30.749787925219717266 33.121479094340081417
-31.575240755039430951 33.830427984934814845
-32.937436062285812 33.495462257115065086
-34.365909394284152256 33.032301099991592253
-35.794382726282499618 32.569139942868112314
-37.215466356011226878 32.228335352716449336
-38.598588543766325643 32.561486959025828014
-39.982214633178720931 33.052226692521578855
-41.384160934554046207 32.866201209185994969
-42.596233031579870953 32.96162623228823918
-43.671093926163116805 32.9496042867651866
-44.895422021535097201 32.120156075426656628
-45.998769647517185888 31.96674123766188913
-46.674081891823547608 32.643001053164951486
-47.524452481304450657 32.37448850929880706
-48.193042052168408418 33.14106706883455189
-48.72710788657716563 33.200862768522199531
-49.219506021844793509 31.863142055314416012
-49.695902407826345382 30.623687309476743224
-50.443121313016000329 30.916002184092469918
-51.56931192157612287 31.835463624261212345
-52.844373747584988621 32.604932199714006913
-53.848449406061639877 32.88276137355880735
-54.579366172993701412 32.459953792505785941
-55.628635354556884351 33.205561060845809607
-56.75385447564156749 34.21755902731288046
-57.879073596726250628 35.229556993779965524
-59.004292717810933766 36.241554960247050587
-60.273030995498672269 37.715672549569106309
-61.541769273186417877 39.189790138891169136
-60.579955167087547352 38.090640960650240743
-59.618141060988683932 36.991491782409305245
-58.656326954889813408 35.892342604168376852
-57.694512848790942883 34.793193425927448459
-56.732698742692079463 33.694044247686512961
-55.770884636593208938 32.594895069445584568
-54.809070530494338414 31.495745891204652622
-53.847256424395474994 30.396596712963720677
-52.885442318296604469 29.297447534722792284
-51.923628212197733944 28.198298356481863891
-50.961814106098870525 27.099149178240928393
