-50 0
-47.986653179135501546 0.084843570419804059668
-45.973306358271003091 0.16968714083960811934
-43.959959537406497532 0.254530711259412179
-41.946612716541999077 0.33937428167921623867
-39.809552030107099085 -0.60757076675947696565
-37.672491343672199093 -1.55451581519817017
-35.940044439581093627 -2.3389905234780612453
-34.20759753548997395 -3.1234652317579523206
-32.475150631398868484 -3.9079399400378456164
-30.742703727307745254 -4.6924146483177366918
-29.01025682321664334 -5.4768893565976268789
-27.277809919125527216 -6.2613640648775188424
-25.601131204926343088 -7.0704457018549229375
-25.472111314630978995 -7.9366414176580954987
-27.208178458706733238 -8.4135242160749239559
-29.069622278456169084 -8.8202795714383164238
-30.931066098205615589 -9.2270349268017035627
-32.792509917955051435 -9.6337902821650960306
-34.65395373770451215 -10.040545637528481393
-36.515397557453944444 -10.447300992891877414
-38.376841377203383843 -10.854056348255271658
-40.238285196952830347 -11.260811703618655244
-42.099729016702283957 -11.667567058982051265
-43.204648670868522231 -12.012427634677001365
-42.931752889227922765 -13.115537503675700037
-42.406578705350227665 -14.735401908820318084
-41.764750723131257359 -16.263869884975619584
-41.082702596285180618 -17.58615223098649949
-40.28801543285399589 -18.878385427502472282
-39.276757546942519639 -20.259271573302616076
-38.139138857215634459 -21.561237628175017988
-36.818003128518526523 -22.826206932427282936
-35.333334830111112979 -24.003766834305089617
-33.763778895356757914 -25.023900905061541522
-32.15884145126504734 -25.801953275711838387
-30.312912342441833857 -25.515984734756194996
-29.097378280219999169 -26.112098580435748829
-28.366924559560253272 -27.201507195046684018
-27.799528619431665533 -27.330153694644870654
-27.452563539843602314 -26.551424229100195618
-26.914481272196436379 -24.715659718509481735
-26.376399004549273997 -22.879895207918760747
-25.838316736902111614 -21.044130697328039759
-25.300234469254935021 -19.208366186737322323
-24.711488047985607608 -17.591641254612540024
-23.65808870049588819 -17.50733815853661568
-22.324892872597331461 -17.44747006334801398
-20.823616907061218484 -17.699948668091554538
-18.963344940142718542 -17.734547289550331328
-17.051274937973907697 -18.281569522321056809
-15.309382962687791974 -19.082887929526425097
-13.779353091710429879 -20.205881167786504449
-12.272025774592743019 -21.363456242994200096
-10.764822899533932343 -22.519535915675199078
-9.9590891876490008627 -22.331728529012547568
-8.9001830611625418754 -21.25773691171124824
-8.5837514459042321135 -20.042344562403407338
-8.6868845061710260325 -18.574871889291053151
-7.1323209224608419277 -18.332230700787505384
-6.3002911796781653209 -17.692456678660068548
-6.1577480410631020291 -16.508550495629975785
-6.0575623533712503743 -15.028780989393430545
-4.8827166977807143766 -13.836987463984577573
-4.5046551252164324097 -11.513757487409757019
-4.1265935526521504428 -9.1905275108349364643
-3.7485319800878680319 -6.8672975342601167981
-4.2813040954428362994 -5.2744985672950139843
-5.4500358119636604926 -4.0546748457239134567
-4.9616410127380872197 -2.5473817237200755415
-4.8311608086470521073 -1.0231206148530995748
-5.6101626770799803978 0.61002231995938449582
-6.4522136337212909751 1.8973352960475318163
-7.9987402518876296043 1.4419473986061135395
-9.7084677886122072721 0.60884429438809894997
-11.418195325336785828 -0.22425880982991580614
-13.127922862061362608 -1.0573619140479304512
-14.837650398785941164 -1.8904650182659450408
-16.521343394109869962 -2.5935421696028795324
-18.031096153914823788 -2.1619640027451958453
-19.548342735166922779 -2.0943181985485592733
-20.64201837395776451 -2.1651538580658598043
-21.92281717889913395 -2.9903000038289762053
-22.582376420672677142 -2.4443511451997244066
-23.280888926835523023 -2.3326436980174745095
-23.737867498720646608 -1.7273974447613222871
-24.094827848596093389 -3.330998674271261617
-24.439951698608449959 -4.198991714313233814
-25.028723172085538096 -2.7024001411440417009
-25.653562258543495034 -0.8966619720771609181
-26.278401345001448419 0.90907619698972075284
-26.903240431459394699 2.7148143660566019797
-27.528079517917351637 4.5205525351234836506
-28.15291860437530147 6.3262907041903639893
-28.77775769083324775 8.1320288732572461043
-29.4877826981319906 9.7928916050840282281
-30.97670597638721901 10.164473994181458139
-32.775011123697154858 10.039864960725793708
-34.497510011327442214 9.0358784646532139817
-36.220008898957722465 8.0318919685806342557
-37.942507786588009822 7.0279054725080554178
-39.665006674218290073 6.0239189764354765799
-41.387505561848577429 5.0199324803628968539
-43.110004449478864785 4.0159459842903171278
-44.832503337109145036 3.01195948821773829
-46.555002224739432393 2.0079729921451594521
-48.277501112369719749 1.003986496072579726
