-50 0
-50.384530597598256918 1.5446957822914406666
-50.769061195196520941 3.0893915645828813332
-51.153591792794784965 4.6340873468743222219
-51.538122390393041883 6.1787831291657626664
-51.922652987991298801 7.7234789114572039992
-52.307183585589562824 9.2681746937486444438
-51.885228100265294415 7.3300031164431569408
-51.463272614941018901 5.3918315391376685497
-51.207004328674862847 3.7006157486803754608
-50.948255837667169033 2.0088032844172816205
-50.689507346659489428 0.31699082015418822422
-50.430758855651802719 -1.374821644108905172
-50.1757643874510606 -3.0549066828783058014
-50.241175765822561061 -3.7340559557610060182
-50.927690217602091138 -2.4729026807121927689
-51.699608688239472087 -0.94495047568186307796
-52.471527158876853036 0.5830017293484671681
-53.243445629514248196 2.1109539343787968591
-54.015364100151636251 3.6389061394091273272
-54.787282570789038516 5.1668583444394569071
-55.579403677910462989 6.6674971769328763571
-56.793928242852516064 7.5970589119670401956
-57.986138926649587688 7.0846891654186556764
-59.114408195935887136 6.3809513629245051547
-60.059125326165528236 5.0165688109572856845
-61.499849102940103762 4.0925156218078688752
-62.864234832410311071 3.1653479490576241773
-63.913054486968917445 1.9098795570262101506
-64.723861048146488884 0.77454180078693468658
-65.306115861781506737 -0.15878223262559210127
-65.801128788701674921 -1.0549237978495824564
-66.217525552227840535 -2.2011446708511432924
-66.507852144934361149 -3.7921354254083050606
-66.129559868326111882 -5.3016625550678515566
-65.757036568982471181 -6.7301986217338596319
-66.648227793206629599 -8.0844861721475602678
-67.591890183036056783 -9.5526113244190984375
-68.038301094643315992 -11.032346690706217984
-67.936738267473245401 -12.424477434814075849
-67.709909890407004696 -13.960983135212501338
-67.350243483754809404 -15.528025527695678676
-66.887785984876316547 -17.000047823764404598
-66.333110774696365297 -18.387382284858269088
-65.728179500749178032 -19.632312041658895652
-65.082659205726784535 -20.76119433272000947
-64.27662195443423343 -21.969524971182764261
-63.321756770538520698 -23.191316019734095732
-62.270330790450422853 -24.340282960692043446
-61.059586155755653181 -25.46684209843132507
-59.724832494504312308 -26.514783620171304079
-58.319981650291289554 -27.437473834076197221
-56.919403029581076225 -28.201176003331095643
-55.450658485673770315 -27.814999263831296616
-54.133839506913531636 -26.750252226058165661
-53.075801123138141691 -26.504272081403339456
-52.500303901342405766 -27.895952747693179674
-51.797333348805821629 -28.724755138384409747
-50.65398040409046132 -27.783848012051286958
-49.34449227008319383 -27.301840760872572389
-47.877369388525060856 -27.640803355690394483
-46.46185077484322079 -27.315506534349953682
-45.355187061983940566 -28.249623722048294638
-44.341445060427965075 -29.623753830494333528
-43.224106007548947161 -29.682437898403257748
-41.681316833598131666 -29.219735421370316431
-40.091290906552686124 -28.621172099156570567
-38.567939034300515289 -27.882010315110964171
-37.179202376013293474 -27.059997440890896314
-35.913479302996023534 -26.168713284949422615
-34.674661061601277368 -25.14109700340906528
-33.551715929214928735 -24.048028334462625111
-32.793587648299435955 -23.2031067588059976
-33.216830103399367147 -21.64261033255721145
-32.578882184072860184 -20.869154143423905623
-31.033738546965906835 -20.779094237120784072
-30.586143124502314095 -20.016759351601471906
-30.623590960040466769 -18.838250255905581554
-30.464973049229023161 -17.535051455620454419
-29.326711469954858558 -16.503226752958706669
-29.338380843509796136 -14.997994544388586036
-29.690142016813759085 -13.297510549981469197
-29.395275091568219494 -11.748198478417913648
-28.139637869139882298 -9.4748271494149722827
-28.482586163731294704 -7.9890831145202074737
-29.652320830180837419 -6.903561267682484015
-28.38000129858436793 -6.6705027760651960378
-29.924286920114056443 -6.1940382920605392414
-31.468572541643744955 -5.717573808055882445
-33.012858163173433468 -5.2411093240512256486
-34.55714378470312198 -4.7646448400465688522
-36.101429406232810493 -4.2881803560419111676
-37.645715027762499005 -3.8117158720372548153
-39.190000649292187518 -3.3352513880325980189
-40.734286270821868925 -2.8587869040279412225
-42.278571892351557437 -2.382322420023283982
-43.82285751388124595 -1.9058579360186271856
-45.367143135410941568 -1.4293934520139712774
-46.911428756940622975 -0.9529289680093135928
-48.455714378470318593 -0.4764644840046567964
