-50 0
-49.374524821279784703 -1.0026944013299032843
-48.749049642559569406 -2.0053888026598065686
-48.123574463839361215 -3.0080832039897096308
-47.498099285119145918 -4.0107776053196131372
-46.872624106398930621 -5.0134720066495166435
-46.247148927678715324 -6.0161664079794192617
-45.621673748958507133 -7.0188608093093236562
-44.996198570238291836 -8.0215552106392262743
-44.370723391518076539 -9.0242496119691288925
-43.745248212797861243 -10.026944013299033287
-43.119773034077653051 -11.029638414628935905
-42.494297855357437754 -12.032332815958838523
-41.868822676637222457 -13.035027217288742918
-41.243347497917014266 -14.037721618618647312
-40.617872319196791864 -15.040416019948551707
-39.992397140476583672 -16.043110421278452549
-39.366921961756368376 -17.045804822608356943
-38.00883323173315631 -16.411637648164823844
-36.741347389581584082 -15.701536757581781245
-35.594484624394105765 -14.94798872001645762
-34.490300080851326925 -14.108023508465592499
-33.414391216348981573 -13.162810931442477269
-32.474096631885338127 -12.21374642838703295
-31.884603478025749013 -11.47463246779459034
-32.305578718666403404 -10.063420063174865149
-31.918676340359233734 -9.2509222700670878936
-30.51459275894881884 -9.1899942617765457697
-29.862450442441051734 -8.6870655676073322837
-29.455961862855918554 -7.9544212951816621882
-29.85981940343672747 -6.6634109195272355208
-29.293192013413783314 -5.6421864989379946209
-28.330187659347167539 -4.7078428222410808601
-28.429962059509303884 -3.3442193621727152042
-28.13115091944803936 -1.9878697485956464686
-27.832339779386771283 -0.63152013501857773292
-27.533528639325503207 0.72482947855849078067
-27.234717499264238683 2.0811790921355597384
-27.416234792569003531 3.4470021611880707901
-28.419511095616300622 4.4377944796933288529
-29.016239254641607914 5.4456954248251090434
-28.383870809130346657 6.6810096643208876088
-28.226880388727156657 7.8721034404242828941
-28.774045050223651998 9.1377611648160783631
-29.397361063189269004 10.487201098075717098
-30.184981349272430151 11.688823129875636653
-31.446400689690879204 12.325935116626741461
-32.723124694251637834 11.921857590832292573
-33.980841595473201266 11.090833202094975363
-35.238387261529545924 10.255962445223037349
-36.495932927585904793 9.4210916883510957831
-37.753478593642263661 8.5862209314791559933
-39.011024259698601213 7.7513501746072162035
-40.268569925754952976 6.9164794177352773019
-41.526115591811297634 6.0816086608633392885
-42.784142848090759514 5.4621231566439876204
-44.064489183674702133 5.9674262622733751371
-44.68131593686191394 7.153508471026584381
-44.446538597858655351 8.6185182027506872515
-44.141570746432996941 10.109841538731506816
-44.050934130494582064 11.579228386796676986
-44.610002588825722114 12.671692916642918192
-45.578440331615738046 12.405113255047464094
-46.464623376486635209 12.74747631360002309
-47.176036717196517145 13.454373243225907331
-47.835987148751542009 12.506994806932311803
-48.47644501125632388 11.127092970309911735
-49.223823812466385164 10.492093394251819305
-50.247962480387329265 11.289204533814643838
-51.562122217366251675 11.972976030776495193
-52.929288039712425018 12.669688626341082838
-54.210774144738586244 13.529759218006597976
-55.402666659570215302 14.476947730082892818
-56.575399964897606253 15.442483731827140403
-57.429796625891995632 16.716386891462633457
-58.284193286886392116 17.990290051098128288
-57.766431206455990832 16.865896922904497046
-57.248669126025589549 15.741503794710862252
-56.73090704559519537 14.617110666517229234
-56.213144965164794087 13.492717538323596216
-55.695382884734392803 12.368324410129963198
-55.177620804303998625 11.24393128193633018
-54.659858723873597341 10.119538153742697162
-54.142096643443196058 8.9951450255490641439
-53.624334563012794774 7.8707518973554311259
-53.106572482582393491 6.7463587691617981079
-52.588810402151999313 5.6219656409681650899
-52.071048321721598029 4.4975725127745320719
-51.553286241291196745 3.373179384580899054
-51.035524160860802567 2.248786256387266036
-50.517762080430401284 1.1243931281936312416
