-50 0
-49.164013559826784672 -1.4052524708579157142
-48.328027119653576449 -2.8105049417158314284
-47.492040679480361121 -4.2157574125737466986
-46.656054239307152898 -5.6210098834316628569
-45.820067799133937569 -7.0262623542895790152
-44.984081358960729347 -8.4315148251474933971
-44.148094918787514018 -9.8367672960054104436
-43.31210847861429869 -11.242019766863325714
-42.476122038441090467 -12.647272237721240984
-41.640135598267875139 -14.05252470857915803
-40.804149158094666916 -15.457777179437073301
-39.968162717921451588 -16.863029650294986794
-39.132176277748243365 -18.268282121152903841
-38.296189837575028037 -19.673534592010820887
-37.586192724508620699 -20.82883459360138545
-36.697225588937158136 -22.066030190099503727
-35.70307174423361829 -23.246922401324141561
-34.578505036716904897 -24.387328279716040669
-33.302597338520584458 -25.484577809520040148
-31.93388668854520418 -26.474036420676856807
-30.973495282760971747 -27.070072651662677288
-30.003054773342245909 -25.84095145605585131
-29.051565975499663352 -24.431281253541548892
-28.100077177657063032 -23.02161105102723937
-27.148588379814462712 -21.611940848512915636
-26.197099581971865945 -20.202270645998606113
-25.245610784129276283 -18.792600443484300143
-24.252481583615271177 -17.408735659470501389
-23.229008598827377341 -16.423875651229799644
-22.909281293055844486 -17.319394821996677791
-22.815487702926461111 -18.631845368696421161
-22.190150324561191297 -17.910629220291685471
-21.302263881726194228 -17.425534304304623134
-20.281448222022767425 -17.39758594113022383
-19.178069276202176496 -17.711171289520351024
-17.80174954081743266 -17.640067900795369127
-16.148572127656684927 -18.064893280633864237
-14.554728885860340526 -18.77370636962589856
-13.201919458209612657 -19.80646144679507259
-11.925612404879231576 -20.935490671773141713
-10.649372635958979316 -22.06460457058393132
-9.3731328670387341617 -23.193718469394728032
-8.0968930981184854545 -24.322832368205524745
-7.3773919422445324301 -24.510547948122514583
-6.4681803825918304796 -23.619863283569948464
-5.6887371562157191818 -22.757259988629023439
-6.0630822584646359985 -21.236563757663400764
-5.5198019890304630408 -20.39316005988549918
-3.9199698508275027109 -20.334761763954080749
-3.4718222207946922708 -19.576140959977784917
-3.4486962236931537618 -18.439324758218560874
-3.3806368407413289745 -17.108810289165774066
-2.2301136353566666237 -16.084939630324949889
-2.1720060397496676607 -14.608507699781160483
-2.5378092089683974564 -12.907976795196313802
-2.3012779736673847353 -11.341943942382968658
-0.99848050702357393771 -8.9862521667892938382
-1.3414293241896995124 -7.5005080537260724327
-2.5111645429796340956 -6.4149859933413626578
-2.5672136284340707491 -5.1584856676373638251
-1.8488323743355898898 -3.7345585536522554193
-2.3395068944506327568 -2.3638891949379559065
-3.0929340950390922238 -0.86386396207711046991
-3.9599080636479451201 0.51782815778101132231
-5.190382190729496692 1.6234114543021191945
-5.7393641341616543627 3.1874803242222951027
-6.7732620114094927999 4.3605164357164571953
-7.5057036821612665989 5.0564751250430095553
-8.4934231706890699343 4.2739126911565499256
-9.728330501621723414 3.100279834834787529
-10.963237832554375117 1.9266469785130249104
-12.198145163487025044 0.75301412219126162562
-13.433052494419676748 -0.42061873413050127057
-14.666308274088779129 -1.5842974641304972128
-15.779777461492656698 -2.0057817655414247326
-16.897884769882672629 -2.1822664871818493459
-18.243986564538424489 -3.0411588632062689364
-19.145209052713212827 -2.5462775235350507685
-19.92708588127195668 -2.5779414091118431074
-20.621847140827526346 -1.936844935261357703
-21.136046675822484531 -1.882332980025266389
-21.589223476920285094 -3.4289575607258568901
-22.077599364166157869 -4.4460238112205487937
-23.053278220784516606 -3.542446088208482724
-24.28809719031005443 -2.3754412791278594064
-25.256646435907697423 -0.97944290254998211953
-26.192327531480234626 0.44690749873664570302
-27.128008627052782487 1.8732579000232740807
-28.063689722625323242 3.2996083013099011261
-28.99937081819786755 4.725958702596530614
-29.823799083539626054 6.2051719078883378344
-30.648227348881384557 7.6843851131801450549
-32.136825245121279693 7.0932785660124419991
-33.625423141361174828 6.5021720188447380551
-35.114021037601062858 5.9110654716770341111
-36.602618933840957993 5.3199589245093310552
-38.091216830080853128 4.7288523773416279994
-39.579814726320748264 4.1377458301739240554
-41.068412622560643399 3.5466392830062201114
-42.557010518800531429 2.9555327358385170555
-44.045608415040426564 2.3644261886708139997
-45.534206311280314594 1.7733196415031109439
-47.022804207520209729 1.1822130943354069998
-48.511402103760104865 0.59110654716770305583
