-50 0
-50.813906141418655693 -0.89849622357316216714
-51.627812282837311386 -1.7969924471463243343
-52.441718424255974185 -2.6954886707194867235
-53.255624565674629878 -3.5939848942926486686
-54.069530707093285571 -4.4924811178658110578
-54.883436848511941264 -5.3909773414389734469
-55.697342989930596957 -6.2894735650121358361
-56.511249131349259756 -7.1879697885852973371
-57.325155272767915449 -8.0864660121584588381
-58.139061414186571142 -8.9849622357316221155
-58.952967555605226835 -9.8834584593047853929
-59.766873697023882528 -10.781954682877946894
-60.580779838442538221 -11.680450906451108395
-61.39468597986120102 -12.578947130024271672
-62.208592121279856713 -13.477443353597433173
-63.022498262698512406 -14.375939577170594674
-63.836404404117175204 -15.274435800743756175
-64.650310545535830897 -16.172932024316917676
-65.46421668695448659 -17.07142824789008273
-66.278122828373142283 -17.969924471463244231
-65.911847907969530524 -19.329131646930402866
-65.478587006088048383 -20.587088483555046281
-64.969431094178446529 -21.798705502514096111
-64.43573058294524003 -22.874017199564253389
-63.86794286190759351 -23.867239395237490385
-63.176147819642295644 -24.924261548855685788
-62.354258139551170359 -26.016077376700721402
-61.46430497597097542 -27.044280867890165609
-60.463012570325098238 -28.050494721019994415
-59.343166302935436818 -29.023324949477473211
-58.14078191040425736 -29.919793969717435544
-57.031085044586149024 -30.631384537852781591
-56.107120049679636509 -30.357610046030185202
-55.023051533232120391 -29.321148695287249097
-53.938720294494103769 -28.283240273239041329
-52.812370306029649214 -27.292274063301167786
-51.606297498537770707 -26.456863986617449314
-50.767299607006449946 -26.606115610574310182
-50.413513613025401128 -27.953941917830849917
-49.934780851783798994 -28.734188311436561492
-49.049963708227359405 -27.91199313817398675
-48.006299338634200069 -27.294830711771183474
-46.795272193542118089 -27.611658437560208768
-45.632556113928394836 -27.346576187242746414
-44.868302359710028782 -28.127345315400930303
-44.274724747452552265 -29.507875468357575244
-43.682684764216944018 -30.89381283332290451
-43.090488042448413353 -32.279219570732408329
-42.430488943904798305 -32.966633106963726618
-41.266906103417504426 -32.66943972879457192
-39.861910040143094136 -32.189512294705664885
-38.469256420457618617 -31.633136147847718433
-37.13890868347911578 -30.962957767054625435
-35.922336427447781659 -30.234774062478468437
-34.804582107950899683 -29.455414001863537976
-33.704352481114185025 -28.568814990051432545
-32.659984008241778497 -27.597277129538021256
-31.842953660142121919 -26.730853870548720863
-31.718261971712170322 -25.728238577673771204
-31.971875244638429336 -24.442479178639374027
-31.060496003340325899 -24.017504535865125348
-29.749901163324807385 -23.910038321727270727
-29.356837272251897986 -23.240769422715050752
-29.260859076236570786 -22.283389690219078005
-29.453954134264183295 -21.033048784538937781
-28.474924752186741017 -20.132882868106683816
-27.913111634881015988 -19.036045588036209608
-27.707808860618460045 -17.778412270293411979
-27.502506086355904102 -16.520778952550614349
-27.29720331209334816 -15.26314563480781672
-27.091900537830792217 -14.005512317065020866
-26.886597763568236275 -12.747878999322223237
-27.068115059998987704 -11.382055927050311439
-28.071391383496127503 -10.391264059107713891
-28.668120124467257881 -9.3833633869939934158
-27.280581555415565731 -9.0721811333894954998
-28.416552477644788866 -8.6185720767200209025
-29.552523399874008447 -8.1649630200505463051
-30.688494322103231582 -7.7113539633810717078
-31.824465244332451164 -7.2577449067115962222
-32.960436166561677851 -6.8041358500421216249
-34.096407088790897433 -6.3505267933726470275
-35.232378011020117015 -5.896917736703171542
-36.368348933249336596 -5.4433086800336969446
-37.504319855478563284 -4.9896996233642223473
-38.640290777707782865 -4.5360905666947477499
-39.776261699937002447 -4.0824815100252731526
-40.912232622166229135 -3.6288724533557985552
-42.048203544395448716 -3.1752633966863239579
-43.184174466624668298 -2.7216543400168484723
-44.32014538885388788 -2.2680452833473747631
-45.456116311083114567 -1.8144362266778992776
-46.592087233312334149 -1.3608271700084237921
-47.728058155541560836 -0.90721811333894919471
-48.864029077770780418 -0.45360905666947459736
