-50 0
-50.050765310555682674 -1.2682298762999753006
-50.101530621111365349 -2.5364597525999506011
-50.152295931667048023 -3.8046896288999261238
-50.203061242222730698 -5.0729195051999012023
-50.253826552778413372 -6.3411493814998767249
-50.304591863334096047 -7.6093792577998522475
-50.355357173889778721 -8.8776091340998277701
-50.406122484445461396 -10.145839010399802405
-50.456887795001136965 -11.414068886699778815
-50.507653105556819639 -12.68229876299975345
-50.558418416112502314 -13.950528639299728084
-50.609183726668184988 -15.218758515599704495
-50.659949037223867663 -16.486988391899679129
-50.710714347779550337 -17.75521826819965554
-50.761479658335233012 -19.023448144499628398
-50.812244968890915686 -20.291678020799604809
-50.863010279446598361 -21.55990789709958122
-49.584542832553225367 -21.836463968748866193
-48.231646648303467373 -21.539064583175850487
-47.242827385249810845 -21.805540997547996795
-46.772911560389253793 -23.028525064221156526
-46.121978742772988369 -23.30566197089595093
-45.405189390351971213 -23.456834687412651874
-44.52867095837006417 -23.604874625341427219
-43.426153190345168298 -23.420807581714829126
-42.207371896566996838 -23.806886030865626935
-40.97697402066489758 -23.804125960477925616
-39.726574075217072846 -23.387305460571663929
-38.432913216098747 -23.556695111198187931
-37.236181190928547835 -23.324829403735531486
-35.968411824004128619 -22.994877552082805039
-34.655754167784706965 -22.539803096550773631
-33.356191806445167458 -22.020182935827460113
-32.108789259580959197 -21.399470542669615014
-30.957233896994537758 -20.724847285297940402
-29.903579817417092812 -20.011515881839141429
-28.873325353087569312 -19.212688766559057996
-27.872696554663150437 -18.325137553463218154
-26.991413960664289107 -17.435091255943962807
-26.394092841807044181 -16.763119973243561844
-26.750275626159091047 -15.477452938725575038
-26.639829593589404055 -14.533913098074156878
-25.45928062609933562 -14.381045471794905666
-24.498363479919156305 -14.123588585977094212
-24.130805078593695612 -13.486244071530640198
-24.16231556834301486 -12.512170650778715597
-23.903384201985183211 -11.222863619966622295
-23.644452835627351561 -9.9335565891545307693
-23.385521469269519912 -8.6442495583424374672
-23.126590102911691815 -7.3549425275303450533
-22.867658736553860166 -6.0656354967182526394
-22.608727370196028517 -4.7763284659061611137
-22.349796003838196867 -3.4870214350940678116
-23.569715265407371163 -2.7805356628778912231
-24.77965997718796487 -2.0560217424386659779
-25.936635907646547139 -1.2699101141693112105
-26.381930410463478864 -0.39235466330794616097
-25.627447587010188101 0.60536513210538200891
-24.883873192456643864 1.6779943250956108614
-24.964706555309476244 2.9683015565421473347
-25.055538410489571532 4.3812336024903038023
-25.064888537314150341 5.7599385785349408451
-25.687626812301367352 6.9529138624302344596
-26.245061598194435959 8.2180817632905043268
-26.705621263494805362 9.4911227085873903775
-27.608683721980249004 10.440009848401160752
-28.546004821562597442 11.305344043379561114
-29.537593845263334202 12.109927914141353611
-30.584239892150996809 12.853396931336057207
-31.575742408918983983 13.469966450737629771
-32.517063667078460298 13.98459944952054812
-33.707626570936746191 13.812700317274011041
-34.844760391184145476 13.019610627131294578
-35.92384072398676409 12.145603459859373174
-36.941304282052065844 12.007910168057245315
-37.90224475305708296 12.722246496147542771
-39.009549521317914866 12.512405181890981609
-40.109250714917621394 12.313805058134791537
-41.033225582500747919 13.181361596063293717
-41.892983685049173914 13.438745718892123548
-42.714529005729517053 12.460369246024493251
-43.574374612837473819 11.33028549425007192
-44.532231274693742762 10.528850627326036715
-45.632399768249165106 10.890447213669819604
-46.853346598318637461 11.58892373223469896
-47.252866144372006829 12.768714194126951966
-47.652385690425369091 13.948504656019203196
-48.051905236478738459 15.128295117911456202
-48.21424646677217396 13.867603858085502111
-48.376587697065616567 12.606912598259546243
-48.538928927359052068 11.346221338433592152
-48.701270157652494674 10.085530078607636284
-48.863611387945930176 8.8248388187816821926
-49.025952618239372782 7.5641475589557281012
-49.188293848532808283 6.3034562991297722334
-49.350635078826243785 5.042765039303818142
-49.512976309119686391 3.7820737794778640506
-49.675317539413121892 2.5213825196519099592
-49.837658769706564499 1.2606912598259540914
