-50 0
-49.45822689488613122 -1.3847722343767743247
-48.916453789772269545 -2.7695444687535486494
-48.374680684658400764 -4.1543167031303234182
-47.83290757954453909 -5.5390889375070972989
-47.291134474430670309 -6.9238611718838711795
-46.749361369316808634 -8.3086334062606468365
-46.207588264202939854 -9.6934056406374189407
-45.665815159089078179 -11.078177875014194598
-45.124042053975209399 -12.462950109390968478
-44.582268948861340618 -13.847722343767742359
-44.040495843747478943 -15.23249457814451624
-43.498722738633610163 -16.617266812521293673
-42.956949633519748488 -18.002039046898065777
-42.415176528405879708 -19.386811281274837881
-41.873403423292018033 -20.771583515651613538
-41.331630318178149253 -22.156355750028389195
-40.789857213064287578 -23.5411279844051613
-40.248084107950418797 -24.925900218781936957
-40.084580718386114029 -24.546435984173740508
-38.59092897098843622 -24.257032055020605554
-37.708791459993825868 -25.018613498907232184
-37.103797021148409385 -25.981258827929288202
-36.320190435530982143 -26.157095135049942769
-35.359102069330162976 -26.328263833698343888
-34.121722417815810502 -26.179287696659471862
-32.727857447029528259 -26.55450391403296706
-31.318315037599841588 -26.447317822255726583
-29.871577642097282279 -26.144914842745485828
-28.446567933262468131 -26.176964274057798576
-27.044647292591051269 -25.846303989376011145
-25.90020764662403252 -24.880609469674645595
-25.167369877036414039 -23.459089344759451734
-24.846716351718022509 -21.891373491255006201
-24.641012681546737184 -20.303399554051978271
-23.784276774632747475 -19.099629441533281238
-22.338216679779332452 -18.520499747017719727
-20.743310438304654042 -18.309474699130095843
-19.463947268996861339 -17.793118705935377477
-19.224088629226482539 -16.457383196290766847
-20.182550287087796193 -15.368438937528058119
-21.472140854787195252 -14.411704926974703511
-22.762074206037155477 -13.45510778003233554
-24.052007557287105044 -12.498510633089962241
-25.341940908537065269 -11.541913486147592494
-26.631874259787018389 -10.585316339205219194
-27.921807611036975061 -9.6287191922628494467
-29.211740962286935286 -8.6721220453204761469
-30.420241254521357632 -7.6892565955607521389
-30.312303026547972706 -6.8433058850900225778
-28.810404380917432832 -6.6949624079178322589
-27.202515055352897377 -6.6815147289585423707
-25.594625729788365476 -6.6680670499992533706
-23.986736404223830021 -6.6546193710399652588
-22.378847078659291014 -6.6411716920806753706
-20.770957753094762666 -6.6277240131213854823
-19.101227068950553445 -6.4637935065760139253
-17.431496384806340672 -6.2998630000306423682
-15.761765700662131451 -6.1359324934852716993
-14.092035016517920454 -5.9720019869399001422
-12.422304332373709457 -5.8080714803945285851
-12.680026471750917239 -4.380243904378240849
-13.828905828767512176 -3.3679227638274689127
-15.265159764291805544 -2.7673040579600334254
-16.853276512957599209 -2.5869292751179324696
-18.454627642088244244 -2.4471383297874846896
-20.056928775921651464 -2.40560283942510722
-21.660416010301105416 -2.4867413194666538878
-23.266202443238235276 -2.4935191921709405349
-24.801259791923314424 -2.0522059855153083063
-25.277961844554997839 -0.98967764198740837411
-24.756174971454051104 0.51245068268952365109
-24.492895760796674409 2.0977192320972162243
-24.800527691362795224 3.6215159971198440658
-24.727575827579254764 5.2020895186216797867
-24.546087302377458172 6.8060164356447288014
-24.859302063621182555 8.3833518459349161134
-25.526215342043439449 9.8723682785728001932
-24.678461248592292065 11.918474324666899378
-26.01117381445585508 11.291186202316009002
-27.343886380319418095 10.663898079965120402
-28.676598946182984662 10.036609957614231803
-30.009311512046547676 9.409321835263341427
-31.342024077910110691 8.7820337129124510511
-32.674736643773677258 8.1547455905615624516
-34.00744920963723672 7.5274574682106738521
-35.340161775500803287 6.9001693458597834763
-36.672874341364362749 6.2728812235088939886
-38.005586907227929316 5.6455931011580045009
-39.338299473091495884 5.0183049788071150132
-40.671012038955055345 4.3910168564562264137
-42.003724604818614807 3.7637287341053369261
-43.336437170682181375 3.1364406117544483266
-44.669149736545747942 2.5091524894035579507
-46.001862302409307404 1.8818643670526675749
-47.334574868272873971 1.2545762447017789754
-48.667287434136440538 0.6272881223508885995
