-50 0
-51.033013064522776858 -0.50485831906669786928
-52.066026129045553716 -1.0097166381333957386
-53.09903919356833768 -1.5145749572000937189
-54.132052258091114538 -2.0194332762667914771
-55.165065322613891396 -2.5242915953334890133
-56.198078387136668255 -3.0291499144001874377
-57.231091451659452218 -3.5340082334668845299
-58.264104516182229077 -4.0388665525335829543
-59.297117580705005935 -4.5437248716002809346
-60.330130645227782793 -5.0485831906669780267
-61.363143709750559651 -5.553441509733676007
-62.396156774273336509 -6.0582998288003748755
-63.429169838796120473 -6.5631581478670719676
-64.462182903318904437 -7.0680164669337690597
-65.495195967841681295 -7.5728747860004679282
-66.528209032364458153 -8.0777331050671659085
-67.561222096887235011 -8.5825914241338630006
-68.59423516141001187 -9.0874497432005618691
-69.627248225932788728 -9.5923080622672589612
-69.550295062996269735 -9.592518701957416738
-69.595612652568689782 -10.772847758199715074
-69.497559882588234359 -11.92162793756261685
-69.310194988864211041 -13.194524568844565593
-69.031951732656295917 -14.490645397824581053
-68.674997338623427368 -15.745094092091871829
-68.262606284364679254 -16.908335194720056194
-67.782889074204888402 -18.036059022781493866
-67.285138311767170194 -19.038621522841527423
-66.760968974305569645 -19.963940899839467846
-66.133477810869351288 -20.940717286756875382
-65.385067432125168807 -21.963444085371005343
-64.571325248962011756 -22.939035359117966095
-63.677485279770536408 -23.880567585378731366
-62.672102363311744 -24.807321076914977453
-61.582218204698065733 -25.680782344947644447
-60.433498576201472474 -26.476389432506014288
-59.271350907086983284 -27.168260732175518513
-58.073041585025507061 -27.699938757769306363
-56.692952190512457378 -27.486607433899564512
-55.435758214048746595 -27.367935635720417764
-54.510365978685051402 -28.188832068623753457
-53.655557282911566119 -28.805137594827726844
-52.686769414458176186 -28.134713843465089411
-51.668448396740565443 -27.306316135159075742
-50.530882974308738653 -27.432144271793458046
-49.303473733683844671 -27.644096802521854528
-48.043031850697481389 -27.229533895822477518
-46.796529993992749041 -27.518234928121394489
-45.516471246970176878 -28.113838696298493858
-44.135294260285057533 -28.419814022514675145
-42.749268079765329276 -28.365976357569159916
-41.437723377930780089 -27.893434750451433501
-40.185627801348644539 -27.278115946994464736
-39.025979525542119575 -26.606165752979766381
-37.967522348149302047 -25.896638767199203102
-36.937020115104388651 -25.105261227272961833
-35.932442704409396583 -24.222725976226385569
-35.035805210338132554 -23.325049847726070595
-34.420348302455096245 -22.637353606937420381
-34.71464218298432769 -21.401877090475515786
-34.678694397769142199 -20.403292304122860656
-33.549948593626908178 -20.212148910171219285
-32.514921478994835979 -19.999139947120859517
-32.148293648053765992 -19.367316529210036435
-32.113341070039830072 -18.435524238790499396
-32.307866873630707971 -17.264224797519609922
-31.419231897433583356 -16.418134648291363931
-31.136232237916701138 -15.181074254644228105
-30.853232578399818919 -13.94401386099709228
-30.570232918882936701 -12.706953467349956455
-30.28723325936605093 -11.469893073702820629
-30.004233599849168712 -10.232832680055683028
-29.721233940332286494 -8.9957722864085489789
-29.638019011239297384 -8.9930496894049820611
-30.656118060677332693 -8.5433972049347328692
-31.674217110115368001 -8.0937447204644836773
-32.692316159553399757 -7.6440922359942344855
-33.710415208991435065 -7.1944397515239852936
-34.728514258429470374 -6.7447872670537361017
-35.746613307867505682 -6.295134782583487798
-36.764712357305540991 -5.8454822981132386062
-37.782811406743576299 -5.3958298136429894143
-38.800910456181611607 -4.9461773291727402224
-39.819009505619646916 -4.4965248447024910305
-40.837108555057682224 -4.0468723602322418387
-41.855207604495717533 -3.597219875761993535
-42.873306653933752841 -3.1475673912917443431
-43.89140570337178815 -2.6979149068214951512
-44.909504752809823458 -2.2482624223512459594
-45.927603802247858766 -1.7986099378809967675
-46.945702851685894075 -1.3489574534107475756
-47.963801901123929383 -0.89930496894049838374
-48.981900950561964692 -0.44965248447024919187
