-50 0
-49.858349977580857626 -1.1813554720151810962
-49.716699955161715252 -2.3627109440303621923
-49.575049932742572878 -3.5440664160455432885
-49.433399910323430504 -4.7254218880607243847
-49.29174988790428813 -5.9067773600759059249
-49.150099865485145756 -7.088132832091086577
-49.008449843066003382 -8.2694883041062681173
-48.866799820646861008 -9.4508437761214487693
-48.725149798227718634 -10.632199248136631198
-48.58349977580857626 -11.81355472015181185
-48.441849753389440991 -12.994910192166992502
-48.300199730970298617 -14.176265664182173154
-48.158549708551156243 -15.357621136197355582
-48.016899686132013869 -16.538976608212536235
-47.875249663712871495 -17.720332080227716887
-47.733599641293729121 -18.901687552242897539
-47.591949618874586747 -20.083043024258081743
-47.450299596455444373 -21.264398496273262396
-47.308649574036301999 -22.445753968288443048
-47.166999551617159625 -23.6271094403036237
-45.915463035680062376 -24.293326628492540209
-44.458535714722920318 -24.217442658072275918
-43.137375515846422047 -24.041980747619057013
-42.443233947439480858 -25.000869978987967812
-41.847578187702055175 -25.757152151257013628
-41.109955446908386989 -25.920736091075248453
-40.207811540543055173 -26.081581742885109776
-39.063886283583237002 -25.922606379195389792
-37.764174164429704206 -26.307372216656450092
-36.4445397948728953 -26.304404445803132973
-35.101795607678305089 -25.880018422869344619
-33.730334592570883956 -26.022424052909361336
-32.44039727233539594 -25.754576016521266268
-31.057622047337353877 -25.366532554831685786
-29.64953790926153232 -24.857413845572963851
-28.280920826107653454 -24.243109769359229233
-26.989959862826459869 -23.544349865730644922
-25.843171954988321204 -22.814438373053818054
-24.933384181271609492 -22.152580675199480709
-24.269083456623025796 -21.291838835129055951
-24.107444811082292091 -19.757929257323439742
-23.885147812757189456 -18.22447222076627682
-23.430001210993019356 -16.846959708549086088
-22.306151826118600923 -16.454423868639644013
-20.81458084180847834 -16.638545601603581758
-19.913506596902372792 -16.462122526446428594
-19.545091863420676503 -15.808478319197753592
-19.814561836722759836 -14.614133201497651271
-19.513271779347000745 -13.51291513577315051
-18.451725484253145737 -12.622726022046636629
-18.359150557222406519 -11.337893534537254681
-18.715417094530398145 -9.8389700866565839021
-18.756352104357226551 -8.3868817625208240685
-18.028656155566110897 -7.1581574307335298357
-17.240269736426171221 -5.6162358124194273756
-17.466374624269782601 -4.3420487836195222897
-18.64623517664639607 -3.6958582461323534751
-20.073158926610695119 -3.2140044770248068495
-21.524046543934499454 -2.795300647423992757
-23.009316019481708793 -2.4678865896184825068
-24.353318413141391119 -1.9388567400525180684
-25.009806198960781387 -0.76953137494456069767
-25.059716396249200443 0.65774518649023094863
-25.417188639404724171 2.0452391461151671059
-25.208487214135448795 3.471233100869858923
-24.798564005099308361 4.9347919271247109307
-24.528345063294466399 6.4420590431172568557
-24.480617276684082384 7.9196121685116152022
-25.03933510285074604 9.2652143993599054284
-25.987555968727896527 10.278812812056155934
-27.053522565044129777 10.948024394758398614
-28.065017938216712423 11.501019636459556494
-29.161767041305875381 10.925968654636578847
-30.258516144395041891 10.3509176728136012
-31.355265247484204849 9.7758666909906235531
-32.45201435057337136 9.2008157091676459061
-33.548763453662530765 8.6257647273446664826
-34.645512556751697275 8.0507137455216906119
-35.742261659840863786 7.4756627636987120766
-36.839010762930030296 6.9006117818757335414
-37.935759866019189701 6.3255608000527558943
-39.032508969108356212 5.7505098182297782472
-40.129258072197522722 5.1754588364068006001
-41.226007175286682127 4.600407854583822953
-42.322756278375848638 4.0253568727608444178
-43.419505381465015148 3.4503058909378676589
-44.516254484554181658 2.8752549091148882354
-45.613003587643341064 2.3002039272919105883
-46.709752690732507574 1.7251529454689347176
-47.806501793821666979 1.1501019636459552942
-48.90325089691083349 0.57505098182297764708
