-50 0
-48.986629452418078756 0.49476871714380776801
-47.973258904836164618 0.98953743428761553602
-46.959888357254243374 1.484306151431423304
-45.94651780967232213 1.979074868575231072
-44.933147262090400886 2.4738435857190390621
-43.919776714508486748 2.9686123028628466081
-42.906406166926565504 3.4633810200066545981
-41.89303561934464426 3.9581497371504621441
-40.879665071762730122 4.4529184542942701341
-39.866294524180808878 4.9476871714380781242
-38.852923976598887634 5.4424558885818861143
-37.839553429016973496 5.9372246057256932161
-36.826182881435052252 6.4319933228695012062
-35.812812333853131008 6.9267620400133091962
-34.79944178627121687 7.4215307571571180745
-33.786071238689295626 7.9162994743009242882
-32.772700691107374382 8.4110681914447322782
-31.759330143525456691 8.9058369085885402683
-33.146869933380244788 8.594654292431643583
-32.514502438340947776 9.829969221640872945
-32.357511289814823385 11.021063312107292731
-32.99597549476684577 12.163157258824925933
-34.31141308766336806 12.568509276241371708
-35.816841601883574242 12.579933371309174106
-37.328684049818029678 12.536340624082358275
-38.846311578695306821 12.344921206075360587
-40.355161169298511936 12.158138041788904005
-41.76205712416915361 12.469663689605436474
-43.122349617246221953 13.02055729856393107
-44.521661609005356297 12.880360236939962348
-45.731299731074471993 12.974730832590811502
-46.790538268829109825 12.902818647231320881
-47.993267485242412818 12.069008029177540564
-49.022025622777320564 12.064126574488506449
-49.654841863653274459 12.644402776304723091
-50.463092689394137835 12.391659801364404814
-51.060973464093088126 13.262832793399029541
-51.555090092710528893 13.062903492502751845
-52.005333253749476796 11.66838671093462132
-52.454139364611833685 10.551196060701123258
-53.210616492375379494 11.058586210346472711
-54.32187364276057906 12.05611008064747125
-55.334420857749613276 13.1466245071149892
-56.178236149514262365 14.394558395532802919
-57.019128646051463249 15.645226510273539944
-57.860021142588642817 16.895894625014271639
-58.700913639125843702 18.146562739755019322
-59.541806135663044586 19.397230854495752794
-60.382698632200231259 20.647898969236489819
-61.219199193596097075 21.863051294050311668
-61.660908831530150565 21.620803199369728276
-62.496918352069322111 20.815016311144447059
-63.429672574714651034 19.689084240824779926
-64.720463112844484499 18.893421430560461971
-65.957561630616567072 18.108926250990485585
-66.900205220430521535 17.012741739343780978
-67.697765811736985597 15.943139233012438183
-68.271884019297232271 15.069159657057218382
-68.735241229750130287 14.282376445047692215
-69.168259456870060831 13.463148020535189886
-69.440620577362651034 12.320689789545841819
-69.753002339237411888 10.918080896760484322
-69.400485218454022629 9.5876670436612378978
-68.925426958968202484 8.3161957867075599893
-69.550476913754280872 7.1219150881333259662
-70.450839865082883762 5.8717010999619931866
-71.22373313008642981 4.539850952190080946
-71.235657561929258463 3.2821080019243860093
-71.118462763961574069 2.0351554302285279618
-70.895907234997508795 0.65575776643375549568
-70.571852735443400206 -0.72583560566821780924
-69.428972027918760546 -0.68551140535331678283
-68.286091320394135096 -0.64518720503841586744
-67.143210612869495435 -0.60486300472351484103
-66.000329905344869985 -0.56453880440861381462
-64.857449197820230324 -0.52421460409371289924
-63.714568490295597769 -0.48389040377881187283
-62.571687782770965214 -0.44356620346391090193
-61.428807075246332658 -0.40324200314900987552
-60.285926367721700103 -0.36291780283410890462
-59.143045660197067548 -0.32259360251920793372
-58.000164952672434993 -0.28226940220430690731
-56.857284245147802437 -0.24194520188940593641
-55.714403537623169882 -0.20162100157450491
-54.571522830098530221 -0.16129680125960399462
-53.428642122573897666 -0.12097260094470296821
-52.285761415049265111 -0.080648400629801941797
-51.142880707524639661 -0.04032420031490102641
