-50 20
-48.688380292439028096 18.742534549777410291
-47.376760584878063298 17.485069099554820582
-46.065140877317091395 16.227603649332230873
-44.753521169756126596 14.970138199109641164
-43.441901462195154693 13.712672748887051455
-42.130281754634182789 12.455207298664459969
-40.818662047073217991 11.19774184844187026
-39.507042339512246087 9.9402763982192805514
-38.195422631951281289 8.6828109479966908424
-36.883802924390309386 7.4253454977741011334
-35.572183216829344587 6.1678800475515114243
-34.260563509268372684 4.9104145973289199389
-32.94894380170740078 3.6529491471063302299
-31.637324094146432429 2.3954836968837405209
-30.325704386585464079 1.1380182466611508119
-29.014084679024495728 -0.11944720356143889717
-26.244271002445518803 1.7249210404631871718
-24.705556735976148985 2.1555644456114810836
-23.150203686293160388 2.0622183043660626822
-21.552467567982713348 1.9876999224683584711
-19.933344719142223056 2.1384483539510852346
-18.330653309907596338 2.0824251094071120072
-16.796322310260201505 2.3383325118884097371
-15.46504695904627269 3.1889279443098095257
-14.785779703948140451 3.2313701088266002515
-14.867438495227244033 1.7909623648107391158
-15.029669415864100657 0.19091715408807430343
-15.191900336500959057 -1.409128056634590731
-15.289472113203562031 -3.0072422695087772659
-15.096838438013024941 -4.5966897096865615424
-14.796946653472739186 -6.1829339651980470549
-14.431442444415976567 -7.7245697078022779181
-13.455575555679800459 -8.8422079632309280584
-12.060165469690739215 -9.0321369449027493204
-10.636894722615977571 -8.6539081802117774345
-9.1629611576617193691 -8.7761686104980967116
-7.7899231718269819069 -8.5036956427744563314
-6.3223464290005475519 -8.0991592956838687201
-4.8207743989403937235 -7.5562010166268755995
-3.3648133747352009237 -6.8939353339746105576
-2.0047558515297101422 -6.1407142792436424372
-0.78035647739354274677 -5.3362868159914782495
0.39666413436382796931 -4.4321406171446415811
1.5345188151000233034 -3.4131694937901393416
2.4729264789795752932 -2.4425149962853662799
2.75682372750092064 -1.4579341309187345832
2.4592408520914634806 -0.066462185280548966015
3.4178814203612883915 0.39681735107897286863
4.717089036571490368 0.56684568447824013049
5.0923296161882731781 1.2099942536249397307
4.7076551785061084843 2.2702767426950565266
4.0486926405462764222 3.5940771493977101692
4.5717681441830890776 4.8187871317604038524
4.6321991080641149452 6.1306612546189551693
3.9370229762218409419 7.5709231196747381887
3.5656315009640766611 9.042793157801574111
4.2547286568576172527 10.328828252278560385
4.9524135676356610958 11.724335163544377991
4.5920019080769245434 13.101398031857714344
3.6515260723309124202 14.141816858984354255
4.1025249094576414777 15.284085557518405807
5.0446742321539392861 16.521325100649733031
5.0473060301086771773 17.978507273181357107
4.9306845633004670049 19.575575211760355643
4.736596882861388913 21.021912312918058063
3.6267580400288474962 22.047541804319592984
2.9356090896247892807 23.395832005945013776
2.1865999120590693394 24.683790761010843795
1.1273707195467750353 25.726965192348451694
0.025384947647969724471 26.663519539877853504
-1.1653097581661810977 27.534184078734583068
-2.3044366571843823976 28.249715393155394594
-3.3886564556689755534 28.836950660617681308
-4.9217368331789286273 28.833907292545468692
-6.4261400002517241603 29.222514391676870815
-7.5108459745535718355 30.341859131661038873
-8.7473571851764404528 30.635226880160384866
-10.139338726125517454 30.545881950374234037
-11.339248041408447776 30.939081571051126218
-12.390465081493777788 30.96549475454288114
-13.420919250395526134 30.93772315950606
-14.230346501061314157 29.828978329555347671
-14.389607077855004036 28.265634217905837744
-14.406656818641161877 26.651212246252569571
-14.423706559427316165 25.036790274599294293
-14.44075630021347223 23.422368302946029672
-14.460247604213712691 21.807922361338942352
-14.538685220096807527 20.192897716561081012
-14.717399714941315381 18.577082368906246757
-15.225334353329873949 17.487648545316272219
-16.226100554688969169 17.881252628045665176
-16.949451334003313718 17.402858416946163089
-18.255084318906973806 17.268886045721703937
-19.832181424304746287 17.577340587176941256
-21.41061277863176926 17.574058649256592446
-22.991937115688365623 17.886844284300821073
-24.573060278300570047 18.300760352035656098
-26.160437359597427331 18.594914540590671947
-28.014347066827546939 19.620350120543420758
-29.868256774057662994 20.645785700496169568
-31.698415249143330641 20.587077909541971366
-33.528573724228998287 20.528370118587776716
-35.358732199314665934 20.469662327633578514
-37.18889067440033358 20.410954536679380311
-39.019049149485994121 20.352246745725182109
-40.849207624571661768 20.293538954770987459
-42.679366099657329414 20.234831163816789257
-44.509524574742997061 20.176123372862591054
-46.339683049828664707 20.117415581908392852
-48.169841524914332354 20.058707790954198202
