-50 0
-50.770159858961299904 -1.3769620558813462363
-51.540319717922599807 -2.7539241117626924726
-52.310479576883906816 -4.1308861676440384869
-53.080639435845206719 -5.5078482235253849453
-53.850799294806506623 -6.8848102794067314036
-54.620959153767806527 -8.2617723352880769738
-55.391119012729113535 -9.6387343911694234322
-56.161278871690413439 -11.015696447050769891
-56.931438730651713342 -12.392658502932116349
-57.701598589613013246 -13.769620558813462807
-58.471758448574320255 -15.146582614694807489
-59.241918307535620158 -16.523544670576153948
-60.012078166496920062 -17.900506726457500406
-58.783744669721883724 -19.021370816952988037
-57.437549271229755732 -20.056761570654387583
-56.029943702183636844 -20.961599840139612638
-54.613771029998694928 -21.715775651065758467
-52.94784030397379837 -21.526632533791246971
-51.621953285478312523 -21.628293077414813439
-51.017384183113151153 -23.041808937120542566
-50.194307337776969291 -23.239837205762405858
-49.244522039859852214 -23.423244738900901751
-48.007939314968496092 -23.333372824488140651
-46.543620420343913224 -23.690599793340766155
-45.045597502380566368 -23.645070097496954986
-43.512103842199437054 -23.286342746629120626
-41.998032305943553411 -23.31004561892448379
-40.492214481665982362 -22.947057960089207285
-38.897513385920980511 -22.414384418543662036
-37.329437160175494625 -21.757088725540356222
-35.851703667908267903 -20.976007458086655788
-34.526613149519313595 -20.131650785278210947
-33.274651484527417722 -19.18813058888923706
-32.061336475853295269 -18.111930143397618309
-31.067913489913735248 -17.085245972716812446
-30.850933250727877066 -15.979447782510737497
-31.044271934101175248 -14.591775594503499036
-29.800533790303045834 -14.26592289071237829
-28.724159925298913265 -13.898635296176438558
-28.268670341817188074 -13.087853953543376662
-28.633689690931731775 -11.667428737779232506
-27.849678292421497616 -10.561084626517400764
-27.458017514655921332 -9.7845547918080946204
-28.863134043223649172 -9.2133061898266053191
-30.474650235717991364 -8.6652541351951928306
-32.086166428212344215 -8.1172020805637821184
-33.697682620706700618 -7.5691500259323678534
-35.30919881320104281 -7.0210979713009527003
-36.920715005695392108 -6.4730459166695402118
-38.532231198189755617 -5.9249938620381277232
-40.143747390684097809 -5.3769418074067107938
-41.75526358317842579 -4.8288897527752991934
-43.401221139600473009 -3.186490247011432686
-41.860982493788341685 -2.5845755641072991615
-40.245801488875862617 -2.0381407293605087183
-38.630620483963369338 -1.491705894613717831
-37.015439479050897376 -0.94527105986692772088
-35.400258474138411202 -0.39883622512013722217
-33.785077469225925029 0.14759860962665319328
-32.169896464313438855 0.69403344437344349771
-30.554715459400956235 1.240468279120234163
-28.939534454488470061 1.7869031138670246062
-27.38302432842574774 2.3505248037638484249
-27.167989414656879887 3.2312793259657484057
-27.882400265767348202 4.670150305537715596
-28.587419173978013021 6.1765291308624279409
-29.823694939290614769 7.2863531768373617226
-30.612310016497403353 8.6827329075590569119
-31.407614920901860245 10.052904858451691794
-32.534080194724666057 11.152200632123939528
-33.725235087581921789 12.145457810974823687
-35.166136179659687855 13.022959461398471603
-36.702420675348747636 13.099750473602014722
-38.2272342009760564 12.37949036296903671
-39.816633926439322977 11.806099994358628891
-41.275468323693417005 12.008005650431911704
-42.482227611390747768 12.754009333055307707
-43.844413315407095411 12.307315735520154121
-45.044356575380746222 12.860681352688422052
-46.092522550307073459 13.454790625008049787
-47.084830455416074813 12.336923483743312602
-48.103115517298320469 10.97256585060779166
-49.259959802010705232 10.477590661638988223
-50.6265181393472119 11.334684294951285821
-52.208949500277654465 11.90834274945374105
-52.801627095720590432 13.381285404233636882
-53.394304691163533505 14.854228059013532715
-53.054874222047182286 13.368805253112180154
-52.715443752930823962 11.883382447210825816
-52.376013283814472743 10.397959641309473255
-52.036582814698121524 8.9125368354081189182
-51.697152345581770305 7.4271140295067663573
-51.357721876465411981 5.9416912236054137963
-51.018291407349060762 4.4562684177040594591
-50.678860938232709543 2.9708456118027068982
-50.339430469116351219 1.4854228059013525609
