-50 0
-49.853128989958946704 -1.2733840226999679768
-49.706257979917893408 -2.5467680453999359536
-49.559386969876840112 -3.8201520680999037083
-49.412515959835786816 -5.0935360907998719071
-49.26564494979473352 -6.3669201134998401059
-49.118773939753680224 -7.6403041361998074166
-48.971902929712626928 -8.9136881588997756154
-48.825031919671573633 -10.187072181599743814
-48.678160909630513231 -11.460456204299712013
-48.531289899589459935 -12.733840226999680212
-48.384418889548406639 -14.007224249699648411
-48.237547879507353343 -15.280608272399614833
-48.090676869466300047 -16.553992295099583032
-47.943805859425246751 -17.827376317799551231
-47.796934849384193456 -19.10076034049951943
-47.65006383934314016 -20.374144363199487628
-46.56426598182770249 -20.193662865089784475
-45.350133129971403889 -20.583398273425185465
-44.119746656081360925 -20.586105647997030133
-42.871215146747644553 -20.182144351887554734
-41.574654422880300331 -20.342425298167501779
-40.376799233413478873 -20.123424030143844732
-39.11581819375837199 -19.801499296236745096
-37.805443941454029755 -19.348252890377342084
-36.501352296429260491 -18.840646090748215613
-35.249257010564363668 -18.225327422874077143
-34.089609007543032249 -17.55337740465120433
-33.031151704023400839 -16.84385035902063521
-32.000648762105008416 -16.052472258396505822
-30.996071080153203781 -15.169936692768533959
-30.099434057301358791 -14.27226096841136993
-29.483977271073257498 -13.584564838525068353
-29.778270090340189569 -12.349089010811095335
-29.742321771241272188 -11.350504407742491253
-28.613575841052380611 -11.159360741732202271
-27.578550135791054743 -10.94635057556801172
-27.211922426519798535 -10.314527304791146989
-27.176969414776344536 -9.3827360163875166421
-27.371496090327774198 -8.2114368434494586779
-27.041284333908556903 -7.0311529432503672155
-26.711072577489339608 -5.850869043051275753
-26.380860821070122313 -4.6705851428521834023
-26.050649064650901465 -3.4903012426530919399
-25.72043730823168417 -2.3100173424539995892
-25.390225551812466875 -1.1297334422549081268
-25.06001379539324958 0.050550457944183967152
-25.112350689425102956 1.3519896941243787492
-25.948805634541749043 2.3648024406938934483
-26.581557603441012816 3.3452827537979632488
-26.06677677911342883 4.4941892179953324415
-25.68435485775454552 5.6306256395099953949
-26.100618028427913231 6.7813355380780429016
-26.74839917061375516 8.0013805122605194953
-27.310216210065686226 9.2519574958370451867
-28.325080830997709569 10.170335477162543825
-29.188240031234190752 11.177523241271890342
-29.578072913030080571 12.505387564876283335
-30.463108916661845171 13.461641049019455352
-31.397811805980602173 14.34870791072627938
-32.351694425980198844 15.145580615032436356
-33.494188306982067616 15.219013770452161083
-34.736467368298221459 14.555773296586959731
-35.970308407154909958 13.845489779693199495
-37.200258072720124858 13.12419731754259189
-38.431601954177509128 12.403069852869178291
-39.725611351057992238 11.839326132315294515
-40.884359847934156562 11.963378380982558014
-41.748179449983453537 12.700749325913220034
-42.765756601475139576 12.416272188108848695
-43.719038245038269963 12.542824225536715943
-44.492907322564633432 13.436786715664611691
-45.211091664506668053 13.029627470775173137
-45.908279830644808328 11.809843198731540426
-46.628452296501798457 10.67061757604272465
-47.516954965078241457 10.609826618609778492
-48.614458505651818143 11.441227081886893302
-49.926433938983208805 11.965106274888663407
-51.221690581851881063 12.526375946519715754
-52.419426227478808755 13.03145230149427114
-53.438101509935385991 12.584430288641467399
-54.530371070935210298 12.382901743678022655
-55.278423574394778939 13.369504886192947524
-56.026476077854340474 14.356108028707872393
-56.774528581313909115 15.342711171222797262
-56.253410998135919385 14.162502619590274122
-55.73229341495792255 12.982294067957750983
-55.211175831779932821 11.802085516325227843
-54.690058248601935986 10.62187696469270648
-54.168940665423946257 9.4416684130601833402
-53.647823082245949422 8.2614598614276602007
-53.126705499067959693 7.0812513097951370611
-52.605587915889962858 5.9010427581626139215
-52.084470332711973128 4.7208342065300907819
-51.563352749533976294 3.5406256548975694187
-51.042235166355986564 2.3604171032650462791
-50.521117583177996835 1.1802085516325231396
