-50 0
-48.223246216651325824 -0.85119146353447450171
-46.446492433302651648 -1.7023829270689490034
-44.669738649953984577 -2.5535743906034231721
-42.892984866605310401 -3.4047658541378980068
-41.116231083256636225 -4.2559573176723723975
-39.339477299907962049 -5.1071487812068463441
-37.562723516559287873 -5.9583402447413220671
-35.785969733210620802 -6.8095317082757960137
-34.009215949861939521 -7.6607231718102699602
-32.23246216651327245 -8.511914635344744795
-30.455708383164598274 -9.3631060988792196298
-28.678954599815924098 -10.214297562413692688
-26.902200816467253475 -11.065489025948169299
-25.125447033118579299 -11.916680489482644134
-23.348693249769905123 -12.767871953017117193
-21.571939466421234499 -13.619063416551592027
-19.795185683072563876 -14.470254880086066862
-18.018431899723886147 -15.32144634362053992
-16.241678116375219076 -16.172637807155016532
-14.464924333026537795 -17.02382927068948959
-12.688170549677870724 -17.875020734223962648
-10.911416766329200101 -18.72621219775843926
-9.3774969726296895089 -18.721970054747256285
-7.9774764446492696379 -18.556566876129949151
-7.2691883020739709309 -19.638609274093909107
-6.5982664141290605642 -20.280481070066034732
-5.7855801997682103632 -20.453890865967895962
-4.7712578393489879502 -20.621481719294848745
-3.4657391273697921719 -20.511091762183060183
-2.0625095072023875709 -20.811684047666428654
-0.64798832768786718272 -20.548261396418226354
0.81599334026113001794 -20.478158423572857316
2.210005935933878618 -20.359460758852257811
3.6497302718195410165 -19.991489224609722442
5.1549826052405469667 -19.480715257064140644
6.6247734717811823657 -18.847294916237714801
8.0163686705656953535 -18.111649495150899725
9.2706848065647964319 -17.320464970613379307
10.450797405232762571 -16.448192878690726104
11.605705544278213992 -15.45282740226644691
12.569960901918125984 -14.492232529579776923
12.709319417999029866 -13.937999122867486435
11.610235019334934847 -12.778971826673512169
10.506641503496680912 -11.61999713615930574
9.4030479876584340815 -10.461022445645101087
8.2994544718201819222 -9.30204775513089821
7.195860955981929763 -8.1430730646166900044
6.1035737775282949968 -6.9888187211913699315
5.8450614224226100646 -6.1827144967255502905
6.574892155897305912 -5.8041081634283111512
5.7873842171608149698 -4.8319795256518069948
5.2606966910566921314 -3.9014656216465364302
5.9073641511133940796 -3.2515613610150508883
5.8369327676073003985 -2.073209005118386461
6.9185942930124646466 -1.3791964004747900852
10.464267150467470913 -0.62602813161853265722
12.021068123289268215 -0.22986218036534725173
13.577869096111067293 0.16630377088783823702
15.134670068932862819 0.56246972214102375354
16.685577979829339768 0.95977668457416676073
17.470387840434348448 1.5054151004017644055
16.529335669258138353 2.3997655109755653413
16.188271996467094027 3.5292638079010822949
16.942945336419310109 4.8689290692300435381
16.737313682473342169 6.1303768501524356083
16.045133321432903273 7.512046585905376439
15.406377257021970806 8.9489115573931812264
14.238549514897623993 9.9766850319921704937
12.726201657215421292 10.443654901652287492
11.130860306386818337 10.55936676153755549
9.6629998453075849341 11.139745467278544311
8.1659770149596422328 11.708227647282845041
7.1761075794064810296 12.551924512625737052
6.9372345048885790675 14.102954756057322072
6.4816176265622456043 15.629040215558076099
5.6007356477436625042 16.801823659673175371
4.1727048191288398371 17.311561158268940375
3.0257359033371047374 18.340675144284002585
1.841646618262080537 18.812075911369937842
0.46413945085201352425 18.768646852002806469
-0.77779183407676977247 19.149703988285779133
-1.853624747785861171 19.187583614131476395
-2.872763461288829312 19.170046893147805633
-3.9267087670022449153 18.366391347177547289
-4.9688704605482021393 17.113579664665127922
-6.1716072966033426184 16.611075266971973008
-7.6196933449850714481 17.111307266342084432
-9.1810797101231660378 17.130797296382297645
-10.782299005258694891 17.119447563192164097
-11.919839774340328376 16.565769142033914818
-12.979371367921933356 15.917729286816395984
-13.727050877685114116 14.516671306780905226
-14.589651081510695008 13.152672309228286451
-15.070752139802891634 11.634627333245550318
-15.099202669949342237 10.03011424054506584
-15.292792428590193055 8.6251922542196268751
-16.297717758600171578 7.7637771460123108369
-16.009210557588030355 6.6406864934647655829
-15.098711823989173553 5.3304353375483621846
-14.647418966326709366 3.891478292649951598
-13.943221833269680232 2.6042168899731339415
-13.196365013548877698 1.5030576295515107876
-13.94332557235039971 0.3597320730629181007
-15.06312663388014883 -0.88408287877624502915
-16.238108451167963864 -1.9934965850630819162
-17.606100582151213985 -2.8206901453890913523
-19.73061522895730846 -3.0945140344445789538
-21.855129875763402936 -3.3683379235000661112
-23.865477741780303234 -3.1277423575357756746
-25.875825607797203531 -2.8871467915714852381
-27.886173473814103829 -2.6465512256071948016
-29.896521339831004127 -2.4059556596429043651
-31.906869205847904425 -2.1653600936786139286
-33.917217071864797617 -1.9247645277143234921
-35.927564937881697915 -1.6841689617500328335
-37.937912803898598213 -1.4435733957857426191
-39.948260669915498511 -1.2029778298214521826
-41.958608535932398809 -0.96238226385716219013
-43.968956401949299106 -0.72178669789287130953
-45.979304267966199404 -0.48119113192858087302
-47.989652133983099702 -0.24059556596429043651
