-50 0
-48.969061391610182454 -1.6529783937802651206
-47.938122783220364909 -3.3059567875605302412
-46.907184174830554468 -4.9589351813407951397
-45.876245566440736923 -6.6119135751210604823
-44.845306958050919377 -8.264891968901325825
-43.814368349661101831 -9.9178703626815902794
-42.783429741271291391 -11.570848756461854734
-41.752491132881473845 -13.223827150242120965
-40.7215525244916563 -14.876805544022385419
-37.692603574121882559 -13.887545418510459427
-35.876756135766719069 -13.309999357791832963
-34.060908697411555579 -12.732453297073208276
-32.245061259056392089 -12.154907236354581812
-30.429213820701221493 -11.577361175635957125
-28.613366382346054451 -10.999815114917327108
-26.797518943990901619 -10.422269054198705973
-24.981671505635738129 -9.8447229934800759565
-23.279937381736953483 -9.4542903618901590335
-23.155484303436335125 -10.420974718837131334
-24.235448682559788125 -11.971404057832671697
-25.348250797676588064 -13.52325800766598185
-26.461052912793391556 -15.075111957499297333
-27.573855027910187943 -16.626965907332607486
-28.686657143026991434 -18.178819857165922969
-29.799459258143787821 -19.730673806999231346
-30.912261373260601971 -21.282527756832550381
-32.025063488377391252 -22.834381706665862311
-33.0916325042242363 -24.380364283082592181
-32.685201479212700804 -25.38704181370557933
-31.148870392130881157 -26.300038708587436531
-29.691637862895380096 -26.308995383225948217
-28.720283044560240171 -24.778525213103318237
-27.834578949307079654 -23.090946289252229917
-26.948874854053929795 -21.403367365401141598
-26.063170758800776383 -19.715788441550056831
-25.177466663547619419 -18.028209517698968511
-24.346617208616862627 -16.580185998624457966
-24.017778132372786359 -17.324489304801929279
-23.804647449788657099 -18.643259316456678221
-22.974355101152443837 -17.688885558172934509
-21.838526404744030174 -17.47734063533877702
-20.54683179220693745 -17.450778431339056596
-19.121473759762988465 -17.699245793777716784
-17.318311307434637314 -17.768083499810771286
-15.445999640803432129 -18.366558488030179319
-13.777589933367949016 -19.275676324050465382
-12.288874060553458989 -20.479271820785420744
-10.810931551272748408 -21.700613074340115105
-9.3329890419920467082 -22.921954327894802361
-8.2744851591890586917 -23.482781555430161546
-7.3281333232377772191 -22.565980084494356106
-6.45217477106962356 -21.598269167254649403
-6.8704588009186471353 -19.892254263220028321
-5.8706418950347059038 -19.239724408116089194
-4.5310889299865522162 -18.909149616771813385
-4.0214057392216489006 -18.001313803568642413
-4.3751556780441722694 -16.408524476679236415
-3.2708748381850227815 -15.222545239596941613
-2.9280250888708310164 -13.684520816488522144
-2.551037506291337742 -11.713642872812570772
-2.1740499237118440234 -9.742764929136621177
-1.797062341132350749 -7.7718869854606706937
-2.3298344226335525597 -6.1790877713432932339
-3.4985659513693305733 -4.959264056239153895
-3.0101687825495138107 -3.4519709320657843143
-2.8796911535608913368 -1.9277109207914620015
-3.6586925521321389532 -0.29456688038001693775
-4.4960683659597551198 1.3531022100679876985
-5.8631950008032820421 2.5989505989465371272
-6.5760280743159986727 4.1493131267083613878
-7.6740189689565996289 4.1156640891846132391
-9.1923997913506436674 2.9859916548858298491
-10.716764538226554393 1.8407235544946178862
-12.241129285102466895 0.69545545410340547932
-13.765494031978379397 -0.4498126462878069276
-15.319383644758769236 -1.5511616675882133887
-16.908231353647746431 -2.1159423220666204735
-18.110676982388131506 -2.0991882273758748489
-19.49230351986539489 -3.0007577597340864273
-20.325866034540648997 -2.4734143842683096182
-21.114924747061486698 -2.5036528199186776078
-21.699296682125130076 -1.6482319911321181571
-22.156944860939109532 -2.9296304558767509718
-22.572660639469596333 -4.3825582702266565605
-23.501436788685612811 -3.5299908236656278859
-24.760480609180614664 -2.1330672412113540481
-25.800539146581950689 -0.53815653253898565467
-26.825407982357500458 1.0702638542789935094
-27.850276818133046675 2.6786842410969726735
-28.875145653908599996 4.2871046279149522817
-29.90001448968414266 5.8955250147329314458
-31.513652258140982809 8.7647595001385489866
-33.194229325582710999 7.9679631819441354423
-34.874806393024442741 7.1711668637497218981
-36.555383460466167378 6.3743705455553083539
-38.23596052790789912 5.5775742273608948096
-39.916537595349623757 4.7807779091664812654
-41.597114662791355499 3.9839815909720677212
-43.277691730233087242 3.1871852727776541769
-44.958268797674811879 2.3903889545832406327
-46.638845865116543621 1.5935926363888270885
-48.319422932558268258 0.79679631819441265606
