-50 0
-49.542915211919833496 -1.2999668194410518574
-49.085830423839659886 -2.5999336388821037147
-48.628745635759493382 -3.899900458323155128
-48.171660847679326878 -5.1998672777642074294
-47.714576059599153268 -6.4998340972052588427
-47.257491271518986764 -7.7998009166463102559
-46.80040648343882026 -9.0997677360873616692
-46.343321695358653756 -10.399734555528414859
-45.886236907278480146 -11.699701374969466272
-45.429152119198313642 -12.999668194410517685
-44.972067331118147138 -14.299635013851570875
-44.514982543037973528 -15.599601833292620512
-44.057897754957807024 -16.899568652733670149
-43.60081296687764052 -18.199535472174723338
-43.143728178797474015 -19.499502291615776528
-42.686643390717300406 -20.799469111056829718
-42.229558602637133902 -22.099435930497879355
-41.772473814556960292 -23.399402749938932544
-41.315389026476793788 -24.699369569379985734
-40.858304238396627284 -25.999336388821035371
-39.473455013111191647 -26.231523383649822279
-38.051409677976785417 -25.929967784739115899
-37.135704132314948822 -26.480441920441805337
-36.613583074795265304 -27.61329885514682303
-35.892113965271725817 -27.783018337263555964
-35.052986122248768197 -27.945392971674191784
-34.000170194597444606 -27.912173021056609912
-32.729842188798208724 -28.088905479085344297
-31.41091716120268984 -28.231201226077732969
-30.079107052874864081 -27.8844526743172203
-28.69824143814479811 -27.937451941243150344
-27.402195054769919125 -27.771435630896085911
-26.094385801105744349 -27.438916050872684593
-25.406915557639170089 -26.244188937149885987
-25.155336309763132618 -24.75770252680250394
-24.947691966810857878 -23.255851243626661784
-24.804678583353620525 -21.745188626660976183
-24.545949813539476025 -20.270567661840470208
-23.778620644082426594 -19.048642244598980255
-22.430504668217828623 -18.434138328441942889
-21.055752399234922478 -18.095536847140838432
-20.53005408757006478 -17.073621411478672627
-19.76658894995114224 -16.580954413210100995
-18.362830607131172655 -16.959399999656209701
-16.918600823305634862 -17.392700555506067417
-15.504338411246918028 -17.787885137321826079
-14.71867729743989095 -17.383541787612738716
-14.5368775415439071 -16.070395059032783536
-13.588223899449328513 -15.087653440499858348
-12.799730511354965756 -14.08086061655862764
-13.039143163551734972 -12.657485811436567147
-12.614292452556682633 -10.94897635337743047
-12.189441741561632071 -9.240466895318293794
-11.764591030566579732 -7.5319574372591562295
-11.946107910180092659 -6.1661340023401756127
-12.949384527440349402 -5.1753417208994907384
-13.546112898108203737 -4.1674408354366914153
-12.916324681802175078 -2.9383271262095989051
-12.764676006723304269 -2.0918861114112790034
-14.008916207591981973 -2.089420999186426986
-15.504195712237786253 -2.2387381144994913384
-16.999475216883588757 -2.3880552298125556909
-18.495423184105408865 -2.520860113512889189
-19.996826366895188443 -2.5189113308352073517
-21.497065800168407179 -2.4869268896542346958
-22.97819335526864748 -2.6925319008993398029
-24.233337534252193279 -2.6355769072969725819
-24.54747353482539296 -1.4511771606854990679
-24.533037162433156908 0.0062555895300167403336
-24.829245771319712333 1.379905948755419276
-24.669365055436923484 2.8513315144699782344
-24.577379597924959853 4.3327644961606663898
-24.996638790945834074 5.7840553928266551509
-25.387908252028839939 7.2676069319498504129
-24.772832059624708023 8.784334064948314591
-24.157755867220576107 10.301061197946779657
-25.388338921162453943 9.810534474235028668
-26.618921975104331779 9.3200077505232776787
-27.849505029046206062 8.829481026811524913
-29.080088082988083897 8.3389543030997739237
-30.310671136929961733 7.8484275793880229344
-31.541254190871839569 7.3579008556762710569
-32.771837244813717405 6.8673741319645191794
-34.00242029875559524 6.3768474082527681901
-35.233003352697473076 5.8863206845410172008
-36.463586406639350912 5.3957939608292653233
-37.694169460581228748 4.905267237117514334
-38.924752514523106584 4.4147405134057624565
-40.155335568464984419 3.9242137896940114672
-41.385918622406862255 3.4336870659822595897
-42.616501676348732985 2.9431603422705086004
-43.847084730290617927 2.4526336185587567229
-45.077667784232488657 1.9621068948470057336
-46.308250838174373598 1.4715801711352547443
-47.538833892116244328 0.98105344742350197862
-48.769416946058122164 0.49052672371175098931
