-50 0
-50.771643109725033582 -0.88244066528814080197
-51.543286219450067165 -1.7648813305762816039
-52.314929329175093642 -2.6473219958644222949
-53.086572438900127224 -3.5297626611525632079
-53.858215548625160807 -4.4122033264407036768
-54.629858658350194389 -5.2946439917288445898
-55.401501768075220866 -6.1770846570169855028
-56.173144877800254449 -7.0595253223051264158
-56.944787987525288031 -7.9419659875932673287
-57.716431097250321614 -8.8244066528814073536
-58.488074206975355196 -9.7068473181695491547
-59.259717316700388778 -10.58928798345768918
-60.031360426425415255 -11.471728648745829204
-60.803003536150448838 -12.354169314033971006
-61.57464664587548242 -13.23660997932211103
-62.346289755600516003 -14.119050644610252832
-63.11793286532554248 -15.001491309898392856
-63.889575975050576062 -15.883931975186534657
-64.661219084775609645 -16.766372640474674682
-64.181501708490614533 -17.894096757417401022
-63.68375089923780763 -18.896659248419219068
-63.159581744958074978 -19.821978235925151068
-62.532091164019725227 -20.79875373057863186
-61.783680852825924035 -21.821480511444349304
-60.969938254817243717 -22.79707232056965438
-60.076099362177274088 -23.738603488231721172
-59.0707172663423421 -24.665356413783175782
-57.98083205459298739 -25.538818688352996844
-56.833148999151283931 -26.333760234041712067
-55.695137952940704906 -27.012417826770430906
-54.464089142596534998 -27.330118132811787035
-53.154762804563425505 -26.901823576556903816
-51.956902202629677845 -26.308531444471014993
-51.134366610293909616 -26.677893212056570604
-50.656102009817765008 -27.946404119771038665
-50.083774990046798337 -28.776730421706496088
-49.179971383407341534 -28.205242272348879595
-48.159468712209559271 -27.341520443870926727
-47.022589330405310193 -27.4032112019146048
-45.767811077036022027 -28.051578369740486352
-44.433516002452527971 -28.632167987467614267
-43.099179083437924476 -29.173883576966115783
-41.883871884798814733 -29.071471740558028074
-40.636816317845237734 -28.765343851756817628
-39.330431196622633649 -28.321057185926026278
-38.019352534185436809 -27.832517816592634574
-36.758767529225508497 -27.228508904726894002
-35.583199139936837696 -26.562324126074344122
-34.513711015885903066 -25.859559271178429896
-33.482719069446893911 -25.082885042035542256
-32.470923544329963306 -24.210926488539051604
-31.547700030565906104 -23.3029403005572604
-30.892552796474479493 -22.581048959066322368
-31.055944584916947093 -21.448709565501157925
-31.153696979057315275 -20.351336223813952131
-30.147305317851742501 -20.069788556161405779
-28.966641327738742007 -19.944460476580943009
-28.600631669731885864 -19.321339786270264938
-28.429462511871687269 -18.47739061529272675
-28.745735607513839938 -17.269368102987563418
-28.370608735886182927 -16.067145435333987535
-27.995481864258525917 -14.864922767680409876
-27.620354992630868907 -13.662700100026832217
-27.245228121003215449 -12.460477432373256335
-26.870101249375558439 -11.258254764719680452
-26.494974377747901428 -10.056032097066101016
-26.119847506120244418 -8.8538094294125251338
-26.23543605587602201 -7.5546479236851107331
-27.107493291121787848 -6.5984385996995715828
-27.896690883304323449 -5.7001341905418323464
-27.514328498410854706 -4.5864607205037950521
-26.972667395969669002 -3.4245510769276297225
-27.366371528273749192 -2.30643370492151778
-28.498052951860060489 -2.191112019675442113
-29.629734375446375338 -2.075790334429366002
-30.761415799032686635 -1.960468649183290113
-31.893097222618997932 -1.845146963937214224
-33.024778646205312782 -1.729825278691138335
-34.156460069791620526 -1.614503593445062446
-35.288141493377935376 -1.499181908198986557
-36.419822916964250226 -1.383860222952910668
-37.551504340550565075 -1.268538537706834779
-38.68318576413687282 -1.15321685246075889
-39.814867187723187669 -1.037895167214683001
-40.946548611309495413 -0.92257348196860711198
-42.078230034895810263 -0.80725179672253122298
-43.209911458482125113 -0.69193011147645533399
-44.341592882068439962 -0.57660842623037944499
-45.473274305654754812 -0.46128674098430355599
-46.604955729241062556 -0.34596505573822766699
-47.736637152827370301 -0.230643370492151778
-48.86831857641368515 -0.11532168524607611104
