-50 0
-49.272435609495609299 -1.4137379175891708893
-48.544871218991225703 -2.8274758351783417787
-47.817306828486835002 -4.241213752767512446
-47.089742437982444301 -5.6549516703566835574
-46.3621780474780536 -7.0686895879458537806
-45.634613656973670004 -8.482427505535024892
-44.907049266469279303 -9.8961654231241951152
-44.179484875964888602 -11.309903340713367115
-43.4519204854604979 -12.723641258302537338
-42.724356094956114305 -14.137379175891707561
-41.996791704451723604 -15.551117093480877784
-41.269227313947332902 -16.964855011070049784
-40.541662923442942201 -18.378592928659220007
-39.814098532938558606 -19.79233084624839023
-39.086534142434167904 -21.206068763837560454
-38.358969751929777203 -22.619806681426734229
-37.631405361425393608 -24.033544599015904453
-36.903840970921002906 -25.447282516605074676
-36.176276580416612205 -26.861020434194244899
-35.923721418209950684 -26.242668762308824171
-34.479306443756712497 -26.143034870364434852
-33.792395980411903622 -27.413709498548627153
-33.025525415060343448 -27.853222302912609365
-32.115470148649187365 -28.036932239211090234
-30.939101879653509997 -28.040163071938565054
-29.517190509807530674 -28.26595578033716194
-28.667876095519535085 -28.011806611198451833
-28.594714275552469473 -26.41404883728577957
-28.581012795935851756 -24.712895509370007119
-28.567311316319241143 -23.011742181454231115
-28.553609836702634084 -21.310588853538455112
-28.539908357086019919 -19.609435525622672003
-28.526206877469405754 -17.908282197706899552
-28.512505397852795141 -16.207128869791119996
-28.498803918236177424 -14.50597554187534044
-28.485102438619566811 -12.804822213959564436
-28.462188222180092367 -11.107836134714586862
-27.926843085317159421 -10.083751930865744839
-26.848969053592554701 -10.998814398409109572
-25.82376236924415025 -12.370301257487982483
-24.798555684895742246 -13.741788116566853617
-23.773349000547334242 -15.113274975645722975
-22.748142316198929791 -16.48476183472459411
-21.716385404848878693 -17.837942183981446931
-20.436054496696950622 -18.507057967679060084
-18.786326147533770836 -18.299965926161064544
-17.740321876510567023 -17.538638027816645604
-17.158198447015088561 -16.620676136782670085
-15.682149967445736749 -17.004911032436531571
-14.070564889643220496 -17.579596352408387361
-12.458979811840713126 -18.154281672380239598
-11.329303943865795645 -18.407489172399721156
-10.9798629522015041 -17.781660253023915175
-11.313814236518553002 -16.394294671283027753
-10.604988150078479947 -15.256346994415457274
-9.7473568192279245181 -14.102741937593796351
-10.051215171127584114 -12.469861969595669393
-10.265655075396530549 -10.788263965308214409
-9.48333476018624566 -9.1674194468447787187
-8.7010144449759589946 -7.5465749283813448045
-9.0439631005799085983 -6.0608308175143115193
-10.213698774243781031 -4.9753087675561253889
-10.269749613332676219 -3.7188085070751122352
-9.6013375373807559043 -2.441096833012203593
-10.565109736866709511 -2.1475109330341610736
-12.266770085180825234 -2.2921196030638215646
-13.97332034833144121 -2.4396321469835258178
-15.686463749966772951 -2.5416130052500922609
-17.422704179581923967 -2.4863423503210806409
-19.143002471471532999 -2.5883090445107974631
-20.802828562330756057 -2.7738813803546364944
-22.25616596376869083 -2.1721906756564028917
-23.707323020328892937 -2.1139673339167330823
-24.526494936200137431 -1.4212487417810142354
-25.161385994647620379 -0.072805315881401766465
-25.294607918231864829 1.5785388417425023633
-25.231837243052922304 3.2838672957598626923
-25.127321150524696947 4.9893541140862973648
-25.022678364772346526 6.6948414130327886795
-24.495877658671570742 8.9010769216155551931
-23.969076952570794958 11.10731243019831993
-25.415239344094640472 10.490239517409523984
-26.861401735618485986 9.8731666046207280374
-28.307564127142327948 9.2560936918319338673
-29.753726518666173462 8.6390207790431379209
-31.199888910190018976 8.0219478662543419745
-32.646051301713860937 7.404874953465546028
-34.092213693237710004 6.7878020406767509698
-35.538376084761551965 6.1707291278879559115
-36.984538476285393926 5.5536562150991599651
-38.430700867809242993 4.9365833023103640187
-39.87686325933309206 4.3195103895215689604
-41.323025650856934021 3.702437476732773014
-42.769188042380775983 3.0853645639439779558
-44.215350433904617944 2.4682916511551820093
-45.661512825428467011 1.8512187383663860629
-47.107675216952308972 1.2341458255775918929
-48.553837608476158039 0.61707291278879594643
