-50 17
-48.881763592968333398 18.387359970614436833
-47.763527185936659691 19.774719941228873665
-46.64529077890499309 21.162079911843314051
-45.527054371873319383 22.549439882457750883
-44.408817964841652781 23.936799853072187716
-43.29058155780998618 25.324159823686624549
-42.172345150778312473 26.711519794301061381
-41.054108743746645871 28.098879764915501767
-39.935872336714972164 29.486239735529935047
-38.817635929683305562 30.873599706144375432
-37.699399522651631855 32.260959676758808712
-36.581163115619965254 33.648319647373249097
-36.0686837058708889 30.675770183095576016
-37.191873009374084802 30.490541182549886656
-38.452084762546654417 31.256079330483757417
-39.870104521346434012 31.665759656428686952
-41.392924475278960017 31.787364004767166392
-42.648574473362181436 31.557453789142229539
-43.640584029430293356 30.987351079835089962
-44.498222834657646274 30.049901029532769314
-45.498761178342071787 28.978615292742663456
-46.811042175532378451 28.213082724700836224
-47.994208898648210493 27.379113993680036288
-48.928672972196807223 26.271175972932695686
-49.693032315312414937 25.22739056647905187
-50.247287815537831079 24.370639355265719672
-50.701563989641172725 23.588300176192291246
-51.136282473800541482 22.753123276785579776
-51.377475099746924059 21.542457039532624918
-51.670537128607087141 20.145464924108882343
-51.213419285621355925 18.824963652949083581
-50.852104672436098554 17.562710961665054299
-51.589311270357562478 16.3727083503211297
-52.46520839170331385 15.105369131064668053
-53.182533910203964922 13.774359955209972028
-53.133576035599482168 12.530899638883051139
-53.003896328717630126 11.266916626586993999
-52.766992964867355909 9.8800784659792864062
-52.430308963741197203 8.5031610505455752502
-52.017840316033577608 7.2117685465970984282
-51.533432491000027653 5.9848774272097147175
-51.000880983237493638 4.8544451133875980986
-50.454620171291132635 3.8545191032110466267
-49.810759794759533747 2.8249200064312400826
-49.025301488934900362 1.7313739393265041855
-48.157036670981028692 0.68070716037646583629
-47.199154559572193079 -0.3281278263297888742
-46.114624508643032641 -1.3179978658398958657
-44.936591898501717424 -2.2429441475614488866
-43.698677757832236068 -3.0734099834476040769
-42.451518418278851641 -3.783739297899980869
-41.081586330944801944 -4.0735164016812923649
-39.646898525189612883 -3.7674235872921859603
-38.684231163700850686 -4.2313318888439290788
-38.17229115912392956 -5.4286482612916557855
-37.450862374805687693 -5.6002896677898910127
-36.624401645391770899 -5.7626462815104382287
-35.590445606240976417 -5.7718633805185044494
-34.326611809699052458 -5.877203250846588567
-33.007919503886306245 -6.060146789596373651
-31.678193013576034787 -5.742409982059361262
-30.301396078390940403 -5.7373776737929356173
-28.997652450822602788 -5.6180387315582720476
-27.654519895926888751 -5.2815695221846858942
-26.25254743332904539 -4.7989873003379353023
-25.147149907606056729 -4.1207305825246143272
-24.849999597375052929 -2.771418781855313096
-24.696828568178272434 -1.2774942586085229479
-24.273539194562385291 0.17557708011385192437
-23.336156807559554238 1.2159479003753237425
-21.895812629068132082 1.6027114597813727492
-20.425742356135902611 1.787386889428062009
-19.470610833271500439 2.5797095098666744661
-18.678458995016669064 3.5127029121120108002
-17.276005952617904171 3.5541844675050002778
-16.05572495659129828 3.6119761190770400816
-15.688080122524272753 4.2478337571129642924
-15.725371109195711128 5.2867570211021730486
-15.767721688917367473 6.4916282809052185954
-14.719100237781649554 7.3740600883961064937
-14.318129121426583339 8.5350676433129937237
-14.667954628694197083 10.015394855299064147
-14.844951028029557349 11.499625929458897389
-13.274213960146921565 14.639510018464878982
-13.510576118023118752 15.874083624695950689
-14.728806172993412105 16.372085450126995454
-16.200517689628089357 16.679932070188247195
-17.674232494517465142 16.983657083740482108
-19.168062134655219353 17.24599742102709854
-20.677990918378476692 17.473194297198080704
-22.190922692537700556 17.611419680291941603
-23.703591970515443421 17.604631580073643704
-24.792962537732226025 17.987332804985026513
-25.263946085338325531 19.144098654489710043
-25.211407584539802684 20.456775712059592109
-24.718738862979808601 21.913440945774190993
-24.46450761767908233 23.402116196872398746
-24.736924956519047214 24.845978092874407395
-24.822481552427348106 26.316950333023473974
-24.608114106183119674 27.823369432026417769
-24.568025595289253005 29.311484361140433208
-24.967011366262834571 30.738419984836077958
-25.856095175221025073 31.690330980752612788
-27.204785013426430851 32.166591202548232786
-28.231523120840559926 33.208484695414391297
-29.361482544238526771 33.570549084176519727
-30.835662362507203937 32.386938435306767303
-32.309842180775881104 31.203327786437018432
-33.784021999044554718 30.019717137567266008
-35.258201817313235438 28.836106488697513583
-36.732381635581909052 27.652495839827764712
-38.206561453850582666 26.468885190958012288
-39.680741272119263385 25.285274542088259864
-41.154921090387944105 24.10166389321850744
-42.629100908656617719 22.918053244348755015
-44.103280726925291333 21.734442595479006144
-45.577460545193972052 20.55083194660925372
-47.051640363462645666 19.367221297739504848
-48.525820181731319281 18.183610648869752424
