-50 0
-50.691455204612040575 -0.87924312186914899137
-51.38291040922408115 -1.7584862437382979827
-52.07436561383612883 -2.6377293656074471961
-52.765820818448169405 -3.5169724874765959655
-53.45727602306020998 -4.3962156093457451789
-54.148731227672250554 -5.2754587312148943923
-54.840186432284291129 -6.1547018530840436057
-55.531641636896338809 -7.0339449749531919309
-56.223096841508379384 -7.9131880968223411443
-56.914552046120419959 -8.7924312186914903577
-57.606007250732460534 -9.671674340560638683
-58.297462455344501109 -10.550917462429788785
-58.988917659956541684 -11.43016058429893711
-59.680372864568589364 -12.309403706168087211
-60.371828069180629939 -13.188646828037235537
-61.063283273792670514 -14.067889949906383862
-61.754738478404718194 -14.947133071775533963
-62.446193683016758769 -15.826376193644682289
-63.137648887628799343 -16.70561931551383239
-63.829104092240839918 -17.584862437382980715
-63.331353376019784207 -18.58742483937449208
-62.807184248382590397 -19.512743869418756049
-62.179693690690676533 -20.489519414182595369
-61.431283397169607952 -21.512246253552628872
-60.617540721327138442 -22.487838222015561485
-59.723701393170628648 -23.429369872422867616
-58.718318923062739145 -24.356123113648997958
-57.628433678305043486 -25.229585364067599329
-56.479713180294623953 -26.025193053026374201
-55.317565397042500308 -26.717064373961381563
-54.130737392247837647 -27.222753916450017186
-52.828215687333809569 -26.833074485170168799
-51.632561569416722591 -26.281957875905327171
-50.834092838322263219 -26.753378002678797287
-50.348623688915530749 -28.038105390875308842
-49.741000044412608361 -28.777882399352144205
-48.806116193263285652 -28.134713880358727778
-47.766148857198608368 -27.306316149220787537
-46.599592642981711776 -27.442580420816334197
-45.30064790285807419 -28.030234201084905266
-43.909538502883620481 -28.458530843608958349
-42.558239380323939827 -28.938210150983035618
-41.359388135875548187 -28.725016576959731651
-40.098405405229385678 -28.403091559970281565
-38.788029929211894853 -27.949845869549374555
-37.483938627562963575 -27.44223816621168055
-36.231843367227945407 -26.826919548774860402
-35.072195117358141658 -26.15496941653420393
-34.013737541840427525 -25.445442194481259435
-32.983235184659584149 -24.654064566741574538
-31.978658016703096933 -23.771529545210217549
-31.082020932462739893 -22.873853886342544683
-30.466563955331629643 -22.186157633525780852
-30.76085790227090655 -20.950680437269983969
-30.72490956628808334 -19.952095636500068565
-29.596163650999958605 -19.760952239638992722
-28.561136540894622726 -19.547943284071507719
-28.194508784285631009 -18.916120000482145258
-28.159557242372240893 -17.984327537858483481
-28.354084138690303973 -16.813028087120041931
-27.984565105305172494 -15.63182061238162035
-27.615046071920044568 -14.450613137643198769
-27.245527038534913089 -13.269405662904777188
-26.876008005149785163 -12.088198188166355607
-26.506488971764653684 -10.906990713427934026
-26.136969938379525757 -9.725783238689510668
-25.767450904994394278 -8.5445757639510890868
-25.883038587614464632 -7.2454142615276451167
-26.755096290926868363 -6.289204951768339491
-27.544294983307942459 -5.3909005717386770939
-27.161934205267332487 -4.2772271671582622332
-26.620269875458674846 -3.1153161637390400784
-27.013974014492049491 -1.997198989867563057
-27.654358682558438431 -0.78395525662149123658
-27.551012681287762263 -0.7357102012105070088
-28.673462047223374327 -0.69892469114998168056
-29.795911413158986392 -0.66213918108945635232
-30.918360779094598456 -0.62535367102893091307
-32.040810145030206968 -0.58856816096840558483
-33.163259510965822585 -0.5517826509078802566
-34.285708876901431097 -0.51499714084735492836
-35.408158242837046714 -0.47821163078682954461
-36.530607608772655226 -0.44142612072630421638
-37.653056974708270843 -0.40464061066577883263
-38.775506340643879355 -0.3678551006052535044
-39.897955706579494972 -0.33106959054472817616
-41.020405072515103484 -0.29428408048420279242
-42.142854438450711996 -0.25749857042367746418
-43.265303804386327613 -0.22071306036315208043
-44.38775317032194323 -0.1839275503026267522
-45.510202536257551742 -0.14714204024210142396
-46.632651902193160254 -0.11035653018157609573
-47.755101268128775871 -0.073571020121050656471
-48.877550634064391488 -0.036785510060525328235
