-50 0
-50.653307799825569191 -1.3309828557547533912
-51.306615599651138382 -2.6619657115095067823
-51.959923399476707573 -3.9929485672642601735
-52.613231199302269658 -5.3239314230190135646
-53.266538999127838849 -6.6549142787737673999
-53.91984679895340804 -7.9858971345285203469
-54.573154598778977231 -9.3168799902832741822
-55.226462398604546422 -10.647862846038027129
-55.879770198430115613 -11.978845701792780076
-56.533077998255684804 -13.3098285575475348
-57.18638579808124689 -14.640811413302287747
-57.83969359790681608 -15.971794269057040694
-58.493001397732385271 -17.302777124811793641
-59.146309197557954462 -18.633759980566548364
-57.925252240595064279 -19.65278567576020663
-56.620987533780223089 -20.575528282286512649
-55.29260093351736316 -21.366601643256672105
-53.877933433399540775 -21.835260028032873691
-52.330424671863035258 -21.532365166935388601
-51.256361356140374141 -21.940327822562981197
-50.695633353412674182 -23.174215751834150723
-49.923693389621668359 -23.355786683048382457
-49.015877288144487522 -23.528573936624972873
-47.85266320717548183 -23.431763781273261316
-46.479759825959838793 -23.786124344693664767
-45.070885520702255178 -23.789230331119071593
-43.637599018493098413 -23.366735118815238792
-42.184028689798878986 -23.483051083460395603
-40.798254158480418141 -23.182227069004625264
-39.314663536909208119 -22.724511402075759037
-37.816017610106996472 -22.167197526669131236
-36.37670700031826243 -21.477589282463473097
-35.051628080551800792 -20.71005862838775613
-33.849974359056488993 -19.888488223012750211
-32.676059241342763073 -18.951431765885303093
-31.563954612420783263 -17.917058209415820613
-30.717996697285389729 -17.013839607809714494
-30.730453370812771396 -15.83974666871018222
-30.807009559047134672 -14.611585815822632384
-29.553523566318467886 -14.366160548578966072
-28.540135030950267492 -14.02096129213261122
-28.113844362143641575 -13.267274720415409561
-28.549948454642567697 -11.978539741922421769
-29.66485055348311306 -10.953462068578719624
-31.103451906051454046 -10.260209889348786305
-32.55546092001681302 -9.5807019613543360492
-34.007469933982171995 -8.9011940333598786879
-35.459478947947538074 -8.2216861053654284319
-36.911487961912889944 -7.5421781773709746233
-38.085194362187081651 -6.6786645871295320376
-39.258900762461280465 -5.8151509968880894519
-40.432607162735472173 -4.9516374066466468662
-41.606313563009670986 -4.0881238164052042805
-42.780019963283862694 -3.2246102261637621389
-41.341412381088538552 -2.6275128125189270989
-39.820212142018029056 -2.1076324085607200942
-38.299011902947498243 -1.5877520046025139777
-36.777811663876988746 -1.0678716006443074171
-35.256611424806472144 -0.54799119668610074552
-33.735411185735948436 -0.02811079272789411207
-32.214210946665431834 0.49176961123031248668
-30.693010707594918784 1.0116500151885188252
-29.17181046852439863 1.5315304191467258299
-27.652689002217794467 2.0520149286134783395
-26.81991222100925043 2.7083961718950186892
-27.332594658288353884 3.9167417875833905327
-28.004278366365696229 5.3517264238235906504
-28.88848149519459696 6.6015850674640752516
-30.041542996846512636 7.6443370037243196791
-30.545516444108422149 9.1236339926035583403
-31.503839214876308006 10.25619902883707546
-32.572252620514468902 11.26109166477021617
-33.719415643832959972 12.19097547415291416
-35.071784258757837449 13.040515295628738457
-36.497001449182569388 13.086101496106778086
-37.936447151782225262 12.39989152131025385
-39.436646239037216333 11.837813598045125119
-40.861607227336627091 11.885641856830678975
-42.002469556085550551 12.7046891813084315
-43.270918627149612234 12.435173949782907243
-44.479747529098801806 12.503672036159526826
-45.50151789608737829 13.45737638472597375
-46.457063396145926504 12.943735621316930562
-47.399920739744686671 11.642422688176386814
-48.405746397799546799 10.52858121124059565
-49.590215740234192765 10.746079180750413684
-50.94984207619115324 11.577934935642639758
-51.554079165068735335 13.358494785492265322
-52.158316253946317431 15.139054635341892663
-51.942484628551682135 13.625149171807702686
-51.726653003157053945 12.111243708273514486
-51.510821377762425755 10.597338244739324509
-51.294989752367790459 9.0834327812051363082
-51.079158126973155163 7.5695273176709463314
-50.863326501578526972 6.0556218541367563546
-50.647494876183898782 4.5417163906025681541
-50.431663250789263486 3.0278109270683781773
-50.21583162539462819 1.5139054635341899768
