-50 0
-49.049053301987591169 0.62770559532069158948
-48.098106603975175233 1.255411190641383179
-47.147159905962766402 1.8831167859620745464
-46.196213207950357571 2.5108223812827663579
-45.24526650993794874 3.1385279766034575033
-44.294319811925532804 3.7662335719241490928
-43.343373113913123973 4.3939391672448415704
-42.392426415900715142 5.0216447625655327158
-41.441479717888299206 5.6493503578862238612
-40.490533019875890375 6.2770559532069150066
-39.539586321863481544 6.9047615485276070402
-38.588639623851072713 7.5324671438482981856
-37.637692925838656777 8.1601727391689902191
-36.686746227826247946 8.7878783344896831409
-35.735799529813839115 9.4155839298103742863
-34.784852831801430284 10.043289525131065432
-33.833906133789014348 10.670995120451756577
-32.882959435776605517 11.298700715772447722
-33.520800378631768979 12.433067921838775405
-34.831427725584930499 12.778862805254936674
-36.32958687507161244 12.70034908257831674
-37.833511421303079203 12.601124490457113581
-39.347133171985589684 12.417397165696364425
-40.86490649718356849 12.189345027994708204
-42.312073141166223422 12.347260404511890997
-43.666320384590989079 12.987446595521557668
-45.058584772432332954 12.958697476881649635
-46.300834758046860884 12.924607760697693237
-47.343004310537217805 12.964298186926418666
-48.546444504815106313 12.125989744776724422
-49.592808918572025334 12.040558115086497537
-50.232614061548865436 12.632524285337504821
-51.017679953092333278 12.391659791518486955
-51.594465558603630484 13.262832789897153418
-52.069626600427596941 13.062903501635240389
-52.500060363711931188 11.668386728808155084
-52.924465998069045725 10.551196091812885314
-53.62790165849089874 11.084317706404029025
-54.391021613229582954 12.368180849750309847
-55.089080438072372203 13.698574197108879247
-55.782999108504149888 15.031477339740677124
-56.476917778935934678 16.364380482372471448
-57.170836449367733678 17.697283625004267549
-57.864755119799532679 19.030186767636067202
-58.558673790231331679 20.363089910267870408
-59.263109552990265172 21.681747610611221688
-60.267845862732869477 22.593647057039902393
-61.401307805493296144 22.351468984311566146
-62.389548188516641858 21.773297312603254738
-63.216817856815275434 20.749702010964231391
-64.281326663397507559 19.731219276462425682
-65.610635028847895001 18.992558978912505552
-66.738255164159909327 18.105268588784007022
-67.66220425835132346 16.988394516563733561
-68.392556588068828205 15.973171904375863761
-68.929016282977698893 15.131412143907740031
-69.37586105506446188 14.350904902954054521
-69.813755164803325215 13.496188342383950598
-70.035363296660904098 12.221854419348831655
-70.276849612557882097 10.83243127747970469
-69.735718888047557584 9.5207886062112354608
-69.512341775582413561 8.2688917698252257793
-70.335039280142026996 7.0794608566862713417
-71.185801278456949603 5.7956174161770626085
-71.797173767601975669 4.4692732064157176808
-71.738333053414265805 3.2371666989481906462
-71.595468183542720908 1.9536789610484723845
-71.344521844852678782 0.56268556107481160211
-70.995588264865006067 -0.80837672919326841736
-70.574990720275977196 -2.0852618362191472912
-69.431935680260650656 -1.9694139564291945899
-68.288880640245309905 -1.8535660766392421106
-67.145825600229983365 -1.7377181968492894093
-66.002770560214642614 -1.621870317059336708
-64.859715520199316074 -1.5060224372693842287
-63.716660480183982429 -1.3901745574794315274
-62.573605440168655889 -1.2743266776894788261
-61.430550400153322244 -1.1584787978995261248
-60.287495360137988598 -1.0426309181095736456
-59.144440320122654953 -0.92678303831962116632
-58.001385280107328413 -0.81093515852966824298
-56.858330240091994767 -0.69508727873971576372
-55.715275200076661122 -0.57923939894976328446
-54.572220160061334582 -0.46339151915981036112
-53.429165120045993831 -0.34754363936985788186
-52.286110080030667291 -0.23169575957990518056
-51.14305504001532654 -0.1158478797899527013
