-50 0
-50.203394985175378906 -1.4420472392423824282
-50.406789970350764918 -2.8840944784847648563
-50.610184955526143824 -4.3261417177271477286
-50.813579940701529836 -5.7681889569695297126
-51.016974925876908742 -7.2102361962119125849
-51.220369911052294754 -8.6522834354542954571
-51.42376489622767366 -10.094330674696676553
-51.627159881403059671 -11.536377913939059425
-51.830554866578438578 -12.978425153181442298
-52.033949851753824589 -14.42047239242382517
-52.237344836929203495 -15.862519631666208042
-52.440739822104589507 -17.304566870908590914
-52.644134807279968413 -18.74661411015097201
-52.847529792455354425 -20.188661349393353106
-53.050924777630733331 -21.630708588635737755
-51.727685227734355067 -22.499695803961884621
-50.395133156073001146 -23.233653300762469485
-48.875483779308709131 -23.292989575503909805
-47.447480808903897298 -23.085226126912669287
-46.699004133695638075 -24.093187971789660651
-46.045988298412446227 -24.818389578238665649
-45.242073816517155649 -24.992161074827649259
-44.241246145301658999 -25.160810740015868703
-42.95185431166652279 -25.033450946333200449
-41.550143000285096662 -25.36045718904745172
-40.137329881406387244 -25.133740150500369026
-38.677702730336349646 -25.002939076797922269
-37.276067402587337085 -24.927002297754736304
-35.843871717928927012 -24.568011086089732942
-34.340903365361320709 -24.059667362006074143
-32.865716362836153053 -23.439458591569927393
-31.466962491251287304 -22.708777391199856055
-30.204333393576341393 -21.920556323790137299
-29.022950439468068851 -21.055741451071494197
-27.864568084177200546 -20.066906182487809218
-26.832188827364234385 -19.043495828371547418
-26.147641090857248969 -18.263068770576044386
-26.583329284204832987 -16.766190077323415153
-26.07364816025303611 -15.971185201344191285
-24.541006243152953203 -15.932181528156188932
-24.046342065093085694 -15.269342991552290911
-23.823067215929270901 -14.333351516932975045
-24.654941287749654322 -13.018977379460331179
-25.984591406800959135 -12.217544697597496395
-27.446077051506410527 -11.55196408576959044
-28.907562696211865472 -10.886383473941679156
-30.369048340917309758 -10.220802862113771425
-31.830533985622757598 -9.5552222502858636943
-33.292019630328205437 -8.8896416384579524106
-34.753505275033660382 -8.2240610266300429032
-35.988884692016156919 -7.4075230619027152557
-37.224264108998653455 -6.5909850971753876081
-38.459643525981157097 -5.7744471324480599606
-39.695022942963653634 -4.957909167720732313
-38.198929348444771392 -4.4295419859943949703
-36.678423848199869894 -3.9226724463888777983
-35.157918347954961291 -3.4158029067833601822
-33.637412847710066899 -2.9089333671778430102
-32.116907347465172506 -2.4020638275723262822
-30.596401847220271009 -1.8951942879668086661
-29.075896346975369511 -1.3883247483612914941
-27.555390846730471566 -0.88145520875577432207
-26.035313782753586764 -0.37437081602805971636
-24.929106153678819879 0.34026169274276396592
-25.031320601825250094 1.7273091438349217341
-25.008825336586877341 3.3301578983684705371
-25.286449479141314356 4.8331579384009621947
-25.922722473664119747 6.2829607108760123779
-26.36758831525186153 7.8089126524161329712
-27.390896563000463715 8.8939968547571073287
-28.464294809775640971 9.8761020055740402768
-29.618066847891128646 10.786220444035759414
-30.801762438286445445 11.588044306244949411
-31.892361320900793231 12.224220152868245037
-33.157704217004123848 12.460880057342118121
-34.721797468934894937 11.962486933912835241
-36.145606861169056856 11.929777557261598275
-37.343451604422888579 12.724375159142779168
-38.675817664578339361 12.45285835924781459
-39.956527575054252566 12.430672663188831351
-41.045244238175811802 13.408194661996803987
-42.066708724193432545 13.120345315529450048
-43.065809553097714968 11.883384281126589954
-44.124919015210366524 10.717478938550087264
-45.326258921441350935 10.55260405456411732
-45.757089925153145771 12.307463825235341659
-46.187920928864940606 14.062323595906565998
-46.569128835978446546 12.656091236315909043
-46.950336743091952485 11.249858876725252088
-47.331544650205458424 9.843626517134595133
-47.712752557318964364 8.4373941575439399543
-48.093960464432470303 7.0311617979532829992
-48.475168371545976242 5.6249294383626260441
-48.856376278659482182 4.218697078771969089
-49.237584185772988121 2.8124647191813139102
-49.618792092886494061 1.4062323595906569551
