-50 0
-50.510949212108265272 -1.1261859749954463705
-51.021898424216530543 -2.2523719499908927411
-51.532847636324795815 -3.3785579249863388895
-52.043796848433061086 -4.5047438999817854821
-52.554746060541326358 -5.6309298749772311865
-53.065695272649591629 -6.7571158499726777791
-53.576644484757856901 -7.8833018249681243717
-54.087593696866122173 -9.0094877999635709642
-54.598542908974387444 -10.135673774959016669
-55.109492121082652716 -11.261859749954462373
-55.620441333190910882 -12.388045724949909854
-56.131390545299176154 -13.514231699945355558
-56.642339757407441425 -14.640417674940801263
-57.153288969515706697 -15.766603649936248743
-57.664238181623971968 -16.892789624931694448
-58.17518739373223724 -18.018975599927141928
-58.686136605840502511 -19.145161574922585856
-59.197085817948767783 -20.271347549918033337
-59.708035030057033055 -21.397533524913480818
-60.218984242165298326 -22.523719499908924746
-60.729933454273563598 -23.649905474904372227
-60.196232841025945959 -24.725217514903057747
-59.62844514831641618 -25.718439756512129435
-58.936650202237231611 -26.775461862567428994
-58.117389326897878732 -27.864022589029502797
-57.397393912160872276 -28.706869254957339876
-56.435490837999559233 -28.74528094751641305
-54.990485747425069007 -28.237392019323472425
-53.516875232541288199 -27.887170451588676912
-51.985435735264204027 -27.868044054191411618
-50.442979683903239163 -27.953960395177240628
-48.933835947002236821 -27.706551363097826624
-47.55121818853324811 -27.045046695943209869
-46.407790621982712764 -26.352038738436831977
-45.857920070375449484 -27.024730477859538524
-45.643758786369680536 -28.515315054731594557
-45.408220714196993129 -30.015511204302359971
-45.140753208578686895 -31.504530692624374666
-44.870740603192963647 -32.992659287658440803
-44.433463557476393646 -34.367518909666955551
-43.348240596078220221 -35.273532016646157672
-42.029256448878285823 -35.293105377114912358
-40.690884120244611211 -34.885159645017324692
-39.309048757864665902 -35.034670476795184868
-38.023829830693685494 -34.77969393377163243
-36.653001899970206523 -34.408969583261679759
-35.242365484779774931 -33.914722112272585264
-33.867462452184540211 -33.314035663356207806
-32.562120103770837432 -32.623902650420362193
-31.378978687569780703 -31.885191615470276361
-30.270634959716538503 -31.081742059545518941
-29.178094162338808815 -30.166889423034888296
-28.168858345881140792 -29.192521668829606085
-27.443076910337179442 -28.39927483202513514
-27.600424579052226903 -27.1966490464920021
-27.621039166553234878 -26.083046581306341238
-26.428771765201936716 -25.865612919569901607
-25.407730506059419184 -25.592068506581675535
-25.052327959803672996 -24.975277211088023677
-25.464103753764764093 -23.903850524544793643
-25.971920459992720254 -22.640385269313707539
-25.400099667095165756 -21.477956803315649381
-25.345681055523012759 -20.233059636830091677
-25.747360876181087264 -18.939350877597025402
-25.044810352972060485 -17.831070796895104991
-24.245573868292442654 -16.753740550188236824
-23.446337383612824823 -15.676410303481370434
-22.647100898933206992 -14.599080056774502268
-22.828617367996820064 -13.233256988873444371
-23.83189431243357248 -12.242465136027655959
-24.428622901040906612 -11.234564402467636768
-23.796253709129175036 -9.9992496325688264847
-23.639264296208988725 -8.8081561536740373697
-24.186427179299929691 -7.5424982748476852024
-24.131830143904757335 -7.5194421121264696239
-25.363647756099769737 -7.1613734401204469648
-26.595465368294782138 -6.8033047681144251939
-27.827282980489790987 -6.4452360961084025348
-29.059100592684803388 -6.0871674241023798757
-30.290918204879815789 -5.7290987520963581048
-31.522735817074824638 -5.3710300800903354457
-32.754553429269833487 -5.0129614080843136747
-33.986371041464849441 -4.6548927360782901275
-35.218188653659865395 -4.2968240640722683565
-36.450006265854874243 -3.9387553920662461415
-37.681823878049883092 -3.5806867200602234824
-38.913641490244899046 -3.2226180480542012674
-40.145459102439907895 -2.8645493760481786083
-41.377276714634916743 -2.5064807040421568374
-42.609094326829932697 -2.1484120320361341783
-43.840911939024941546 -1.7903433600301115192
-45.072729551219950395 -1.4322746880240897482
-46.304547163414966349 -1.0742060160180670891
-47.536364775609975197 -0.71613734401204443003
-48.768182387804991151 -0.3580686720060226591
