-50 0
-48.616896178962214492 -1.1520123897794856127
-47.233792357924428984 -2.3040247795589712254
-45.850688536886650581 -3.4560371693384568381
-44.467584715848865073 -4.6080495591179424508
-43.084480894811079565 -5.7600619488974285076
-41.701377073773294057 -6.9120743386769136762
-40.318273252735508549 -8.0640867284563988449
-38.935169431697730147 -9.2160991182358849017
-37.552065610659944639 -10.368111508015370958
-36.168961789622159131 -11.520123897794857015
-34.785857968584373623 -12.672136287574341296
-33.402754147546588115 -13.824148677353827352
-32.019650326508809712 -14.976161067133311633
-30.636546505471024204 -16.12817345691279769
-29.253442684433238696 -17.280185846692283747
-27.870338863395456741 -18.432198236471769803
-26.487235042357674786 -19.58421062625125586
-25.104131221319889278 -20.736223016030741917
-23.700662440256103025 -19.425202149333678392
-22.297193659192316773 -18.114181282636614867
-20.771605454295542614 -17.918590974547395689
-19.239020308427321027 -17.84882350440942389
-17.721580977736071105 -17.932599533992124918
-16.236078693530611616 -17.847897427259162839
-15.078824665018542461 -18.069628809369596922
-14.5945475307698036 -19.372466189613803067
-14.568709890857004297 -20.867496842097903453
-14.658134737054144381 -22.37083118052851205
-14.747701357526942445 -23.874175732594967059
-14.837267977999742286 -25.377520284661436278
-14.86355633629341888 -26.599323968483563618
-14.519862003281890139 -26.673201875898605806
-13.741631716015110243 -26.817353267770773328
-12.652019153028701837 -26.715604997670368448
-11.369496732911560599 -27.020116948361280862
-10.050086665240483441 -27.078831468493198997
-8.7139258753092256882 -26.686664732793026644
-7.3280255339220436994 -26.832298258987638206
-6.0437751611710170963 -26.583426642203065171
-4.6794608631205871774 -26.221336437268487174
-3.2680627547920790832 -25.73466456403538416
-1.8901655431469599478 -25.140859264491592029
-0.5780764239219493561 -24.455374558313746292
0.61318665474911426827 -23.71930720068918319
1.7232239529054567129 -22.922387847062843491
2.8181744122176617395 -22.014273802229570975
3.8376290111253510418 -21.039024641106323088
4.5858925390203459926 -20.227190698198505459
4.4965686239060067564 -19.075258225939812462
4.4082647722215053676 -17.91164178479645841
5.5388285665499372712 -17.648617157053635651
6.6368496220238988315 -17.413754557840672277
7.0313422825432105867 -16.729557700630984129
6.933657708067334724 -15.645835234539713809
6.9733231736284286839 -14.465702125166028935
8.0408913960621735129 -13.586774581821039476
8.3617795886154642204 -12.393756193746309435
7.7100785363121744354 -10.38549310089249289
7.0583774840088846503 -8.3772300080386745691
6.4066764317055948652 -6.368966915184857136
5.7212740709213649737 -5.0493654851329701216
4.8811879204862131942 -4.061475401418664255
5.4819316508228528306 -3.17360824408229103
6.7241016393143882013 -2.3117957169296947662
7.9617970234310178057 -1.4487466187594231215
8.4104149363946589801 -0.54004999809184717208
7.8810719245092171192 0.67390934432025018097
7.2577554694238184396 2.0233493641039150823
6.4701346480247092785 3.2249715190560075406
5.337075969086887639 4.1690790325054356558
4.778270256044077513 5.4932724226465046158
4.0331750714535807845 6.66813496201917566
3.0386916863921218379 7.647486561220651069
2.011525794135785361 8.5285675731955095102
0.89945871456860615467 9.357369338284726723
-0.18763507025848191745 10.059442563358455658
-1.1980670313951975459 10.627418991257325587
-2.4863678387098482325 10.788752774360006015
-3.9829196146856156169 10.919555242399516359
-5.1603243467226720398 11.717221952720301203
-6.1991760472716510577 12.450911879542204019
-7.4209093563125616555 12.625621157143983808
-8.6990417792952019482 12.625050070285531945
-9.7698966762575700784 12.903429887420266198
-10.731817272265036678 12.914879457177793398
-11.714582347790511108 12.878758410073366747
-12.687802523863981108 11.738038376634275295
-13.632024926929391384 10.526089731089133039
-14.216169137614910412 9.1633716188857938789
-14.465960705396668118 7.6640363574610246289
-14.668054381194144398 6.1572168798398392298
-14.745954824083987944 4.6552832108966022417
-14.820650801327278856 3.1664553741849532642
-15.210114231393109918 1.7667853270153885958
-15.137550592247128733 0.35584710874398362002
-14.775627296543756728 -1.0980006207754895442
-15.096241654998348025 -2.1695419820018497781
-16.404963782236869463 -2.4050346215518225712
-17.852390386533144806 -2.2017373023695827605
-19.277761654316591944 -1.7755373917998247268
-20.303113326757991075 -2.0200223572931288452
-21.297536688083244627 -2.5948482659745186751
-22.791877329366055704 -2.613405817829148603
-24.314885038106663018 -2.6600779938876240038
-25.813124185814970701 -2.9382239437864234866
-27.804019626087558947 -2.3996609712460799102
-29.794915066360147193 -1.8610979987057367779
-31.631740969418316922 -1.6919072715506697779
-33.468566872476486651 -1.5227165443956027779
-35.30539277553465638 -1.353525817240536
-37.142218678592819003 -1.1843350900854687779
-38.979044581650988732 -1.0151443629304017779
-40.815870484709158461 -0.84595363577533499999
-42.65269638776732819 -0.67676290862026799999
-44.489522290825490813 -0.50757218146520099999
-46.326348193883660542 -0.33838145431013377795
-48.163174096941830271 -0.16919072715506677795
