-50 0
-50.866265199569653532 -0.76719444329979302744
-51.732530399139299959 -1.5343888865995860549
-52.598795598708953491 -2.3015833298993793044
-53.465060798278599918 -3.0687777731991721097
-54.331325997848253451 -3.8359722164989649151
-55.197591197417906983 -4.6031666597987586087
-56.06385639698755341 -5.3703611030985518582
-56.930121596557206942 -6.1375555463983442195
-57.796386796126853369 -6.9047499896981383571
-58.662651995696506901 -7.6719444329979298303
-59.528917195266153328 -8.4391388762977239679
-60.395182394835806861 -9.2063333195975172174
-61.261447594405453287 -9.9735277628973104669
-62.12771279397510682 -10.740722206197103716
-62.993977993544760352 -11.507916649496895189
-63.860243193114406779 -12.275111092796688439
-64.726508392684053206 -13.042305536096483465
-65.592773592253706738 -13.809499979396276714
-66.45903879182336027 -14.576694422696068187
-66.092764430960784239 -15.935899917738863607
-65.659503652161049558 -17.193856869700077539
-65.150347511066868833 -18.405474746066754932
-64.616647347355410602 -19.480785970902847026
-64.04885999521262363 -20.474007779143910568
-63.357065331330247204 -21.531029667405334749
-62.535176396540208543 -22.622844890609130175
-61.64522354801574977 -23.651048427583262423
-60.64393042986166904 -24.657263339167052152
-59.524084013806422888 -25.630093951653662998
-58.32170040024001878 -26.526562654836670418
-57.114212736400347126 -27.296029576961899465
-55.895716748760570169 -27.634593898080513696
-54.444551235188392013 -27.181257313805986087
-53.104799164961512759 -26.478355087698989934
-52.075548841505145958 -26.465751624416213872
-51.543034937325252542 -27.710260866266676061
-50.985406410990677273 -28.739311908057551648
-50.043689424762561657 -28.207946127674251358
-48.936332912462404465 -27.313027535874621066
-47.682979463781592244 -27.504406154873343837
-46.352289863810291592 -27.591889132151557362
-45.117717133118922845 -27.45433081369566608
-44.123779391996073684 -28.415633065397440049
-43.172883737331780196 -29.56784252034503524
-42.156115059579256865 -29.465967818931485311
-40.790712158511851726 -29.074901822007944929
-39.384359649666116354 -28.558478586573713187
-38.019078115350048108 -27.937462816235470342
-36.735713658297086681 -27.234717246481480402
-35.575378032368334402 -26.487568823818168795
-34.470156450383960589 -25.662841371257293588
-33.38673574035514946 -24.729125689344972017
-32.414995925831654233 -23.765309596019498883
-31.752407838396461415 -23.025573178931402651
-32.099189467566745293 -21.674652156145839399
-31.885884791458195764 -20.733887365486673104
-30.548109072338807124 -20.623966107884669441
-29.746976816237889807 -20.21117130075823809
-29.34545101038941084 -19.496891475751063183
-29.663601683327168956 -18.266937131324009869
-29.272964922846092861 -17.19266945358536347
-28.234229413398324482 -16.291379733961409926
-28.210849039587237996 -14.978437342428659207
-28.561052247317032737 -13.477352969487212064
-28.559714423147163131 -12.036437466932591533
-27.790204509474218497 -10.820243632800366385
-27.067515503470009008 -9.3546495139040590772
-27.249032796847007631 -7.9888263408595046045
-28.252309108789006586 -6.998034101407422547
-28.849037845055622853 -5.9901331687132435277
-28.216671081843966107 -4.7548187174473204308
-27.730296888362541807 -4.6173899440404637673
-28.902386525817146179 -4.3743694206699128557
-30.074476163271746998 -4.1313488972993619441
-31.24656580072635137 -3.8883283739288114766
-32.418655438180955741 -3.6453078505582610092
-33.590745075635553007 -3.4022873271877100976
-34.762834713090157379 -3.159266803817159186
-35.934924350544761751 -2.9162462804466082744
-37.107013987999366122 -2.673225757076058251
-38.279103625453970494 -2.4302052337055073394
-39.451193262908574866 -2.1871847103349564279
-40.623282900363179238 -1.9441641869644059604
-41.795372537817783609 -1.7011436635938550488
-42.967462175272380875 -1.4581231402233041372
-44.139551812726985247 -1.2151026168527532256
-45.311641450181589619 -0.97208209348220320223
-46.483731087636186885 -0.72906157011165229065
-47.655820725090791257 -0.48604104674110093498
-48.827910362545395628 -0.24302052337055091158
