70 0
70.193626856511443179 1.3985058881538698916
70.387253713022886359 2.7970117763077397832
70.580880569534329538 4.1955176644616098969
70.774507426045772718 5.5940235526154795664
70.968134282557215897 6.9925294407693501242
71.161761139068659077 8.3910353289232197938
71.355387995580102256 9.7895412170770885751
71.549014852091545436 11.188047105230959133
71.742641708602974404 12.586552993384829691
71.936268565114417584 13.985058881538700248
72.129895421625860763 15.38356476969256903
72.323522278137303942 16.782070657846439588
72.517149134648747122 18.180576546000310145
72.710775991160190301 19.57908243415417715
72.904402847671633481 20.977588322308047708
73.09802970418307666 22.376094210461918266
73.29165656069451984 23.774600098615788824
72.296116279254647452 24.715152336592893789
71.186937676896008043 25.269367634357358554
69.961097764863666271 25.894543963846690104
68.988819341985816891 27.0229775215020247
67.525602019227477513 27.421767346278471678
65.911052357197306151 27.638833607997106867
64.563906203796392447 28.336797640308752477
63.470942128674053606 29.224576678309780675
62.180945174155198174 29.439677137740314805
60.820866066771266389 29.452090837072795182
59.685847584820244549 29.705891847132541272
58.666382345536469245 29.711455614591059771
57.612455491151933984 29.444073746458784058
56.576283801825240971 28.178341467043026114
55.479363497633080726 27.17495550366794177
54.116639370618415228 27.412350375191905982
52.601645502158596912 27.720166427109283802
51.485883673706453578 27.177616642316582585
51.663797599412838224 25.80653869144126844
52.131896138705457133 24.264391856002475834
52.599994677998083148 22.722245020563672568
53.068093217290694952 21.180098185124883514
53.533359108959736261 19.635689014013017584
53.957869209971782709 18.058729631459506493
54.218654408055293459 16.475362373286124296
53.514535092086767065 15.376594365507040507
52.352997123629499754 14.749782036050323342
50.927310318500872199 14.829760396732952543
49.890091161043798706 14.615325702448981104
49.202351189351567484 14.010273295878517885
47.718720174500617759 14.250196557553669763
46.150608134120489012 14.580115173391131833
44.58249609374035316 14.910033789228604562
43.014384053360224414 15.239952405066066632
41.463460361846543378 15.557580098114591749
40.728737693649073037 15.291564543299488221
41.305094378878131067 14.046034519933495943
41.11898607335315603 12.74150721317338153
40.140391019756485491 11.446883821656564706
39.367360897975295586 10.014582292676795561
39.106336336247110808 8.4617329891208328263
39.268308699859424848 6.8849614500663474104
39.736341885763209802 5.6670902793554898125
41.200897484916936264 5.3684821224237539994
42.820395716024584942 5.2375351720649288012
44.437652490251608128 5.0901012756139421001
46.038786843921919001 4.8361952889975228231
47.128715591071966173 4.2387719831583652308
47.091170484345354907 3.1130081815893131392
48.011958417309067215 3.1855818479608291049
49.48075860742304144 3.8543645900230054657
50.95377427643816759 4.5277335557443407765
52.42344160649438578 5.1918026050480676759
53.732934933262740174 5.3327464491908784794
55.067884048396095409 4.9142674907753933766
56.462992492340916328 4.6030412909683420253
57.429160210737443037 4.7826330287127669649
57.452466531349173806 3.5411639321777381717
57.284568617631450138 1.9192705279950477149
57.167963794088407781 0.30396205406540416361
57.137865909028860756 -1.3002407883965578783
57.119001889687460505 -2.9030014439679612259
57.100137870346053148 -4.5057620995393641294
57.081273851004660003 -6.1085227551107665889
56.829018856531149595 -8.1187083518817573236
56.576763862057632082 -10.128893948652748946
57.695366873552828224 -9.284819452931685646
58.813969885048024366 -8.440744957210624122
59.932572896543220509 -7.5966704614895617098
61.051175908038423756 -6.7525959657684992976
62.169778919533619899 -5.9085214700474368854
63.288381931028816041 -5.0644469743263744732
64.406984942524019289 -4.220372478605312061
65.525587954019215431 -3.3762979828842496488
66.644190965514411573 -2.5322234871631872366
67.762793977009607715 -1.6881489914421248244
68.881396988504803858 -0.84407449572106152402
