-50 0
-51.266163908579343911 -0.40545548455405300281
-52.532327817158694927 -0.81091096910810600562
-53.798491725738045943 -1.2163664536621590084
-55.064655634317389854 -1.6218219382162120112
-56.330819542896733765 -2.027277422770264792
-57.596983451476084781 -2.4327329073243180169
-58.863147360055435797 -2.8381883918783712417
-60.129311268634779708 -3.2436438764324240225
-61.395475177214123619 -3.6490993609864768032
-62.661639085793474635 -4.054554845540529584
-63.927802994372825651 -4.460010330094583253
-65.193966902952169562 -4.8654658146486360337
-66.460130811531513473 -5.2709212992026888145
-67.726294720110871594 -5.6763767837567424834
-68.992458628690215505 -6.0818322683107952642
-70.258622537269559416 -6.487287752864848045
-69.069705378498667869 -6.6187934213515218218
-69.944567118059296718 -8.009265323619802146
-70.36700016044524375 -9.4030590693946276559
-70.27733590373392758 -10.708518919366385447
-70.079341146155655906 -12.140095528280244963
-69.76141425349865699 -13.621169622096463314
-69.344520919904311995 -15.037565434209966497
-68.850733380115997306 -16.355926559379675211
-68.286450739861535908 -17.594149289413294923
-67.708339177750133331 -18.672244612396099228
-67.031058764392497551 -19.764763963985952699
-66.193780910825125829 -20.930243847611862407
-65.263075353046161808 -22.046077364057332204
-64.223071079240654058 -23.120937927038177406
-63.043360308441144468 -24.166240383334638864
-61.765915592244581944 -25.128626492221716404
-60.43940343797499537 -25.972062098699154831
-59.105464062512083956 -26.682285762438887389
-57.543179009737876584 -26.548368438674675218
-56.186489243817156591 -25.882520408565355297
-55.454219863413236169 -24.54787276062856094
-54.886969093963074329 -23.039160933460248515
-54.319718324512955121 -21.53044910629193609
-53.752467555062793281 -20.021737279123623665
-53.185216785612666968 -18.513025451955314793
-52.617966016162512233 -17.004313624786998815
-52.049668034199498834 -15.497082261532522551
-51.351885967781718989 -14.530292456171238769
-50.915662834367509504 -15.479440873103991194
-50.840451682630444452 -17.079925596859236947
-50.772529754813113811 -18.685814748491011983
-50.704607826995783171 -20.291703900122794124
-50.636685899178459636 -21.897593051754579818
-50.568763971361121889 -23.503482203386358407
-50.500842043543798354 -25.109371355018144101
-50.427195178732233671 -26.705370786926565074
-49.930189223197487536 -27.570025445292586141
-48.605585931787665288 -27.217798155080284772
-47.172744423589406892 -27.623183889620531062
-45.678091933786454604 -27.931909114689847939
-44.092108550518972265 -27.577905607327167559
-42.556573467635111285 -27.092489124377710397
-41.112744635915660751 -26.409519455694606904
-39.778703363747865751 -25.645302749668875464
-38.572141825942964033 -24.828495396185694233
-37.397209894668861807 -23.899580795087928209
-36.277584044372787275 -22.867957573247263525
-35.407909004258819152 -21.946568165674975148
-35.348609540342756929 -20.821400090488733525
-35.490351005341452151 -19.54507519032613061
-34.302049823348376378 -19.251485674545172344
-33.214760425499179064 -18.950547543104860893
-32.790386711910471718 -18.205028699649428603
-33.050327310448864182 -16.942066350109051598
-32.635338306073251147 -15.795671199387124162
-31.589601769079624916 -14.808780249987098188
-31.363903455093620209 -14.882322909687122348
-32.399242152032861952 -14.055527192482282217
-33.434580848972103695 -13.228731475277442087
-34.469919545911352543 -12.401935758072601956
-35.505258242850594286 -11.575140040867761826
-36.540596939789836028 -10.748344323662921695
-37.575935636729077771 -9.9215486064580815651
-38.611274333668326619 -9.0947528892532414346
-39.646613030607568362 -8.2679571720484013042
-40.681951727546810105 -7.4411614548435602856
-41.717290424486051847 -6.6143657376387210434
-42.752629121425300696 -5.7875700204338809129
-43.787967818364542438 -4.9607743032290407825
-44.823306515303784181 -4.1339785860242006521
-45.858645212243025924 -3.3071828688193605217
-46.893983909182267666 -2.4803871516145203913
-47.929322606121516515 -1.6535914344096802608
-48.964661303060751152 -0.82679571720484013042
