-50 0
-50.108795943595268341 -1.206902873549244859
-50.217591887190543787 -2.4138057470984897179
-50.326387830785812127 -3.6207086206477341328
-50.435183774381087574 -4.8276114941969794359
-50.543979717976355914 -6.0345143677462242948
-50.652775661571624255 -7.2414172412954682656
-50.761571605166899701 -8.4483201148447140127
-50.870367548762168042 -9.6552229883939588717
-50.979163492357443488 -10.862125861943203731
-51.087959435952711829 -12.06902873549244859
-51.196755379547980169 -13.275931609041695225
-51.305551323143255615 -14.482834482590936531
-51.414347266738523956 -15.68973735614018139
-51.523143210333799402 -16.896640229689428025
-51.631939153929067743 -18.103543103238671108
-51.740735097524336084 -19.310445976787917743
-51.84953104111961153 -20.517348850337164379
-51.95832698471487987 -21.724251723886407461
-52.067122928310155316 -22.931154597435654097
-52.175918871905423657 -24.138057470984897179
-50.992816711409858499 -25.0574810011594451
-49.752933448216069223 -25.88041586181471132
-48.50549856786228986 -26.583015132462833208
-47.134495002249387596 -26.76793007231666266
-45.73508114328245 -26.295239373843681818
-44.781550181032550029 -26.591973580390096288
-44.370981295754674534 -27.95789105980326994
-43.751884013597567957 -28.319751946406878318
-42.999882906536356586 -28.475497350118342155
-42.03820641240806566 -28.631345984352691403
-40.81065248774910259 -28.495883217698033008
-39.495025010988456415 -28.816086739865845345
-38.172102440532547973 -28.645559674633059188
-36.812201745648827966 -28.405163341921273457
-35.476257078452384519 -28.44390615276941503
-34.161223189864514893 -28.139926155057466417
-32.765265780966373654 -27.685051064078233907
-31.359623783097468674 -27.164154674754694696
-30.009619956095292537 -26.517316725229676422
-28.758741623388026198 -25.800611362390007741
-27.62360157011668349 -25.039715012642538738
-26.522931054138037865 -24.186329725603521013
-25.487508466659619444 -23.261465805581579502
-24.622668982980542296 -22.380487529363030319
-24.888730908888774707 -21.196111276478216467
-25.625405385069598196 -19.871175346238405979
-26.246018420515095926 -18.616101889089513577
-25.688479071380008634 -18.061986599746571613
-24.207727158856457095 -18.039589804882517399
-23.027574541471199865 -17.470476791214384349
-22.120045861613238714 -16.32895936076525345
-20.926185589789685793 -15.442118040723594063
-20.44461319951262368 -14.313279520753276586
-20.782967147522221296 -12.840804270853757529
-20.986572273800316424 -11.351418401386636603
-20.461489515142844198 -10.272904270362957391
-19.936406756485368419 -9.1943901393392781785
-19.411323997827896193 -8.1158760083155989662
-19.592840462889533626 -6.7500525793750121295
-20.596117405030199166 -5.7592603219527580549
-21.19284685200823759 -4.7513594046262426218
-20.56315404576126582 -3.5214817133882982958
-20.417519978163561234 -2.6257735499557379732
-21.679566171808072994 -2.477416913931920206
-23.194772254332121975 -2.4634653944974216344
-24.535703752525520827 -2.2846523264292031286
-24.939948402343812717 -1.1960604649082891004
-25.241398319539126049 0.26790080682474559648
-25.444259719323238045 1.7019537657150674015
-25.090279734138515977 3.1857510409806875096
-24.909439076801287882 4.6894071793949363425
-25.592357248426296223 5.727455238940100557
-26.541466299015645802 6.5680488521451501072
-27.714392984064865288 6.2396464095378929571
-28.887319669114081222 5.9112439669306349188
-30.060246354163297156 5.5828415243233777687
-31.233173039212516642 5.2544390817161197305
-32.406099724261736128 4.9260366391088625804
-33.579026409310948509 4.5976341965016054303
-34.751953094360167995 4.269231753894347392
-35.924879779409387481 3.9408293112870902419
-37.097806464458606968 3.6124268686798322037
-38.270733149507819348 3.2840244260725746095
-39.443659834557038835 2.9556219834653179035
-40.616586519606258321 2.6272195408580598652
-41.789513204655477807 2.2988170982508027151
-42.962439889704697293 1.9704146556435455651
-44.13536657475391678 1.6420122130362875268
-45.30829325980312916 1.3136097704290303767
-46.481219944852341541 0.98520732782177233844
-47.654146629901561028 0.65680488521451430017
-48.827073314950780514 0.32840244260725803827
