-50 20
-49.284696258977504613 18.559073514618585676
-48.569392517955016331 17.118147029237174905
-47.854088776932520943 15.677220543855760582
-47.138785035910032661 14.236294058474348034
-46.423481294887537274 12.795367573092935487
-45.708177553865048992 11.35444108771152294
-44.992873812842553605 9.9135146023301103924
-44.277570071820065323 8.4725881169486960687
-43.562266330797569935 7.031661631567281745
-42.846962589775081653 5.590735146185870974
-42.131658848752586266 4.1498086608044584267
-41.416355107730097984 2.7088821754230458794
-40.701051366707602597 1.267955690041633332
-40.12813100773436048 0.16875125141738855916
-39.478192562512681718 -0.90835744663018047618
-38.668551198989284501 -2.0674375900625996394
-37.750719672677561789 -3.1989221558341895957
-36.73745162187762503 -4.2759053063901557579
-35.580973130737660881 -5.3313274736959836986
-34.319136797953802898 -6.3119157768141214149
-32.995896273984172353 -7.1809036523849201217
-31.663344103469384549 -7.9148611672169728593
-30.143696672238160517 -7.9741979668187719099
-28.691988647536557977 -7.4193266675106750441
-27.793052425909571923 -6.2243960590947864375
-27.13259113396363631 -4.7647185738612805039
-26.473964264553707437 -3.303004574190715914
-25.815337395143775012 -1.8412905745201511021
-25.156294012001353622 -0.37964534631183399771
-24.466449438341275169 1.0769142322632827558
-23.706971165781908439 2.3929573124774110582
-22.833488845120786692 2.5300349173529905755
-21.849939557801249634 2.587482736232263214
-20.779196043695520757 2.2706891785973040143
-19.450800187767480764 2.3427796139565391087
-17.928770767947426634 1.8829730704324698642
-16.404934652394018713 1.4584647814158930856
-14.927827344301045187 1.2950226770238291163
-13.596813157021637508 0.50366092545833984762
-12.290296746521560678 -0.42053374442137347877
-10.983780336021482071 -1.3447284143010864721
-9.6772639255214034648 -2.2689230841807996875
-8.3707475150213301873 -3.1931177540605131249
-7.7604469621168146176 -3.3530034255079428362
-7.5023377250176048747 -2.6571046995676885771
-7.8725063454929831153 -1.2122333394745896662
-7.0878376810121341833 -0.62041032818609642696
-5.6551173793705338255 -0.52516551458132809671
-5.2348558885479192782 0.19051202401462852265
-5.2092107416294419764 1.2596467498618197922
-5.2409548577416389392 2.5407918370759059457
-4.133603437745143161 3.48912670026721905
-3.8674556361535716853 4.7923980187294006328
-3.5036372940584845637 6.7643387707957405297
-3.139818951963397442 8.7362795228620804266
-2.7760006098683103204 10.708220274928420324
-3.0337230499889966673 12.136047459129555293
-4.1390438865444583172 13.16940395257330465
-4.4801083065258051619 14.298902444451391247
-3.7254394465823383875 15.638567369102892357
-3.9310692522881680588 16.900016231945979683
-4.6232508347818050964 18.281684983518726284
-5.2620060970497455344 19.718549870330214446
-6.3972256613227314048 20.785260315945805587
-7.2780000831675080164 22.006099361001581372
-7.8157281585342648356 23.088424450020511358
-8.963620183691102028 22.597674293488040576
-10.283205813949557239 21.683595367289978384
-11.602791444208014227 20.769516441091901982
-12.922377074466471214 19.855437514893832684
-14.243495400168855625 18.943681114404697041
-15.637394863808783185 18.142211506151511458
-17.033010977806547714 17.853992088258841875
-18.133928970102527245 18.032082371426572109
-19.37786127237346534 17.208170558621453949
-20.498720682502458601 17.026334150984204996
-21.17664196875706395 17.618552106470911411
-21.987154007887145468 17.440163292479194723
-22.566424421771998254 18.36314080161112372
-23.054167611076714195 17.769655316446918647
-23.481613547945549669 16.240861713617846362
-23.900299643904393321 15.616836795338006283
-24.436885602469768486 16.839764715734538925
-24.993393984097231453 18.351940485557960869
-25.549902365724701525 19.864116255381382814
-26.106410747352168045 21.376292025204804759
-26.662919128979631012 22.888467795028212493
-27.219427510607104637 24.400643564851641543
-27.775935892234564051 25.912819334675070593
-28.368099234854046387 27.362893604427995342
-29.473182669122984123 27.923634542547226545
-29.754271181463224138 28.667852599782701617
-31.200394668501566287 28.04872027122679512
-32.646518155539908435 27.429587942670888623
-34.092641642578250583 26.810455614114978573
-35.538765129616585625 26.191323285559072076
-36.984888616654927773 25.572190957003165579
-38.431012103693269921 24.953058628447259082
-39.877135590731612069 24.333926299891352585
-41.323259077769954217 23.714793971335442535
-42.769382564808296365 23.095661642779536038
-44.215506051846631408 22.476529314223629541
-45.661629538884980661 21.857396985667723044
-47.107753025923315704 21.238264657111812994
-48.553876512961664957 20.619132328555906497
