-50 0
-49.503787682382416335 -1.2579743062404395992
-49.007575364764832671 -2.5159486124808791985
-48.511363047147256111 -3.7739229187213187977
-48.015150729529672446 -5.0318972249617583969
-47.518938411912088782 -6.2898715312021984403
-47.022726094294505117 -7.5478458374426375954
-46.526513776676928558 -8.8058201436830785269
-46.030301459059344893 -10.063794449923516794
-45.534089141441761228 -11.321768756163956837
-45.037876823824177563 -12.579743062404396881
-44.541664506206601004 -13.837717368644835148
-44.045452188589017339 -15.095691674885275191
-43.549239870971433675 -16.353665981125715234
-43.05302755335385001 -17.611640287366157054
-42.556815235736266345 -18.869614593606595321
-42.060602918118689786 -20.127588899847033588
-41.564390600501106121 -21.385563206087471855
-41.068178282883522456 -22.643537512327913674
-40.571965965265945897 -23.901511818568355494
-40.075753647648362232 -25.159486124808793761
-39.579541330030778568 -26.417460431049232028
-38.122614657561257445 -26.341575526560635723
-36.80145586246329259 -26.166114587424122107
-36.107312728003627456 -27.125004126067661758
-35.511654271662173699 -27.88128661974418776
-34.774030319109051845 -28.044870737982964926
-33.871887715332313462 -28.205716051722067306
-32.727963729035643325 -28.04673868341762244
-31.428251886891892752 -28.431506281494485222
-30.10861613758067179 -28.428538459592104459
-28.765870568076504554 -28.004150815701095212
-27.401892323662689677 -28.147854450486445188
-26.259806948156182216 -27.915684372521049283
-25.432592769413524536 -26.832253736500042862
-25.037371232274534094 -25.428522767820627593
-24.985641034739607846 -23.934311915360073186
-24.951996689213839176 -22.433027048511071655
-24.864234636230534647 -20.909037835228211577
-24.567161001510335439 -19.4879079324146538
-23.444198467943454744 -18.769745704183296908
-21.960362146955109353 -18.435668372759234757
-20.561089896435795765 -18.166897554183687902
-19.970372905907520789 -17.229112435537210501
-19.364089220406601299 -16.604530512184165758
-18.027831298071482991 -17.012138737306663927
-16.616839762985648576 -17.524376685929020425
-15.205848227899812386 -18.036614634551376923
-13.796769587258856049 -18.547079116311902425
-13.417263015738971177 -18.308827321454810289
-13.153573289803448532 -17.551576257928598324
-13.530401768014924002 -16.245815873327746459
-12.726501668629476072 -15.295396411484791344
-12.362033715520917454 -13.784314788708259769
-11.997565762412358836 -12.273233165931729971
-11.633097809303798442 -10.762151543155198397
-11.268629856195239825 -9.2510699203786685985
-10.904161903086681207 -7.739988297602137024
-11.085678255582156027 -6.374165122950046225
-12.088954768639924353 -5.3833728750550697839
-12.685683141214104452 -4.3754719436557207857
-12.055929647171129915 -3.1461818634248990278
-11.906520826110096323 -2.2883704894851759626
-13.15739378346556343 -2.2522351984967783345
-14.660096072512533993 -2.3638716931774927943
-16.16279981665535459 -2.4754601116801300265
-17.666686553725380548 -2.5479625974066579808
-19.17444275121045294 -2.4950223899170089759
-20.68451361933909638 -2.5182455843057680589
-22.193832518804732956 -2.7592376193511132243
-23.531098478782745076 -2.5352976761690411145
-24.347830880066648973 -1.3479094575237560161
-24.806208460301075291 -0.0060504898986068070613
-24.642594685380224462 1.4538824777872372263
-24.673571683754069284 2.9098542141160161911
-25.132376592956049421 4.335708331377787772
-25.262696643858809864 5.8308572236346796203
-25.302131355681655833 7.342721777173147224
-24.761200675807327087 8.8918923113700163441
-24.220269995932998341 10.441062845566886352
-25.509256496136348602 9.9190097032885411465
-26.798242996339698863 9.3969565610101977171
-28.087229496543049123 8.8749034187318542877
-29.376215996746399384 8.3528502764535090819
-30.665202496949746092 7.8307971341751647643
-31.954188997153096352 7.3087439918968204466
-33.243175497356446613 6.786690849618476129
-34.532161997559796873 6.2646377073401318114
-35.821148497763147134 5.7425845650617874938
-37.110134997966497394 5.2205314227834431762
-38.399121498169847655 4.6984782805050988586
-39.688107998373197915 4.1764251382267545409
-40.977094498576548176 3.6543719959484102233
-42.266080998779898437 3.1323188536700659057
-43.555067498983248697 2.6102657113917206999
-44.844053999186598958 2.0882125691133772705
-46.133040499389949218 1.566159426835033841
-47.422026999593299479 1.0441062845566886352
-48.711013499796649739 0.5220531422783452058
