-50 0
-49.550392946427216145 -1.1751352851403513711
-49.100785892854439396 -2.3502705702807027421
-48.651178839281655542 -3.5254058554210541132
-48.201571785708878792 -4.7005411405614054843
-47.751964732136094938 -5.8756764257017568553
-47.302357678563311083 -7.0508117108421082264
-46.852750624990534334 -8.2259469959824595975
-46.403143571417750479 -9.4010822811228109686
-45.953536517844966625 -10.57621756626316234
-45.503929464272189875 -11.751352851403513711
-45.054322410699406021 -12.926488136543865082
-44.604715357126622166 -14.101623421684216453
-44.155108303553845417 -15.276758706824567824
-43.705501249981061562 -16.451893991964919195
-43.255894196408284813 -17.627029277105272342
-42.806287142835500958 -18.802164562245621937
-41.503195512071506812 -18.513303231710651175
-40.11124471661499058 -18.083454899364703294
-38.703714147367350051 -17.568613754057686549
-37.34562527469757498 -16.934446524047462646
-36.078139191136045838 -16.224345491299889233
-34.931276614417051007 -15.470797568296948299
-33.827092169381472786 -14.630832436987587286
-32.751183571250237492 -13.685620123679337112
-31.810889393873800657 -12.736556108925386255
-31.221396732343567493 -11.997441528678523426
-31.642371196343656692 -10.586229097154079781
-31.255468367227965842 -9.7737312916626084558
-29.851384749744461544 -9.7128032893781206525
-29.199242501471253775 -9.2098745321611481529
-28.792753857287518571 -8.4772301492455053307
-29.196611555953030148 -7.1862195930588352866
-28.629985566253363771 -6.1649952621650978557
-27.666982558762430955 -5.2306517758049748679
-27.447887945303399704 -3.8728473682094559649
-27.228793331844372005 -2.515042960613937062
-27.009698718385340754 -1.157238553018418159
-26.790604104926313056 0.20056585457710074394
-26.571509491467281805 1.5583702621726194248
-26.753026785199875093 2.9241933376170901049
-27.756303098712361788 3.9149855665533292992
-28.353031836576530367 4.9228866495885448273
-27.720665080440657135 6.1582015233911624463
-27.563672955211622195 7.3492962640854306855
-28.11083796195591944 8.6149524928311027594
-28.734169817327583019 9.944617668717187442
-29.522284824627785582 10.561835276488595881
-30.794485799826382788 10.005770337966472638
-32.126512461010612753 9.3056576852879562267
-33.458539122194842719 8.6055450326094380387
-34.790565783379072684 7.9054323799309242915
-36.122592444563309755 7.2053197272524078798
-37.454619105747532615 6.5052070745738932445
-38.786645766931769685 5.8050944218953759446
-40.118672428115999651 5.1049817692168613092
-41.439794404736751687 4.509709046025244028
-42.694735943658102428 4.9109518244911223306
-43.404423454662939719 6.0935900157692941548
-43.073215536778477031 7.4934857121726725637
-42.57736141588924994 8.9318740479737872562
-42.08150729500002285 10.370262383774900172
-41.847436704249645345 11.554927682063135919
-42.722032345095520611 11.808658483827350949
-43.661232425141861313 12.53521149281101188
-44.631257823252639128 12.49331887232175653
-45.590183841049267244 12.52441832455514259
-46.331502362880534918 13.434726621211559916
-47.026286452358199597 12.864244318259256517
-47.705848986589110439 11.487294860609306824
-48.441631140085057439 10.492385688578520941
-49.433884013690452264 11.033108410273753108
-50.72619940392943505 11.817841223063934919
-52.135402419498994675 12.441895759838185853
-53.43890841206903275 13.236045363509989059
-54.670433593769601543 14.109258927380050608
-55.869372035814379274 15.016292326480119357
-56.701408286339656684 16.271076562592842407
-57.533444536864934094 17.525860798705565458
-57.03121490107393754 16.357470078791859436
-56.528985265282940986 15.189079358878156967
-56.026755629491944433 14.020688638964452721
-55.524525993700954984 12.852297919050748476
-55.022296357909958431 11.683907199137042454
-54.520066722118961877 10.515516479223339985
-54.017837086327965324 9.3471257593096357397
-53.51560745053696877 8.1787350393959297179
-53.013377814745972216 7.0103443194822254725
-52.511148178954975663 5.8419535995685212271
-52.008918543163986214 4.6735628796548169817
-51.506688907372989661 3.5051721597411127362
-51.004459271581993107 2.3367814398274084908
-50.502229635790996554 1.1683907199137060218
