-50 0
-49.128276398826777438 0.73655960623491134598
-48.256552797653547771 1.473119212469822692
-47.384829196480325209 2.2096788187047340379
-46.513105595307095541 2.9462384249396453839
-45.641381994133872979 3.682798031174557174
-44.769658392960643312 4.4193576374094680759
-43.89793479178742075 5.1559172436443798659
-43.026211190614191082 5.8924768498792907678
-42.15448758944096852 6.6290364561142025579
-41.282763988267745958 7.365596062349114348
-40.411040387094516291 8.1021556685840252499
-39.539316785921293729 8.8387152748189361517
-38.667593184748064061 9.57527488105384883
-37.795869583574841499 10.311834487288759732
-36.924145982401611832 11.048394093523670634
-36.05242238122838927 11.784953699758581536
-35.180698780055166708 12.521513305993494214
-34.30897517888193704 13.258072912228405116
-36.180408660966151047 12.399983484723930971
-37.697434389041248437 12.509353098438561247
-39.217899796734776885 12.521598146500821258
-40.724941117848437955 12.338135070325257914
-42.213942166819158786 12.163851617060876364
-43.599043056279690234 12.548123564110047923
-44.970650091566426454 13.039088725207644615
-46.365268866322495001 12.829037943357901597
-47.469768450038046126 13.061883526921230114
-48.553843875499516969 12.658421663579769501
-49.759386948152261709 11.90885220027084479
-50.573083198131236315 12.365116764905584645
-51.253130465682289696 12.509266248776045316
-51.972937521205679445 12.649497593667033968
-52.478529347544444761 13.436680714348502974
-52.930275277101010545 12.540496483181312826
-53.324484823982380988 11.104784495273085199
-53.723183027818336654 10.620312797366265656
-54.22744735605810007 11.787625064899119209
-54.748353622737205626 13.201433826366384849
-55.269259889416311182 14.615242587833650489
-55.790166156095409633 16.029051349300917906
-56.311072422774522295 17.442860110768187099
-56.831978689453620746 18.856668872235449186
-57.352884956132733407 20.270477633702714826
-57.874021912389402189 21.683885833267005694
-58.582709495203324934 22.771637205707971674
-59.901342092220829727 22.835495784434467481
-61.384233998019169576 22.835148763581045728
-62.422546132432394472 22.280874536536884989
-63.414876629914573414 21.674039992256250997
-64.205838203640865913 20.480873025055252867
-65.400472661302515576 19.577954653987760025
-66.749707477681695877 18.883497777368415171
-67.743100610018544216 17.857091012008943665
-68.624613389057230961 16.739179366590999365
-69.274258181898929365 15.796672685476666587
-69.773099660113047094 14.984951747661110488
-70.208587132912171569 14.196645080685991402
-70.661837711598437295 13.273672986661120277
-70.852063271717909743 11.867550322518322758
-70.858001075482860642 10.503441044829308737
-70.229616651812662553 9.2099958918124116281
-70.40588023851175592 7.9873228338003263715
-71.330020937100144351 6.7816606970726791559
-72.129915503446596858 5.4650161262003864593
-72.474596061864744456 4.1636058719613844303
-72.39080243631129008 2.9428479131360916199
-72.212466453927092402 1.6079106796050699479
-71.927585469190162826 0.2167658212716805366
-71.550681058983400362 -1.1318981693185268256
-71.108327622640643995 -2.3798886635146265789
-70.591348408991663632 -3.581029522327920489
-69.447384608492129132 -3.3820834377541473259
-68.303420807992594632 -3.1831373531803737187
-67.159457007493045921 -2.9841912686066005556
-66.015493206993511421 -2.7852451840328269483
-64.871529406493976921 -2.5862990994590537852
-63.727565605994442421 -2.3873530148852806221
-62.583601805494907921 -2.1884069303115070149
-61.439638004995366316 -1.9894608457377336297
-60.295674204495831816 -1.7905147611639600225
-59.151710403996297316 -1.5915686765901868593
-58.007746603496755711 -1.3926225920164139183
-56.863782802997221211 -1.193676507442640311
-55.719819002497686711 -0.99473042286886670382
-54.575855201998152211 -0.79578433829509354069
-53.431891401498610605 -0.59683825372132037757
-52.287927600999069 -0.39789216914754677035
-51.1439638004995345 -0.19894608457377316313
