-50 20
-48.967096518822742723 18.350928500418770994
-47.934193037645478341 16.701857000837545542
-46.901289556468213959 15.052785501256316536
-45.868386075290956683 13.40371400167508753
-44.835482594113699406 11.754642502093860301
-43.802579112936435024 10.105571002512633072
-42.769675631759170642 8.4564995029314058428
-41.736772150581913365 6.8074280033501768372
-40.703868669404656089 5.158356503768949608
-39.670965188227391707 3.5092850041877206024
-38.63806170705013443 1.8602135046064951496
-37.605158225872870048 0.211142005025266144
-36.849966499105676121 -1.0621140903705228453
-35.879108268584310792 -2.4380493256949051784
-34.766862767678603063 -3.7591619173742572002
-33.488590851422159744 -5.0306710953139130993
-32.174775928898512234 -6.1258390242911993084
-30.999643937267915561 -5.5417420323406645366
-29.750602774007628426 -4.0923054924932431575
-28.501710737249489114 -2.6413126011705636564
-27.252818700491346249 -1.1903197098478832672
-26.003926663733210489 0.26067318147479673351
-24.699233636027901895 1.6588809672158064679
-23.151392576951860036 2.8241979591153572038
-22.067254041552114785 3.5309712406801536666
-21.91849099047560756 2.0971430240776069986
-21.622491584498586548 1.4974066714131109013
-20.752976879417335709 2.5533125458910759242
-19.678717809554598261 2.5625615826943737297
-18.46061082664858688 2.3433601490625597386
-16.846494571900048953 2.2988552712330014849
-15.176486772282457238 1.4587945978692378191
-13.910946829043776773 0.052154260270608564232
-12.682013298718652905 -1.397472166959576656
-11.453079768393529037 -2.8470985941897617444
-10.224146238068405168 -4.2967250214199470548
-8.995212707743283076 -5.7463514486501328093
-8.2437361890586959845 -6.3823644011230058481
-7.3039117072968675615 -5.6523178184690738846
-5.970745408464622983 -4.4468651684156910164
-4.969426324908443604 -3.3809160780644234023
-5.1455129487321640269 -1.8594192238750919532
-4.632826405841731443 -0.84696113874292355828
-2.9912866461002352025 -0.69047519496375642234
-2.4886609590732753361 0.1765826484461836543
-2.7105050169993476494 1.6342489934349915259
-1.9525362890408211047 2.9173875155233353063
-1.187443513235005188 4.2830094108683391951
-1.9860537126700152921 5.7676783661776411805
-3.7099268963119240716 6.3474614109610465462
-5.5617806559271256717 6.7823012388662275995
-7.4136344155423268276 7.2171410667714059883
-9.265488175157525319 7.6519808946765843771
-11.117341934772728251 8.0868207225817663186
-12.969195694387931184 8.5216605504869438192
-14.821049454003128787 8.9565003783921248726
-16.22541012686283679 9.3441447630047438366
-15.158687651535922569 9.4711731335533020371
-13.249625248198663385 9.5093630226099836733
-11.340014446470775056 9.5474950741136126453
-9.4304036447428849499 9.5856271256172380646
-7.5207928430149939558 9.6237591771208634839
-5.6111820412871011854 9.6618912286244889032
-3.7823560138754137583 9.9965696777983712451
-1.9535299864637258871 10.331248126972255363
-0.12470395905203766895 10.665926576146137705
-0.6574760407448967392 12.258725784368129652
-1.8262078828717001056 13.47854994340222845
-1.3378130964365684274 14.985842763939379196
-1.2073337040234335404 16.510103144451750978
-1.9863346621746666987 18.143246119041918973
-2.8237102050669817821 19.790914965305429263
-4.1908365942411505145 21.036763714812838799
-4.8684192148206930639 22.742541094564618476
-6.0419852784376377741 24.057533035269685229
-7.3181011720252620023 25.20455537028238524
-8.6441299904669151033 25.413604392120586084
-9.9536913146216114967 24.098455112938552247
-11.228905684898057515 22.684538460826615847
-12.504120055174507087 21.270621808714672341
-13.779334425450953105 19.856705156602732387
-15.100567678109038994 18.473994430507712394
-16.602531487262066179 17.245333912534263732
-17.900475055082083031 17.160296014304805112
-18.77896050635309777 17.507955165791084795
-19.655955105945601247 17.928097647340134557
-20.27705237884088163 18.098711487354790961
-20.81879876009191932 16.38463024833455961
-21.473483733085338088 15.638918596173811082
-22.714784258912434467 16.749202429893681909
-24.286427697190493546 17.827880633162241253
-25.680969225884268781 19.129649234500110566
-26.967703936083605498 20.537556021925855276
-28.250432193776802592 21.949375430804778375
-29.533160451470024555 23.361194839683687263
-31.492175318268863293 26.165084998593002297
-33.342957786441978385 25.548576498733702067
-35.193740254615093477 24.932067998874401837
-37.044522722788201463 24.315559499015101608
-38.895305190961316555 23.699050999155801378
-40.746087659134431647 23.082542499296501148
-42.596870127307546738 22.466033999437200919
-44.44765259548066183 21.849525499577900689
-46.298435063653769816 21.233016999718600459
-48.149217531826884908 20.61650849985930023
