-50 0
-50.442246640225413046 -1.181134627376194679
-50.884493280450826092 -2.362269254752389358
-51.326739920676239137 -3.543403882128584037
-51.768986560901652183 -4.7245385095047787161
-52.211233201127072334 -5.9056731368809733951
-52.65347984135248538 -7.0868077642571680741
-53.095726481577898426 -8.2679423916333636413
-53.537973121803311471 -9.4490770190095574321
-53.980219762028724517 -10.630211646385751223
-54.422466402254137563 -11.81134627376194679
-54.864713042479550609 -12.992480901138142357
-55.306959682704963654 -14.173615528514336148
-55.7492063229303767 -15.354750155890531715
-56.191452963155789746 -16.535884783266727283
-56.633699603381202792 -17.717019410642919297
-57.075946243606622943 -18.898154038019114864
-57.518192883832035989 -20.079288665395310431
-57.960439524057449034 -21.260423292771502446
-58.40268616428286208 -22.441557920147698013
-58.844932804508275126 -23.62269254752389358
-59.287179444733688172 -24.803827174900089148
-58.719392039630307067 -25.7970490398352581
-58.027597756703926279 -26.854070345835843625
-57.208384042022125016 -27.9425729177001827
-56.491618682155532838 -28.781849471789357153
-55.53642389009691982 -28.806444223856434661
-54.099969767678352639 -28.282809358780166775
-52.63888809129618096 -27.900753148823167038
-51.119606497660846856 -27.863286412912330547
-49.586593989391225534 -27.953125421669248851
-48.08236057387403406 -27.737936404620601394
-46.694380242031137129 -27.099284422195466959
-45.551241259538613804 -26.37005247819880438
-45.125524848972311531 -26.942104118569073279
-45.175098352672598878 -28.430255426382235129
-45.241317406841247362 -29.950490274768764465
-45.30648288536812629 -31.470337181164453
-45.119580391601161296 -32.897368966252720668
-44.231550203474398586 -34.059689339409189301
-43.046842008195859819 -35.008033798659418778
-41.734277465528172968 -35.37847286847976136
-40.409970605070853367 -35.167805711266900914
-39.045888784378369962 -34.984308582016090838
-37.717978647306097173 -34.98887980054501412
-36.396281334744138292 -34.677031881130019997
-34.99815710308624972 -34.212946812736142022
-33.594658289101431592 -33.685911491339012969
-32.249103830257539016 -33.032964619945829554
-31.006725978740657723 -32.313204838317744816
-29.876711308676334511 -31.548196843607705375
-28.773841394886268574 -30.684697929119408855
-27.711391179378999539 -29.724085404865157045
-26.828441176716644634 -28.810050468060822482
-26.477087507537273581 -27.946161101471393096
-26.838181680113606831 -26.570930350984138357
-26.174773935946486603 -25.851710512264837405
-24.785923458574455225 -25.614668102805651984
-24.509124284587347375 -24.887115660469799394
-25.299927917114821696 -23.681459406522431976
-25.949748928182135188 -22.468145240760915016
-25.496751039495805458 -21.369599669388147589
-25.298041337537068074 -20.192216594835205257
-25.711317073886753803 -18.944985930238356531
-24.907627368297266202 -18.061224771094725128
-23.85110082220901262 -16.933380006104250981
-22.794574276120755485 -15.805535241113775058
-21.738047730032501903 -14.677690476123299135
-21.919565023409507631 -13.31186730307874555
-22.922841326408608609 -12.321075063687063178
-23.519569485858543345 -11.313174134888839717
-22.887201041762047282 -10.077859694287505832
-22.73021072902820805 -8.8867658882209763505
-23.277375281813590391 -7.6211083372220347343
-23.900691294784458307 -6.2716683018499272961
-23.853442314091203968 -6.2474215958044538866
-25.098516489610670277 -5.9499253293375753415
-26.343590665130136586 -5.6524290628706967965
-27.588664840649602894 -5.3549327964038173633
-28.833739016169069203 -5.0574365299369388183
-30.078813191688535511 -4.7599402634700602732
-31.32388736720800182 -4.46244399700318084
-32.568961542727471681 -4.1649477305363031832
-33.814035718246934437 -3.8674514640694237499
-35.059109893766404298 -3.5699551976025452049
-36.304184069285867054 -3.2724589311356662158
-37.549258244805336915 -2.9749626646687876708
-38.794332420324806776 -2.6774663982019086816
-40.039406595844269532 -2.3799701317350301366
-41.284480771363732288 -2.0824738652681515916
-42.529554946883195043 -1.7849775988012721584
-43.77462912240267201 -1.4874813323343936133
-45.019703297922134766 -1.1899850658675150683
-46.264777473441597522 -0.89248879940063652327
-47.509851648961067383 -0.59499253293375709006
-48.754925824480537244 -0.29749626646687854503
