-50 0
-50.456054521286439751 -1.1912540333996328723
-50.912109042572879503 -2.3825080667992657446
-51.368163563859312148 -3.5737621001988983949
-51.8242180851457519 -4.7650161335985314892
-52.280272606432191651 -5.9562701669981645836
-52.736327127718631402 -7.1475242003977967897
-53.192381649005071154 -8.3387782337974307723
-53.648436170291503799 -9.5300322671970629784
-54.104490691577943551 -10.721286300596695185
-54.560545212864383302 -11.912540333996329167
-55.016599734150823053 -13.103794367395961373
-55.472654255437262805 -14.295048400795593579
-55.928708776723695451 -15.486302434195227562
-56.384763298010135202 -16.677556467594861545
-56.840817819296574953 -17.868810500994491974
-57.296872340583014704 -19.060064534394125957
-56.136016234497795097 -19.814089490234053414
-54.970681808968997473 -20.46300775710096076
-53.677264785202204678 -20.683279732021357944
-52.333530798562229336 -20.382656975570540681
-51.389094948623991854 -20.73094372525522644
-50.936208549975752646 -21.985319871393933511
-50.265987790435289639 -22.176270995232734151
-49.539396068079803115 -22.32747803438692813
-48.651815818467632369 -22.474476606369783838
-47.533033156522712659 -22.292963795847018815
-46.310487542536151295 -22.668936510047586808
-45.079323443223046297 -22.660702317571448816
-43.827126975161924349 -22.236069238155920402
-42.538331474773350749 -22.402239269253648501
-41.340584332422132263 -22.164681099731215141
-40.066315653609116509 -21.826663175187690058
-38.751134950316853178 -21.371327299517741238
-37.456750753261133013 -20.838225553811820845
-36.21436525441691856 -20.212315362270263819
-35.070936254753775074 -19.535129147892693169
-34.021590998683841178 -18.817682178830690276
-32.991670975729952886 -18.011404853744473087
-31.995173466257419648 -17.118989287092016838
-31.130730006280042943 -16.238391309684033104
-30.554073289048428563 -15.577545914595640753
-30.965336488220064126 -14.246605506356072368
-30.775952231304565032 -13.361390827447509722
-29.550507847871529066 -13.241695385239093952
-28.663855880702321599 -12.939804620076992947
-28.294993877171883412 -12.29620786284814038
-28.391221482342192672 -11.281162847414021755
-28.442399904608510752 -10.153102139901957202
-27.466004428850087749 -9.3313726116588320281
-27.157306449842430141 -7.8697905852358971401
-26.848608470834772532 -6.408208558812961364
-26.539910491827118477 -4.9466265323900255879
-26.231212512819460869 -3.4850445059670907
-25.922514533811803261 -2.0234624795441549239
-26.038102042979407003 -0.72430111759330595422
-26.910159000618506298 0.2319083800882260904
-27.699356589795421257 1.130212964886183391
-27.316994204915264532 2.2438862403345423147
-26.775333018484971603 3.4057957086900874089
-27.169037285884186872 4.5239134784818304524
-27.809421954434839108 5.7371583439446069974
-28.345631753230190242 7.0093544096798208187
-29.300394763837779522 7.9715887572698562735
-30.244265348290081619 8.9255013423666955674
-30.640093339608828416 10.249722207856740042
-31.468892750231923117 11.246419427347447595
-32.401568814430937948 12.148036534881594406
-33.361612126318426874 12.964124509341992564
-34.518711364209501369 13.489332742609812854
-35.919062972720716687 13.475857410916820101
-37.248846110773477847 13.085822123766424951
-38.526408648433118742 12.423489716266374217
-39.8609855661188206 11.87652619541191612
-41.153151606809821317 11.81987140423010274
-42.141163107107004748 12.578792157703066579
-43.180376758866735543 12.614219304704231917
-44.265901321827961112 12.272761069749069662
-45.151744539353025232 13.041653363002847499
-45.963179786241035174 13.48697979421858939
-46.750769085039628692 12.574205847985661322
-47.548919449670293602 11.38394105735849493
-48.406794355960151677 10.4636440025008568
-49.42654037650545007 10.770053913976411764
-50.586334790547780926 11.542069455489615493
-51.911483369499627827 11.952697906316981147
-53.229420110686035628 12.448305304175974584
-53.924624793949611501 13.868906838793352065
-54.619829477213187374 15.289508373410729547
-54.234843687445419391 14.015382675626501197
-53.849857897677658514 12.741256977842274623
-53.464872107909890531 11.467131280058046272
-53.079886318142122548 10.193005582273819698
-52.69490052837436167 8.9188798844895913476
-52.309914738606593687 7.6447541867053638853
-51.924928948838825704 6.3706284889211364231
-51.539943159071064827 5.096502791136909849
-51.154957369303296844 3.8223770933526814986
-50.769971579535528861 2.5482513955684549245
-50.384985789767767983 1.2741256977842265741
