-50 0
-49.556333995246042434 -1.3533553664589978993
-49.112667990492077763 -2.7067107329179957986
-48.669001985738120197 -4.0600660993769928098
-48.225335980984155526 -5.4134214658359915973
-47.78166997623019796 -6.7667768322949894966
-47.338003971476233289 -8.1201321987539856195
-46.894337966722275723 -9.473487565212984407
-46.450671961968311052 -10.826842931671983195
-46.007005957214353487 -12.180198298130980206
-45.563339952460395921 -13.533553664589978993
-45.11967394770643125 -14.886909031048977781
-44.676007942952473684 -16.240264397507971239
-44.232341938198509013 -17.593619763966970027
-43.788675933444551447 -18.946975130425968814
-43.345009928690586776 -20.300330496884967602
-42.90134392393662921 -21.653685863343966389
-42.457677919182664539 -23.007041229802965177
-42.014011914428706973 -24.360396596261960411
-41.811182886145914495 -23.878369724762269044
-40.358411443348742864 -23.63600508017526991
-39.567263505301816906 -24.565308293468763878
-38.931315411585252662 -25.372035594657269542
-38.135207089569092886 -25.546317833792947738
-37.147704312507840996 -25.715921591309594874
-35.875111490253338786 -25.57622360226175573
-34.475404466925482438 -25.924724562589162247
-33.064014256639566725 -25.736698248897198482
-31.608757284716787694 -25.546178492553938355
-30.199344248614565345 -25.50995941841344461
-28.774684381938477884 -25.159826239497480316
-27.277197068894036391 -24.649594162461973212
-25.895519079167790721 -23.95364644152045841
-24.917171438316792376 -22.67846398375731809
-24.379804200935154768 -21.156080348594464624
-23.84007340009836895 -19.633229046443979371
-22.800523800238345018 -18.538343663224981839
-21.316865887189486273 -18.196473457779276828
-20.315429016941909168 -17.300245730213649864
-19.359914646488913803 -16.42055004316817346
-17.801053815884717579 -16.411584279004095777
-16.98133130720111339 -16.003037440609112707
-16.554702472323317153 -15.233208606953425601
-16.971896305128499449 -13.850645361348028928
-16.209852509108149121 -12.808178735479035737
-15.386000758345479866 -11.728621247099079383
-15.659203292758343551 -10.200270999897925961
-15.919402402677834019 -8.6059945809028484121
-15.132728160347891588 -6.8915123179856312419
-14.346053918017949158 -5.1770300550684131835
-14.677316324651446422 -3.9361130799255210633
-16.062773846122844645 -3.5239442647841103806
-17.645408810583290915 -3.2667851255280822009
-19.228718290917424127 -3.0096088692339839632
-20.821732623882549973 -2.7521863350709590001
-22.424127422711283231 -2.4912081748735137587
-24.019333128827913271 -2.1604626911517592625
-24.964390820119064074 -1.3614729769182960517
-25.419531255521448543 -0.19507247090303486692
-26.623922480388422684 -0.36281047992685960812
-27.948-24.656049134048487304 18.088915465971179941
-25.315420058749680265 19.375095076946330153
-25.251334260397186426 20.743038510329053992
-24.799191906990017742 22.192089935874175666
-24.497583692019894386 23.70223691201053029
-24.50143146411340922 25.20869383539456976
-24.858394630017826898 26.691245723345563334
-24.893352187447671753 28.203729712529650442
-24.831278069849425094 29.659812500727195328
-25.518946040189909752 30.062969752231133214
-26.489934412553516552 30.572084223010620008
-27.995122338214219582 30.485079835951435001
-29.390131251843619964 30.889035871692009039
-29.146234531456961747 31.644846748792964775
-30.188922804884114726 30.912604411353317602
-31.231611078311264151 30.180362073913666876
-32.274299351738420683 29.448119736474019703
-33.316987625165566556 28.71587739903437253
-34.359675898592719534 27.983635061594725357
-35.402364172019872512 27.251392724155074632
-36.445052445447025491 26.519150386715427459
-37.487740718874178469 25.786908049275780286
-38.530428992301324342 25.05466571183612956
-39.573117265728484426 24.322423374396482387
-40.615805539155630299 23.590181036956835214
-41.658493812582783278 22.857938699517184489
-42.701182086009936256 22.125696362077537316
-43.743870359437089235 21.393454024637890143
-44.786558632864242213 20.661211687198239417
-45.829246906291388086 19.928969349758592244
-46.87193517971854817 19.196727012318945071
-47.914623453145694043 18.464484674879297899
-48.957311726572847022 17.732242337439647173

-45.349664074283666082 5.6425482418939658658
-46.279731259426931445 4.5140385935151723373
-47.209798444570196807 3.3855289451363805853
-48.139865629713469275 2.2570192967575870568
-49.069932814856734637 1.1285096483787935284
