-50 20
-49.308652286370495688 18.553421885044830475
-48.617304572740998481 17.106843770089657397
-47.925956859111494168 15.660265655134487872
-47.234609145481989856 14.213687540179318347
-46.543261431852492649 12.767109425224145269
-45.851913718222988336 11.320531310268975744
-45.160566004593484024 9.8739531953138044429
-44.469218290963986817 8.4273750803586349178
-43.777870577334482505 6.9807969654034636164
-43.086522863704978192 5.534218850448292315
-42.395175150075480985 4.08764073549312279
-41.703827436445976673 2.6410626205379523768
-41.149648315984975966 1.368258562838837733
-40.57778487779255272 0.26044777149184561438
-39.936205272269212685 -0.81239619630373383075
-39.136386832575873029 -1.9681409485355718658
-38.222893685550161536 -3.104801925455143774
-37.218058616101032499 -4.1828004552803097482
-36.069742579437388486 -5.2410649043192769625
-34.813330148566606681 -6.2275268142085487
-33.491831368181635753 -7.1047195331750465641
-32.159929482601675943 -7.8466175680085008537
-30.654626171152106195 -7.9685574990526717443
-29.181993667542659665 -7.4430683457493307387
-28.243953890577554233 -6.2784979969758394347
-27.575276813957465549 -4.8091538868813721308
-26.910242234975580544 -3.3356884277494325275
-26.245207655993695539 -1.8622229686174907037
-25.579775846785320681 -0.38887460077813035264
-24.884968862327948358 1.0758148659749775522
-24.123247019804001212 2.3929572945133199546
-23.246959324642691769 2.5300349176099206083
-22.259951473735107186 2.5874827180343902278
-21.185669541830918661 2.2706891685318240093
-19.852732077966230406 2.3427796228713382298
-18.326486906630744755 1.8829731010398731428
-16.798649033938094277 1.4584436925052306488
-15.314986517938541155 1.2934189414552748065
-13.974874778005343501 0.49740245764902701886
-12.658942692653260664 -0.43192727878892445137
-11.343010607301176051 -1.3612570152268759216
-10.027078521949093215 -2.2905867516648270588
-8.7115185448977161542 -3.2194095120745718219
-8.1534483207790682258 -3.3046267868266561152
-7.9457775022515679808 -2.5355842034940025975
-8.2826443310364581407 -1.1150863304770359807
-7.409478695479321253 -0.58865144716830153371
-6.0410952754547153631 -0.45525101469406870081
-5.620846756187621196 0.26480240744808192233
-5.6579293794195226752 1.3759023704187445247
-5.6046212136120914238 2.6313932887571325203
-4.4884236291923631512 3.5799998954306486709
-4.3010184018375490211 4.9150183622222662905
-3.930323985076816129 6.8547485260026936871
-3.5596295683160827927 8.7944786897831210837
-3.1889351515553499006 10.734208853563547592
-3.4466575921000988103 12.162036039657897035
-4.551978383913010795 13.195392548538197985
-4.8930416432900427637 14.324891258308634079
-4.1383704378046584083 15.664556636091210962
-4.3440043618368520129 16.926004412464752846
-5.0361847370878898289 18.307674511565441122
-5.6749404461250865239 19.744539091442909751
-6.8101602866283545978 20.811247687258209282
-7.6909357290230939697 22.032085632977508993
-8.2294727689032534101 23.113514022823643757
-9.380751304807890989 22.619002637482271467
-10.704406110439272481 21.700403766751211521
-12.028060916070657527 20.781804896020144469
-13.351715721702040796 19.863206025289084522
-14.676849180920401139 18.946962205327064765
-16.072197561897635154 18.14254965331240399
-17.464588102224364974 17.853991997405461944
-18.561436284733872526 18.032082172075824644
-19.802494592621453506 17.208170500125810065
-20.919825452888840545 17.02633418620124317
-21.594679968012478355 17.618552088437187564
-22.402603973920896863 17.440163277823621968
-22.979809880382873644 18.363140795691844431
-23.465673411355542299 17.769655293626620107
-23.891011961749523351 16.240829409773382963
-24.30691013938911027 15.61439093396244715
-24.840219605944909631 16.830220189683537058
-25.393384514334456981 18.334564745512700767
-25.946549422723997225 19.838909301341860925
-26.499714331113541022 21.343253857171024634
-27.052879239503084818 22.847598413000184792
-27.606044147892639273 24.351942968829348501
-28.159209056282179517 25.856287524658508659
-28.738387332831976551 27.315660594937426708
-29.795516006963669753 27.951068620916014851
-30.083931654493067498 28.725082364531580481
-31.506507964886420581 28.10186219563646759
-32.929084275279770111 27.478642026741354698
-34.351660585673123194 26.855421857846241807
-35.774236896066476277 26.232201688951128915
-37.19681320645982936 25.608981520056016024
-38.619389516853182442 24.985761351160903132
-40.041965827246535525 24.362541182265790241
-41.464542137639888608 23.739321013370677349
-42.887118448033241691 23.116100844475564458
-44.309694758426587669 22.492880675580451566
-45.732271068819940751 21.869660506685338675
-47.154847379213293834 21.246440337790225783
-48.577423689606646917 20.623220168895112892
