70 0
71.2461756187777695 0.69010923198698603809
72.49235123755552479 1.3802184639739720762
73.73852685633329429 2.0703276959609584473
74.98470247511104958 2.7604369279479441524
76.23087809388881908 3.4505461599349303015
77.47705371266657437 4.1406553919219168947
78.72322933144434387 4.8307646239089025997
79.969404950222113371 5.5208738558958883047
81.21558056899986866 6.2109830878828748979
82.461756187777638161 6.9010923198698606029
83.70793180655539345 7.5912015518568471961
84.954107425333162951 8.2813107838438337893
86.200283044110932451 8.9714200158308194943
87.446458662888687741 9.6615292478178051994
87.346412226089498176 9.6154293607525875842
86.707656165177809271 11.052294443079308195
85.572435674585207721 12.119003714552764706
84.691783889482493919 13.340339295085303917
84.088872285412477936 14.73629730101106361
83.07749104235182358 15.772199159246536482
82.353482079740189192 16.428959514348484561
80.940126753049582931 15.848348895585457896
79.469007900565003411 15.391020244603968337
77.976074210930462982 15.680576529548641673
76.446103670853787548 15.488327058994126872
74.989928721741136997 15.523273239217095565
74.097962768677419376 16.64644063934233742
73.878949339667400409 18.221937207393423819
73.730624011496075809 19.836170891881689471
73.313484172300746877 20.881130167855200597
72.121785154249593575 20.937557121064141796
70.815678230068741073 21.175971470619035841
69.70394637831195439 21.287201542424831757
68.68982655650529523 21.282880984281103309
67.633464146408869055 20.784865900829338159
66.596425231187453164 19.516210844543923741
65.460320989304264572 18.697739845333686048
64.055174638944265553 19.097684608061584299
62.518737938196942139 19.277061050244128637
60.918669374847809195 19.186493653415897853
59.647266911000102141 18.817935863710651745
58.592583709808941705 18.195348272891521901
57.720067702825872402 17.038686210898198681
56.500670465674069476 16.026683607986775826
55.066889194977754585 15.274783940115252534
53.996336072696536235 14.189188194444174229
53.071406167560795097 13.005510774426731757
52.406331680689170582 12.025224149405239871
51.894227152810522341 11.174113254301589748
51.432203293551992829 10.312870428696902181
51.115312350284121123 9.1300567121369304857
50.880723162294955841 7.7171697678780093455
51.779660595243520049 6.8217801880366364387
53.246150526441610396 6.1526103917039680624
54.71700624608779151 5.4851807475521372481
56.187861965733944203 4.8177511034003108747
57.658717685380104001 4.1503214592484791723
58.795625020040674258 3.3891646400063706324
58.378658044875272992 2.223176232780296413
57.206771413554051264 1.0335716359061342118
55.918028904570206805 -0.011177880609306932447
54.789329771175303563 -1.1788595503527325992
53.613787192538154613 -2.276130406466270184
52.281985118016727654 -3.2045212782692660269
50.93655332819886894 -4.1181949191921196629
50.271724128923835906 -4.921792592876151673
50.647581979086893966 -5.9716804393082414393
51.197280877114742736 -7.248871478872153773
51.76834226930134264 -8.3659603649768854439
52.401997662846994785 -9.4351037872461560596
53.191760273295770389 -10.586986804973957277
54.10076838465676019 -11.728647630890785436
55.091487534051431396 -12.801874318635825034
55.998383193549926773 -13.54103458596936882
57.398610179398957598 -12.835606077476256814
58.798212412005582905 -12.006532394150799092
60.238255280620457199 -11.347513536656281374
61.827463516974646041 -11.291038181898217729
63.4478185347834156 -11.234440933236536253
64.861151884334404372 -11.205238942958724024
65.222147844531278338 -12.301564387998467964
65.127111586855079395 -13.910438349655871448
64.754464590756256825 -15.273873931044528618
64.381817594657434256 -16.637309512433184011
64.009170598558611687 -18.000745093821841181
64.470003629438721759 -16.616072394297084713
64.930836660318831832 -15.231399694772328246
65.391669691198927694 -13.846726995247570002
65.852502722079037767 -12.462054295722813535
66.31333575295914784 -11.077381596198055291
66.774168783839257912 -9.692708896673298824
67.235001814719353774 -8.3080361971485423567
67.695834845599463847 -6.9233634976237858893
68.15666787647957392 -5.5386907980990276457
68.617500907359683993 -4.154018098574269402
69.078333938239779854 -2.769345399049514711
69.539166969119889927 -1.3846726995247564673
