-50 0
-50.082361785905924023 -1.2879236091611105941
-50.164723571811855152 -2.5758472183222211882
-50.247085357717779175 -3.8637708274833322264
-50.329447143623703198 -5.1516944366444423764
-50.411808929529634327 -6.4396180458055525264
-50.49417071543555835 -7.7275416549666644528
-50.576532501341482373 -9.0154652641277746028
-50.658894287247413502 -10.303388873288884753
-50.741256073153337525 -11.591312482449994903
-50.823617859059268653 -12.879236091611105053
-50.905979644965192676 -14.167159700772216979
-50.9883414308711167 -15.455083309933328906
-51.070703216777047828 -16.743006919094437279
-51.153065002682971851 -18.030930528255549206
-51.235426788588895874 -19.318854137416657579
-51.317788574494827003 -20.606777746577769506
-51.400150360400751026 -21.894701355738881432
-50.152253152563552874 -22.59753964882437316
-48.767404106804221442 -22.829727053639413015
-47.345358696408837318 -22.528171507378033311
-46.429653166510838957 -23.078646014510489692
-45.907531924177369831 -24.211502575697974038
-45.186062747610300505 -24.381222136021996505
-44.346934954318030009 -24.543596831197376673
-43.294119196768733104 -24.510378481141767537
-42.023790383732354314 -24.687110137479052696
-40.704865242799961322 -24.829405373301216997
-39.373057017591399642 -24.482657735665895871
-37.992192432327968277 -24.535657495185130728
-36.696146432919526603 -24.369640675902683569
-35.345766608661278951 -24.024703252482503046
-33.937936466501064103 -23.542879497194281413
-32.550272439623476828 -22.973509323359511569
-31.225669464690966493 -22.298003687346717783
-30.017648945995375698 -21.567170552077968182
-28.902943841868918184 -20.782311094031474141
-27.804154189188853508 -19.888335268585166205
-26.767215125379610896 -18.914611640096332223
-25.973105660349759205 -18.065942282019229026
-25.921080771206675308 -17.014482252046462918
-26.126344508653620125 -15.764447637176337125
-25.136685154310800527 -15.397311956105346198
-23.895032495026399033 -15.248511981217657052
-23.501922554240604057 -14.575070938882646487
-23.472281187159158122 -13.574289996167626882
-23.592524309085831646 -12.345923967516922559
-22.573402381608342893 -11.456403454892576832
-22.091829993688214984 -10.327564933718623053
-22.430183939275284644 -8.8550901998585391794
-22.633789063485370008 -7.3657046687044216426
-21.846290753693782705 -5.748243285709863315
-21.058792443902195402 -4.1307819027153040992
-21.300767655559759817 -2.9139546528721496088
-22.53999742044429766 -2.4823419623803144596
-24.036680904461075414 -2.2534422181143303199
-25.527375880594952662 -2.0225278890112283747
-26.353346481726980244 -1.5679946429880837755
-25.625671591128860172 -0.59060189283324804332
-24.865323315420923223 0.5603703336546986824
-25.010818745523554441 1.9173138657558839171
-25.023185755054171864 3.3798242156783739887
-25.102264014186516761 4.8469718511373436343
-25.573066285353231564 6.3045318362869817719
-25.813646864442990392 7.8232336238822162144
-26.51315827540861747 8.9914684544208469674
-27.507049687816810035 9.961064629562205397
-28.539233067828696733 10.838313782365803561
-29.654314458229521279 11.661465536724765713
-30.735488963532475282 12.353176646004957462
-31.745125040190721677 12.915497223469376564
-33.029053714974516254 12.85836934899442241
-34.402720158022837893 12.197912547860591204
-35.675142582090664689 11.873329293257990358
-36.755647486185395678 12.599310380994982239
-37.926310638747445125 12.633565911019589478
-39.151507612458118501 12.252490356192813792
-40.186935271228975353 13.03834781284457911
-41.148726521781490817 13.482037452501925756
-42.084151409868340465 12.501147882035674286
-43.04555662630564683 11.278370588051396695
-44.085929252528735844 10.413976606010985293
-45.263692768132521849 10.856915789723680987
-45.756840524924015767 12.657813784821158265
-46.249988281715516791 14.458711779918637319
-46.590898437923193853 13.144283436289670774
-46.931808594130878021 11.82985509266070423
-47.272718750338555083 10.515426749031735909
-47.61362890654623925 9.2009984054027693645
-47.954539062753916312 7.8865700617738019318
-48.295449218961600479 6.5721417181448353872
-48.636359375169277541 5.2577133745158679545
-48.977269531376961709 3.94328503088690141
-49.318179687584638771 2.6288566872579330891
-49.659089843792322938 1.3144283436289665445
