-50 0
-50.611531816009133422 -1.1081587142346795982
-51.223063632018259739 -2.2163174284693591964
-51.834595448027393161 -3.3244761427040385726
-52.446127264036526583 -4.4326348569387183929
-53.0576590800456529 -5.5407935711733982131
-53.669190896054786322 -6.6489522854080771452
-54.280722712063919744 -7.7571109996427578537
-54.89225452807304606 -8.8652697138774367858
-55.503786344082179482 -9.973428428112116606
-56.115318160091305799 -11.081587142346796426
-56.726849976100439221 -12.189745856581476247
-57.338381792109572643 -13.29790457081615429
-57.94991360811869896 -14.406063285050834111
-58.561445424127832382 -15.514221999285515707
-59.172977240136965804 -16.622380713520193751
-59.784509056146092121 -17.730539427754873572
-60.396040872155225543 -18.838698141989553392
-61.007572688164358965 -19.946856856224233212
-61.619104504173492387 -21.055015570458913032
-62.230636320182618704 -22.163174284693592853
-61.721479859102188925 -23.374792861090398333
-61.187779610759093885 -24.450104149216450367
-60.619992230288218593 -25.443325911521689875
-59.928197542254977748 -26.500347744520880156
-59.106308590001475523 -27.592162904301360982
-58.216355731745700552 -28.620366377567577842
-57.278484427487114772 -29.566958720373683889
-56.246803464295233255 -29.672570381874557199
-54.913739933040297103 -28.962556398833537941
-53.575971434846728414 -28.265359426394695674
-52.165078823714971179 -27.963585867592858136
-50.692258774753177875 -27.874795947309099375
-49.270734582224221754 -27.388925651690275487
-47.991741516608755092 -26.59679356589639454
-47.103311970928096741 -26.509920512557407335
-46.7848402376803989 -27.818018955828524241
-46.314826059702660643 -28.816566362053201544
-45.300545646248401965 -28.632996659465757006
-44.71237388446841976 -29.435319561329453819
-44.422479354114564387 -30.917284134564223308
-44.137282102995776256 -32.409951726245779469
-43.852084851876995231 -33.902619317927324971
-43.401793442673330503 -35.024405084735974469
-42.309599174363107466 -34.81340974988568604
-40.94648668290321325 -34.630583156206014905
-39.618578093209926294 -34.635156076689696647
-38.296881779786176025 -34.323308358310498534
-36.898757532388259506 -33.859223928098423073
-35.495258406783321448 -33.33218782648861378
-34.149704454151084576 -32.679241195379859164
-32.907326588984332716 -31.959481423465312844
-31.777311403497115805 -31.194473071175710999
-30.674442682937723248 -30.330975121981641252
-29.611992736865772713 -29.370362970908821865
-28.729041892905364364 -28.456327254115848291
-28.377687900683657318 -27.59243834493480918
-28.739511166520788521 -26.226725273236393576
-28.084153653212286628 -25.612582017541942747
-26.61944718491137607 -25.596618207450227089
-26.188294121667791359 -24.956956042100507887
-25.888060328155184209 -24.135554898354694586
-26.283483333952798233 -22.801907313008147327
-25.613161747832769777 -21.690691945596672241
-25.249165182561164045 -20.531179441310744238
-25.770766185566870377 -19.184966670978401027
-25.237736998175428482 -17.969716820485267306
-24.704707810783990141 -16.754466969992130032
-24.171678623392551799 -15.539217119498994535
-23.638649436001109905 -14.323967269005859038
-23.82016567295660181 -12.958144511929480913
-24.823441768413644581 -11.967351951468506499
-25.420170504929707533 -10.959450659669441208
-24.787803747832366952 -9.7241361544435083175
-24.630811432864227584 -8.5330415740360852084
-25.177976633440898979 -7.2673851646809497495
-25.123377204901895965 -7.2443279877856125992
-26.30797829038275637 -6.8993599883672498407
-27.492579375863620328 -6.5543919889488879704
-28.677180461344484286 -6.2094239895305252119
-29.861781546825344691 -5.8644559901121624534
-31.046382632306205096 -5.5194879906938005831
-32.230983717787069054 -5.1745199912754378246
-33.415584803267933012 -4.8295519918570750662
-34.60018588874879697 -4.4845839924387131958
-35.784786974229653822 -4.1396159930203495492
-36.96938805971051778 -3.7946479936019876789
-38.153989145191381738 -3.4496799941836249204
-39.33859023067223859 -3.1047119947652630501
-40.523191316153102548 -2.7597439953469002916
-41.707792401633966506 -2.4147759959285375331
-42.892393487114830464 -2.0698079965101747746
-44.076994572595694422 -1.7248399970918129043
-45.261595658076551274 -1.3798719976734501458
-46.446196743557415232 -1.0349039982550873873
-47.630797829038272084 -0.68993599883672551698
-48.815398914519136042 -0.34496799941836275849
