-50 0
-49.559220872347133025 -1.5466075316004972429
-49.118441744694258944 -3.0932150632009944857
-48.677662617041391968 -4.6398225948014912845
-48.236883489388524993 -6.1864301264019889715
-47.796104361735650912 -7.7330376580024857702
-47.355325234082783936 -9.279645189602982569
-46.914546106429916961 -10.826252721203481144
-46.47376697877704288 -12.372860252803977943
-46.032987851124175904 -13.919467784404474742
-45.580378084997875021 -15.407405635742250638
-45.037410235912219036 -16.800774869106955833
-44.433528440245595448 -18.069915223052216646
-43.799253538036296618 -19.19946108694547604
-43.015273133681759532 -20.396524620557585195
-42.072256414374692213 -21.625863281106440184
-41.036066136420807027 -22.779378483686514301
-39.843687979559895496 -23.91052804958940925
-38.52089133557715428 -24.970546908989074808
-37.120085728408568571 -25.910464712200120374
-35.705129382024026086 -26.698769567211698472
-34.094241361031080828 -26.766606446868429714
-32.616481789073361597 -26.614177113493315829
-31.893658647227177028 -27.818654531309885414
-31.146221325253062417 -28.343944599506123438
-30.248396475852135978 -28.527763686549903355
-29.179489956954885344 -28.401911715023683058
-28.58612540411593983 -26.927048466338064259
-28.388543719402139942 -25.236147188225810822
-28.198218399478484741 -23.541285024293785
-28.007893079554829541 -21.846422860361752072
-27.817567759631170787 -20.151560696429729802
-27.627242439707512034 -18.456698532497707532
-27.436917119783856833 -16.761836368565678157
-27.24659179986019808 -15.066974204633652334
-27.056266479936542879 -13.372112040701624736
-26.865575595705074363 -11.677543994226169843
-26.441801791062506055 -10.50859237922044187
-25.662557740317730293 -11.416324064850478237
-24.939526416036429168 -12.970343263236975062
-24.21757808649661925 -14.525719085862970559
-23.495629756956805778 -16.081094908488964279
-22.602442506955085832 -17.448753323649675906
-21.106363067965862257 -18.156862875076079433
-19.482451157463277269 -18.558687008983344668
-17.80108105338989688 -18.37765479718784789
-16.088889506302443522 -18.353867709177499989
-14.416193451247830026 -18.753787585106525881
-12.750072754720939372 -19.206070359090457345
-11.060621513010675088 -19.403663583096058431
-9.613906231371789346 -19.264537603730762072
-9.1660241665678334755 -18.492232737518406793
-9.3163028960745588591 -17.23500664275874783
-8.971310189291505921 -15.988024546272768589
-7.8896021370080005042 -14.928892635241338027
-8.0244084003282800666 -13.371939332528741673
-8.3398817859483642678 -11.674382607760477981
-7.9263016449315824019 -10.159563871465199014
-6.7737685304309191991 -8.048200942965516802
-7.1167173595979331679 -6.5624568319771290348
-8.2864528004988002863 -5.4769347767216283174
-8.3425033611258072597 -4.2204344396470157008
-7.6241203673869613056 -2.7965061803974649024
-8.1298604800775962076 -1.4789919364178338856
-9.5042019926892677972 -1.0425848785950624364
-11.152788223678591351 -1.3924665540022782562
-12.814312596443940606 -1.7799447644761232645
-14.476057038907622854 -2.1666507938535675137
-16.146101252851305929 -2.5242345647381831952
-17.818127778164861041 -2.7955066178342811156
-19.344144914432913396 -2.3794866925059485752
-20.840137585751033811 -2.0399033511379554007
-22.167145541455187896 -2.0388754344804804752
-23.269331290940037604 -2.2682751275721626527
-24.507600863835673266 -3.0487269205674332184
-24.90798390256241035 -2.0789292427379892914
-24.879651358538211525 -0.36730850494680361562
-24.910353439292308053 1.3452098824393741161
-24.961016598354589746 3.0564601648828033653
-25.011697313334462223 4.7677093320184553704
-25.120915888479398603 6.4715374873387210286
-25.48387026191333149 8.1431988304150788593
-25.928390256680202697 9.8045198665869133237
-26.381677628787450374 11.150231478751379655
-27.037599369147628181 11.149482739612331272
-28.109031694143226332 10.920247859553576575
-29.209966794290746606 9.575378369360324271
-30.391848320455444821 8.5869900338023210651
-31.867815899247975864 8.9383292829225862164
-33.500119247963233704 9.1316269914965051413
-35.200097978146082767 9.0606317704755845455
-36.488294345250160688 8.5861743099332343832
-37.839464910725141067 7.7275568789399109448
-39.190635476200128551 6.8689394479465875065
-40.541806041675116035 6.0103220169532640682
-41.892976607150096413 5.1517045859599406299
-43.244147172625083897 4.2930871549666171916
-44.595317738100064275 3.4344697239732937533
-45.946488303575051759 2.5758522929799703149
-47.297658869050032138 1.7172348619866468766
-48.648829434525012516 0.85861743099332432649
