-50 0
-51.423811096457392011 0.35667014308631017627
-52.847622192914784023 0.71334028617262035254
-51.558337516085913421 -0.83456449534114551803
-50.269052839257035714 -2.3824692768549113886
-50.134799609966144374 -3.4606300047931717323
-51.245785347902881313 -3.0911748375299152869
-52.686571474433506523 -2.3383199395024800715
-54.122291303877950952 -1.6014385055998223706
-55.260943661068012034 -1.6712772381501643792
-56.156244141358826027 -2.800349182779973134
-56.851254884051094507 -3.8080282175867683492
-57.376503238812148311 -4.6686394683091858582
-57.839433037051954045 -5.5189373768630343164
-58.206359626767110171 -6.6280393532254038291
-58.501914745732698009 -8.126743019072570462
-58.19508127183856061 -9.5522407486953273548
-57.708844825476639073 -10.90758355369877286
-58.420424316699360645 -12.181288978699027936
-59.35516386412010803 -13.532552616733402928
-60.045495049913498065 -14.948513726024479809
-59.982663301795007271 -16.265300349988017103
-59.822731524071116382 -17.645273303879903892
-59.540630744033180122 -19.129022332787087635
-59.150497855363568078 -20.577163766955933966
-58.683082603306090164 -21.915116673965609806
-58.132447675436594636 -23.194710227356786447
-57.561387111324748389 -24.311798031294223676
-56.92771144913561443 -25.380973878564599744
-56.126215649236470995 -26.548729770788117577
-55.182886537287643591 -27.728016692200142757
-53.789004862662629591 -28.028652060217563502
-52.16018488083091853 -27.8778045117963309
-50.515604145124115121 -27.848476550926797302
-48.86810979090876117 -27.937590246793909898
-47.248341601654615829 -27.841441420134813711
-45.718482435307031153 -27.662974395731875887
-44.668028460790885958 -28.533567577141180749
-44.5011613262761756 -30.056797380834364475
-44.521422020342562575 -31.669914380820912925
-44.54168271440893534 -33.283031380807464927
-44.393771259323159484 -34.176262804750379587
-43.845686336490544477 -34.290253880700618083
-42.86953170700009963 -34.454115435563224423
-41.580137750602617075 -34.326757301281602963
-40.178424229991357208 -34.653762582223173183
-38.765610521554613399 -34.427046501056558725
-37.305983370305845881 -34.296245427773115466
-35.904348625113101434 -34.22030781821827361
-34.472154507668378187 -33.861317107258855685
-32.969186041611443727 -33.352972705010515142
-31.493998796771023763 -32.732764837548955938
-30.095246765233660824 -32.002084873236100293
-28.832616088935637322 -31.213863113054959086
-27.651231842521198701 -30.349047451072912907
-26.492848891200157624 -29.360211733793690314
-25.47568379078416001 -28.3530033419120997
-24.971378348361835009 -27.64087351593815356
-25.706720943193751339 -26.21287303539621405
-26.275444037700616207 -24.87067362201584686
-25.503605196903794905 -24.196717768284589312
-24.442207314689365916 -23.714604501698332228
-24.9767055480814264 -22.588569557491787521
-25.836170973777811355 -21.301224393889341968
-25.572792824662776923 -20.136373870110482187
-25.334040949883736005 -18.908824400100371577
-25.53641785737309533 -17.738186314955164846
-24.290013576731801948 -17.189396058967648884
-22.717441060679561815 -16.761846686011221408
-21.379492766749326194 -15.964453613105259677
-20.136073014959034566 -13.903877124072121063
-20.393796066595665906 -12.476049560408663197
-21.499116396510466132 -11.442693477440666783
-21.840179547310551555 -10.313195077898027918
-21.085508919697510066 -8.9735297021280704399
-21.291138852177436291 -7.7120806301621440682
-21.983323761568644983 -6.3304125861528977026
-22.622078871657429033 -4.8935477041050088332
-23.757297921233714533 -3.8268384624825513285
-23.391149877566252968 -3.5834790217149397051
-24.791615673483818227 -3.3948748626773115333
-26.192081469401383487 -3.2062707036396829174
-27.592547265318948746 -3.0176665446020543015
-28.993013061236517558 -2.8290623855644261297
-30.393478857154079265 -2.6404582265267975139
-31.793944653071648077 -2.4518540674891693421
-33.194410448989209783 -2.2632499084515407262
-34.594876244906778595 -2.0746457494139125544
-35.995342040824340302 -1.8860415903762841605
-37.395807836741909114 -1.6974374313386555446
-38.796273632659477926 -1.5088332723010271508
-40.196739428577039632 -1.320229113263398979
-41.597205224494601339 -1.1316249542257708072
-42.997671020412170151 -0.94302079518814219128
-44.398136816329738963 -0.75441663615051357539
-45.798602612247307775 -0.56581247711288540359
-47.199068408164869481 -0.37720831807525678769
-48.599534204082431188 -0.18860415903762861589
