-50 0
-51.0049651865037319 -0.58563862915883579952
-52.0099303730074638 -1.171277258317671599
-53.014895559511188594 -1.7569158874765076206
-54.019860746014920494 -2.3425545166353431981
-55.024825932518652394 -2.9281931457941787755
-56.029791119022377188 -3.5138317749530152412
-57.034756305526109088 -4.0994704041118508187
-58.039721492029840988 -4.6851090332706863961
-59.044686678533572888 -5.2707476624295219736
-60.049651865037297682 -5.8563862915883575511
-61.054617051541029582 -6.4420249207471940167
-62.059582238044761482 -7.0276635499060304824
-63.064547424548493382 -7.6133021790648651717
-64.069512611052218176 -8.1989408082237016373
-65.074477797555942971 -8.7845794373825363266
-66.079442984059681976 -9.3702180665413727922
-67.08440817056340677 -9.9558566957002092579
-68.089373357067145776 -10.541495324859043947
-69.09433854357087057 -11.127133954017880413
-68.996285756010763635 -12.27591428595315648
-68.808920772068574934 -13.548811361416408516
-68.530677483893299495 -14.844932152051091734
-68.173723134397320678 -16.099380583739019812
-67.761331827239544623 -17.262622282283267339
-67.281614421321904729 -18.390346393950842696
-66.783863926988004778 -19.392908235415905693
-66.259694654449319273 -20.31822744405218728
-65.632203125680277367 -21.29500432289403733
-64.883793069560837807 -22.317730603776954723
-64.070051710794160726 -23.293320911313845301
-63.176211595312004476 -24.234853360265567801
-62.170828302097426388 -25.161607229742518399
-61.080944095811332772 -26.035068538795311355
-59.932224475367149807 -26.830675621183203816
-58.770076997208811065 -27.522546816484837251
-57.594649659727004121 -28.012223354396251551
-56.369306868164464674 -27.514158271619056251
-55.247118930142470106 -26.693460724860280209
-54.321328114061778081 -26.495185439635957181
-53.784254731407322936 -27.566126030503905753
-53.274305441724898458 -28.672200061960175788
-52.450401809685267551 -28.444917377313895912
-51.435939136693086482 -27.49731520858779632
-50.313982759840691017 -27.318044175499796467
-49.081171677910198525 -27.671852846216740573
-47.838631349365684287 -27.294762438900317392
-46.61173711985825463 -27.390301802356507466
-45.379221422032138378 -28.036191684135996383
-44.074492925151119493 -28.549927976752595526
-42.730492168930439334 -28.765690346453773429
-41.395315828572087469 -28.446819814134006066
-40.123949074033518514 -27.860851722846486922
-38.925652707895736171 -27.204591983454264437
-37.836553824767328535 -26.510345523211924501
-36.80383009276961559 -25.754526578185288344
-35.783293215614598637 -24.900025711745747969
-34.829223045556496174 -23.987073348990232802
-34.109208676775431002 -23.210975799052278035
-34.063923521970849606 -22.23270625215955576
-34.316591686138046668 -21.02087072092872333
-33.533200100930081078 -20.574553998955281031
-32.148359243326986245 -20.572906917590486842
-31.779854441225790396 -19.956716042548389822
-31.403428649494259162 -19.249920631069539212
-31.853677005507087472 -18.001676052549871798
-31.524462358736659695 -16.920223874573451894
-31.195247711966235471 -15.838771696597030214
-30.866033065195807694 -14.757319518620608534
-30.53681841842538347 -13.67586734064418863
-30.207603771654955693 -12.59441516266776695
-29.878389124884527916 -11.51296298469134527
-29.549174478114103692 -10.431510806714925366
-29.219959831343675916 -9.3500586287385036854
-29.13674489747938523 -9.3473360321995571098
-30.17990765260541508 -8.8799692305895785438
-31.223070407731448483 -8.4126024289796017541
-32.266233162857474781 -7.9452356273696231881
-33.309395917983508184 -7.4778688257596455102
-34.352558673109541587 -7.0105020241496678324
-35.395721428235567885 -6.5431352225396901545
-36.438884183361601288 -6.0757684209297124767
-37.482046938487627585 -5.6084016193197339106
-38.525209693613660988 -5.1410348177097562328
-39.568372448739694391 -4.6736680160997785549
-40.611535203865720689 -4.2063012144898008771
-41.654697958991754092 -3.7389344128798231992
-42.697860714117787495 -3.2715676112698446332
-43.741023469243813793 -2.8042008096598678435
-44.784186224369847196 -2.3368340080498892775
-45.827348979495880599 -1.8694672064399115996
-46.870511734621906896 -1.4021004048299330336
-47.913674489747933194 -0.93473360321995535571
-48.956837244873966597 -0.46736680160997856603
