-50 20
-49.052565431839695975 18.620723915651861802
-48.10513086367939195 17.241447831303720051
-47.157696295519087926 15.862171746955581852
-46.210261727358776795 14.482895662607441878
-45.262827159198472771 13.103619578259301903
-44.315392591038168746 11.724343493911161929
-43.367958022877864721 10.34506740956302373
-42.420523454717560696 8.9657913252148837557
-41.473088886557256671 7.5865152408667420048
-40.525654318396952647 6.2072391565186038065
-39.578219750236641516 4.8279630721704638319
-38.630785182076337492 3.4486869878223238572
-37.683350613916033467 2.069410903474185659
-36.735916045755729442 0.69013481912604746071
-35.788481477595425417 -0.68914126522209429027
-35.004500098537377539 -1.8862063311122145848
-34.061484335777286958 -3.1155437707091166999
-33.027357554480140323 -4.2669334605899251756
-32.156446848684531403 -5.1113765057443210083
-30.885848095897767251 -4.1567171747212912081
-29.638995645721507799 -2.9922904852412028909
-28.392143195545237688 -1.8278637957611139075
-27.145290745368981788 -0.66343710628102503524
-25.898438295192715231 0.50098958319906383707
-24.63317294571312388 1.604860243831594202
-23.146105598116324842 2.1247314392536362782
-21.645374786442356907 2.9030901509205113697
-20.668462374911648283 3.5488100910494568829
-20.528429000516183578 2.2834332147601856811
-20.37246657131860772 1.3462883696140170997
-19.681082369159298651 2.3554785005977278978
-18.787133328583610847 2.5316295486771194234
-17.777441274839567598 2.5586616024159827276
-16.608812359345357379 2.2929291414831882712
-15.27259567733341683 1.9437335434226847841
-14.258401844289219085 0.61712280530375662746
-13.313075645803444047 -0.79663480865208635695
-12.367749447317669009 -2.2103924226079296744
-11.422423248831895748 -3.6241500365637713266
-10.477097050346122487 -5.0379076505196156432
-9.5317708518603510015 -6.4516652644754586277
-8.5881489378764186426 -7.6065886402266755795
-7.6448259502101016949 -7.019817918915599364
-6.3896758450756685477 -6.1182907023324997198
-5.1565127912301456092 -5.0755892537144067234
-4.0639935784324823231 -3.9931878734162857825
-3.4471665197594947294 -3.0960154683266170039
-3.8527787248817095822 -1.5499161483116135063
-3.0275274638063116583 -0.91485378368870906574
-1.6031340044118955745 -0.75421963123010016261
-1.155251883656731593 0.018085251673989333199
-1.3055315714775106439 1.2753107461346240292
-0.96053890563387389623 2.5222927057570085907
0.12116908973158266316 3.5814253333825556425
-0.013636992764428909619 5.1383783803091906961
-0.32911039109399770064 6.8359353157171485194
0.084469680339401248537 8.3507545817880508565
1.2370028189923194528 10.462117450775680894
0.89405396686119964489 11.947861042580607105
-0.27568137029166106533 13.033383084677110375
-0.33173198191755570718 14.289883649909910446
0.38665232301163143802 15.713812621952024884
-0.1040219905003212375 17.084481217725087987
-0.85745077280079318172 18.58450523853494829
-1.724424658642817576 19.966197700704864104
-2.9548987861014768264 21.07178047709628288
-3.503880725715301292 22.635849902368747166
-4.5479613111839292117 23.819057892202216919
-5.6866245089395963674 24.870610210635572201
-6.9120278237956469525 25.83718009608815791
-8.1640233586547292788 26.677505055006857759
-9.3170778931679585355 27.33799760692355818
-10.605293973549059672 27.230510567408845901
-11.550174360493318915 25.923253766229002792
-12.336620093647312046 24.412285276450571558
-13.123065826801306955 22.901316786672143877
-13.909511559955305415 21.390348296893726854
-14.695957293109294994 19.879379807115299172
-15.482403026263291679 18.368411317336871491
-16.240566347176528694 17.127415226026798223
-16.860866640112664783 17.534213617641796645
-17.723378830098258874 17.399585191135152229
-18.431797766946811379 18.186634886854278648
-18.981933778655768918 17.973224974956785616
-19.47134902151982061 16.380561368869368977
-20.03870193921642695 15.5604236377999392
-21.071432865144924307 16.518826413919182272
-22.493189247913083051 17.461243455032310123
-23.632306600143586195 17.861158279452205022
-24.428382752958071933 17.521904488569337133
-25.621095726972463069 18.494701500478242906
-26.873491884597221713 19.656526330816319614
-28.125888042221976804 20.818351161154396323
-29.378284199846735447 21.980175991492465926
-30.585999849218985958 23.370145372862861421
-31.793715498591236468 24.760114754233256917
-33.448832271446576669 24.327377049302960188
-35.103949044301920424 23.894639344372663459
-36.759065817157264178 23.461901639442370282
-38.414182590012607932 23.029163934512073553
-40.069299362867944581 22.596426229581776823
-41.724416135723288335 22.163688524651480094
-43.379532908578632089 21.730950819721183365
-45.034649681433975843 21.298213114790890188
-46.689766454289312492 20.865475409860593459
-48.344883227144656246 20.432737704930296729
