-50 20
-49.222577940974979072 18.563126498084777438
-48.445155881949965249 17.126252996169554876
-47.66773382292494432 15.689379494254332315
-46.890311763899930497 14.252505992339109753
-46.112889704874909569 12.815632490423887191
-45.335467645849895746 11.378758988508664629
-44.558045586824874817 9.9418854865934420673
-43.780623527799860994 8.5050119846782195054
-43.003201468774840066 7.0681384827629969436
-42.225779409749826243 5.6312649808477761582
-41.448357350724805315 4.19439147893255182
-40.670935291699791492 2.7575179770173292582
-39.893513232674770563 1.3206444751021066963
-39.285043414596870548 0.1416266031112964896
-38.593894299580078666 -1.0034524440488734598
-37.724010070093335401 -2.2369077973048234753
-36.739527220753039671 -3.428219967312738703
-35.634453610563014081 -4.5701276626098881195
-34.373555385484849012 -5.6762597029285011274
-33.006198661810998374 -6.6851378992198249307
-31.596058773058523172 -7.553129021093582196
-30.232370823054598219 -8.0158604114191405188
-29.235729697819031969 -6.9109165445096563118
-28.471286443111377906 -5.3896918130304527494
-27.707547886038113916 -3.8672037101868474984
-26.94380932896484282 -2.3447156073432431356
-26.180070771891578829 -0.82222750449963932784
-25.416332214818311286 0.70026059834396525705
-24.65259365774504019 2.2227487011875695089
-23.954660860475655682 3.476458535582497511
-23.735302259230540045 2.7754710286660646545
-23.677804793965258057 1.3982326959711164349
-23.103869280937978203 2.0131414755258045801
-22.22852486337892941 2.5779781656066078632
-21.215079125966738616 2.5933984786230475095
-20.107171201674667316 2.2907002077427072173
-18.737484329378411019 2.3491154889770946568
-17.071721135171181061 1.8696413728684160294
-15.523101042396092453 1.1191249380420240644
-14.208211143704469137 0.052202730877379380225
-12.943285464853916622 -1.0850180948293319805
-11.678359786003362331 -2.2222389205360433273
-10.413434107152808039 -3.3594597462427557844
-9.1485084283022537477 -4.4966805719494677973
-8.3549928832839448489 -4.8842643455776997286
-7.5010166409771237284 -4.0582952671736940431
-6.677725793471186222 -3.1600675531171980026
-6.9421151011693318367 -1.7256487755826679376
-6.5861383724144424434 -0.74385118743316747114
-4.9979996485796931438 -0.67261887742082238084
-4.4397315599588225155 0.013594833801265693296
-4.2891283386221399354 1.0630815449119190852
-4.3928907171978552881 2.4454227658792984101
-3.2500790498965828057 3.4646672283838726436
-3.0398757684528856515 4.8790598508616307427
-3.4245121284361212943 6.576527643847713378
-2.6688864657132351788 8.637026462782568359
-1.9132608029903488411 10.697525281717421564
-2.2562095863937270401 12.18326904335661709
-3.4259449113037079293 13.268791517798932844
-3.4819955589245226157 14.525291721738184947
-2.7636121617844437992 15.949219647280253653
-3.2542866284500782115 17.319888791660961402
-4.0077144234935211387 18.819913141654730282
-4.8746883720910112459 20.201604686031668479
-6.1051623900862397321 21.307187385419023684
-6.6541442818689064964 22.871256779788492253
-7.688113830342397037 24.044366360824994899
-8.423575793936741718 24.743045564685200333
-9.4201575018445531384 23.965566987247001407
-10.663900556815027798 22.797756955216105013
-11.907643611785504234 21.629946923185222829
-13.151386666755978894 20.46213689115433354
-14.395129721726450001 19.294326859123454909
-15.630363906414258324 18.186114328783997252
-16.737300585955239285 18.050629253277254094
-17.960286482225956917 17.596736283843849691
-19.292680685722768175 16.905166578549682299
-20.104486215988575992 17.562075932862210692
-20.95271294345428359 17.397422423676889736
-21.622881318789598737 18.241569965653351204
-22.151653276547072835 17.893528370404222727
-22.617239246983150025 16.288514587411455636
-23.195528567969336819 15.607893283097556747
-24.087817765010154147 16.835959789276465415
-24.898050015462871443 18.343535101421853284
-25.682225409701079144 19.854518433862242688
-26.466400803939286845 21.365501766302632092
-27.250576198177494547 22.876485098743021496
-28.034751592415705801 24.3874684311834109
-28.8690765414307009 26.334603414074493344
-29.703401490445699551 28.281738396965579341
-31.264678298872954798 27.644681597198996315
-32.825955107300210045 27.007624797432413288
-34.38723191572746174 26.370567997665830262
-35.948508724154713434 25.733511197899247236
-37.509785532581972234 25.09645439813266421
-39.071062341009223928 24.459397598366081183
-40.632339149436475623 23.822340798599498157
-42.193615957863727317 23.185283998832915131
-43.754892766290986117 22.548227199066332105
-45.316169574718237811 21.911170399299749079
-46.877446383145489506 21.274113599533166052
-48.438723191572748306 20.637056799766583026
