-50 0
-50.254367259634094012 1.5625361886027075986
-50.508734519268195129 3.1250723772054151972
-50.763101778902296246 4.6876085658081230179
-51.017469038536390258 6.2501447544108303944
-51.27183629817048427 7.8126809430135386592
-51.526203557804585387 9.3752171316162460357
-50.902166844739262785 6.3871935981908176672
-50.762153638407461642 4.8198857594837489771
-50.526832503085422843 3.2296560983802460321
-50.291511367763398255 1.6394264372767433091
-50.05619023244135235 0.049196776173240551466
-49.820869097119306446 -1.5410328849302625809
-49.634095145886419687 -3.0902408299042161133
-50.170029153877123917 -3.635394320556966985
-51.119329612570375332 -2.5604933151166178185
-51.989803837591118452 -1.2140341061104886755
-52.860278062611868677 0.13242510289563896864
-53.730752287632618902 1.4788843119017671679
-54.601226512653369127 2.8253435209078952006
-55.471700737674112247 4.1718027299140238995
-56.342174962694862472 5.5182619389201512661
-57.211968366954828014 6.8587499011363224355
-57.713481159772946683 6.9558262402015351711
-58.597829437047458612 6.2205836440472230819
-59.555677326973047059 4.9904787419924740988
-60.929326135242739326 4.1401288286915107761
-62.216839613069794268 3.272447911143750332
-63.211727392253692415 2.092888540601652636
-64.009150567987390446 0.99495390711037501319
-64.582239185689076066 0.096057567237542329508
-65.056417101950700044 -0.73804344207564831493
-65.530086313026203015 -1.6783999355047445334
-65.761479138830296165 -3.116266563024825853
-65.816610603854684314 -4.5766213365673857894
-65.169941368195864584 -5.9563500491896999023
-65.439920175595318597 -7.2550825952121469342
-66.420828516644419892 -8.5565665474391661149
-67.257675196148284158 -9.9705204900749855312
-67.40576609085958637 -11.328595108792688606
-67.286704062965583262 -12.653731123131448655
-67.049641479502312791 -14.122066898581106642
-66.697452202090062201 -15.592583569672566313
-66.257559812975983959 -16.970349830141003622
-65.73532203102908511 -18.276399372843588509
-65.166435619996832429 -19.458995655787738599
-64.570530756385949189 -20.520294480255401481
-63.84301897016919014 -21.641744516443115032
-62.967210769026991102 -22.80508638256468501
-62.01159404958914223 -23.898945927083040885
-60.925195697111760751 -24.96998681166382994
-59.710590547986015508 -25.993877861084776271
-58.410232932576775511 -26.923602966277666582
-57.082176916403440714 -27.723235589558228753
-55.725023256247759207 -28.164877539712005472
-54.382060059480565428 -27.416640901821260456
-53.151914131088275894 -26.468940663834782612
-52.300147499626397973 -26.771168495249320074
-51.791887610053642277 -28.204186307261267075
-51.050511955269868736 -28.675190868034349023
-49.940544499745463725 -27.683446001735479314
-48.693951666905903153 -27.305055541280395914
-47.305343538189262631 -27.653021889607238393
-45.953000774203594858 -27.298422311355203362
-44.88381426966021337 -28.023538248298763165
-43.936909928545190951 -29.316266165016099166
-42.957251629802989612 -29.694110745625597048
-41.581001931165587848 -29.325706584098597318
-40.07687639988267847 -28.79865393520718797
-38.613739904022345684 -28.150678955923254421
-37.237375885234570205 -27.405799378528431731
-35.998767906233418046 -26.608341430662093785
-34.820473462308711987 -25.720459614976725504
-33.673353951538729234 -24.712666943117341134
-32.693445864659196332 -23.715817808449713766
-32.252200334019654804 -22.817831099028378361
-32.622413717592088744 -21.372526440428927685
-31.837744763665078551 -20.780703377477973248
-30.405025366490942673 -20.685457392383167274
-29.98476386169921426 -19.969779754247944936
-29.959117371157692133 -18.900646168568499661
-29.553582425385855004 -17.325883808916877626
-29.148047479614017874 -15.751121449265257368
-28.742512533842180744 -14.176359089613635334
-28.336977588070347167 -12.601596729962015075
-27.931442642298510037 -11.026834370310393041
-27.525907696526672908 -9.4520720106587710063
-27.783629982081070153 -8.0242444374353851799
-28.888951080287483819 -6.9908883178720868656
-29.230014404684212082 -5.8613899193469620741
-27.982792121456913748 -5.5640294901057627541
-29.555449827067135971 -5.1665988122410650973
-31.128107532677354641 -4.7691681343763683287
-32.700765238287573311 -4.3717374565116706719
-34.273422943897799087 -3.9743067786469734592
-35.846080649508017757 -3.5768761007822762465
-37.418738355118236427 -3.1794454229175790339
-38.991396060728455097 -2.7820147450528813771
-40.564053766338673768 -2.3845840671881841644
-42.136711471948899543 -1.9871533893234869517
-43.709369177559118214 -1.5897227114587892949
-45.282026883169336884 -1.1922920335940920822
-46.85468458877956266 -0.79486135572939531357
-48.42734229438978133 -0.39743067786469765679
