-50 0
-48.611889782481036093 -1.2069264301875364254
-47.223779564962072186 -2.4138528603750728507
-45.835669347443115385 -3.6207792905626092761
-44.447559129924151478 -4.8277057207501457015
-43.059448912405187571 -6.0346321509376821268
-40.933131586932219648 -6.2556771081298592208
-38.806814261459251725 -6.4767220653220363147
-36.90875538302370984 -6.6868724011725566569
-35.010696504588160849 -6.8970227370230752229
-33.112637626152626069 -7.1071730728735955651
-31.214578747717084184 -7.3173234087241167956
-29.316519869281538746 -7.5274737445746344733
-27.418460990845993308 -7.7376240804251557037
-25.524775722567898839 -7.9525085158575903321
-24.494493855210372146 -8.5163541517294572003
-25.734848762803451905 -9.4850701278947724404
-27.375883180474524181 -10.44276774514941053
-29.016917598145589352 -11.400465362404045067
-30.657952015816658076 -12.358162979658683156
-32.298986433487726799 -13.315860596913319469
-33.940020851158784865 -14.273558214167959335
-35.581055268829864247 -15.231255831422595648
-37.222089686500936523 -16.188953448677231961
-38.863124104171987483 -17.14665106593187005
-40.48949614069086067 -18.098572629067625428
-40.26049789599979789 -18.485318719662586773
-39.442605477730069197 -19.725586302097120495
-38.376917694067344655 -21.089068049546320083
-37.181891085240629025 -22.37052443457807982
-35.791354385185670139 -23.614451668981697452
-34.264051670453291365 -24.741362768805139183
-32.687384435000318206 -25.691130511283827076
-30.967695855764294066 -26.089181744742020896
-29.246071516489575259 -25.846944139001021057
-28.374044941060986957 -27.074846943922292297
-27.594038048248840767 -27.606422736309031762
-27.231473632055269718 -27.68519630413350896
-26.779352915595673323 -26.226637535186135608
-26.252609394146087851 -24.397714812771528869
-25.725865872696502379 -22.568792090356936342
-25.199122351246920459 -20.739869367942329603
-24.67237882979733854 -18.91094664552772997
-24.059130806815542059 -17.47228779028624146
-22.942672657091520705 -17.481819873985820379
-21.593829796267506538 -17.557749107147099465
-20.075602884565007855 -17.647620119179872944
-18.229958886669894724 -17.834802098916373581
-16.391333384272982698 -18.419840862817995486
-14.736739234014377686 -19.31561441819349767
-13.2382342841357179 -20.482349063266308775
-11.747252403789365971 -21.6621592582341016
-10.256385433255497119 -22.840461083699342026
-9.4625543113299066533 -22.669630654187180596
-8.4055199949514030067 -21.597399473089559763
-8.0890884309820076936 -20.382008077035791871
-8.1922216959738349829 -18.914536255535807641
-6.6376579190963216348 -18.671895167572959195
-5.8056293847726401225 -18.032120327091867296
-5.6630847866777767052 -16.848214959047428607
-5.5628977907887202647 -15.368444940926002218
-4.3880499780706436752 -14.176650509265204647
-4.0099896123347118504 -11.85342100413248545
-3.6319292465987795815 -9.5301914989997662531
-3.2538688808628473126 -7.2069619938670452797
-3.7866409340452720222 -5.6141630185976749701
-4.9553724024847900509 -4.3943392748580256679
-4.46697520735840925 -2.887046125533337726
-4.3364989474384856294 -1.3627865549157132108
-5.1154990301252238893 0.27035801457361779976
-5.9598701151279147581 1.5601242939913924079
-7.5166697898344612128 1.11560116107962215
-9.2383604675142745322 0.29515025995694954553
-10.960051145194089628 -0.52530064116572272592
-12.681741822873901171 -1.3457515422883954415
-14.403432500553716267 -2.1662024434110676019
-16.053422536612742988 -2.6146041150405978648
-17.555044622396103193 -2.0521947244326881332
-19.017775257167997438 -2.0699303870647911552
-20.171934277902405341 -2.3119792580299316498
-21.43757189924528106 -2.9930041629568235884
-22.076199447961723621 -2.4315176122140180759
-22.794726390723415221 -2.2838766975942870197
-23.271923673283790635 -1.7694413139524687306
-23.646940038870013723 -3.4358931878206719901
-23.993456797817248827 -4.3140753490193102238
-24.584439663105229101 -2.8223226634358673515
-25.211429227539198905 -1.0207286332954474961
-25.838418791973175814 0.78086539684497302538
-26.465408356407152723 2.5824594269853933248
-27.092397920841118975 4.3840534571258142904
-27.719387485275092331 6.1856474872662348119
-28.34637704970906924 7.9872415174066544452
-29.100464415049756894 9.5727292620707871151
-30.679620576711091218 9.8097857122264748853
-32.422958911677845606 9.6264715607141546627
-34.020871737888953135 8.7513377824674130068
-35.618784564100053558 7.876204004220672239
-37.216697390311161087 7.0010702259739305831
-38.814610216522268615 6.1259364477271898153
-40.412523042733369039 5.2508026694804481593
-42.010435868944476567 4.3756688912337065034
-43.608348695155584096 3.5005351129869648474
-45.206261521366684519 2.6254013347402240797
-46.804174347577792048 1.7502675564934833119
-48.402087173788892471 0.87513377824674165595
