-50 0
-49.934764891874152681 -1.2829718049584251105
-49.869529783748312468 -2.565943609916850221
-49.804294675622465149 -3.8489154148752757756
-49.739059567496624936 -5.131887219833700442
-49.673824459370777618 -6.4148590247921255525
-49.608589351244937404 -7.6978308297505515512
-49.543354243119090086 -8.9808026347089757735
-49.478119134993249872 -10.263774439667400884
-49.412884026867402554 -11.546746244625825994
-49.347648918741555235 -12.829718049584251105
-49.282413810615715022 -14.112689854542676215
-49.217178702489867703 -15.395661659501103102
-49.15194359436402749 -16.678633464459526436
-49.086708486238180171 -17.961605269417951547
-49.021473378112339958 -19.244577074376376657
-48.956238269986492639 -20.527548879334801768
-48.891003161860652426 -21.810520684293226878
-48.825768053734805108 -23.093492489251651989
-47.471061095999637303 -23.439133125958825588
-46.025640940724272809 -23.134703940792601173
-45.016252578809719864 -23.512490081813517406
-44.512478901770208495 -24.769589186608346409
-43.790158122268131535 -24.943377277348293575
-42.976109269109144861 -25.10566735546740702
-41.961391344178267104 -25.162217621431299364
-40.704224027068867997 -25.19271813059233267
-39.385878256953887444 -25.414535374294388248
-38.058125971905624851 -25.129595825223201899
-36.685533417409061485 -25.064925905381983284
-35.373833973791164453 -24.989996975462421602
-34.037975004614281715 -24.66188277670313056
-32.635224211625107671 -24.185369092898461929
-31.238246625330425843 -23.640462965999407885
-29.902503570753509621 -22.975830541326846657
-28.677323052868079145 -22.250356387624467658
-27.556010204741099301 -21.476135842314086233
-26.456842495168771734 -20.598982537780702984
-25.412654321694098769 -19.637497495901207856
-24.538861901904652996 -18.717013485329509592
-24.620631094113772264 -17.368145829303255567
-24.555915565791760713 -16.207396287843664595
-23.346138070235731732 -15.980288805807029817
-22.321820068605784826 -15.701283752794715554
-21.926047315553770289 -15.010565865696758436
-22.083810964326598736 -13.887611416879581228
-21.958923481214945639 -12.733184381639720328
-20.882916847926740189 -11.854149779638209594
-20.640708119734419768 -10.629605836380132899
-21.000692307751332777 -9.137739966637212774
-21.116076062044044193 -7.6671004231821617836
-20.340400424209470032 -6.1907856733006880745
-19.564724786374895871 -4.7144709234192152536
-19.808654356448990086 -3.5202613789601158167
-21.055183968576443476 -3.1732586773380337952
-22.560547304544556368 -3.0449730042387970208
-24.065910640512672813 -2.9166873311395602464
-25.550000072108431937 -2.7804542841412058785
-26.162467250277163799 -2.3186059751047660704
-25.312726530007349623 -1.2980880758851596202
-24.866012415521499435 -0.075282861133073336601
-25.060320431134119445 1.3445667141810153655
-25.015752118016642669 2.8144353922039204718
-25.385608656933118965 4.2443005960183928238
-25.363399347497072256 5.6824230395707244767
-24.997533739836502065 7.1399189747542042284
-25.118549324552279955 8.5111407748511069826
-26.037679559145647801 9.3999105430020328811
-27.045283047455942693 10.254815701740884748
-28.160239011147776722 11.077868345952243345
-29.241412452529463195 11.769579137367060184
-30.251171447404725967 12.331963937712284718
-31.572075465560786256 12.452590638077079888
-33.101341370898587968 12.561294666824720068
-34.619373376633802764 12.870611709724849803
-36.051165084094343172 12.766579466737868032
-37.356112474332846318 12.24564917812543996
-38.462426144879081846 12.823588784521087192
-39.4583171263599084 13.534883912879177359
-40.402843977027856681 12.790370054919385723
-41.34987439638931761 11.607198215032871857
-42.356672637349596755 10.559226242842449039
-43.483362899484113484 10.569667178541727992
-43.911634002681125821 12.276953874548453882
-44.339905105878131053 13.984240570555179772
-44.854459187161936029 12.712945973231981611
-45.369013268445741005 11.44165137590878345
-45.883567349729553086 10.170356778585585289
-46.398121431013358063 8.8990621812623871278
-46.912675512297163039 7.6277675839391880785
-47.427229593580968015 6.3564729866159908056
-47.941783674864772991 5.0851783892927926445
-48.456337756148585072 3.8138837919695944834
-48.970891837432390048 2.5425891946463963222
-49.485445918716195024 1.2712945973231963848
