70 0
71.157973568084941007 0.8374484816845589874
72.315947136169882015 1.6748969633691179748
73.473920704254837233 2.5123454450536768512
74.63189427233977824 3.3497939267382359496
75.789867840424719247 4.187242408422794604
76.947841408509660255 5.0246908901073537024
78.105814976594615473 5.8621393717919128008
79.26378854467955648 6.6995878534764718992
80.421762112764497488 7.5370363351610309977
81.579735680849438495 8.3744848168455892079
82.737709248934379502 9.2119332985301500827
83.89568281701933472 10.049381780214707405
85.053656385104275728 10.886830261899266503
86.211629953189216735 11.724278743583825602
86.188086765832750302 11.711091434148855228
85.052866270248927094 12.777800434308838717
84.172214484210627461 13.999135973433844526
83.569302833731029523 15.395094267733998805
82.56433894069071755 16.424879680281915029
81.911234096152824691 17.020641325837182478
80.550878335852075907 16.26888956761620264
79.163922758696344317 15.481183483453403227
77.870883093174313672 15.379961548186500409
76.602181793006749899 15.944369652093035583
75.153151812187971359 15.86770719673967811
74.073395671827427122 16.713375572426716786
73.57090023524732203 18.193550474316595
73.357977235580420938 19.797892900875762479
73.109382573884445833 21.330074991609045298
72.20099821354632752 21.652649127391367045
70.826674879185077316 21.559587803802504169
69.651557198767918067 21.930678038012324294
68.61369407709339896 21.949894948008594753
67.57120177631139768 21.914937382354317208
66.531103718113044465 20.732224235410644297
65.468496031957386094 19.569050786228512351
64.173957422277041474 19.501148507307661362
62.685288630813055022 19.952113901873662627
61.099761879602624504 19.844816951206709632
59.611864126064880054 19.734315329718857157
58.53450832495731504 19.13731119130813596
57.559417888682325781 18.283102663206545202
56.565878355798631105 17.081553700648804295
55.179734305222041257 16.247763825591938769
53.919349019651193089 15.354961169967284107
52.930004896736207343 14.170603808239002674
52.150283698134394683 13.087520432208997079
51.586163105531497308 12.196108849180717471
51.114841976054194106 11.361095354912201572
50.637807363875097622 10.405957218622599925
50.424429261264783975 8.9552487038892572002
50.704151292184178601 7.8116653502501049999
52.070242465920145492 7.1113338432778441245
53.531968026130208216 6.4495406033543467572
54.993693586340249624 5.7877473634308485018
56.455419146550298137 5.1259541235073493581
57.881688826169643391 4.447039407215808815
58.418695635516286302 3.3842041157917330807
57.619275775519518845 2.0463018125157335092
56.452170844228923841 0.9305356626747391946
55.552201320761284364 -0.33986601087752510431
54.457611386609869442 -1.3971868215787826006
53.054702505940525725 -2.189133048580800267
51.642197552653726689 -2.9728636542751556426
50.230236906348530113 -3.7566482492600963283
49.809494799767250583 -4.4357639450621615396
50.224629150252262377 -5.5560458421422591613
50.784684626916089201 -6.8130133679367865795
51.358964519524533898 -7.9043502673892618304
52.017667713794338624 -8.9862188911273808145
52.836852734759759187 -10.148057856995578163
53.758948145107353866 -11.274282989421179124
54.765026133549568499 -12.33488700251878889
55.802235835307307354 -12.92863293194836416
57.318732199838251518 -12.413731232869437804
58.849986363932821121 -11.883932723215217209
60.411963168806011026 -11.445267792099389936
61.995820652179432386 -11.085008601886906732
63.569575648927965972 -10.696379689317991435
64.662994801120149191 -10.82913830914248976
64.860145361900833905 -12.237186637175422987
64.917610265690299798 -13.846931460580554685
64.475213404254617444 -15.664595255705467736
64.032816542818949301 -17.48225905083037901
64.491830654909804821 -16.137469893074197103
64.950844767000646129 -14.792680735318013419
65.409858879091501649 -13.447891577561829735
65.868872991182342957 -12.103102419805647827
66.327887103273198477 -10.758313262049464143
66.786901215364053996 -9.4135241042932804589
67.245915327454895305 -8.0687349465370985513
67.704929439545750824 -6.7239457887809148673
68.163943551636606344 -5.3791566310247311833
68.622957663727447652 -4.0343674732685492756
69.081971775818303172 -2.6895783155123655916
69.540985887909144481 -1.3447891577561819076
