-50 0
-49.51421612249217219 -1.3619522540639126262
-49.028432244984337274 -2.7239045081278252525
-48.542648367476502358 -4.0858567621917369905
-48.056864489968674548 -5.4478090162556505049
-47.571080612460846737 -6.8097612703195631312
-47.085296734953011821 -8.1717135243834739811
-46.599512857445176905 -9.5336657784473874955
-46.113728979937349095 -10.89561803251130101
-45.627945102429521285 -12.257570286575212748
-45.142161224921686369 -13.619522540639126262
-44.656377347413851453 -14.981474794703038
-44.170593469906023643 -16.343427048766947962
-43.684809592398195832 -17.705379302830863253
-43.199025714890360916 -19.067331556894774991
-42.713241837382526001 -20.429283810958690282
-42.22745795987469819 -21.79123606502260202
-41.74167408236687038 -23.153188319086510205
-41.255890204859035464 -24.515140573150425496
-40.994281774633918758 -23.870652696624393485
-39.625691573946781432 -23.755647047533187788
-38.954657566696738513 -24.90635903986607147
-38.265157089433856186 -25.463529233994741219
-37.442799930456885704 -25.636702183910806241
-36.414747498296222261 -25.803134636603047625
-35.093872548428542757 -25.713633067425213596
-33.689518975990736749 -25.98360771720341944
-32.273055408026934288 -25.686088564075681973
-30.804808469071062405 -25.676430882758932484
-29.41814607245347446 -25.512517716274899726
-27.971026140153405493 -25.13547521972193266
-26.481281543183584404 -24.607762107412874286
-25.389370668493739913 -23.701947178657846393
-24.860352767542572394 -22.187260452088331419
-24.428097919534181415 -20.601067499389756676
-23.754578746476703088 -19.20891299570990185
-22.400633496231318276 -18.462409892235715603
-20.854464868997681037 -18.196473562836406046
-19.86344518117739355 -17.300480869258407779
-18.918707560316068594 -16.428769090300637146
-17.368692657787871525 -16.439020349689144496
-16.479338830715015263 -16.097445949015892097
-16.059648612614978447 -15.344728333447662294
-16.445325100128140861 -13.988804998973277449
-15.764452752605016883 -12.922230953313917468
-14.873756081557873543 -11.869958497484088156
-15.110793983497192272 -10.358119133359165787
-14.681408054805000774 -8.6503150821723071573
-14.252022126112809275 -6.942511030985448528
-13.822636197420617776 -5.2347069797985890105
-14.155865053573254642 -3.9854884242931944982
-15.547783337602522735 -3.5460443817898164021
-17.137719684294086875 -3.2580611700416604037
-18.728378315511562846 -2.9729140647057974434
-20.32459893443825294 -2.709606537044828567
-21.9264972019217943 -2.4649664490760900826
-23.555438715855743226 -2.286102853387172118
-24.812852584947457046 -1.8753271127232074011
-25.335240652336612044 -1.2526119568084990163
-26.58624400904071905 -1.8075161794118852487
-28.004108613174693687 -2.5854369520248026149
-29.421973217308661219 -3.3633577246377193148
-30.839837821442642962 -4.1412784972506360148
-32.169559641078706136 -4.4876773063292860755
-32.363034821212856684 -3.3825122774468932008
-31.745662846348174924 -1.9049204360403544367
-31.107352079252287069 -0.42962273202242035053
-30.469041312156399215 1.0456749719955136246
-29.830730545060511361 2.5209726760134474333
-29.192419777964619954 3.9962703800313814639
-28.554109010868735652 5.4715680840493146064
-27.915798243772844245 6.9468657880672486371
-27.277487476676959943 8.4221634920851826678
-26.639176709581072089 9.8974611961031158103
-26.171739604078990027 11.277423520585013961
-27.003230428238058636 11.951473636273897583
-28.304507470833492278 12.708818891042579224
-29.406167693221693327 13.542554057700435521
-30.711292843177840695 13.713228025610405325
-32.054239524293734576 13.79785781160680358
-33.173080319350354728 14.00848608509836879
-34.041422419504741015 14.013975360022399741
-34.77215342036122081 13.361095154088593162
-35.52681995140160609 11.930535613376031634
-36.541243804263231709 10.69935443800724606
-37.762905413601750126 10.514458050621984242
-38.120798853871775691 11.979881966208225208
-38.478692294141808361 13.445305881794464398
-39.438801269629990998 12.324863724978259327
-40.398910245118173634 11.204421568162054257
-41.359019220606356271 10.083979411345849186
-42.319128196094538907 8.963537254529644116
-43.279237171582721544 7.8430950977134372692
-44.239346147070904181 6.722652940897233087
-45.199455122559086817 5.6022107840810271284
-46.159564098047269454 4.481768627264822058
-47.11967307353545209 3.3613264704486152112
-48.079782049023634727 2.2408843136324101408
-49.039891024511817363 1.1204421568162050704
