-50 0
-50.429852577757820598 1.6204568236207630427
-50.859705155515641195 3.2409136472415260855
-51.289557733273461793 4.8613704708622895723
-51.71941031103128239 6.4818272944830521709
-52.149262888789102988 8.1022841181038156577
-52.579115466546923585 9.7227409417245791445
-53.008968044304744183 11.343197765345342631
-53.43882062206256478 12.963654588966104342
-53.868673199820385378 14.584111412586867829
-53.592591517404763124 12.756891407842363861
-53.31650983498914087 10.929671403097858118
-54.444607881363786817 10.540423034753448661
-55.581616503911043026 11.640029070508751019
-56.804225196596021874 12.670810946986167167
-58.393135767976211525 12.716784133389312572
-59.995154074601202865 12.611010365162897529
-61.141488872478888084 11.975875944211395563
-62.154504105732605979 11.010895427106138555
-63.281328692999949226 9.7929999008304271513
-64.782005943319802554 8.9503496181945418897
-66.009452115461868971 7.8898984057508130263
-67.014164967942065232 6.6285372376665758765
-67.738551446863226602 5.5702231973219760164
-68.28306036341973595 4.665456027701623043
-68.774815965194932232 3.7417091215063713605
-69.084892573691860207 2.4117601484958246516
-69.34462067914235206 0.83538680830354383744
-68.736740361456853066 -0.64803301879736963098
-68.75967916906901678 -2.0466893942483932456
-69.777220146909755272 -3.4183673911671510481
-70.675448750906738837 -4.9149752729282685237
-70.84663530016653965 -6.3584147384011782123
-70.71290465281575166 -7.7767896518224048918
-70.445137012595111514 -9.3427223165516899428
-70.050595925936349317 -10.893667156016979547
-69.563682199617431934 -12.329117804937935077
-68.983589875160873817 -13.693534433186453469
-68.376065414535617037 -14.882280336317890601
-67.693714337572316708 -16.023000893948918133
-66.833901274197671682 -17.253591190810343647
-65.854110985153084812 -18.45028774435812835
-64.758607299562100934 -19.592958160613740404
-63.505520678740467133 -20.70317403338984974
-62.144159068181174632 -21.718219258773331148
-61.059522084356665061 -22.407464177549247353
-60.232991137582018837 -21.436106218181645744
-59.364567751680908714 -19.973156476279712024
-58.496144365779791485 -18.510206734377785409
-57.627720979878681362 -17.047256992475844584
-56.759297593977564134 -15.584307250573916193
-55.890874208076454011 -14.121357508671982472
-55.022450822175336782 -12.658407766770052305
-54.154027436274226659 -11.195458024868115032
-53.28560405037310943 -9.7325082829661830885
-52.413809876375154317 -8.2772395959063231885
-51.466842052792479478 -7.5832644216241744672
-51.087888190370087216 -8.8285568337673758776
-51.065703361994401632 -10.530949528171960949
-51.044876362503060818 -12.234365618922179664
-51.024049363011734215 -13.937781709672398378
-51.003222363520393401 -15.641197800422617092
-50.982395364029066798 -17.344613891172826925
-50.961568364537725984 -19.04802998192304031
-50.94074136504639938 -20.751446072673260801
-50.919914365555058566 -22.454862163423484844
-50.898009692094269951 -24.156413533360129975
-50.522003884449624422 -25.188214024074625286
-49.19523169757179204 -24.82827884098531257
-47.633378274519948548 -24.926041068437637449
-46.170409863367957826 -24.628845147039246655
-44.601213164938286582 -24.176072690297580436
-43.011192199861753238 -23.578129501792684408
-41.482679745776835034 -22.845807727508613993
-40.084417162063360252 -22.027108874564124363
-38.815089031393213759 -21.142003954351970663
-37.573924619297187633 -20.122253086387509313
-36.437570803653613893 -19.026014984740811542
-35.657925643137986071 -18.163201090600530563
-36.032271668680010634 -16.642504101958543572
-35.488990773352917074 -15.799100214975377199
-33.889157033023501242 -15.740701509368712152
-33.44100895746488078 -14.982079979915649659
-33.41788359680097642 -13.845263502152246105
-33.349824243118945333 -12.514749354548058591
-32.199301878959644796 -11.490878731596641416
-32.141194968970978607 -10.014446786667592804
-32.50699817445761397 -8.3139158749816814975
-31.163408185078655066 -8.5422496630185094091
-32.612376786226448644 -7.8851535350940089586
-34.061345387374245774 -7.2280574071695085081
-35.510313988522042905 -6.5709612792450071694
-36.959282589669840036 -5.9138651513205067189
-38.408251190817637166 -5.2567690233960053803
-39.857219791965427191 -4.5996728954715049298
-41.306188393113224322 -3.9425767675470044793
-42.755156994261021453 -3.2854806396225040288
-44.204125595408818583 -2.6283845116980026901
-45.653094196556615714 -1.9712883837735022396
-47.102062797704405739 -1.3141922558490017892
-48.551031398852202869 -0.65709612792450045049
