-50 0
-49.711234729590877635 -1.2433148555412836256
-49.422469459181755269 -2.4866297110825672512
-49.133704188772632904 -3.7299445666238510988
-48.844938918363503433 -4.9732594221651345023
-48.556173647954381067 -6.21657427770641835
-48.267408377545258702 -7.4598891332477021976
-47.978643107136136337 -8.703203988788985157
-47.689877836727013971 -9.9465188443302690047
-47.401112566317891606 -11.189833699871552852
-47.112347295908762135 -12.4331485554128367
-46.823582025499639769 -13.676463410954118771
-46.534816755090517404 -14.919778266495404395
-46.246051484681395038 -16.163093122036688243
-45.957286214272272673 -17.406407977577970314
-45.668520943863150308 -18.649722833119255938
-45.379755673454027942 -19.893037688660538009
-45.090990403044898471 -21.136352544201820081
-44.802225132635776106 -22.379667399743105705
-44.51345986222665374 -23.622982255284391329
-44.224694591817531375 -24.8662971108256734
-42.885555256933692192 -25.26605693256518137
-41.43108830616141347 -24.968900353166130657
-40.375683621190063377 -25.262043069451888044
-39.877823527691674599 -26.573804033580078254
-39.153771347969758665 -26.749950472513937427
-38.35174463692968061 -26.912157264379604982
-37.356713532596842242 -27.020520173191439284
-36.106316782185878367 -26.973896110385783942
-34.788530912486919533 -27.232055659947636883
-33.462597651417368638 -26.983028415471263628
-32.094271384770507893 -26.858432347101871329
-30.774481453607378967 -26.825017404372374585
-29.4457991283913465 -26.505116702706615683
-28.045445424408196544 -26.033800085565989235
-26.650247020625187133 -25.501202652539387117
-25.333855999414659266 -24.855944297192451131
-24.518346478816180678 -23.817932731353874232
-24.213201278312528331 -22.341658120337516635
-24.145130968898985913 -20.820072261416104453
-24.044275880607827389 -19.374685306792169825
-23.139284466563143638 -18.389491432751224664
-22.433779512318313465 -17.233688146530518281
-21.664236838865978285 -16.545172300888694394
-20.263370903280137014 -16.828066655585814715
-18.798027510845212618 -17.208824497539563225
-17.584344893921066699 -17.43019391137598717
-17.287774514421123229 -16.912413360429066955
-17.331093901396684487 -15.884383945127501292
-17.373444179842117308 -14.679512375487357545
-16.32482267074724902 -13.797080273731777922
-15.923851549507384462 -12.636072737780819963
-16.273677059413962809 -11.155745773632224527
-16.450673496236056792 -9.6715147589477901136
-15.665191118077210319 -8.1012993952024583422
-14.879708739918365623 -6.5310840314571256826
-15.061225092847994489 -5.1652608549085528011
-16.075148429791138227 -4.1777672466542030705
-17.358596831468165789 -3.3826291038036178094
-18.752223312710579961 -2.7821920672600155555
-20.202636644900692886 -2.4332408362347233144
-21.716288613879207503 -2.4545485121797057104
-23.232500862669589026 -2.5182667029645111612
-24.480143865945716897 -2.0726494357832487836
-25.27661562581113941 -0.88722724197552926828
-25.265016897651971561 0.44694054625450241325
-24.800128984570353197 1.8978990910741078135
-24.490943742402123462 3.4066696109692231609
-24.533008404362604438 4.8989023024276594498
-24.86232374936258438 6.3581668380538323149
-24.787318364514238311 7.8461646224089109936
-24.595180710919628098 9.3414994229950369942
-24.955089284032812458 10.183323937640746948
-26.055384485495075353 10.615040811255642694
-25.997987652592641439 10.732331782786911134
-27.140940621516801201 10.221268364558962816
-28.283893590440960963 9.7102049463310144972
-29.426846559365120726 9.1991415281030661788
-30.569799528289280488 8.6880781098751178604
-31.71275249721344025 8.177014691647169542
-32.855705466137600013 7.6659512734192229999
-33.998658435061763328 7.1548878551912746815
-35.141611403985919537 6.6438244369633263631
-36.284564372910082852 6.1327610187353780447
-37.427517341834239062 5.6216976005074297262
-38.570470310758402377 5.1106341822794814078
-39.713423279682558587 4.5995707640515339776
-40.856376248606721902 4.088507345823584771
-41.999329217530885217 3.5774439275956373407
-43.142282186455041426 3.0663805093676881341
-44.285235155379197636 2.5553170911397415921
-45.428188124303360951 2.0442536729117932737
-46.57114109322751716 1.5331902546838449553
-47.714094062151680475 1.0221268364558966368
-48.857047031075836685 0.51106341822794831842
