-50 0
-50.157233331910305196 -1.2210762021837742175
-50.314466663820610393 -2.442152404367548435
-50.471699995730915589 -3.6632286065513226525
-50.628933327641220785 -4.88430480873509687
-50.786166659551525981 -6.1053810109188706434
-50.943399991461831178 -7.326457213102645305
-51.100633323372136374 -8.5475334152864199666
-51.25786665528244157 -9.76860961747019374
-51.415099987192746767 -10.989685819653967513
-51.572333319103051963 -12.210762021837741287
-51.729566651013357159 -13.43183822402151506
-51.886799982923662355 -14.65291442620529061
-52.044033314833967552 -15.873990628389062607
-52.201266646744272748 -17.095066830572839933
-52.358499978654577944 -18.316143032756610154
-52.515733310564883141 -19.53721923494038748
-52.672966642475188337 -20.758295437124161253
-52.830199974385493533 -21.979371639307935027
-52.987433306295798729 -23.2004478414917088
-53.144666638206103926 -24.421524043675482574
-52.067771227960207625 -25.414087702252579959
-50.895390468494994707 -26.344109969888826583
-49.671106766834412838 -27.174893676406963294
-48.563445007971864698 -27.819681542032704158
-47.091966857071575703 -27.486914686437465605
-45.600016830135686519 -27.155219855836328691
-44.508018439395613086 -27.444665428543935093
-44.118929372534132938 -28.766794134723685517
-43.698854493821848166 -29.676196666621784459
-43.058485003235325905 -29.817810052813229049
-42.184711693144620881 -29.975946185982984105
-41.058689354660707238 -29.82989586248422853
-39.764554144946970382 -30.209047230263635697
-38.444989432503241744 -30.211955124239370463
-37.104406801470723565 -29.793266104905239189
-35.727405360455335881 -29.941704252956348853
-34.440273029638987623 -29.680403866599682772
-33.063278301844960083 -29.301023196411993155
-31.65375494274745094 -28.799294245120744762
-30.28193928396818535 -28.191771321720509036
-28.983646055361049321 -27.497214352195925358
-27.808397889048400486 -26.755799586695079739
-26.701548232100478231 -25.945646658943218199
-25.642245670456887296 -25.051960944571767698
-24.710189149693434274 -24.152056381427481568
-24.588354694936509048 -22.997400952611240399
-25.281029501597810594 -21.679968744974566164
-26.013643648152761756 -20.371291180414907274
-26.154168975214485471 -19.357145554734106696
-24.941629057877619857 -19.005320213371881266
-24.082172381520368987 -18.252768861093610298
-23.693764233081932247 -17.110589690796548012
-22.429314712229977857 -16.727084780577154532
-20.943250635332237408 -16.539797194310892792
-20.188246077429258918 -15.855935042654984102
-20.47608534211547493 -14.445782495451885197
-20.725674833108676864 -12.948927030063433818
-20.200948365463823109 -11.806105991397727095
-19.6762218978189658 -10.663284952732020372
-19.151495430174112045 -9.5204639140663136487
-19.33301189705230172 -8.1546407415996498003
-20.336288833409060572 -7.1638485006535574939
-20.933017418453193415 -6.1559474998617496055
-20.302474509147206305 -4.922594834364377725
-20.11699000337812393 -3.8077778744658656862
-21.207038512920920681 -3.0033972514016462618
-22.621018945795999144 -2.4623106206127753914
-24.087206231164888237 -2.1005025614410630652
-25.17421834985457707 -1.257862432293030297
-25.442380717173271876 0.10187303686019125171
-25.088932888486471739 1.5630483116097300123
-24.851562696246848105 3.0584747797019624649
-25.255829421828956072 4.2500858386626685359
-26.493037950737509334 4.0375815467295348427
-27.730246479646059043 3.8250772547964015935
-28.967455008554612306 3.6125729628632683443
-30.204663537463165568 3.4000686709301346511
-31.441872066371715277 3.1875643789970014019
-32.67908059528026854 2.9750600870638681528
-33.916289124188821802 2.7625557951307344595
-35.153497653097375064 2.5500515031976012104
-36.390706182005928326 2.3375472112644675171
-37.627914710914481589 2.125042919331334268
-38.865123239823034851 1.9125386273982010188
-40.102331768731588113 1.7000343354650673255
-41.33954029764013427 1.4875300435319340764
-42.576748826548687532 1.2750257515988008272
-43.813957355457233689 1.062521459665667134
-45.051165884365786951 0.85001716773253388482
-46.288374413274340213 0.63751287579940019157
-47.525582942182893476 0.42500858386626649832
-48.762791471091446738 0.21250429193313280507
