-50 0
-50.526657510509792814 -0.99772696905860636107
-51.053315021019585629 -1.9954539381172127221
-51.579972531529378443 -2.9931809071758190832
-52.106630042039171258 -3.9909078762344254443
-52.633287552548964072 -4.9886348452930322495
-53.159945063058763992 -5.9863618143516381664
-53.686602573568556807 -6.9840887834102449716
-54.213260084078349621 -7.9818157524688508886
-54.739917594588142435 -8.9795427215274568056
-55.26657510509793525 -9.9772696905860644989
-55.793232615607728064 -10.974996659644670416
-56.319890126117520879 -11.972723628703276333
-56.846547636627313693 -12.97045059776188225
-57.373205147137113613 -13.968177566820489943
-57.899862657646906428 -14.965904535879094084
-58.426520168156699242 -15.963631504937701777
-58.953177678666492056 -16.961358473996309471
-59.479835189176284871 -17.959085443054913611
-60.006492699686077685 -18.956812412113521304
-59.176540565565957763 -19.915725767429872661
-58.250064664570842865 -20.855741675123248058
-57.217318066255693054 -21.770974177882678191
-56.108360814985665854 -22.623948909915078787
-54.950220045199230867 -23.392557541636911367
-53.786568723256038993 -24.055233317086450739
-52.523357476734553018 -24.386347626630389129
-51.162872401706977143 -24.097548192290226154
-50.130945543131993247 -24.28474926331819006
-49.640902667380657931 -25.470633294861265483
-49.009114896470265421 -25.833866061072864539
-48.301332977364552335 -25.985102870376014295
-47.435820586430516244 -26.13408266346393205
-46.350021414706951361 -25.953602227289444215
-45.135888371648405837 -26.34333680872281036
-43.905504149436367811 -26.346044252812124142
-42.656975827227775255 -25.942083741338162639
-41.360413398620480052 -26.102363568312529907
-40.162554767925620069 -25.883362651509909114
-38.901573046957615531 -25.561437745992730441
-37.591199102587054881 -25.108191618531112255
-36.28710813596336493 -24.600584934956067684
-35.035012683119617805 -23.985266236783964189
-33.875364170595631208 -23.313315946215006136
-32.816906447068568298 -22.603788599726367892
-31.786403578689267135 -21.812410516622747991
-30.781826320212310577 -20.929875308440703208
-29.885189745653011784 -20.032200072823091119
-29.269732996773157652 -19.344504041791775961
-29.564025887826691275 -18.109027865753468234
-29.528077195189215587 -17.11044342516739647
-28.399331765910602599 -16.919299534812328289
-27.364305657833781993 -16.706289716294236314
-26.997677978900895823 -16.074466552995616553
-26.962726461656842503 -15.142674779824172759
-27.157252658261672451 -13.971375834450512343
-26.78773372925680718 -12.790168203376271805
-26.418214800251945462 -11.608960572302033043
-26.048695871247080191 -10.427752941227794281
-25.67917694224221492 -9.2465453101535537428
-25.30965801323734965 -8.0653376790793132045
-24.940139084232487932 -6.8841300480050744426
-24.570620155227622661 -5.7029224169308339043
-24.68620766492183094 -4.4037609112034195036
-25.558264624274524834 -3.4475515872445696708
-26.347462214971280048 -2.5492471961806244529
-25.965099829561786748 -1.4355738039619212465
-25.423438687741832354 -0.27366418983212348337
-25.817142909813757257 0.84445343652416582358
-26.457527576359730404 2.05769808987701186
-26.993737375359241781 3.3298940791641973291
-27.948500393694214239 4.2921281416634027295
-28.89237098343939536 5.2460405892009207562
-29.288198911059811991 6.570261856770128972
-29.244966561963366303 6.6070498642235708786
-30.337336742912661691 6.2593103976854882475
-31.429706923861960632 5.9115709311474056165
-32.522077104811259574 5.5638314646093229854
-33.614447285760554962 5.2160919980712403543
-34.706817466709850351 4.8683525315331577232
-35.799187647659145739 4.5206130649950750922
-36.891557828608441127 4.1728735984569915729
-37.983928009557736516 3.8251341319189093859
-39.076298190507031904 3.4773946653808267548
-40.168668371456334398 3.1296551988427441238
-41.261038552405629787 2.7819157323046614927
-42.353408733354925175 2.4341762657665784175
-43.445778914304220564 2.0864367992284957865
-44.538149095253515952 1.7386973326904131554
-45.630519276202811341 1.3909578661523305243
-46.722889457152106729 1.0432183996142478932
-47.815259638101409223 0.69547893307616526215
-48.907629819050704612 0.34773946653808263108
