-50 20
-48.963006997164718825 18.432709165774394222
-47.926013994329437651 16.865418331548788444
-46.889020991494156476 15.29812749732318089
-45.852027988658868196 13.730836663097575112
-44.815034985823587022 12.163545828871967558
-43.778041982988305847 10.59625499464636178
-42.741048980153024672 9.0289641604207542258
-41.704055977317743498 7.4616733261951502243
-40.667062974482462323 5.8943824919695444464
-39.630069971647174043 4.3270916577439368922
-38.593076968811892868 2.759800823518329338
-37.556083965976611694 1.1925099892927235601
-36.519090963141330519 -0.37478084493288221779
-35.678926135810094422 -1.6922622785772940546
-34.634212646404613167 -3.0667102924906721739
-33.476402009426237782 -4.3443782228247229682
-32.421150879270896894 -4.9017675463611327658
-31.009810536478532583 -3.6921755106409603897
-29.609809288921251635 -2.3874205441992102372
-28.209808041363970688 -1.0826655777574607509
-26.809806793806682634 0.22208938868428879099
-25.397270688013509954 1.4861277983571739014
-23.747577537839031692 2.1298225688640619602
-22.0909143317201071 3.036000579595192761
-21.175024859847269454 3.3710347171127854615
-21.107014949570565676 1.7611453471759490608
-20.670016938516376115 1.7271827241259796182
-19.747795039320610755 2.5818109097398247442
-18.652282967273823289 2.5803825512362825734
-17.393519642365948386 2.3001101122905107665
-15.899818705709513722 1.9882500492437473749
-14.747948559963159454 0.52799552993337162121
-13.686311292604855794 -1.0572381261765599891
-12.62467402524655391 -2.6424717822864915995
-11.56303675788825025 -4.2277054383964234319
-10.50139949052994659 -5.8129390945063548202
-9.4186553071804421933 -7.3513555839713697893
-8.4268365541274583563 -7.1072431593903395708
-7.0353355778710167101 -6.1256951454772057275
-5.6593384686471726042 -4.9620336034092744626
-4.4877756982614052106 -3.782901032952121767
-4.1713442926595787341 -2.5675086930551325182
-4.2744775475772751605 -1.100036222634328098
-2.7199139026719034717 -0.85739582793907476166
-1.8878846597362155535 -0.21762198474458571695
-1.7453408823757641244 0.96628454813435948889
-1.6451538649576806783 2.4460548626797189442
-0.47030605304833639213 3.6378486873924051892
-0.63543314569159858873 5.3876553571590921621
-1.0990032375684186672 7.1855839233368872243
-2.4617310293682566069 7.9705375502897961582
-4.3479334839602028495 8.2127797972337699406
-6.2388557181176613753 8.450132524376215315
-8.1297779522751216774 8.6874852515186606894
-10.550649831014270674 9.0658639089135970579
-12.971521709753421447 9.4442425663085334264
-15.392393588492570444 9.8226212237034697949
-13.496179575961452457 10.056472317684701068
-11.599965563430330917 10.290323411665930564
-9.7037515508992093771 10.524174505647160061
-7.8075375383680878372 10.758025599628391333
-5.911323525836965409 10.991876693609622606
-4.0151095133058447573 11.225727787590852103
-2.1188955007747232173 11.459578881572081599
-0.28306362622689568154 11.709099514875113357
-0.044339301337167659478 12.3730794632397334
-1.0762065371370206357 13.56209518439792916
-0.45085122907690988736 15.096707473529795251
-0.47864304132425417038 16.616749955988993293
-1.2778060165545166438 18.26661374074501154
-2.1649062384561830186 19.874803003962814074
-3.5166796789063625717 21.128142273611750568
-4.1687346356855989882 22.84917040154480361
-5.3863592935947064433 24.128181839337766945
-6.6772710154754317813 25.266748905143728621
-8.0828167593872546348 26.304601208172528004
-9.1369480870903565517 26.967263176818004666
-9.8853238223680381935 26.208064582762130357
-10.942156944317030565 24.617655983943297571
-11.998990066266022936 23.027247385124461232
-13.055823188215015307 21.43683878630562134
-14.112656310164005902 19.846430187486788554
-15.170564744522218703 18.257084916740044633
-16.387465918549533939 16.996027180668743739
-17.402831380065254763 17.475768499141558721
-18.349307450755613758 17.422276294001349584
-19.106156304285708103 18.304760590881109295
-19.702826531714290326 17.535448117455885608
-20.235205426088061387 15.831097718524040019
-21.082938461067723068 15.990708277312522867
-22.534896091400444362 17.131674056250705718
-24.067937321310097332 18.284590559567284629
-25.408775065621917122 19.648792339948148111
-26.698367662771019582 21.063796301825650659
-27.987926897194107312 22.478833338040065115
-29.266900021012730804 24.347302545328773249
-30.545873144831357848 26.21577175261747783
-32.491285830348225261 25.594194577355729336
-34.436698515865089121 24.972617402093980843
-36.382111201381952981 24.351040226832235902
-38.327523886898816841 23.729463051570487409
-40.2729365724156807 23.107885876308738915
-42.21834925793254456 22.486308701046990421
-44.16376194344940842 21.864731525785245481
-46.10917462896627228 21.243154350523496987
-48.05458731448313614 20.621577175261748494
