-50 0
-49.329060958792183555 -1.3807104048768703564
-48.658121917584374216 -2.7614208097537407127
-47.987182876376557772 -4.1421312146306119573
-47.316243835168741327 -5.5228416195074814254
-46.645304793960931988 -6.90355202438435267
-45.974365752753115544 -8.2842624292612239145
-45.303426711545299099 -9.6649728341380924945
-44.632487670337482655 -11.045683239014962851
-43.961548629129673316 -12.426393643891833207
-43.290609587921856871 -13.80710404876870534
-42.619670546714040427 -15.187814453645575696
-41.948731505506231088 -16.568524858522447829
-41.277792464298414643 -17.949235263399316409
-40.606853423090598199 -19.329945668276184989
-39.935914381882788859 -20.710656073153057122
-39.264975340674972415 -22.091366478029925702
-38.594036299467163076 -23.472076882906797834
-37.923097258259346631 -24.852787287783666414
-37.252158217051530187 -26.233497692660538547
-36.98045723192055334 -25.560160691090370477
-35.572636767252603818 -25.520885436684128678
-34.918238423747723687 -26.851491569668780812
-34.131469370413313413 -27.204766522637896742
-33.208604404754765937 -27.38839046804603683
-32.011844611144482542 -27.355073400951496865
-30.560773132015970788 -27.656385679288653989
-29.063057518093856402 -27.674089196032785054
-27.536417048834024968 -27.258713774311473799
-26.081320996487690422 -27.343760782960973899
-25.386305080646756949 -26.679685819677875003
-25.243669890030950853 -24.982401456257285588
-25.111809262305030188 -23.270088659613890059
-25.018115575297311892 -21.557076177458025512
-24.974437957470335903 -19.843724434172383297
-25.155620885825527466 -18.175552532399972705
-25.765656250700658347 -16.595090244256997636
-26.434660445620092872 -15.026688359317827093
-27.103664640539513186 -13.45828647437865655
-27.772668835458944159 -11.889884589439486007
-28.436219765637115842 -10.321597449799540414
-28.424604697580559076 -9.0890052314564133695
-27.098151633592131304 -9.4036999683658493154
-25.618575694137110332 -10.240826122153317002
-24.139070908899849854 -11.078485868496185773
-22.659566123662592929 -11.916145614839052769
-21.180061338425332451 -12.753805361181919764
-19.700556553188071973 -13.59146510752478676
-18.221051767950815048 -14.429124853867653755
-16.74154698271355457 -15.266784600210522527
-15.262042197476295868 -16.104444346553382417
-13.78253741223903539 -16.942104092896254741
-12.44438818940303193 -17.6808123787149718
-12.231776563163318627 -17.302870114454378836
-12.397684607878407093 -16.074089963176820817
-12.052690500933193718 -14.827107495960747841
-10.970980708770543544 -13.767974849615747246
-11.105788882410623231 -12.211022346422891971
-10.688909304618514184 -10.436442784540545858
-10.272029726826403362 -8.6618632226581997458
-9.8551501490342943157 -6.8872836607758545213
-10.198098803927173606 -5.4015395531314691624
-11.367834367177833244 -4.3160175077957889656
-11.423883681761143549 -3.0595171770391615951
-10.754927878152781062 -1.7932726721996889996
-11.714859675386012583 -1.5810225634444929899
-13.411221643836896078 -1.837867304282043257
-15.112463865244826877 -2.0978206922341904317
-16.813720412639227675 -2.3574937182598447727
-18.519697372578825423 -2.5247874895058477485
-20.234156775742341949 -2.4875470298621809029
-21.920701718449823403 -2.6903210465055882317
-23.397768395437761768 -2.5376310734103513234
-24.440034674580942919 -1.3547202148886077211
-24.72321074328727164 0.092584868676648432451
-24.71827559527532614 1.7043368771556943742
-25.199477066346911869 3.2536645824542178573
-25.294146510575846065 4.9703091635816383231
-25.339779838642975562 6.6928531549859942018
-25.37905318203630145 8.4023023946883501623
-24.941735673381238314 10.005333206660633749
-24.50441816472617873 11.608364018632919112
-25.920839377796944802 10.963454906486646223
-27.337260590867714427 10.318545794340373334
-28.753681803938484052 9.6736366821940986682
-30.170103017009250124 9.0287275700478257789
-31.586524230080016196 8.3838184579015528897
-33.00294544315078582 7.7389093457552800004
-34.419366656221555445 7.0940002336090062229
-35.835787869292317964 6.4490911214627324455
-37.252209082363087589 5.8041820093164595562
-38.668630295433857214 5.1592728971701866669
-40.085051508504626838 4.5143637850239137776
-41.501472721575396463 3.8694546728776400002
-42.917893934646158982 3.2245455607313662227
-44.334315147716928607 2.5796364485850933335
-45.750736360787698231 1.9347273364388204442
-47.167157573858460751 1.2898182242925457786
-48.583578786929230375 0.64490911214627288928
