-50 0
-49.118839020205008694 0.73477957702622642699
-48.237678040410017388 1.469559154052452854
-47.356517060615033188 2.204338731078679281
-46.475356080820041882 2.939118308104905708
-45.594195101025050576 3.673897885131132135
-44.71303412123005927 4.408677462157358562
-43.831873141435067964 5.143457039183584989
-42.950712161640083764 5.878236616209811416
-42.069551181845092458 6.613016193236037843
-41.188390202050101152 7.3477957702622642699
-40.307229222255109846 8.0825753472884898088
-39.426068242460125646 8.8173549243147171239
-38.54490726266513434 9.5521345013409426628
-37.663746282870143034 10.286914078367169978
-36.782585303075151728 11.021693655393397293
-35.901424323280167528 11.756473232419622832
-35.020263343485176222 12.491252809445848371
-34.139102363690184916 13.226032386472075686
-35.98123320210012821 12.387794692475655012
-37.48996613033598635 12.504598450198589177
-39.006841247225636948 12.526750912525672632
-40.511208393618787227 12.354156439376687615
-42.00016412937974053 12.164104957197348966
-43.387797095961374794 12.503709758936711438
-44.750072741472713744 13.030740654555449609
-46.148134030249252646 12.840260501848657526
-47.2702733292612578 13.044504209831899288
-48.339563896333082482 12.71731613302738495
-49.546159991821049573 11.931238347947550338
-50.393558207850404074 12.30979362023018453
-51.057053324275436523 12.537667711119135916
-51.789525483073248324 12.588146421477164338
-52.301219291648799015 13.431856573042422198
-52.754254165092831386 12.634988632037561729
-53.153069047055275576 11.192269335500176553
-53.642963947151834248 10.553020460453696572
-54.415688893459304154 11.562801469587022041
-55.151860011188972521 12.892619971958026781
-55.848492504956766425 14.232685600540412096
-56.544768794905060361 15.572843545575150159
-57.241045084853375613 16.913001490609889998
-57.937321374801697971 18.25315943564463339
-58.633597664750006118 19.593317380679369677
-59.32987395469832137 20.933475325714105963
-60.079704810740416576 22.200394338106981706
-61.255352954958922851 22.847055658844755754
-62.276619284441963487 22.301256131428900176
-63.268949174619727671 21.694421936766559611
-64.059910797242437752 20.501256171122580696
-65.254545239196190209 19.598336783542478656
-66.603780057555255212 18.903878593609608316
-67.59717409057955706 17.877471866621064578
-68.478686777906020211 16.759560177070611076
-69.128331179381447669 15.817053954364535429
-69.627172314059151859 15.005333532338548608
-70.062659704048556364 14.217027007535024907
-70.515910305154704929 13.294054864635439728
-70.706135840380582636 11.887931750304941758
-70.712073643385664923 10.523822295023212092
-70.083689221523314927 9.2303775645203263167
-70.259952809251956296 8.0077047471359872333
-71.184093507900925601 6.8020426245629126427
-71.983988074247378108 5.4853980536906217225
-72.328668632665525706 4.1839877994516196935
-72.24487500869490475 2.9632298565414250113
-72.066539041757820883 1.6282927084419629438
-71.781658083621849187 0.2371479290062232792
-71.404753695960749837 -1.1115160334665343811
-70.962400273997616296 -2.3595065306163025554
-70.445421049901398192 -3.5606474455836636395
-69.309564324906872912 -3.3628336986067934866
-68.173707599912347632 -3.1650199516299233338
-67.037850874917836563 -2.9672062046530531809
-65.901994149923311284 -2.7693924576761830281
-64.766137424928786004 -2.5715787106993128752
-63.63028069993426783 -2.3737649637224427224
-62.49442397493974255 -2.1759512167455721254
-61.358567249945224376 -1.9781374697687019726
-60.222710524950699096 -1.7803237227918318197
-59.086853799956173816 -1.5825099758149618889
-57.950997074961655642 -1.384696228838091514
-56.815140349967130362 -1.1868824818612213612
-55.679283624972612188 -0.98906873488435120834
-54.543426899978086908 -0.7912549879074806114
-53.407570174983561628 -0.59344124093061045855
-52.271713449989043454 -0.3956274939537403057
-51.13585672499452528 -0.19781374697687015285
