-50 0
-49.811387493596839704 -1.2026762810493825118
-49.622774987193679408 -2.4053525620987650235
-49.434162480790519112 -3.6080288431481477573
-49.245549974387358816 -4.8107051241975300471
-49.05693746798419852 -6.0133814052469123368
-48.868324961581045329 -7.2160576862962955147
-48.679712455177885033 -8.4187339673456769162
-48.491099948774724737 -9.6214102483950600941
-48.302487442371564441 -10.824086529444441496
-48.113874935968404145 -12.026762810493824674
-47.925262429565243849 -13.229439091543207851
-47.736649923162083553 -14.432115372592591029
-47.548037416758923257 -15.634791653641972431
-47.359424910355762961 -16.837467934691353832
-47.17081240395260977 -18.040144215740735234
-46.982199897549449474 -19.242820496790120188
-46.793587391146289178 -20.44549677783950159
-46.604974884743128882 -21.648173058888882991
-46.416362378339968586 -22.850849339938267946
-46.22774987193680829 -24.053525620987649347
-44.95495346239811596 -24.652158647831409866
-43.476702754933711503 -24.428227549856305956
-42.253578189045782665 -24.418281969640045048
-41.665401387001338662 -25.57249977913569694
-41.01447199053556858 -26.075906250026367417
-40.254369840312072881 -26.238210616261046226
-39.315762255081665444 -26.396566038549998723
-38.120053089341915609 -26.235288718827593613
-36.808630431240871417 -26.598618025675953902
-35.487590009217029774 -26.511055563609712493
-34.135683467097486243 -26.166775139360154867
-32.784319426972331257 -26.261241832863962742
-31.481226704339309919 -25.972380300623878924
-30.089275152459482143 -25.542531356256596098
-28.681743323368827703 -25.027689977554182121
-27.323484959113553572 -24.393435540968049224
-26.043550621320385119 -23.675730880786190369
-24.920624029745049199 -22.937873101104340634
-24.145787329212929251 -22.307519175970075054
-24.167127221324999908 -20.802617485044699208
-23.908748852333921775 -19.308713953381438699
-23.474458881860854831 -17.813045322109619661
-22.897154102930471709 -16.63600981567501691
-21.618657415737398964 -16.563220252763979801
-20.120806537149768189 -16.83059834418822831
-19.210861200083556355 -16.726388129324668341
-18.854166461623638185 -16.092623640124745776
-19.124019503384399599 -14.898986142084963191
-18.822727799488102818 -13.797768062450758819
-17.761178982699231454 -12.907578919368798864
-17.668605602090494244 -11.622746020344573381
-18.024874556831495198 -10.123822176023418606
-18.06580988523603537 -8.6717338537982495694
-17.338113935577975866 -7.4430097362073137646
-16.549589819582461558 -5.9007888198682953984
-16.74261326004262429 -4.5546857729799192782
-17.798927921396476393 -3.6400486607153097474
-19.12790062463823304 -2.9760719402179471871
-20.594057147097085902 -2.6958349325425694509
-22.095438705845523941 -2.5136658275787384653
-23.575654769388727061 -2.2205747270121536374
-24.781359952446003092 -1.5533381998470268126
-25.033014286682067961 -0.32037997431060732945
-25.362069683260326514 1.0129034696533845139
-25.281351958062558083 2.3859538109144340368
-24.847412795583910139 3.8297765726221006943
-24.55229299656210884 5.3125687051730832167
-24.421062214369761989 6.806506069115285662
-24.72124777926471495 8.2890689922293017133
-25.190579032171072527 9.7435942844474467961
-26.081600148097201952 10.495526354196986318
-27.035807481549007036 11.03940535650815491
-28.129340458618102616 10.513719387150624485
-29.222873435687198196 9.9880334177930922834
-30.316406412756290223 9.4623474484355618586
-31.409939389825385803 8.9366614790780296573
-32.503472366894484935 8.4109755097204992325
-33.597005343963573409 7.8852895403629679194
-34.690538321032668989 7.3596035710054366064
-35.784071298101764569 6.8339176016479052933
-36.877604275170860149 6.3082316322903739803
-37.971137252239955728 5.7825456629328426672
-39.064670229309051308 5.2568596935753122423
-40.158203206378146888 4.7311737242177809293
-41.251736183447235362 4.2054877548602496162
-42.345269160516338047 3.6798017855027183032
-43.438802137585426522 3.1541158161451869901
-44.532335114654529207 2.6284298467876556771
-45.625868091723617681 2.1027438774301252522
-46.719401068792720366 1.577057908072593051
-47.812934045861808841 1.0513719387150626261
-48.906467022930911526 0.52568596935753042487
