-50 17
-49.794791644797264496 15.778548577647455886
-49.589583289594528992 14.557097155294913549
-49.384374934391800593 13.335645732942369435
-49.179166579189065089 12.114194310589827097
-48.973958223986329585 10.892742888237282983
-48.768749868783594081 9.6712914658847388694
-48.563541513580865683 8.4498400435321983082
-48.358333158378130179 7.2283886211796541943
-48.153124803175394675 6.0069371988271100804
-47.947916447972659171 4.7854857764745659665
-47.742708092769923667 3.564034354122023629
-47.537499737567195268 2.3425829317694795151
-47.332291382364459764 1.1211315094169354012
-47.12708302716172426 -0.10031991293560338363
-46.921874671958988756 -1.3217713352881474975
-46.716666316756260358 -2.5432227576406916114
-46.511457961553524854 -3.7646741799932357253
-46.30624960635078935 -4.9861256023457798392
-45.99217729382179698 -3.960605327351509608
-45.488402396792984916 -5.217705996894466125
-44.766080300901663236 -5.3914943019341130537
-43.952031048779076627 -5.553784310006335545
-42.937313116606183883 -5.6103329352004216446
-41.680147259458784958 -5.6408333981582030603
-40.361803319192269157 -5.8626516751015387285
-39.0340515153034886 -5.5777110584031159846
-37.66146024812961457 -5.5130414736917003893
-36.349762203787761905 -5.4381138611277712869
-35.013901728323240548 -5.1099994401649446729
-33.611151144505768684 -4.6334843627359711959
-32.214174608675271827 -4.0885804152097691144
-30.87843150732366837 -3.4239482014744631044
-29.653250943873416645 -2.6984742583345706635
-28.531937615896950433 -1.9242536032933230672
-27.43056967647394373 -1.0452140805300782489
-26.379627298263027768 -0.076757554770127356392
-25.545459932388808966 0.80051301130399821204
-25.403847013102403452 1.7723944771147055466
-25.78239098260049289 3.1209174500661438501
-25.044494677800862803 3.6457914110835321075
-23.543760156503694247 3.6077412276903606525
-23.087955299667633824 4.2087808735468001942
-22.789803266318010344 5.0265394349535581497
-23.166632130829572844 6.3322999517116667079
-22.362732145476716283 7.2827192697255984655
-21.575531401810046361 8.2892238819513277548
-21.814944516792458273 9.7125983805432944962
-22.102196705015369815 11.213738855973295117
-21.849379253579098048 12.583702717539646088
-21.195017139825697683 13.710599261912156166
-20.540655026072297318 14.837495806284666244
-20.785274111601413694 16.051711088086094037
-22.034394332351325829 16.473554562768008225
-23.542839067888689186 16.690837358315047112
-25.048921380652579671 16.909013826221642063
-25.989794044859966249 17.341001406154131104
-25.382382823436401509 18.362712773726538984
-24.840712054372556139 19.615187609722951834
-25.054825857240881959 21.040129726493248086
-24.99508532784695447 22.52905961581227956
-25.249241325625217058 23.960710505684719607
-25.561560586128670991 25.393432722414704727
-25.475613305365289563 26.903668309007560566
-26.065301015020835962 28.032888247295336015
-27.055764581910430877 28.989921469608450622
-28.093409180648514223 29.863695891547784811
-29.210845543094769994 30.680733277498305256
-30.285803631348638731 31.362045987978941497
-31.295889875760291687 31.919428665146600821
-32.649045768939203072 32.001161499404112476
-34.166948729439404531 32.156759597379341642
-35.589538522195844905 32.677555793257319294
-36.928427255212113778 32.764688982206820356
-38.21072454259005724 32.241974635124115878
-39.314998645356126872 32.721693535905316708
-40.310473979536133982 33.530939675420675883
-41.275840267733286737 32.944784398124006941
-42.243427176696883407 31.763173488360287422
-43.270897291336922308 30.664329367691458117
-44.408661279268365263 30.489754711361435113
-44.782207611112340828 32.032666724107897949
-45.155753942956316394 33.575578736854367889
-45.528388255036603027 32.300534218634801675
-45.901022567116882556 31.025489700415235461
-46.273656879197169189 29.750445182195669247
-46.646291191277448718 28.475400663976103033
-47.018925503357735352 27.200356145756533266
-47.39155981543801488 25.925311627536967052
-47.764194127518301514 24.650267109317400838
-48.136828439598581042 23.375222591097834623
-48.509462751678867676 22.100178072878264857
-48.882097063759147204 20.825133554658698642
-49.254731375839433838 19.550089036439132428
-49.627365687919720472 18.275044518219566214
