-50 0
-51.020809553524536284 -0.60673620525819249583
-52.041619107049072568 -1.2134724105163849917
-53.062428660573601746 -1.8202086157745775985
-54.08323821409813803 -2.4269448210327699833
-55.104047767622674314 -3.0336810262909623681
-56.124857321147203493 -3.640417231549155197
-57.145666874671739777 -4.2471534368073475818
-58.166476428196276061 -4.8538896420655399666
-59.187285981720812345 -5.4606258473237323514
-60.208095535245341523 -6.0673620525819247362
-61.228905088769877807 -6.674098257840117121
-62.249714642294414091 -7.280834463098310394
-63.270524195818950375 -7.8875706683565018906
-64.291333749343479553 -8.4943068736146951636
-65.312143302868008732 -9.1010430788728857721
-66.332952856392552121 -9.7077792841310799332
-67.3537624099170813 -10.314515489389272318
-68.374571963441624689 -10.921251694647464703
-69.395381516966153868 -11.527987899905657088
-69.321714389082586649 -12.749959536542450067
-69.157915521903106537 -14.064674597383028498
-68.886441239233690226 -15.457086708120641561
-68.520166986548247223 -16.816291799711112986
-68.086905992123305964 -18.074249353563832443
-67.577749636072752537 -19.28586762886241246
-67.044050122957600024 -20.361177522823652453
-66.476262981731949253 -21.354399050491657874
-65.784467383576213706 -22.411422375899661574
-64.962577687456700914 -23.503238457525938543
-64.072624334099785415 -24.531442347408081162
-63.071331071819727754 -25.537657149457860584
-61.951485867176188549 -26.510486544236297135
-60.749103110776616177 -27.40695458188449507
-59.504691008096870064 -28.1980801876967071
-58.268794641287925629 -28.864146813895878552
-56.993930544900536006 -28.542278776184662803
-55.885068178982422182 -27.521308982054954129
-54.818317637388808805 -26.549059927715866536
-54.069056573759169737 -26.796371022094390923
-53.609356935441489611 -28.153992200771806864
-52.966418782098273255 -28.726987215122676389
-51.979426120905280584 -27.84799387185998043
-50.866920665554943071 -27.259135912343012365
-49.580307209030976878 -27.635922245275398978
-48.256433141311610768 -27.332151588339449688
-46.950146080670897675 -27.435427153614327267
-45.668872491601447905 -28.218362018627598076
-44.4169560554986802 -29.061885225261221422
-43.123685342041355284 -29.639894015268382077
-41.719348308927351354 -29.400679770956212877
-40.357566209065346641 -28.773037218973367857
-39.082035854314298717 -28.066514600907087384
-37.928634575679431862 -27.316265871284230116
-36.823994596864658035 -26.483998099886051136
-35.744200985480745203 -25.544433704335375523
-34.787488279592210461 -24.587143840041630227
-34.143888593949327515 -23.8636810771343022
-34.547798504628886462 -22.466152703963157222
-34.248846324011438469 -21.588670997262749296
-32.87515324335941358 -21.505287164071287265
-32.148522423353014688 -21.047566717373996426
-31.744592463891901701 -20.324316018471154877
-32.108031424663110442 -19.062720078875102558
-31.628506141729033629 -18.015263419049848181
-30.622909288844244458 -17.09915374175469438
-30.66380056348849692 -15.759894416134462958
-31.005450077272723064 -14.257463720759862014
-30.958780457296214195 -12.828866683389339443
-30.151154918602948385 -11.624096111512910667
-29.494917999807899633 -10.235041588489020015
-29.416529075115477099 -10.232281641327961808
-30.445702621359703954 -9.7206675592615638948
-31.47487616760393081 -9.209053477195165982
-32.504049713848154113 -8.6974393951287680693
-33.533223260092384521 -8.1858253130623701566
-34.562396806336607824 -7.6742112309959713556
-35.591570352580831127 -7.1625971489295734429
-36.620743898825061535 -6.650983066863174642
-37.649917445069284838 -6.1393689847967767292
-38.679090991313515246 -5.6277549027303788165
-39.708264537557738549 -5.1161408206639809038
-40.737438083801961852 -4.604526738597582991
-41.766611630046192261 -4.0929126565311850783
-42.795785176290415563 -3.5812985744647871655
-43.824958722534645972 -3.0696844923983883646
-44.854132268778869275 -2.5580704103319913401
-45.883305815023092578 -2.046456328265591651
-46.912479361267322986 -1.5348422461991937382
-47.941652907511546289 -1.0232281641327958255
-48.970826453755776697 -0.51161408206639791274
