-50 0
-49.543294716235450892 -1.3538860895713251686
-49.086589432470894678 -2.7077721791426503373
-48.62988414870634557 -4.06165826871397595
-48.173178864941796462 -5.4155443582853006745
-47.716473581177247354 -6.7694304478566253991
-47.25976829741269114 -8.1233165374279519
-46.803063013648142032 -9.4772026269992775127
-46.346357729883592924 -10.831088716570601349
-45.889652446119043816 -12.184974806141926962
-45.432947162354487602 -13.538860895713250798
-44.976241878589938494 -14.892746985284576411
-44.519536594825389386 -16.2466330748559038
-44.062831311060833173 -17.600519164427229413
-43.606126027296284065 -18.954405253998555025
-43.149420743531734956 -20.308291343569877085
-42.692715459767185848 -21.662177433141202698
-42.236010176002629635 -23.016063522712528311
-41.779304892238080527 -24.369949612283853924
-41.576476003555335126 -23.887923062047946132
-40.123704546475039479 -23.645557540506164429
-39.332556605091305357 -24.574860906017466533
-38.696608428406513269 -25.381588575407199926
-37.900500097004538702 -25.555870811934081388
-36.912997461315583791 -25.7254745429246654
-35.640404608771383721 -25.585776148421761178
-34.240697730365937446 -25.934277516665318331
-32.829308426032561385 -25.746251075012683174
-31.374051646509258262 -25.55573112537066649
-29.964637736923855016 -25.519512450075968246
-28.539977452717348427 -25.169379180713669086
-27.04360076677732394 -24.658735056338866087
-25.745160336354924624 -23.931912994519294102
-24.959132959333039992 -22.585855533149846508
-24.442880428444322405 -21.049127239429502367
-23.870062925774853113 -19.552002979895579671
-22.701930252211433015 -18.544078544855199908
-21.18139055909500712 -18.218968326494540122
-20.136525887462575213 -17.378894729596382263
-19.21976535068600711 -16.442594411814777544
-17.674349618943988816 -16.411058306689159991
-16.771339102617577765 -16.054841214783202474
-16.348415409723479286 -15.296616580473912705
-16.734050951090651438 -13.940618281462796801
-16.053180355794022915 -12.874044187886292789
-15.162484569119751399 -11.821771317842623361
-15.399520124764695339 -10.309931894409725572
-15.681615269643460309 -8.7126543168685888219
-14.896496728606177129 -6.949611312179489353
-14.111378187568892173 -5.1865683074903898842
-14.446721017784810215 -3.9437141664975281508
-15.845584755652426523 -3.5251803824221874528
-17.443370239774200314 -3.2608280946306855697
-19.041710503835890478 -2.9967783322602472573
-20.646435780660603143 -2.7362103624631499699
-22.255557765902441503 -2.4784861169961995842
-23.850510694082377228 -2.2189970166728687495
-24.919388860333025804 -1.6159952906101915371
-25.313582283558517361 -0.4506067069994219576
-26.453598857550840506 -0.44356360554197510337
-27.767360308245528699 -1.3199587154384784249
-29.083463447285343051 -2.2316301476828970252
-30.399566586325175166 -3.1433015799273147373
-31.722334875638029672 -4.0341745268239384004
-32.848261726619810474 -4.0442653395194101407
-32.779006296544139332 -2.6728852627352619464
-32.30131824241507843 -1.1442932238391390065
-31.823630188286035292 0.38429881505698348931
-31.345942134156988601 1.9128908539531066513
-30.868254080027931252 3.4414828928492293691
-30.390566025898881009 4.9700749317453505327
-29.912877971769834318 6.4986669706414730285
-29.435189917640784074 8.0272590095375981889
-28.957501863511733831 9.5558510484337197965
-28.496369332709740263 11.082333050737815938
-28.580977803010434002 12.539259203954809863
-29.542126907203201114 13.556256247150859195
-30.81849998792839429 13.80624232543536678
-32.19289107694296348 13.761096061402872337
-33.333070867366302537 14.052648745746875392
-34.234006929347998494 14.063411137587859656
-34.969903735223546448 13.566846798891639025
-35.705842914148981038 12.109753042592165784
-36.681446762629782654 10.82478034001217182
-37.878936741636479724 10.449969471731082038
-38.241704528750048553 11.991267864580645863
-38.604472315863617382 13.532566257430211465
-39.554099622874986153 12.404852402644360509
-40.503726929886347818 11.277138547858509554
-41.453354236897709484 10.149424693072658599
-42.402981543909078255 9.0217108382868076433
-43.352608850920447026 7.893996983500957576
-44.302236157931808691 6.7662831287151057325
-45.251863464943170356 5.6385692739292538889
-46.201490771954539127 4.5108554191434038216
-47.151118078965907898 3.3831415643575528662
-48.100745385977269564 2.2554277095717036872
-49.050372692988631229 1.1277138547858509554
