-50 0
-50.314084549864986684 -1.2685712987556232445
-50.628169099729973368 -2.537142597511246489
-50.942253649594952947 -3.8057138962668695115
-51.256338199459939631 -5.074285195022492978
-51.570422749324926315 -6.3428564937781164446
-51.884507299189912999 -7.6114277925337390229
-52.198591849054899683 -8.8799990912893633777
-52.512676398919879261 -10.148570390044985956
-52.826760948784865946 -11.417141688800608534
-53.14084549864985263 -12.685712987556232889
-53.454930048514839314 -13.954284286311855467
-53.769014598379825998 -15.222855585067478046
-54.083099148244812682 -16.491426883823102401
-54.39718369810979226 -17.759998182578726755
-54.711268247974778944 -19.028569481334347557
-55.025352797839765628 -20.297140780089971912
-53.8632053025449693 -20.989011995654113463
-52.664895872670037136 -21.520688677150022983
-51.284917629208457868 -21.307409135584411075
-50.102190362811498403 -21.223147599478231484
-49.497581616834985141 -22.197848385274109972
-48.941436970711052368 -22.90231635854106429
-48.260233347943952253 -23.055296773755650008
-47.440131573246148378 -23.206736617070127693
-46.42397676467612655 -23.102113794906351529
-45.231620440619181522 -23.343665709027845878
-44.000181323355583629 -23.466605177201305565
-42.759230549972095048 -23.16112698902620437
-41.4780746523006556 -23.101784757526989011
-40.247886264475837947 -23.069560439795662177
-39.014450802869859558 -22.778703257269107496
-37.711421466226497046 -22.351402204359402504
-36.396320001734913774 -21.874403676681598796
-35.128317542616649405 -21.282300252933698204
-33.937404208666627881 -20.622545322608406337
-32.855198745859503617 -19.925628856744694417
-31.823274541916994451 -19.163077244596625093
-30.805349123113099807 -18.302534224310658573
-29.860466809345467709 -17.389996355423498642
-29.162493262103303948 -16.632008210688383087
-29.187929820701157269 -15.603134024210779884
-29.395702558786997116 -14.424470005152798535
-28.53337281286593452 -14.036478467834481165
-27.213992235270815456 -13.995086974332554774
-26.846786699650245112 -13.377397863362299191
-26.53825033446113224 -12.624525036031382541
-26.950742965932487749 -11.387479970530957729
-26.604790557092201198 -10.161733977296426801
-26.258838148251914646 -8.935987984061894096
-25.912885739411628094 -7.7102419908273631677
-25.566933330571341543 -6.4844959975928313511
-25.220980921731054991 -5.2587500043582995346
-24.87502851289076844 -4.0330040111237677181
-24.529076104050481888 -2.8072580178892354574
-25.04215828507821584 -1.4903984286126237269
-25.987098476353704513 -0.46817131998856026387
-26.417507707991468635 0.52480108331509689457
-25.732471817417653881 1.6211740848128324277
-25.196477892377359353 2.707704635589197828
-25.593947728891251359 3.819227124641616733
-26.239072876798569922 5.0355523178110326299
-26.785759935089483719 6.2984844556463581711
-27.772372584234329196 7.2375387847121430696
-28.677370212575706176 8.2170721811048359484
-29.054712242679698875 9.5558512409131175502
-29.925254367787225362 10.520897274081528749
-30.859032489837325386 11.415291320940941233
-31.826746662518168307 12.230210465410348064
-32.868575806134060713 12.999249184420822445
-33.850988371342069172 13.634846462395074695
-34.524572594321128349 14.025469961041338252
-35.522306167480103056 13.403982270822243805
-36.655047685641932276 12.542492103025258743
-37.905567881546481601 11.894709286650691382
-39.208430622433589008 11.777883751016270608
-40.221998199848492561 12.499211218671458568
-41.269317863525088796 12.687255319931983522
-42.422461777814604034 12.256632492380546751
-43.380674808872022652 12.89427661105479217
-44.23434628124159218 13.527125919716754154
-45.043444989539594303 12.788877345432803523
-45.85036279996338493 11.642082984804330792
-46.699394910160791028 10.605535863395846974
-47.681293318469599285 10.539895818544875894
-48.799107293667240981 11.318194692073708651
-50.074714271032341628 11.815839533579858056
-50.724604838895523073 13.51213072916195479
-51.374495406758704519 15.208421924744051523
-51.259954122862147585 13.941053431015379971
-51.145412838965583546 12.673684937286710195
-51.030871555069026613 11.406316443558038642
-50.916330271172469679 10.138947949829368866
-50.801788987275912746 8.871579456100697314
-50.687247703379355812 7.6042109623720257616
-50.572706419482791773 6.3368424686433542092
-50.45816513558623484 5.0694739749146844332
-50.343623851689677906 3.8021054811860128808
-50.229082567793113867 2.5347369874573431048
-50.114541283896556934 1.267368493728669776
