70 0
70.997779052164332825 0.90574789461497584586
71.99555810432867986 1.8114957892299516917
72.993337156493012685 2.7172436838449276486
73.99111620865734551 3.6229915784599033834
74.988895260821678335 4.5287394730748795624
75.98667431298602537 5.4344873676898552972
76.984453365150358195 6.3402352623048310321
77.98223241731469102 7.2459831569198067669
78.980011469479023845 8.1517310515347833899
79.97779052164337088 9.0574789461497591248
80.975569573807703705 9.9632268407647348596
81.97334862597203653 10.868974735379710594
82.971127678136383565 11.774722629994686329
83.96890673030071639 12.680470524609662064
84.966685782465049215 13.586218419224637799
84.600542369047659008 13.342862141663701436
83.719700387242681927 14.563898727629547736
83.116396839013731324 15.837333778060241229
81.695712626434044523 16.139488487039823639
80.104736112661697689 15.945365530883083949
78.597374977592522782 15.41577892997858612
77.276264760124163899 15.377358414937582154
76.211788637320680095 16.220363520919779177
74.879902504072731517 16.403244898006636987
74.329078820599917776 17.44372014327847964
74.239950197229603646 19.063286629933845262
73.953430808570303157 20.625216499288640648
73.095663737650482972 21.934549160728334272
71.848073177801879297 22.200104631719675297
70.455404202536612956 22.107288873409977725
69.268261571854850445 22.492548560330433816
68.224049570767860473 22.515324650109391769
67.187432567430022345 22.483971561368054637
66.143584362271113264 21.376778604776959014
65.086770495343131415 20.187242032991708385
63.810485694557840475 20.033702575485065722
62.329281599254315438 20.508202574315209432
60.747673941554694466 20.41725823387133687
59.231515946132162753 20.336227954114640681
58.147544218115818637 19.741100798878768785
57.14984351378098637 18.938477475644710069
56.192572093184011806 17.707168998488420186
54.846947678775812562 16.798415417332012822
53.518844415462595521 15.874678967439120214
52.44180204831076253 14.672948458270887784
51.65842813087887464 13.59338856411737595
51.102641436932550789 12.708687031211137963
50.633759889881879701 11.87202750780624072
50.15289588843494073 10.900811903579842976
49.952442816727668173 9.4318046673504198907
50.321730898743851412 8.3195146987348209677
51.71644777813326499 7.6168738156251514226
53.183055976128322584 6.9427172884899208682
54.649664174123429916 6.2685607613546920902
56.116272372118473299 5.5944042342194650885
57.504684289481573956 4.8650920712501175558
58.004485771573698116 3.6534290851426871605
57.272202943799527475 2.3107169293702667368
56.252032301922831437 1.081684357122627782
55.603661911049279354 -0.384807052670066152
54.689306483068264697 -1.7057607472340621246
53.534780027455596496 -2.8079567915572067882
52.302860218345990972 -3.8294513351908849863
51.080548102175001191 -4.857142907676156085
50.252425575449613859 -6.0820335610926203884
50.796447961570592611 -7.1421000809352577221
51.430103723673042282 -8.2112443223272482129
52.219866777189587026 -9.3631280779379668644
53.128873914729126682 -10.504787803400606805
54.125584058247973473 -11.584044363553207546
55.265534891100550396 -12.644879612726230178
56.370220023323682312 -13.529349595760745473
57.597795773769135508 -13.145395725043425017
58.941073311567699022 -12.243441627773414382
60.327844018658524305 -11.413180920670148666
61.872088441391795754 -10.843541318139376273
63.381599312648013722 -10.290480093606362288
64.27711035013768992 -10.616452313130247731
64.458532545977490713 -12.130783829845041666
64.59333317128837848 -13.742470347514066376
64.223089076850868651 -15.361970100760228064
63.852844982413373032 -16.981469854006391529
64.325703060689264134 -15.6752029421597463
64.798561138965155237 -14.368936030313101071
65.271419217241060551 -13.062669118466455842
65.744277295516951654 -11.756402206619810613
66.217135373792842756 -10.450135294773163608
66.689993452068733859 -9.1438683829265183789
67.162851530344639173 -7.83760147107987315
67.635709608620530275 -6.531334559233227921
68.108567686896421378 -5.2250676473865826921
68.581425765172312481 -3.9188007355399356868
69.054283843448217795 -2.6125338236932904579
69.527141921724108897 -1.3062669118466452289
