-50 17
-49.316301029203238215 18.650899554320396589
-48.632602058406476431 20.301799108640793179
-47.948903087609707541 21.952698662961189768
-47.265204116812945756 23.603598217281586358
-46.581505146016183971 25.254497771601982947
-45.897806175219422187 26.905397325922379537
-45.214107204422660402 28.556296880242776126
-44.530408233625891512 30.207196434563172716
-43.846709262829129727 31.858095988883569305
-43.163010292032367943 33.508995543203965894
-42.572764535068145619 30.449303876077465247
-43.685515103490097033 30.636377397016335777
-44.883467433269665037 31.366124569451574899
-46.223467920367056649 31.64618484421311706
-47.636387843308590107 31.728896705716220339
-48.805855114104268466 31.507742560729429471
-49.733356162636347619 30.979461713063933814
-50.572565045525514904 30.199685746498797556
-51.411208205908209834 29.123116558500189655
-52.595027397244265899 28.351619238670338063
-53.830776299252249828 27.692080616981229468
-54.722660076980481847 26.694428586508191614
-55.536950596299590188 25.651562136760038157
-56.141470097170106612 24.773992224967535947
-56.613384458065524996 24.011386319920859478
-57.022302776821653936 23.281720513009112494
-57.434245206705227815 22.464731875906380765
-57.618528845795033533 21.239052546437353186
-57.861774153381141161 19.941171945222112782
-57.380280270307686408 18.713794976817439419
-57.028984790399725568 17.53480122621673587
-57.683397480262094348 16.424704861368034869
-58.525071051539740097 15.258056007140277543
-59.245884223899182075 14.013919173414754127
-59.347337859238649571 12.826145996475045052
-59.254515177214457822 11.682211895525362877
-59.074127018888376028 10.416977047109941878
-58.802023235228389808 9.1195086089475374536
-58.449728883331658835 7.8592861794365900252
-58.041631457438775499 6.6916554264614216407
-57.565808915489611763 5.5595155062438017524
-57.068087120660905498 4.5467741780652328742
-56.548406382289897465 3.6210793059521595438
-55.929913366397855157 2.6495068231587008967
-55.188771011635253672 1.6271405026221898993
-54.378582836550947377 0.6467651371771587776
-53.492532101147283186 -0.29528628974446036182
-52.494439297656569465 -1.2243392168328899317
-51.409592285850756355 -2.1026715409481546715
-50.263989382429102193 -2.9045833470633510842
-49.101779308205586005 -3.604147146251264644
-47.920764598397077805 -4.1816507455933455972
-46.537449829734669038 -3.9942041932243563807
-45.32388513368287164 -3.8571245783169203492
-44.682894815061118265 -4.7647608658099249723
-44.144726798199705797 -5.551767601478555747
-43.467555438751602992 -5.705660476158030292
-42.659478427884906182 -5.857339728192325623
-41.66101841384589477 -5.7870901099079699037
-40.474647193258711297 -5.9633802181039490264
-39.243162890506710028 -6.1285035689142262072
-38.004005499520403077 -5.8577295374066178368
-36.72697252055530015 -5.7400897411013662719
-35.48839220825133367 -5.7477272681922002562
-34.261395844445040382 -5.4642558957336504477
-32.959811272160322915 -5.0487988405860075858
-31.643918166801427105 -4.5744160479331554825
-30.372553221405730994 -3.9884487426186119308
-29.174256771565129753 -3.3321889826229273979
-28.085157904667944706 -2.6379425555579558704
-27.052460245285832485 -1.8821440301075593737
-26.045262343216762702 -1.0395812856176469552
-25.12412038417705773 -0.16183729873121599496
-24.429212112889079123 0.65167595532528799218
-24.806917610251989714 2.0043768494609373043
-25.083985319786702206 3.2185270767790354896
-24.304124058202887682 3.5883863376304581116
-22.907720896799929733 3.465742534709653544
-22.137997843290683875 3.7272126617942369364
-21.784880928727183402 4.3526649868536786414
-22.004053520418143108 5.4437333624122983267
-21.496967382288268311 7.2594282560746208333
-20.989881244158393514 9.0751231497369424517
-20.48279510602852227 10.89081804339926407
-19.975708967898647472 12.706512937061587465
-19.468622829768772675 14.522207830723909083
-19.624333081810071633 15.728897479110832691
-20.669477431676547496 16.287301591783915455
-22.034150385051269438 16.612809560259531594
-23.368498930881791864 16.971061665577497735
-24.265652642674915285 17.79564451649213197
-24.749641603292790393 19.101677939671805717
-25.056913835754787812 20.45898541378594615
-25.005708229129911757 21.875551304248343598
-25.321630193109079698 23.226551666950609132
-25.433429576721387377 24.553942178533855412
-25.092410186658742788 25.903980811069526879
-24.909828600265161214 27.270538259329295983
-25.496008192659797231 28.271870487375323933
-26.360544532542576235 29.057669612420468752
-27.349460609727724858 29.852138971062665007
-28.3956554990700063 30.588169703880218719
-29.380833081082066371 31.195138942791388104
-30.325154051463748317 31.706606545894779003
-31.624435455371830983 31.731942217234461623
-33.035461278797392026 31.888056512789280106
-32.736640939882747148 32.737351518651664151
-33.969738015605408066 31.613254981605116711
-35.202835091328068984 30.489158444558569272
-36.435932167050729902 29.365061907512021833
-37.66902924277339082 28.240965370465474393
-38.902126318496051738 27.116868833418926954
-40.135223394218712656 25.992772296372379515
-41.368320469941373574 24.868675759325832075
-42.601417545664034492 23.744579222279284636
-43.83451462138669541 22.620482685232737197
-45.067611697109356328 21.496386148186189757
-46.300708772832017246 20.372289611139642318
-47.533805848554678164 19.248193074093094879
-48.766902924277339082 18.124096537046547439
