70 0
69.969147502843668462 1.4043124741254062737
69.938295005687336925 2.8086249482508125475
69.907442508531005387 4.2129374223762185991
69.876590011374688061 5.6172498965016250949
69.845737514218356523 7.0215623706270315907
69.814885017062024986 8.4258748447524371983
69.784032519905693448 9.8301873188778436941
69.75318002274936191 11.23449979300325019
69.722327525593044584 12.638812267128656686
69.691475028436713046 14.043124741254063181
69.660622531280381509 15.447437215379469677
69.629770034124049971 16.851749689504874397
69.598917536967718434 18.256062163630282669
69.568065039811386896 19.660374637755687388
69.537212542655055358 21.06468711188109566
69.506360045498738032 22.46899958600650038
69.475507548342406494 23.873312060131908652
69.444655051186074957 25.277624534257313371
68.273037072445845297 26.176048667242739043
67.103076762310820413 26.946314509070568022
66.021819155115338162 27.559850416743948642
64.648755798851027521 27.738645720769305569
63.066880601548554353 27.918861340659837822
61.86726202847346201 28.863335156468515663
60.715341109680949216 29.458879033992001695
59.356653903172428954 29.471912430729368282
58.084827036775088516 29.818512142214522953
56.989891908576183255 29.864580306171880864
55.974973727030530313 29.853690741588586377
54.918914518061768604 29.202594769126168472
53.887075939942100433 27.92814648494911367
53.2372005774861492 26.549863719993162192
53.341215275364305626 24.987997550817688364
53.56310880781203565 23.397449175583826531
53.785002340259744358 21.80690080034996825
54.006895872707474382 20.21635242511610997
54.228789405155197301 18.625804049882251689
54.37881170960044841 17.038556465734739476
53.818918914654496177 16.062304108304697792
53.174625044875213575 15.658259364608284159
52.918780097463070433 14.534116540801051087
51.663005820631710208 14.208936023038155838
50.259223201336688192 14.209439174143291496
48.740215059373056761 14.683770456786225722
47.212712903555456023 15.179330503405710218
45.685420814589704719 15.663103388060786614
44.158146977878061534 16.145852111723684175
42.630873141166411244 16.628600835386585288
41.10359930445476806 17.111349559049489955
39.597903018482895732 17.544840317467389923
38.494751971208941654 17.073773827449723939
38.266446960778907282 15.669474556175938318
38.901604078788373897 14.282114906948121913
38.801106428961155359 12.971478195684676749
38.137209912084749419 11.649482315054704884
38.39754631186534084 10.113988393728993387
38.719689513686972759 8.5277906919904342686
39.105026291968187024 6.9312167354745000125
39.381427031252179916 5.3359682101512611041
40.038120354147949342 4.43645317280225715
41.547425330092174534 4.5639525764883153158
43.149130316816147968 4.8012909595403563401
44.750835303540149823 5.0386293425923991407
46.012983770408908413 4.9670707072159769879
46.339400665323971396 3.9600140122550642197
47.555476330929586481 3.5547236396315571305
49.095232312249684981 3.9352803128066309313
50.60066093697560774 4.5456289485011387441
52.132205281626049498 5.1695055778139922253
53.721780388802379491 5.442116755941221129
55.024756554699045807 6.0848444059256054928
55.642781494344106363 6.4589324181469081054
55.548774870052262997 5.1405582085749230714
55.497647501290117589 4.0727146282170600955
55.990905525117504737 4.7923474590341932355
56.594679202786153382 4.4452528828104487246
57.360452359206050232 3.122103143148265314
57.858982769381825051 1.6290558615936305831
58.265159905168957266 0.077099019941492652475
58.671337040956089481 -1.4748578217106451671
59.07751417674320038 -3.0268146633627828201
59.483691312530332596 -4.5787715050149220275
59.8898684483174506 -6.1307283466670590144
60.250697211367352679 -7.9385809860647800207
60.611525974417247653 -9.746433625462501027
61.550373376975521467 -8.7717902629162516348
62.48922077953379528 -7.7971469003700004663
63.428068182092076199 -6.8225035378237510741
64.366915584650342907 -5.8478601752775007938
65.305762987208623827 -4.8732168127312505135
66.244610389766904746 -3.8985734501850002331
67.183457792325171454 -2.9239300876387499528
68.122305194883452373 -1.9492867250925005607
69.061152597441719081 -0.97464336254624939215
