-50 0
-50.028753242662354239 -1.2461897215762849367
-50.057506485324708478 -2.4923794431525698734
-50.086259727987055612 -3.738569164728854588
-50.115012970649409851 -4.9847588863051397468
-50.143766213311764091 -6.2309486078814249055
-50.17251945597411833 -7.477138329457709176
-50.201272698636465464 -8.723328051033995223
-50.230025941298819703 -9.9695177726102794935
-50.258779183961173942 -11.215707494186563764
-50.287532426623528181 -12.461897215762849811
-50.316285669285875315 -13.708086937339134082
-50.345038911948229554 -14.954276658915418352
-50.373792154610583793 -16.200466380491704399
-50.402545397272938033 -17.446656102067990446
-50.431298639935285166 -18.69284582364427294
-50.460051882597639406 -19.939035545220558987
-50.488805125259993645 -21.185225266796845034
-50.385321769499604727 -20.953324169334027971
-49.024835538130993484 -20.664524696848690866
-47.992907295092813058 -20.851725980080715317
-47.502864033084271966 -22.0376106594731489
-46.8710763212091166 -22.400844435609407412
-46.163294304530637646 -22.552081121818016385
-45.297781895776189742 -22.701060743354116056
-44.211983447347215304 -22.520580377963995033
-42.997852141465678244 -22.910314356123475221
-41.767466938119753195 -22.913021685419145967
-40.518935479884667927 -22.509061863850064356
-39.222374756315886657 -22.669342025829415377
-38.024519477475536178 -22.450340048622091871
-36.763538139812681038 -22.128415221774950794
-35.453164282029952403 -21.675168204746519507
-34.14907295822672495 -21.16756227555701031
-32.896977445688833086 -20.552243514457217088
-31.737328740922386316 -19.880293066364487231
-30.678870873704319422 -19.170765560468908006
-29.648368085249728665 -18.379387465139902957
-28.643790961570726239 -17.496852303787136407
-27.747154492446099994 -16.599177112192670336
-27.131697717993702668 -15.911481006293040963
-27.425989197547458787 -14.676005743447063878
-27.390040520762791942 -13.677421053320125921
-26.261295066602745152 -13.486277071035170039
-25.226270323509503157 -13.27326636793186232
-24.859642627139663773 -12.641443098696198533
-24.824688624330004671 -11.709652321730127156
-24.564157304345801691 -10.397314442527049394
-24.303625984361602264 -9.0849765633239716323
-24.043094664377399283 -7.7726386841208929823
-23.782563344393196303 -6.4603008049178152206
-23.522032024408993323 -5.1479629257147374588
-23.261500704424793895 -3.8356250465116588089
-23.000969384440590915 -2.5232871673085810471
-24.112695648934835191 -1.666367462488155482
-25.237169584317800997 -0.81142535734876652942
-26.255793509139245145 0.052451754549520952786
-26.198600298454596924 1.0184033754051677878
-25.297156010875887944 2.0688301415944070349
-24.818377264080030642 3.2277153913183567191
-25.047446940801560089 4.5739285645834257821
-25.035321207570337521 5.9835869311391478576
-25.2726890359125278 7.213321388590306249
-26.282143096891505962 8.0896276881242936696
-26.963414003910354921 9.2175042195193643835
-27.468749725927196437 10.453624146227404879
-28.377113996077632407 11.399255509419973009
-29.315565647061990973 12.257709180948696215
-30.313479212160530096 13.05989365409673475
-31.359135215806237085 13.795570572278052168
-32.236811537338866174 14.340117568073377896
-32.851189143114517321 14.463383656192018378
-33.912866531047448859 13.544248900315013273
-34.979280413994388255 12.633113356556659568
-36.159177381130227502 11.932103697815685805
-37.433314824683534994 11.764871346132153462
-38.454942169617481795 12.470557717092788153
-39.48592480697421081 12.684826790578094702
-40.604380021329824046 12.2566324961178168
-41.530049913346431367 12.894230659290789376
-42.359412634433226685 13.517796399615182423
-43.162705828945874487 12.744573504602955794
-43.971627188088731941 11.553016336988713775
-44.832311566402040626 10.536048745339929411
-45.844760440517688949 10.658468280920272875
-46.999356760962157864 11.45470325688337887
-48.327145436844368476 11.901586943237132843
-49.672976758373160067 12.36316136818187772
-50.332090298372129666 13.736722696420224921
-50.991203838371099266 15.110284024658572122
-50.908603518506843955 13.85109368927035689
-50.826003198642581538 12.591903353882143435
-50.743402878778326226 11.332713018493928203
-50.660802558914063809 10.073522683105714748
-50.578202239049808497 8.8143323477174995162
-50.49560191918554608 7.5551420123292851727
-50.413001599321290769 6.2959516769410708292
-50.330401279457035457 5.0367613415528573739
-50.24780095959277304 3.7775710061646439186
-50.165200639728517729 2.518380670776428687
-50.082600319864255312 1.2591903353882152317
