-50 0
-48.821599134904722916 -1.3798127329192058088
-47.643198269809452938 -2.7596254658384116176
-46.464797404714175855 -4.1394381987576176485
-45.286396539618898771 -5.5192509316768232353
-44.107995674523628793 -6.899063664596028822
-42.929594809428351709 -8.278876397515235297
-40.594146526198045422 -8.2749795723179158102
-38.258698242967739134 -8.2710827471205963235
-36.354816864272763155 -8.2816473312358684922
-34.450935485577794282 -8.2922119153511388845
-32.547054106882818303 -8.3027764994664110532
-30.643172728187838771 -8.3133410835816849982
-28.739291349492866345 -8.3239056676969536142
-26.835409970797897472 -8.3344702518122257828
-24.959079627091011133 -8.3748991576076718957
-24.353976541950785872 -9.0257738836888385947
-25.706590611528287837 -10.153515499465770588
-27.240518761365130729 -11.280371525350647133
-28.774446911201948751 -12.407227551235523677
-30.30837506103878809 -13.534083577120398445
-31.842303210875623876 -14.660939603005274989
-33.376231360712452556 -15.787795628890146205
-34.910159510549299 -16.914651654775024525
-36.444087660386117022 -18.041507680659901069
-37.976770788461898576 -19.168759609189663706
-38.834359399086565645 -20.371483600571821171
-37.842335638821111843 -21.572582706377723127
-36.59638067162888575 -22.847550572646809997
-35.163053973388088025 -24.067741523180160357
-33.612759722274617502 -25.153213110706641231
-32.032985702986835008 -26.053615314867411001
-30.239962113265136168 -26.138578688034982633
-28.687522027171606709 -26.143295239122313234
-27.968408707380923772 -27.600366093732937145
-27.20714930434193235 -27.782720224600282677
-26.932296356714616081 -27.710384149733517489
-26.407395489161146429 -25.874699421062750559
-25.882494621607662566 -24.039014692391987182
-25.35759375405417515 -22.2033299637212167
-24.83269288650069484 -20.367645235050456876
-24.307688782664623517 -18.532441900415562941
-23.623300217925152111 -17.412170915267786597
-22.434376946259398267 -17.434415702518993641
-21.09038317386914585 -17.662400353841761103
-19.52035546575724112 -17.616824299038448487
-17.667555096411739157 -17.947192358233291287
-15.82030574556625524 -18.603272904214549044
-14.200459219364416796 -19.628188474450226408
-12.702578998077459715 -20.824946717408977293
-11.205797658983385645 -22.023251038580465178
-9.7106724061852158769 -23.200287178414225053
-9.0146493798835418687 -22.611211681326167877
-7.9854648373031338338 -21.537312857314297787
-7.9682919876729725317 -20.146113077998457186
-7.7406127967583815419 -18.923070174237214047
-6.0070943576098470018 -18.813331170305069406
-5.4623331472398533037 -17.986850076956603317
-5.5479444960820973876 -16.636441100989895148
-5.0639755291311301377 -15.272115005136837951
-4.0797299516342269143 -13.995729232983308066
-4.4098354251486249211 -12.168922674887273416
-3.7133389767135147608 -9.7593839845911460884
-3.0168425282784041563 -7.3498452942950178723
-3.5496147084000249095 -5.757046328567365201
-4.7183465423929549232 -4.5372225909002041888
-4.229951664131116118 -3.0299293488468195257
-4.0994714239380058984 -1.5056681837183738537
-4.8784732237061172455 0.12747472951104490968
-5.7158487013937655519 1.7751437777475636004
-7.2366172293317427844 2.6768080800218307935
-8.8892806295857269561 2.1445762510228973952
-10.532433638248106078 1.1628186139889831185
-12.175580455249292555 0.18076831692379560779
-13.818727272250480809 -0.80128198014139151439
-15.459845494192782311 -1.7445604693933554064
-17.091579295519622406 -2.0035929957471498852
-18.619062347534399038 -2.0834137533262522268
-19.791003584398698223 -2.258695397376858871
-21.101575108000311332 -3.0084100950120467033
-21.775139044323825743 -2.4283000921952022644
-22.515604908868994016 -2.3387324252598005181
-23.01467247836372465 -1.7273974487070371531
-23.41016421814543591 -3.3364381525322244215
-23.829577430223530143 -4.3552941605628587851
-24.649263490228481288 -2.9829009121535081661
-25.502596823036572715 -1.2670782300990039992
-26.34844652256666464 0.44282157567124802444
-27.19429622209674946 2.1527213814414998261
-28.040145921626820069 3.8626211872117512947
-28.885995621156894231 5.5725209929820032073
-29.731845320686986156 7.2824207987522546759
-30.633421631120000939 8.9180750113653033395
-32.051857349084649229 9.5529449955927390192
-33.68350668098604217 8.6844954505388542998
-35.315156012887442216 7.816045905484967804
-36.946805344788835157 6.9475963604310830846
-38.578454676690228098 6.0791468153771974769
-40.210104008591628144 5.2106972703233118693
-41.841753340493021085 4.3422477252694271499
-43.473402672394421131 3.4737981802155415423
-45.105052004295814072 2.6053486351616559347
-46.736701336197207013 1.7368990901077703271
-48.368350668098599954 0.86844954505388471944
