-50 0
-49.642714263078886461 -1.6290252169465548882
-49.285428526157780027 -3.2580504338931097763
-48.928142789236673593 -4.8870756508396642204
-48.570857052315560054 -6.5161008677862195526
-48.213571315394446515 -8.1451260847327748849
-47.856285578473340081 -9.7741513016793284407
-47.498999841552233647 -11.403176518625883773
-47.141714104631120108 -13.032201735572439105
-46.740551135232962565 -14.578911109844444383
-46.248573298293543132 -16.008110752615973382
-45.66435750509489111 -17.366034704041965142
-45.055887124713187575 -18.54505382514988554
-44.364738001551714319 -19.690132936177516143
-43.494854527801223298 -20.923587344098091734
-42.510372698786319745 -22.114898554084199134
-41.405298284178840618 -23.256807341905911812
-40.144400586421511434 -24.362939131092982592
-38.77704503823584048 -25.37181675775880052
-37.366904709958788544 -26.23980845389574057
-35.893732237343265012 -26.829089773097695826
-34.243707286829206282 -26.532910982567234015
-33.105179736592049267 -26.971739471925403109
-32.487964208706735292 -28.181174690374813707
-31.661181091686991351 -28.371132908234965697
-30.658169535446422316 -28.552760360835311104
-29.705175487415640845 -27.705288159562474704
-29.395867570577280503 -26.071920094953593861
-29.202334343328818278 -24.374964224977301086
-29.008801116080345395 -22.678008355001004759
-28.815267888831879617 -20.981052485024715537
-28.621734661583413839 -19.28409661504841921
-28.428201434334944508 -17.587140745072129988
-28.234668207086482283 -15.890184875095830108
-28.041134979838005847 -14.193229005119537334
-27.847601752589543622 -12.496273135143241007
-27.530067728112008751 -10.924133656353530952
-26.598905233089084277 -10.940642173435927376
-25.680077153019254865 -12.339933614672721873
-24.797982505163183475 -13.808246561650873829
-23.915887857307097875 -15.276559508629020456
-23.033264722962837112 -16.744238283302706805
-21.976505290760542266 -18.002957283655991461
-20.446017783755308983 -18.552482338981317156
-18.758104903238859151 -18.39182749765114977
-17.407001002651252719 -17.884782504835765593
-17.000480742751765462 -16.744075336698767131
-15.758328295197372881 -16.875077818201216218
-14.157944804027088992 -17.490525924500911259
-12.557246245975870025 -18.106400104349237523
-10.956547687924656387 -18.72227428419756734
-10.231685514546331461 -18.710126017710145163
-9.9377546823691069733 -17.898612745127355339
-10.263450486739520429 -16.449599056142364617
-9.2133631838589256091 -15.409443986087543621
-8.7553320261869149732 -14.09488214785733895
-9.1419871693138219371 -12.410869937246213013
-9.1687421443043000124 -10.772620337261852086
-8.4264238225499550339 -9.3808876534607943398
-7.6841055007956109435 -7.9891549696597357055
-8.0270542365983850175 -6.5034106041647206098
-9.1967893192190697249 -5.4178885556930129752
-9.2528383819435422453 -4.1613882981783012482
-8.5344557678921191268 -2.7374608306625356491
-9.0402274851892414631 -1.4202031308917688612
-10.415128479598626754 -0.98825756760685545821
-12.064761777899603246 -1.3465119574358712651
-13.727356537628208955 -1.7425499474619368101
-15.390008610543691958 -2.1380507637955696865
-17.055786708423479325 -2.5042525921619507301
-18.719207673431490946 -2.7892861733039726602
-20.238322043657738902 -2.4252670775125451108
-21.711041157671978397 -2.0275193840472214291
-23.055767982921825165 -2.0594848642338474676
-24.151658665037999185 -2.1936309036745340606
-25.090683655449659284 -2.1667706835214435301
-25.224682643320022635 -0.57923850134208376694
-25.093466131073746794 1.1415936394928458686
-24.960215626085211937 2.8619135779779036888
-24.939510086852358484 4.5754698704469385362
-25.106458097122047235 6.2777486955147141501
-25.294865702747987513 7.9787378573295670847
-25.512096837687582962 9.6663708949081019739
-26.200461660863084035 11.135692010878482705
-27.33586039348029928 11.209898232078135294
-28.417670180394811297 11.194766525870640805
-29.537040563830295525 10.350065224392441365
-30.649066996430832432 9.0399638309542140746
-31.966197346011600899 8.6923313573744405147
-33.530736851924295649 9.1938661091005648984
-35.209719066178990943 9.1119965404666878328
-36.783198532320731999 8.977202642143403466
-37.923411935281613694 8.3396012255938103408
-39.265255053583658196 7.4129788671944982781
-40.607098171885702698 6.4863565087951862154
-41.948941290187740094 5.5597341503958741527
-43.290784408489784596 4.6331117919965612018
-44.632627526791829098 3.706489433597249139
-45.9744706450938736 2.7798670751979370763
-47.316313763395910996 1.8532447167986241254
-48.658156881697955498 0.92662235839931206272
