-50 0
-48.738753499205643038 -1.2397381017722490792
-47.477506998411286077 -2.4794762035444981585
-46.216260497616929115 -3.7192143053167474598
-44.955013996822565048 -4.958952407088996317
-43.693767496028208086 -6.1986905088612456183
-42.432520995233851124 -7.4384286106334949196
-41.171274494439494163 -8.6781667124057442209
-39.910027993645130096 -9.917904814177992634
-38.648781492850773134 -11.157642915950241047
-37.387534992056416172 -12.397381017722491237
-36.12628849126205921 -13.637119119494741426
-34.865041990467702249 -14.876857221266989839
-33.603795489673345287 -16.116595323039238252
-32.342548988878988325 -17.356333424811488442
-31.081302488084624258 -18.596071526583738631
-29.820055987290267296 -19.835809628355985268
-28.558809486495910335 -21.075547730128235457
-25.997965230296628647 -18.984322950525285734
-24.496451188214404482 -18.423913643174213206
-22.917323617317904905 -18.037445954397206549
-21.284101602512652818 -17.862712328588667532
-19.675390990339536756 -17.909787923359591133
-18.128974886334521699 -17.784659594682132422
-16.743409821987658148 -17.027299344961171812
-15.728113490052580303 -16.390351495139462656
-15.473366161671233243 -17.447197656840060631
-15.444345551096567704 -19.046764724071277186
-15.36061295542416083 -20.647085860802921076
-15.238972697064040673 -22.24753963076435781
-15.11618247710559082 -23.847997424269067324
-14.965872871434450886 -25.439900034374144155
-14.41961767981228526 -26.908711702717276637
-13.489390676468484997 -28.190116559769673898
-12.305960466053557312 -28.410818621453163502
-10.882422418817263576 -27.990249317244398242
-9.4354354038058794174 -28.092719476923452504
-8.0444662484372244649 -27.784215809198720137
-6.558306081079018135 -27.313331930632735123
-5.0607598981740480326 -26.752571412515056437
-3.626249075425512558 -26.056485523231639689
-2.31021473631810359 -25.285784989420903912
-1.1129265621482744564 -24.45909539681899858
0.059700522094225050296 -23.514047920968067729
1.1634630009021744712 -22.477798643060808104
1.9856734730977443348 -21.593233758429356328
1.9034472396059234356 -20.369863517882222936
1.898119782759529528 -19.194332658802714775
3.2103159973563948348 -18.992286629292944866
4.1492862021405017003 -18.602401013103079919
4.5777686910983668156 -17.839933115510675066
4.2292710130759392229 -16.512586735111813852
4.8244098912529249645 -15.420379360972530591
5.775106373854888453 -14.392912408347621422
5.5807038991789896798 -12.899864903383921444
5.2787634416429840556 -11.300327045674286808
5.6098827976939453777 -9.8573083356913038244
6.6621562729688017512 -7.6581605743868124136
6.0742880673536845393 -6.2259529731148450793
4.9191340519114916674 -5.1924880186060118348
4.8155290213551005252 -4.0827979183619262926
5.747544753473782464 -2.8428559614195418881
5.7475474364127734361 -1.6442164109470205346
5.0833352440411987416 -0.27974533257979122824
4.4545609284651117576 1.1692331664901363109
3.3803457486544470356 2.280749321660700879
2.4069882470996861734 3.4407696835293735127
1.8625069229439414897 4.8820560168052065109
0.8273946191849326226 5.9595266586765323069
-0.25049459308919885814 6.9277531636768596712
-1.416578273384834219 7.8304214493289556742
-2.5916107494489679652 8.6113898840494798037
-3.6752325590868650806 9.2319628350713323073
-5.0152237019666481288 9.4525480773927608169
-6.606046468860196974 9.5962032543427593367
-7.8341442593596148924 10.49334911484129762
-8.9714619087870310921 11.150677742202137921
-10.318366681502075366 11.198583810938487204
-11.605681894336690618 11.516157455652653141
-12.690842088956502565 11.571114651331626533
-13.502994355160222284 11.569931076343170417
-14.205157412105817727 10.640706576793338201
-14.765702438494351156 9.1545402145779259939
-14.849844668874363052 7.5736770961367110289
-14.784618155033586007 5.9631232712644299809
-14.719237015163598059 4.3525387106712072338
-14.653855875293606559 2.7419541500779849308
-14.588474735423618611 1.1313695894847601853
-14.524195472846617605 -0.47917062849387026535
-14.625565548560716778 -2.0546038463865006207
-15.488349231704589215 -2.7142250794374191969
-16.62116681765879278 -2.121253778483539687
-17.28388337762805449 -2.6363378625503433028
-18.596535786072823981 -2.6755951268406041876
-20.166328937526444065 -2.4231330256510581478
-21.761703125984482199 -2.3549590327372298404
-23.337800499668045262 -1.9535231405223512091
-24.912501330864735394 -1.5334429004963416876
-26.493987285969964773 -1.2161700651121138961
-28.078419353660738267 -0.94353638337996192931
-30.967528154391157358 0.49649029370846342601
-32.870775338952043398 0.44684126433761706121
-34.774022523512925886 0.39719223496677075191
-36.677269708073808374 0.34754320559592438711
-38.580516892634690862 0.29789417622507807781
-40.483764077195580455 0.24824514685423171301
-42.387011261756462943 0.1985961174833853482
-44.290258446317345431 0.14894708811253903891
-46.193505630878235024 0.099298058741692674101
-48.096752815439117512 0.049649029370846364806
