-50 0
-51.595838900278849337 0.20349355522880330227
-53.191677800557691569 0.40698711045760660454
-51.916954117669675384 -1.1118684087738714972
-50.642230434781652093 -2.6307239280053495989
-50.673898594339981116 -3.5535963761464395283
-51.892676027697994812 -3.0893697101011126094
-53.333491267778725842 -2.3656989879621330708
-54.750421647659152313 -1.7163417313923674534
-55.762076453920450092 -2.1852065649028098449
-56.642119215723482739 -3.3342494696697606571
-57.280289272131440725 -4.2901297928863897369
-57.780540016514436275 -5.1334208194667425573
-58.243097096697532322 -6.0087341919398902235
-58.525332684387564086 -7.2623128785337849322
-58.814686386070896162 -8.7510474478486379724
-58.294936401584550367 -10.155605079819117975
-58.069373508144344953 -11.49007712705813411
-58.962552697647097943 -12.763079291529285442
-59.848132880483696283 -14.14665374325530145
-60.32438978657467743 -15.546315536234171617
-60.240209757371488308 -16.85170885111542205
-60.050013297378335153 -18.273570131320983734
-59.739131848769488897 -19.755949128944408244
-59.327200205180936621 -21.179600758965111851
-58.838994108883809986 -22.500870547007998823
-58.276619949785569474 -23.748814104633787281
-57.700627313735367352 -24.833091541036356631
-57.032720317567843438 -25.920241156376466307
-56.18667119943977184 -27.107173518395494938
-54.951128140275024236 -27.961521690984049826
-53.412958732026645237 -27.989761532574405578
-51.808164644733366799 -27.856595752214378336
-50.19316478977246021 -27.861310471395857036
-48.582034483680303083 -27.955165132951826479
-47.003246726611372708 -27.747307479304637923
-45.458975306246713899 -27.559780534367192217
-44.584309794772742919 -28.37975990542733129
-44.580384823531275629 -29.930210863970142299
-44.652479644264808201 -31.538659580977423502
-44.724574464998347878 -33.147108297984708258
-44.721848253954561869 -34.42547808140135146
-44.30871479561063353 -34.513796853505816387
-43.425622636058434978 -34.672316586170794039
-42.206436376681779166 -34.527162820948312572
-40.816578424501450684 -34.906834741847248438
-39.407396051653655888 -34.840555193175703153
-37.964728952672430751 -34.487819173562179742
-36.53210740005349777 -34.547879294934887184
-35.128924448966230898 -34.223336119720727311
-33.637396037863126708 -33.732510518709226233
-32.144397434902259647 -33.158834662919147718
-30.720430839191077865 -32.450349684651570215
-29.422555283312686214 -31.673642892232987123
-28.232421245057199855 -30.835629608783641231
-27.063263554664764854 -29.875137773441181821
-25.983443658970635681 -28.842800552420960969
-25.273675129117471272 -28.072192900466273358
-25.729221180442657158 -26.796844793932841355
-26.286982482600645739 -25.415045854123615499
-25.59264282694243775 -24.668869023855183542
-24.461666062833444357 -24.190060151847269765
-24.917128639301687087 -23.078498859911007912
-25.80160553722249972 -21.772446161795919295
-25.621487155020609805 -20.576874891882813046
-25.312366867341765442 -19.358706427880814971
-25.657599483210510982 -18.141737553999849553
-24.563152675371156874 -17.507832025159327571
-22.999442138908399613 -17.042008833675836854
-21.665969848962902233 -16.224235259756866867
-20.422840974513146506 -14.16233430834004281
-20.680564027280610162 -12.734506739628010052
-21.785884360967660456 -11.70115063857501525
-22.126947511549250436 -10.571652238261778578
-21.372276831504105843 -9.2319868849920894149
-21.577908398911013421 -7.9705386791581389616
-22.27009037153588622 -6.5888697616962668135
-22.908846437395293805 -5.1520048670335603092
-22.885298788456342578 -5.1388150550423361551
-24.241033849033524206 -4.8818743022902193474
-25.596768909610709386 -4.6249335495381025396
-26.952503970187891014 -4.3679927967859857318
-28.308239030765072641 -4.1110520440338689241
-29.663974091342254269 -3.8541112912817521163
-31.019709151919439449 -3.5971705385296353086
-32.37544421249662463 -3.3402297857775185008
-33.731179273073806257 -3.0832890330254016931
-35.086914333650987885 -2.8263482802732848853
-36.442649394228169513 -2.5694075275211680776
-37.79838445480535114 -2.3124667747690512698
-39.154119515382532768 -2.055526022016934462
-40.509854575959721501 -1.7985852692648180984
-41.865589636536903129 -1.5416445165127008465
-43.221324697114084756 -1.2847037637605835947
-44.577059757691273489 -1.027763011008467231
-45.932794818268448012 -0.77082225825635042327
-47.288529878845636745 -0.51388150550423361551
-48.644264939422811267 -0.25694075275211680776
