-50 0
-48.296139478571134873 -0.90005528724389716189
-46.592278957142276852 -1.8001105744877943238
-44.888418435713411725 -2.7001658617316914857
-43.184557914284546598 -3.6002211489755886475
-41.480697392855688577 -4.5002764362194866976
-39.77683687142682345 -5.4003317234633829713
-38.072976349997958323 -6.3003870107072801332
-36.369115828569093196 -7.2004422979511772951
-34.665255307140235175 -8.1004975851950753452
-32.961394785711370048 -9.0005528724389733952
-31.257534264282504921 -9.9006081596828696689
-29.553673742853643347 -10.800663446926765943
-27.849813221424781773 -11.700718734170663993
-26.145952699995916646 -12.600774021414560266
-24.442092178567051519 -13.500829308658458316
-22.738231657138189945 -14.40088459590235459
-21.034371135709328371 -15.300939883146250864
-19.330510614280466797 -16.20099517039015069
-17.626650092851598117 -17.101050457634045188
-15.922789571422740096 -18.00110574487794679
-14.218929049993878522 -18.901161032121841288
-12.901801979445481905 -19.601609676855233033
-11.339563217112534232 -19.46831065085469703
-10.005646253701792503 -19.411185456694624918
-9.3687036741766771542 -20.62474212584411859
-8.6601046470209421813 -21.096272499477400686
-7.8272513692200167412 -21.26930866350337368
-6.7834357538555076772 -21.421264192821546146
-5.4498055560758196236 -21.369083854503493569
-4.0446189375866428151 -21.604950925940688222
-2.6260196651891716257 -21.276570567362064423
-1.1536711969160060587 -21.325872155689744147
0.22602414826546723958 -21.114876043989259102
1.6802809000777472193 -20.728705973884700597
3.1844074955479708677 -20.2016530399203873
4.6475446386750363104 -19.553677786107662939
6.0239091548151630917 -18.808797894444250431
7.2625183620781754712 -18.011339018352561681
8.4408115622676049838 -17.123457991862071736
9.5879300359939136911 -16.115666212481077224
10.567838447307124738 -15.118816775674069675
11.009081628211216497 -14.220829353018672236
10.638866584176565055 -12.775524964377963144
11.4235369326838061 -12.183701810661819565
12.853271153046460284 -12.093309276553885212
13.141378410242001706 -11.610429400687829471
12.474506080687241649 -10.997864521328992282
11.15958688953874578 -10.066352597833216009
9.8446676983902481339 -9.1348406743374397365
8.5297485072417487117 -8.203328750841659911
7.2148293160932537305 -7.2718168273458836381
5.9198779811613508883 -6.340692420239260052
7.0608942016346771808 -3.8812664203465834234
8.2019104221080034733 -1.4218404204539065727
9.7603512696118990277 -1.0302810550524488242
11.318792117115794582 -0.63872168965099018756
12.877232964619686584 -0.24716232424953199498
14.433315243245623094 0.1448572340707406092
15.324281098286641978 0.66665119549664075826
14.441339250731834554 1.5443011848982584056
14.003975131030507839 2.6560665040536131087
14.74621071817919038 3.9911523435622267009
14.611210523566832364 5.2526492140923988217
13.930621701528448142 6.6288124209255965269
13.29911969627331203 8.0732084775692296574
12.17290102530057716 9.1464257796876005102
10.750288890538429953 9.9686936594949902002
9.4120744741378317144 10.855673640322518025
8.2721849134667575498 11.990391741870059406
7.0119662632826376125 12.929595225778328427
6.4751534072711391943 14.249900223816336364
6.1945060333903931848 15.495731055393363818
5.3344045756654132617 15.988595294582285788
4.077253052810110745 16.289611874084830134
2.4739116052964127412 16.364291644936329817
1.1865761401934136199 17.160591024199352006
0.074569263857125811512 17.937666749360513307
-1.2452791086476040494 18.065157687931794328
-2.5701933680214610334 18.225486739111804724
-3.6891859434688507591 18.388685299302977683
-4.7042246405528986841 18.387645074736685302
-5.7601293581047912085 17.966370455988936783
-6.7967351938214530804 16.697987105795824903
-7.91854129951525465 15.811929051275852132
-9.3105507829230411687 16.165557316715599256
-10.840479815301653943 16.388588272499902132
-12.439619645977167295 16.283956478354568276
-13.725285546923453595 15.967756542941796027
-14.56619992758333737 15.484034685980450519
-14.648781420590943014 14.03812712358851833
-14.64115200564615904 12.429119687724760723
-14.681518210938421021 10.815227360739886109
-14.957750676787682664 9.2130584043262153671
-15.107401200104762395 7.6254263563565451989
-15.315993604528895133 6.3127485874568352031
-16.305377429113132592 5.6209734949220644395
-15.900736697320919433 4.5735661168132688559
-14.987186057553799401 3.2955331634137152719
-14.464638412097784226 1.8938238363335073711
-13.486306467860678993 0.7657192783135591263
-13.46916564894081958 -0.21719472453517937871
-14.647953194178988667 -1.2169191625922222144
-16.067654803221991244 -1.8381311065157619478
-17.63124077029078407 -2.1764313566413306944
-19.197942242503678756 -2.5086775101329581439
-20.764643714716573442 -2.8409236636245851493
-24.120969676099420553 -3.090909633309411042
-26.111664316399465946 -2.8531473538240716969
-28.102358956699511339 -2.6153850743387323519
-30.093053596999553179 -2.3776227948533934509
-32.083748237299602124 -2.1398605153680536617
-34.074442877599643964 -1.9020982358827143166
-36.065137517899685804 -1.6643359563973754156
-38.055832158199734749 -1.4265736769120358485
-40.046526798499776589 -1.1888113974266965034
-42.037221438799818429 -0.95104911794135738035
-44.027916079099867375 -0.71328683845601759117
-46.01861071939991632 -0.47552455897067869017
-48.009305359699951055 -0.23776227948533978918
