-50 0
-50.628384162162909377 -0.96121738736005746251
-51.256768324325825859 -1.922434774720114925
-51.885152486488735235 -2.8836521620801724985
-52.513536648651651717 -3.84486954944022985
-53.141920810814561094 -4.8060869368002867574
-53.77030497297747047 -5.7673043241603449971
-54.398689135140386952 -6.7285217115204032368
-55.027073297303296329 -7.6897390988804597001
-55.655457459466205705 -8.6509564862405170516
-56.283841621629122187 -9.6121738736005735149
-56.912225783792031564 -10.573391260960633531
-57.54060994595494094 -11.534608648320689994
-58.168994108117857422 -12.495826035680746458
-58.797378270280766799 -13.457043423040806474
-59.425762432443676175 -14.41826081040086116
-60.054146594606592657 -15.3794781977609194
-60.682530756769502034 -16.340695585120979416
-61.310914918932418516 -17.301912972481034103
-61.939299081095327892 -18.263130359841092343
-61.311807790505682192 -19.239907059888412988
-60.563397571552293641 -20.262633747289115149
-59.749655702446389682 -21.238224772136216956
-58.855816227999184775 -22.179756645234469659
-57.850433381135538013 -23.106510264401332932
-56.760548163558084411 -23.979972500029234084
-55.611828061636998655 -24.775579942405364875
-54.44968057386897442 -25.467451143877415376
-53.2513712423945762 -25.999127904780745979
-51.871392800698785663 -25.785846797332972358
-50.688541068654146216 -25.700998580047521358
-50.083397086677145182 -26.673179575200656188
-49.528262592172175971 -27.380670343180440796
-48.862374360243549631 -27.530497387561347011
-48.093623518307261122 -27.674123237141664333
-47.126659139325525416 -27.340194326887175436
-46.039013601269239473 -27.49700754534259417
-44.906271113908779569 -27.94599018249035538
-43.701417789707186046 -27.793816904401058565
-42.436754027803509359 -27.510111258458440631
-41.174053323056149623 -27.613766937014702307
-39.963628258890025791 -27.351263257826545328
-38.666935453580023818 -26.980847342173586156
-37.352405137356484488 -26.505583306354335349
-36.071946245456516067 -25.938529772042912214
-34.852971263182197958 -25.293984748390560213
-33.741535707758345097 -24.607135128632474874
-32.704399078413416646 -23.869800136308079175
-31.677978080311859799 -23.034787325297653382
-30.701830544719076244 -22.126588941783076336
-29.91599507331478236 -21.299074378820328945
-29.65090442452035191 -20.465723123142559814
-30.001752147353268896 -19.181345456218444667
-29.471948111803296655 -18.547658501368719186
-28.126122783051492604 -18.516908486446762794
-27.537363591430352727 -18.036148839742143224
-27.160385815608037774 -17.361367260781179311
-27.488091157468012682 -16.198630203731550381
-27.164525427208857877 -15.08567179773054967
-26.840959696949706625 -13.972713391729550736
-26.517393966690551821 -12.859754985728550025
-26.193828236431400569 -11.746796579727551091
-25.870262506172245764 -10.63383817372655038
-25.54669677591309096 -9.5208797677255496694
-25.223131045653939708 -8.4079213617245507351
-24.899565315394784903 -7.2949629557235500243
-25.015152998014848151 -5.9958014533001060542
-25.887210700608836333 -5.0395921435151507239
-26.676408905898977508 -4.1412877460977188804
-26.294046032936304158 -3.0276142667344876358
-25.752383922917527315 -1.8657044927827453051
-26.146088135324387025 -0.74758693222641525722
-26.786472736053095645 0.46565774505600243671
-27.322682652353091015 1.737853762902234811
-28.277446447789674977 2.7000878214827745971
-27.991833132287023744 2.8840602316884567102
-29.092241475672672379 2.7398572201040338747
-30.192649819058321015 2.5956542085196110392
-31.29305816244396965 2.4514511969351882037
-32.393466505829621838 2.3072481853507653682
-33.49387484921526692 2.1630451737663425327
-34.594283192600919108 2.0188421621819196972
-35.69469153598656419 1.8746391505974968616
-36.795099879372216378 1.7304361390130740261
-37.895508222757861461 1.5862331274286511906
-38.995916566143513649 1.4420301158442283551
-40.096324909529158731 1.2978271042598055196
-41.196733252914810919 1.1536240926753826841
-42.297141596300463107 1.0094210810909598486
-43.397549939686108189 0.86521806950653701307
-44.497958283071753272 0.72101505792211417756
-45.598366626457405459 0.57681204633769134205
-46.698774969843057647 0.43260903475326850653
-47.79918331322870273 0.28840602316884567102
-48.899591656614347812 0.14420301158442283551
