-50 0
-51.28601530341106951 -0.14663294625936612592
-52.572030606822139021 -0.29326589251873225184
-53.858045910233215636 -0.43989883877809837776
-55.144061213644285147 -0.58653178503746450367
-56.430076517055354657 -0.73316473129683057408
-57.716091820466431273 -0.87979767755619675551
-59.002107123877500783 -1.0264306238155629369
-60.288122427288570293 -1.1730635700749290073
-61.574137730699639803 -1.3196965163342950778
-62.860153034110709314 -1.4663294625936611482
-64.146168337521785929 -1.6129624088530274406
-65.432183640932862545 -1.759595355112393511
-66.71819894434392495 -1.9062283013717595814
-68.004214247755001566 -2.0528612476311258739
-69.290229551166078181 -2.1994941938904917222
-70.576244854577140586 -2.3461271401498580147
-68.660188576615112765 -2.7343822007534686058
-69.47651308024579464 -4.0057435501482698825
-70.385809238431420454 -5.3739061208984786333
-70.969205262102050824 -6.7832833753820303002
-70.895771006976929129 -8.0922060375839723889
-70.720937651331297502 -9.4933976085425442193
-70.424333895287261953 -10.977291330675168268
-70.02289176912248081 -12.414216879024271734
-69.54539969873269456 -13.742742389034669159
-68.988077478664237674 -15.008002432954965499
-68.415157174796163986 -16.107206965739628401
-67.765218657667801949 -17.184315944028575984
-66.955577266323587082 -18.343396263598421569
-66.037746298896507824 -19.474880302822729305
-65.024478335234093151 -20.551863552729194851
-63.867999075629164452 -21.607286549484690852
-62.606162023172515774 -22.587875430430297996
-61.400112930073092343 -23.385829488287896538
-60.653208901689104948 -23.117775409400927344
-59.824207875541127066 -21.757802141435931276
-58.997103032858632332 -20.387984988775798456
-58.169998190176137598 -19.018167836115662084
-57.342893347493642864 -17.648350683455529264
-56.51578850481114813 -16.278533530795389339
-55.688683662128660501 -14.908716378135252967
-54.861578819446158661 -13.538899225475120147
-54.034473976763671033 -12.169082072814981998
-53.207369134081176298 -10.799264920154849179
-52.272591347439572473 -9.707541439986803411
-51.406895140863852589 -10.189388691550298915
-51.273271260663392468 -11.718290827249372654
-51.241520642056748613 -13.320376776871631463
-51.209770023450090548 -14.922462726493890273
-51.178019404843432483 -16.524548676116147305
-51.146268786236788628 -18.126634625738404338
-51.114518167630123457 -19.728720575360657818
-51.082767549023479603 -21.330806524982921957
-51.051016930416807327 -22.93289247460517899
-51.019266311810170578 -24.534978424227436022
-50.925088611128046523 -26.028145885085582023
-50.112226911250715489 -26.270658872240197468
-48.697246286487334999 -25.885922397865957834
-47.257268692280781863 -25.969548488986959001
-45.860467899787181523 -25.653135961109072127
-44.371655853718884543 -25.17125139298883596
-42.87600008287415676 -24.604998087127263773
-41.446597834355472401 -23.902614667016749195
-40.139646788034873737 -23.1288644191458026
-38.94619332678041701 -22.29669455563556113
-37.775146690666637994 -21.343829113962158317
-36.680624822710001354 -20.306682466742273618
-35.881979944864006882 -19.441020480288763395
-36.031677496867466459 -18.168458574629791968
-35.960164409925333473 -17.04970270709141289
-34.59616483605096704 -16.885933135431105967
-33.731662801862427159 -16.451192017822052094
-33.300761143680233545 -15.679398887687357345
-33.686290028184359358 -14.323201091604660817
-32.825796864548827614 -14.721641972312824009
-33.836044107810664627 -13.855663032765010101
-34.846291351072494535 -12.989684093217197969
-35.856538594334331549 -12.12370515366938406
-36.866785837596161457 -11.257726214121571928
-37.87703308085799847 -10.39174727457375802
-38.887280324119828379 -9.5257683350259441113
-39.897527567381665392 -8.6597893954781319792
-40.9077748106434953 -7.7938104559303189589
-41.918022053905332314 -6.9278315163825050504
-42.928269297167162222 -6.0618525768346920302
-43.938516540428999235 -5.1958736372868798981
-44.948763783690829143 -4.3298946977390659896
-45.959011026952666157 -3.4639157581912520811
-46.969258270214496065 -2.597936818643439949
-47.979505513476333078 -1.7319578790956260406
-48.989752756738170092 -0.86597893954781390846
