-50 0
-49.383549342204148047 1.5091045966102991649
-48.767098684408296094 3.0182091932205983298
-48.150648026612444141 4.5273137898308970506
-47.534197368816592189 6.0364183864411966596
-46.91774671102073313 7.5455229830514962686
-46.301296053224881177 9.0546275796617941012
-45.684845395429029224 10.56373217627209371
-45.068394737633177272 12.072836772882393319
-44.451944079837325319 13.581941369492692928
-44.116428118161941541 11.983135914246485498
-43.780912156486557762 10.384330459000276292
-44.994575044667037389 10.883625919543627347
-46.326025696930138054 11.563229648115193271
-47.83876418721171575 11.773991941674660566
-49.314704422373011994 11.883768015727383727
-50.343473365835315292 11.329302175126443331
-51.339014358520117298 10.7150923511124887
-52.128911661006448242 9.4961765375202968897
-53.343608994890786335 8.613169246322371464
-54.692297493950256637 7.9221431792659480209
-55.661197769118871292 6.8688446135558134387
-56.531008209338160952 5.7552786159037481184
-57.16620849482017519 4.8260849556703799834
-57.658433301400265236 4.0193889530969606483
-58.092774480804017401 3.2274540224187564519
-58.510650368977508151 2.2687731228164342845
-58.732485923954506291 0.86020934070485022271
-58.679830176361058136 -0.49821067216091269314
-58.056949871025501864 -1.7883078181576868015
-58.314905413906011233 -3.0052123331712343735
-59.243541168321172563 -4.2168530396002710248
-60.036195614075289484 -5.5379900801193695514
-60.326643979238504301 -6.8326983076815999141
-60.23764249306459817 -8.054773864634853453
-60.05193416360187797 -9.3991182847412630963
-59.760415161607511436 -10.789178839346494243
-59.37850892287403326 -12.131749106215671929
-58.931358507972696259 -13.375638287647870328
-58.411042778588949886 -14.570398332503081917
-57.876342264911357915 -15.616081699206628031
-57.289977654377175043 -16.614562304918706559
-56.568740652896124743 -17.686514113945953852
-55.729901014804902104 -18.769977746262380691
-54.8233337643167431 -19.788751358851790485
-53.795866570173011212 -20.792251940401030197
-52.656893562098716188 -21.75244074930003535
-51.441351382128388536 -22.630698843152408983
-50.196267515279707538 -23.396856939383564367
-48.94100940651924958 -24.041192832239339339
-47.458838684672862485 -23.843279316644103716
-46.199951105811940977 -23.771163961434364609
-45.579503090934636589 -24.865895244710035428
-44.947498127249815525 -25.454766980879174554
-44.195866707169301435 -25.617341223908979941
-43.269420740753602672 -25.776642928109687603
-42.09054953960521317 -25.610258321333763121
-40.782226729155773626 -25.986908223221110603
-39.461612332079731402 -25.940839514322195924
-38.1134335831934834 -25.551526876729813154
-36.754875509889750163 -25.66696088451677582
-35.456879037110105912 -25.385330051739224189
-34.066707790158574198 -24.971528952427096471
-32.659534778521070564 -24.456367902214907417
-31.297755283778144531 -23.82872640835342537
-30.022226008352070892 -23.122204413282315016
-28.868822779436058568 -22.371954395022925155
-27.764181349436071855 -21.539685323766313729
-26.684387881096697015 -20.600120733354575719
-25.732856686748803554 -19.648376419264437232
-25.132394361495851598 -18.954091962289073336
-25.676248394370059458 -17.533841090117178396
-25.688475123969428893 -16.509047932176049045
-24.440588579871960206 -16.412213537692231569
-23.22320930484718815 -16.329357087641767521
-22.849700304414323426 -15.683854234625163926
-22.886494726014440459 -14.644030912772523223
-22.928844810739612115 -13.439159779043444942
-21.88022286356786239 -12.556728251689690978
-21.479251805727258784 -11.39572067736485117
-21.829077641766726714 -9.9153932036250420623
-22.006073667955696749 -8.4311620452298061679
-21.475835387375543206 -7.14328178995427443
-20.435344899340584846 -5.2913106786215831079
-20.67362384487735838 -4.0647546586054961182
-21.899026267003740998 -3.5967471915022803941
-23.379266944286140273 -3.3245685079908464665
-24.81522714318014522 -3.0317830538160754905
-25.322351593022343508 -2.3067460531079735375
-24.839565756130966179 -1.0259842997948731558
-24.982496656668949697 0.37882307759838929062
-25.027642875939346112 1.8504943505480218047
-25.103035111786425659 3.2996709841726663548
-25.507211262446528366 4.6989797454713482239
-25.458239126651665885 6.1806282955697522397
-25.603036878465644577 7.524738155811911966
-26.549618660451315577 8.4895210931196913862
-27.561816515914664194 9.3903407325800092309
-28.655789239497497789 10.237220069199967298
-29.762837690819747394 10.979801304089818359
-31.208349284332623341 10.195529782369117555
-32.653860877845495736 9.411258260648414975
-34.099372471358371683 8.6269867389277141712
-35.544884064871247631 7.8427152172070133673
-36.990395658384123578 7.0584436954863116753
-38.435907251896999526 6.2741721737656108715
-39.881418845409875473 5.4899006520449091795
-41.326930438922751421 4.7056291303242074875
-42.772442032435627368 3.9213576086035066837
-44.21795362594849621 3.1370860868828049917
-45.663465219461372158 2.3528145651621041878
-47.108976812974248105 1.568543043441403384
-48.554488406487124053 0.78427152172070080383
