-50 0
-50.644665194255665597 -0.9040379968834176827
-51.289330388511338299 -1.8080759937668353654
-51.933995582767011001 -2.7121139906502529371
-52.578660777022676598 -3.6161519875336707308
-53.223325971278342195 -4.5201899844170885245
-53.867991165534014897 -5.4242279813005058742
-54.512656359789687599 -6.328265978183924112
-55.157321554045353196 -7.2323039750673414616
-55.801986748301018793 -8.1363419719507596994
-56.446651942556691495 -9.0403799688341770491
-57.091317136812364197 -9.9444179657175943987
-57.735982331068029794 -10.848455962601011748
-58.38064752532369539 -11.752493959484429098
-59.025312719579368093 -12.656531956367848224
-59.669977913835040795 -13.560569953251265574
-60.314643108090706392 -14.464607950134682923
-60.959308302346371988 -15.368645947018100273
-61.60397349660204469 -16.272683943901519399
-62.248638690857717393 -17.176721940784936749
-62.893303885113382989 -18.080759937668354098
-62.369134888525600502 -19.006078711781686508
-61.741643362751403856 -19.982855662782384343
-60.993232539798384551 -21.005582995285063674
-60.17948995819369884 -21.981174618754579342
-59.285650110733591589 -22.922706583330381136
-58.280267570239203678 -23.849459636103972571
-57.190383562930733774 -24.722920729988111077
-56.041664362093762008 -25.518527503329607953
-54.87951720952661816 -26.21039852279989546
-53.682712093912599016 -26.732554915737047452
-52.312660631080561302 -26.4543585801857013
-51.098403850254001668 -26.22874295386994703
-50.391884088206403192 -27.094731519272677644
-49.835674631077168328 -28.152959542861786701
-49.084349761121842448 -28.315353760225388413
-48.152450960543966119 -27.851914826370300915
-47.072868547318940102 -27.223375564143225347
-45.881019577834180723 -27.590902990744023526
-44.566929482244283633 -27.961186700707237662
-43.176436347308175812 -28.113852285556813371
-41.859471961421327535 -28.402194432947396763
-40.65976527721511502 -28.158724844726620518
-39.379325700686912626 -27.812615052751052502
-38.061483217646511434 -27.358246614387635276
-36.772816854858689339 -26.810536896205622526
-35.53578871401897743 -26.179640157391467881
-34.400473803044548049 -25.499974547388180923
-33.354935179219353358 -24.778082793070726808
-32.32550015948595501 -23.964405787327514474
-31.333421415230006346 -23.067386853017595172
-30.487115708615629472 -22.197909843629116011
-29.989600989535546205 -21.496452789989042742
-30.392736201184863631 -20.172671331774818526
-30.12096050914218992 -19.348333672506843328
-28.857033863261111861 -19.257071758052273225
-28.044771329717949726 -18.91069905599669454
-27.674270161402848345 -18.26016765432263611
-27.832969268762049353 -17.205621892138456275
-27.805600799528768619 -16.101253385061852441
-27.451857594413766606 -14.949347242349315223
-27.098114389298768145 -13.797441099636776229
-26.744371184183766132 -12.645534956924237235
-26.39062797906876412 -11.493628814211700018
-26.036884773953762107 -10.3417226714991628
-25.683141568838763646 -9.189816528786623806
-25.329398363723761634 -8.0379103860740865883
-25.444986913443614185 -6.7387486200780637446
-26.317044148109651758 -5.7825392301053781807
-27.106241739554501891 -4.8842348443555412274
-26.723879354046044199 -3.7705614628984887027
-26.182220058827887499 -2.6086525013869632517
-26.575924106027120075 -1.4905352947395336116
-27.216305758670724657 -0.27728965697144419833
-27.112962858250995168 -0.22904605666927402297
-28.25731471533844541 -0.21759375383581031072
-29.401666572425895652 -0.20614145100234662622
-30.546018429513345893 -0.19468914816888291397
-31.690370286600796135 -0.18323684533541922947
-32.834722143688246376 -0.17178454250195551722
-33.979074000775696618 -0.16033223966849180497
-35.123425857863146859 -0.14887993683502812048
-36.267777714950597101 -0.13742763400156440823
-37.412129572038047343 -0.12597533116810072373
-38.556481429125497584 -0.11452302833463701148
-39.700833286212947826 -0.10307072550117329923
-40.845185143300398067 -0.091618422667709614737
-41.989537000387848309 -0.080166119834245902487
-43.133888857475298551 -0.068713817000782217992
-44.278240714562748792 -0.057261514167318505741
-45.422592571650199034 -0.045809211333854793491
-46.566944428737649275 -0.034356908500391108996
-47.711296285825099517 -0.022904605666927396745
-48.855648142912549758 -0.011452302833463712251
