-50 0
-50.347893099289052543 -1.2535337902985104197
-50.695786198578097981 -2.5070675805970208394
-51.043679297867150524 -3.7606013708955314812
-51.391572397156195962 -5.0141351611940416788
-51.739465496445248505 -6.2676689514925518765
-52.087358595734301048 -7.5212027417910629623
-52.435251695023346485 -8.77473653208957316
-52.783144794312399029 -10.028270322388083358
-53.131037893601451572 -11.281804112686593555
-53.478930992890497009 -12.535337902985103753
-53.826824092179549552 -13.788871693283613951
-54.174717191468602095 -15.042405483582125925
-54.522610290757647533 -16.295939273880634346
-54.870503390046700076 -17.54947306417914632
-55.218396489335745514 -18.803006854477654741
-55.566289588624798057 -20.056540644776166715
-54.403769991804537653 -20.733489100464186805
-53.172151729492874495 -21.168458309918271709
-51.800224190191954676 -20.910462013684821159
-50.687883838562029837 -20.951157620032411444
-50.147266843667857472 -22.043817104488176994
-49.553659030512221761 -22.578901862966649361
-48.861193251386453085 -22.73066392914079259
-48.017923791365888064 -22.881162394798220561
-46.966583574739793505 -22.726294624744802775
-45.763294572424648265 -23.080136650970398904
-44.5319253409601572 -23.117639687901554879
-43.28720633857886213 -22.754185140931230791
-41.997956743184680306 -22.809418321571168775
-40.784419115796602284 -22.687913987140188254
-39.537363145439243794 -22.381785999319209424
-38.230978228174002709 -21.93749829938836271
-36.91989977763881825 -21.448960114418110123
-35.659314692228434751 -20.844951179054035606
-34.483746230592245752 -20.17876636820711056
-33.414258456479423387 -19.476001765422740419
-32.383266242217281672 -18.699327362457992763
-31.371470348589379995 -17.827368486209159926
-30.448246839523072538 -16.919382274667356114
-29.793099688816440107 -16.197491006061980556
-29.956491593360986769 -15.065151846818441328
-30.054243983388669648 -13.967778664769300079
-29.047852317558294999 -13.686230514801694724
-27.86718793151065654 -13.560901987531995161
-27.501178218803396192 -12.937781140354168485
-27.330009515576541901 -12.093832354896409953
-27.646282620661530416 -10.885810464196493896
-26.879607124238155791 -10.004009471082829563
-26.569738359149816631 -8.7483831647247338736
-26.259869594061481024 -7.4927568583666364077
-25.950000828973145417 -6.2371305520085407181
-25.640132063884806257 -4.9815042456504441404
-25.330263298796467097 -3.7258779392923475626
-25.02039453370813149 -2.4702516329342509849
-25.135983083463909082 -1.1710901272068352519
-26.008040318709475969 -0.21488080325179845231
-26.797237910754891033 0.68342358522731883053
-26.414875525271693135 1.7970969663289726448
-25.873214368484411807 2.9590065469798272346
-26.26691851683562362 4.077123990397808484
-26.907301927530369312 5.2903690997643746385
-27.443512629556568783 6.5625651179048745121
-28.398276073508689876 7.5247992699791632631
-29.342146671719252282 8.4787116467555971866
-29.737974601610336123 9.8029324660077694631
-30.566773485474758587 10.79962956244164296
-31.499449098452124929 11.70124633436574868
-32.46120995460846359 12.518703458701047282
-33.602185652914684511 13.155837969750299621
-34.966032710259653982 13.352732880457741871
-36.261943303062082578 13.010586525130600322
-37.524416925545708068 12.366067074794996117
-38.842895411223913982 11.853969797708074907
-40.119608155975107877 11.816522724019408841
-41.13001464710773547 12.578787241849274992
-42.201695793683583702 12.614273476977571065
-43.309913644561568447 12.28376201639342824
-44.19632783272077603 13.100041448083993956
-44.996901189809094035 13.676660057784603808
-45.757843014469699483 12.834103355221047948
-46.533031218770403825 11.638319355030445124
-47.388809268516418172 10.580598535159944973
-48.377852057796580709 10.585477921455870742
-49.490046986498654746 11.369694605920958708
-50.796168363872261864 11.851579463163229633
-51.272760653819993593 13.067329406748358522
-51.749352943767732427 14.283079350333489188
-52.225945233715464155 15.498829293918618077
-52.040449797572506441 14.207260186092065979
-51.854954361429555831 12.915691078265515657
-51.669458925286598117 11.624121970438963558
-51.483963489143640402 10.332552862612413236
-51.298468053000689792 9.0409837547858593609
-51.112972616857732078 7.7494146469593090387
-50.927477180714774363 6.4578455391327569401
-50.741981744571823754 5.1662764313062066179
-50.556486308428866039 3.8747073234796545194
-50.370990872285908324 2.5831382156531024208
-50.185495436142957715 1.2915691078265520986
