70 0
70.706663475645640915 1.2903139807771819569
71.41332695129128183 2.5806279615543639139
72.119990426936922745 3.8709419423315463149
72.82665390258256366 5.1612559231087278278
73.533317378228204575 6.4515699038859102288
74.23998085387384549 7.7418838846630926298
74.946644329519500616 9.0321978654402741427
75.653307805165141531 10.322511846217455656
76.359971280810782446 11.612825826994638945
77.066634756456423361 12.903139807771820458
77.773298232102064276 14.19345378854900197
78.479961707747705191 15.48376776932618526
79.186625183393346106 16.774081750103366772
77.658361115179445733 16.165144891956320095
76.130097046965531149 15.556208033809275193
74.906451100943073129 16.405885552961503748
74.034520745172514467 17.762645471372081829
73.681084775408947962 19.093343460170665082
74.349783440223717434 20.506448615967510563
75.119864805574039224 21.930756064744507228
75.116686602319830968 23.136061464932428322
74.127269753701000354 24.109048443981009768
73.166440329066404047 24.935962232931526472
71.739421155266356322 25.356946594760888303
70.385856161059763281 26.110744730084036291
68.833401030272170829 26.21745240187895476
67.387757042197137025 26.677147415984908463
66.216359722146222566 27.795174282094627927
65.16366612182551421 28.84514503835856658
63.895519623876033677 29.098918541714510866
62.513524083424108824 29.032818899163967075
61.360005880222246333 29.356926647891270932
60.332814473471110261 29.369218457201732519
59.28196838266907065 29.256296444263835355
58.246141950709350965 27.993595928506898929
57.168779946835634576 26.898640552627259837
55.838896712182751969 26.992905860185480549
54.335895685403301059 27.380730917015146275
52.744071502019124864 27.256196353507341712
51.32614557135192257 27.087263723368245394
50.616357220311400056 26.696905037794248727
50.991025624759913626 25.60723867420367128
51.655925862854374486 24.143392505880377996
52.320826100948828241 22.679546337557077607
52.985726339043289101 21.21570016923378077
53.650626577137742856 19.751854000910487485
54.283062752917381033 18.282316126446719551
54.348488775280358709 16.806148071555782053
53.444149296999896137 15.644617232554937303
52.267761108716804586 15.05384624140747718
50.850032185548940333 15.142137128132931778
50.511040246616794036 14.355931470306838804
49.747647159597192967 13.956105646602182446
48.19924781196191077 14.238635612874155356
46.626564416885074138 14.542262634816614408
45.053881021808237506 14.845889656759075237
43.481197626731400874 15.149516678701534289
42.31001521298396284 15.171000375868207044
42.646859444807262207 14.127768943684831271
42.872232985370231972 12.793670556379023395
41.979050249714170207 11.520668411706044054
41.093472372523940805 10.137093947514493664
40.617218639277481884 8.737432234686496102
40.701398612945943967 7.4320394238744400539
40.886899342734125185 6.0378407364397972401
41.0767547888421376 5.0626692067492928828
42.093684533554352356 4.7985337422464668933
43.710153011643910759 4.7081485591490244147
45.323005102784414078 4.5913228238484729005
46.902143576181870799 4.2309144794243396248
48.467081997611074939 3.9817571700918628075
50.049299778824000384 4.2820989527737376434
51.634358773670356868 4.6690783479737820727
53.227522678264655553 5.0306440900792912529
54.676920035759195571 5.1142764599466907782
55.691909476974345239 4.4338052375647949432
56.757728516015873765 3.4066857062706690229
57.337866308291580708 2.0970817197873050652
57.089639977725596509 0.5854140322542936703
56.702420659607376763 -0.97516886406062419645
56.315201341489164122 -2.5357517603755419522
55.927982023370923059 -4.09633465669045993
55.540762705252710418 -5.6569175530053774636
54.879320595885516809 -7.6188894511462343928
54.217878486518316095 -9.5808613492870904338
55.53305527930845642 -8.7824562368464995643
56.848232072098596745 -7.9840511244059086948
58.163408864888737071 -7.1856460119653178253
59.478585657678877396 -6.3872408995247269559
60.793762450469017722 -5.5888357870841360864
62.108939243259158047 -4.7904306746435452169
63.424116036049298373 -3.9920255622029543474
64.739292828839438698 -3.1936204497623634779
66.054469621629579024 -2.3952153373217726084
67.369646414419719349 -1.596810224881181739
68.684823207209859675 -0.79840511244059086948
