-50 0
-50.917594023878578469 -0.83869751863769870237
-51.835188047757164043 -1.6773950372753974047
-52.752782071635742511 -2.5160925559130959961
-53.67037609551432098 -3.3547900745507948095
-54.587970119392906554 -4.1934875931884931788
-55.505564143271485023 -5.0321851118261919922
-56.423158167150063491 -5.8708826304638908056
-57.34075219102864196 -6.709580149101589619
-58.258346214907227534 -7.5482776677392875442
-59.175940238785806002 -8.3869751863769863576
-60.093534262664391576 -9.2256727050146842828
-61.011128286542970045 -10.064370223652383984
-61.928722310421548514 -10.903067742290083686
-62.846316334300126982 -11.741765260927781611
-63.763910358178705451 -12.580462779565479536
-64.681504382057283919 -13.419160298203179238
-65.599098405935876599 -14.25785781684087894
-66.516692429814455068 -15.096555335478575088
-67.434286453693033536 -15.93525285411627479
-67.162812445956518559 -17.32766363896989148
-66.796538619967037675 -18.686867559886287893
-66.363277960769480046 -19.944824636290864106
-65.854121331300291331 -21.156443932664451779
-65.320420716706337316 -22.231756099460639575
-64.752633311602963317 -23.224977964395804975
-64.060839028676582529 -24.2819992703963905
-63.238949902971356209 -25.37381476761355259
-62.348996829316682522 -26.402018548743036774
-61.347704113390420844 -27.40823305279217692
-60.227857488727160273 -28.381063857458052269
-59.025473495440351712 -29.277532819427939614
-57.904921942695473547 -29.995584855161332882
-56.930183110775651301 -29.759550698382163603
-55.780210087687613907 -28.770357171079005809
-54.623063730434793683 -27.786207147165285392
-53.393347342081739271 -26.871030199250899528
-52.230815754429485764 -26.316288058886414092
-51.645090024680548879 -27.17945719201280852
-51.272761073051363212 -28.511735411017593123
-50.556155552413102328 -28.481148390520040437
-49.551460284167397674 -27.465877084691683763
-48.416081574019180778 -27.435573109297596517
-47.188724956287288137 -27.53933094227364009
-46.135595412037353924 -27.432505566808817576
-45.441122391067786168 -28.56030692211856703
-44.811176172921364014 -29.926569058667016776
-44.181229954774948965 -31.292831195215466522
-43.518496284222663917 -32.368738099156168175
-42.513632388013810726 -32.127650039184914021
-41.125231579545499017 -31.674794043429205459
-39.719588905289434422 -31.153897405941730625
-38.369584685965762105 -30.507059143558247882
-37.118706704866582413 -29.790353850980775263
-35.98356773164039879 -29.029458161333394628
-34.88020007416643864 -28.17382664718265417
-33.812862982033458081 -27.21798303764499849
-32.909622472942139382 -26.290682601685727349
-32.479802844792352801 -25.470050454547489949
-32.866604698180431399 -24.085701170202018062
-32.300578185887381721 -23.405553155457692327
-30.850947023816047476 -23.378322138318559098
-30.347072824131583246 -22.784154479309673746
-29.978973840335836343 -22.009090052058208897
-30.403412266202625602 -20.689144383716740805
-29.673268310499064881 -19.716880256652242309
-28.820335133959062546 -18.737036461682425426
-29.019837292784309568 -17.33119397653316085
-28.707700538484594688 -16.024800412405074468
-28.395563784184879808 -14.718406848276988086
-28.083427029885164927 -13.412013284148899928
-27.771290275585450047 -12.105619720020813546
-27.95280674349181993 -10.739797071880902379
-28.956083684668808331 -9.7490049157556875059
-27.941947546299115146 -9.5834026350511738457
-29.044850168984158501 -9.1042325032986148869
-30.147752791669205408 -8.6250623715460559282
-31.250655414354248762 -8.1458922397934969695
-32.353558037039292117 -7.6667221080409388989
-33.456460659724335471 -7.1875519762883808284
-34.559363282409378826 -6.7083818445358218696
-35.66226590509442218 -6.2292117127832629109
-36.765168527779465535 -5.7500415810307039521
-37.868071150464515995 -5.2708714492781458816
-38.970973773149559349 -4.7917013175255869228
-40.073876395834602704 -4.3125311857730288523
-41.176779018519646058 -3.8333610540204690054
-42.279681641204689413 -3.3541909222679109348
-43.382584263889732767 -2.8750207905153519761
-44.485486886574776122 -2.3958506587627939055
-45.588389509259826582 -1.9166805270102349468
-46.691292131944862831 -1.4375103952576750999
-47.794194754629913291 -0.95834026350511791748
-48.89709737731494954 -0.47917013175255895874
