70 0
70.693319726915561318 1.2221962730137876374
71.386639453831122637 2.4443925460275752748
72.079959180746683955 3.6665888190413626901
72.773278907662259485 4.8887850920551505496
73.466598634577820803 6.1109813650689375208
74.159918361493382122 7.3331776380827253803
74.85323808840894344 8.5553739110965132397
75.546557815324504759 9.7775701841103010992
76.239877542240066077 10.999766457124087182
76.933197269155627396 12.221962730137875042
77.626516996071202925 13.444159003151664677
78.319836722986764244 14.666355276165450761
79.013156449902325562 15.88855154917923862
79.706476176817886881 17.110747822193026479
77.896157270145778284 16.315623036178820371
76.085838363473683899 15.52049825016461071
74.858651030060457288 16.470683960029916193
73.796019427206502428 17.635057623939943028
73.887276233474139531 19.044652334027972529
74.52178089772291969 20.624196176783190282
74.976910933628133193 22.260206717839771784
75.057177547632207393 23.674211772074695403
74.16425908236504938 24.46094235026989594
72.894882515578785842 25.401588887544654938
71.296334171949496294 25.879089790475376276
69.663014445744266823 25.706335303195466224
68.223458305704753002 26.053836790933299739
67.084744759758265786 27.351792813298466456
65.989201920708467242 28.533131794942001136
64.640832641482802501 28.802813637098552135
63.188244107091456669 28.791538457370187132
61.98087343554176698 29.059387209643531946
60.898827299610360342 29.061819955618641842
59.778628343978212456 28.600342728314934959
58.676345502926778863 27.254658206876815285
57.449608732492549734 26.478199908102837412
55.934623948857790765 26.9479131720291889
54.28284680964343778 27.016548903406516047
52.581900010644432086 27.006490226318351944
51.559207613031432516 26.482310051508299864
51.536544806507272654 25.684073956555803164
52.187800141934324927 24.096993239041868407
52.839055477361391411 22.509912521527922991
53.490310812788415262 20.922831804013995338
54.119411626941797522 19.328413956227908699
54.422894154237994258 17.658680320000708974
53.854178426368342514 16.258514038079482589
52.863738480900906325 15.265574554270452623
51.339590746623400719 15.250675153410099938
50.635176725822155674 14.622929295057945254
50.030484150844294788 13.940224556301458847
48.408267390241228156 14.170618576600892524
46.719646846306879695 14.460464525811708825
45.03102630237255255 14.750310475022530454
43.444992987853368049 14.969875420475393213
43.199121933966743825 14.271314889562985329
43.727120581614919104 12.856247231670824505
42.990615356875757413 11.500180031747133214
42.009908536571828108 10.056333528632528385
41.40133741024968117 8.5606231977397282407
41.477553256415944816 7.2515899500935523392
41.592146167948691016 6.2660291429910017769
42.877396997439710447 5.5104028811944703037
44.466721778187974223 4.8720367163318512027
46.089280273663170817 4.3850430874868031594
47.740808983140198052 4.485633394520266215
49.404814712407144839 4.8454430898353386681
51.06890312570186552 5.2069706074716943789
52.732587174347059999 5.568131923748901535
53.960084701540324659 5.5319888624658304366
54.634792472669069241 4.9071973630172660563
55.736173523069943769 4.4259513602354711992
56.656509435823224408 3.3729404878518081112
57.06360987236789839 1.8514728179375905537
56.640773465192701508 0.21945455551321302323
56.063383303051367079 -1.3947334455237798689
55.485993140910068178 -3.0089214465607732052
54.908602978768733749 -4.6231094475977654312
54.33121281662739932 -6.2372974486347576573
53.672613470537129388 -7.6643197837598799893
53.014014124446859455 -9.0913421188850023213
54.320628422566329618 -8.3920081097400025527
55.627242720685806887 -7.6926741005950018959
56.93385701880527705 -6.9933400914500012391
58.240471316924747214 -6.2940060823050014704
59.547085615044224483 -5.5946720731600017018
60.853699913163694646 -4.895338064015001045
62.160314211283164809 -4.1960040548700012764
63.466928509402634973 -3.4966700457250006195
64.773542807522105136 -2.7973360365800008509
66.080157105641575299 -2.0980020274350001941
67.386771403761059673 -1.3986680182899995373
68.693385701880529837 -0.69933400914499976864
