-50 0
-49.127118525559538398 0.7369693603018708794
-48.25423705111906969 1.4739387206037417588
-47.381355576678608088 2.2109080809056127492
-46.508474102238146486 2.9478774412074835176
-45.635592627797684884 3.6848468015093547301
-44.762711153357216176 4.4218161618112254985
-43.889829678916754574 5.1587855221130958228
-43.016948204476292972 5.8957548824149670352
-42.14406673003583137 6.6327242427168382477
-41.271185255595362662 7.3696936030187094602
-40.39830378115490106 8.1066629633205806726
-39.525422306714439458 8.8436323236224509969
-38.65254083227397075 9.5806016839243213212
-37.779659357833509148 10.317571044226191646
-36.906777883393047546 11.054540404528063746
-36.033896408952585944 11.79150976482993407
-35.161014934512117236 12.528479125131804395
-34.288133460071655634 13.265448485433676495
-36.175091754113054776 12.400250584312834334
-37.691184942252988321 12.509353095084492224
-39.210103807341255333 12.521598145713927153
-40.715912386264747624 12.338135061444384988
-42.203700263640122614 12.163851601693274063
-43.586996058203048676 12.548123581694891726
-44.956756663702350352 13.039088779400184848
-46.35021869296831909 12.829037977887823629
-47.453572695369054202 13.061883628139208113
-48.536779502482346516 12.658421787900485
-49.741475118177824299 11.908852256335730857
-50.554240110608162695 12.365116785820058354
-51.233518422919814839 12.509266258429720509
-51.952676163946087229 12.64949758302013727
-52.457733317087189562 13.436680719007314977
-52.908978761894360332 12.540496516456505205
-53.302611352339816619 11.104791056309563757
-53.70091264990681168 10.620595730083651986
-54.2052736385706595 11.788644084330277551
-54.726351866975718963 13.203257458542777769
-55.247430095380778425 14.617870832755272659
-55.768508323785830783 16.032484206967772877
-56.289586552190904456 17.447097581180276649
-56.810664780595971024 18.861710955392766209
-57.331743009001037592 20.276324329605277086
-57.853051885470129889 21.690536953350640914
-58.561877638003579705 22.778939447316368216
-59.880538888157950339 22.84295011790614538
-61.363429071059414355 22.842603421225540217
-62.401741185289012037 22.288329173047056742
-63.394071703632192794 21.681494582234666524
-64.185032838568005786 20.488327386097907379
-65.379667309898280791 19.585409753280956124
-66.728902137254593185 18.89095142473695077
-67.722296001300904322 17.864544999467661057
-68.603807871108159588 16.746634455915376805
-69.253452609953413344 15.804127886473782638
-69.752294259653666586 14.992406691198866042
-70.187781773857651046 14.204099953137944823
-70.641032398222691313 13.28112775976063098
-70.831257908555031122 11.875004195242437888
-70.837195710800244797 10.510894562367997906
-70.208811290745686051 9.2174502543791234643
-70.385074879503903844 7.9947776776225278894
-71.30921557821339718 6.789115569204025924
-72.109110144506317397 5.4724709907438331413
-72.453790699588566326 4.1710606547926776244
-72.369997059398954775 2.9503026040228492732
-72.191661078611588209 1.6153654539672541723
-71.906780108365168758 0.2242206853957480206
-71.529875700096681612 -1.1244432971871791693
-71.087522262506951165 -2.3724337945629034863
-70.570543006724591351 -3.5735747425484198914
-69.427735061906560077 -3.3750428124068410085
-68.284927117088528803 -3.1765108822652621257
-67.142119172270497529 -2.9779789521236832428
-65.999311227452466255 -2.7794470219821043599
-64.856503282634420771 -2.5809150918405254771
-63.713695337816396602 -2.3823831616989465942
-62.570887392998358223 -2.1838512315573677114
-61.428079448180326949 -1.9853193014157888285
-60.285271503362295675 -1.7867873712742101677
-59.142463558544264401 -1.5882554411326310628
-57.999655613726233128 -1.38972351099105218
-56.856847668908194748 -1.1911915808494732971
-55.714039724090163475 -0.99265965070789441427
-54.571231779272132201 -0.79412772056631553141
-53.428423834454100927 -0.59559579042473664856
-52.285615889636062548 -0.39706386028315776571
-51.142807944818031274 -0.19853193014157888285
