70 0
70.732377855255180066 1.0902179094235624479
71.464755710510374342 2.1804358188471248958
72.197133565765568619 3.2706537282706875658
72.929511421020748685 4.3608716376942497917
73.661889276275928751 5.4510895471178120175
74.394267131531123027 6.5413074565413751316
75.126644986786317304 7.6315253659649373574
75.85902284204149737 8.7217432753884995833
76.591400697296677436 9.8119611848120626973
77.323778552551871712 10.902179094235624035
78.056156407807065989 11.992397003659187149
78.788534263062246055 13.082614913082750263
79.52091211831742612 14.172832822506311601
80.253289973572620397 15.263050731929874715
80.985667828827814674 16.353268641353437829
81.71804568408299474 17.443486550776999167
80.525115371744632853 16.645635367869896726
79.332185059406256755 15.847784184962796061
78.139254747067894868 15.049933002055695397
76.69051563295795404 14.80094186685375135
75.824495646279217453 15.782672274163800807
75.212220638346522605 17.281306878246738279
74.355699896847468722 18.536326417428188762
74.376695504070227116 19.967007068424905469
74.80595286442364511 21.515742268975138529
75.236664292183135672 23.064900109210480394
74.991016745835366919 23.704058049521218976
74.072500033818954535 24.195918237934176176
72.536022232468781112 24.095329599098590734
71.017339321650922557 24.246078925426445494
69.975453029993758491 25.32091050073191596
68.845905299703190394 25.969597345553587786
67.414582998492960542 25.86734784144107735
66.191876105293246724 26.294574027107465497
65.13294469341478532 26.324715919603374203
64.106424157419354515 26.300379344537233806
63.056537807302298404 25.344681092749876683
62.008581599020963893 24.115896578407610917
60.76925589524577731 23.787143533282410601
59.30382738921250052 24.289307572450248074
57.731495046049197128 24.245303203658302493
56.161524017500028094 24.219415444551035677
55.061688290258786083 23.626827360101330555
54.042916765382315702 22.920810699157410539
53.884603059129759117 21.350685910866676664
54.183067566662003856 19.765972898018993931
54.357951841008066651 18.196393503449204587
53.843218856815283857 16.682288230845141896
53.099157885679034052 15.350676428473587265
51.742388672596980825 15.051416216427821126
50.138700390651408156 15.088333736597242307
48.569347430662780596 14.765418195325240802
47.226163193461474066 14.026007939284045989
46.61734087934883064 12.668443900723810103
47.039549635626471513 11.253852231208794521
47.40798955968063666 9.908423953510132165
46.591661337729931347 8.6370622755805701587
45.710601849776104189 7.2824261777930212602
45.842962308846061603 6.3267951991871838047
47.294045864937238832 6.0489489510207254952
48.885832305437801892 5.8436981499453040101
50.477618745938350742 5.6384473488698780841
52.069405186438899591 5.433196547794456599
53.638824235162232412 5.1629226636514138349
55.038849098802437254 4.3953064952885734229
56.413311718688419205 3.4721472247157976199
57.187594583454576025 2.6540158021806319333
56.702516557746534431 1.4807414493886725815
56.800387794209051151 0.41374349219477007944
55.995188071577899791 -0.72609232814224566877
54.903792232829864872 -1.9000110538108427871
53.812396394081822848 -3.0739297794794402385
52.721000555333787929 -4.2478485051480374679
51.304869348834571952 -5.4579621879798203565
49.888738142335348869 -6.6680758708116041333
51.145692008439390008 -6.251321128885878764
52.402645874543431148 -5.8345663869601533946
53.659599740647472288 -5.4178116450344280253
54.916553606751513428 -5.0010569031087026559
56.173507472855554568 -4.5843021611829772866
57.430461338959595707 -4.1675474192572528054
58.687415205063629742 -3.750792677331527436
59.944369071167670882 -3.3340379354058020667
61.201322937271712021 -2.9172831934800766973
62.458276803375753161 -2.500528451554351328
63.715230669479794301 -2.0837737096286259586
64.972184535583835441 -1.6670189677029014774
66.229138401687876581 -1.2502642257771761081
67.48609226779191772 -0.83350948385145073871
68.74304613389595886 -0.41675474192572536936
