-50 0
-50.577048367291773445 -0.98003030322929185481
-51.154096734583539785 -1.9600606064585837096
-51.73114510187531323 -2.9400909096878753424
-52.30819346916707957 -3.9201212129171674192
-52.885241836458853015 -4.900151516146459052
-53.462290203750626461 -5.8801818193757506847
-54.0393385710423928 -6.8602121226050423175
-54.616386938334166246 -7.8402424258343348384
-55.193435305625939691 -8.8202727290636264712
-55.770483672917706031 -9.800303032292918104
-56.347532040209479476 -10.780333335522209737
-56.924580407501252921 -11.760363638751501369
-57.501628774793019261 -12.740393941980793002
-58.078677142084792706 -13.720424245210084635
-58.655725509376566151 -14.700454548439378044
-59.232773876668332491 -15.680484851668669677
-59.809822243960105936 -16.66051515489796131
-60.386870611251872276 -17.640545458127252942
-60.963918978543645721 -18.620575761356544575
-60.20213176955733303 -19.642187302782144087
-59.380790273484379327 -20.60883761628739208
-58.470832340215523004 -21.549607623616395813
-57.451416708759438734 -22.471043536252668815
-56.351795021895576099 -23.334444511025399294
-55.197725110380680746 -24.116915301476879563
-54.03520546188985918 -24.793863796461796056
-52.803587125100783339 -25.228832250152969152
-51.4316596122734353 -24.970837218160770732
-50.319319283661421593 -25.011534059728028012
-49.778702284147200885 -26.104192733380980229
-49.185094562038472077 -26.639276567115565797
-48.492629410685864855 -26.79103851242156864
-47.64936133838322263 -26.941536794784287423
-46.598021903389444276 -26.786667940535590304
-45.394731522345644237 -27.140509962573506897
-44.163360879735641618 -27.178014427538450093
-42.91864173551705619 -26.814558447437470079
-41.629392136079346187 -26.869791627928542255
-40.415854306673807628 -26.748288680865638156
-39.168798739720237734 -26.442160792064434816
-37.862413618497626544 -25.997874126233643466
-36.551334956060443915 -25.509334756900258867
-35.290749951100501391 -24.905325845034507637
-34.115181561811830591 -24.239141066381957756
-33.045693415306431007 -23.536376195679910239
-32.014701384556268238 -22.759701896375638341
-31.002905724101285756 -21.887743205689123016
-30.079681802729044904 -20.979756559115049441
-29.42453448899332713 -20.257865055257905595
-29.587926986743266156 -19.125525735682526118
-29.685679393462617526 -18.028152868317064872
-28.679287722493295831 -17.746604787492049837
-27.498623112820482106 -17.621276376285155862
-27.132613409103875313 -16.998155515033381846
-26.961444911014961434 -16.154206620351974522
-27.27771802394052969 -14.946184744953827206
-26.902591153091201193 -13.743962119920443143
-26.527464282241876248 -12.541739494887059081
-26.15233741139254775 -11.339516869853675018
-25.777210540543222805 -10.137294244820292732
-25.402083669693894308 -8.9350716197869068935
-25.026956798844569363 -7.7328489947535246074
-24.651829927995240865 -6.5306263697201414331
-24.767418477751018457 -5.2314648639927261442
-25.639475712996688372 -4.275255540022439682
-26.428673305110663705 -3.3769511412040098541
-26.046310919922330385 -2.2632777156341634672
-25.504649787658760118 -1.1013681118223015432
-25.898353910325386806 0.016749251545128629459
-26.538737322202667457 1.2299942871421811752
-27.074948023953680831 2.5021903537298242348
-28.029711467810340508 3.4644245340246793141
-28.973582066654419265 4.4183369979822968432
-28.514535130276385644 4.7600298468907844551
-29.645349070788153512 4.5095019602123223024
-30.776163011299924932 4.2589740735338601496
-31.9069769518116928 4.0084461868553971087
-33.03779089232346422 3.7579183001769349559
-34.168604832835228535 3.5073904134984728032
-35.299418773346999956 3.2568625268200106504
-36.430232713858771376 3.0063346401415484976
-37.561046654370542797 2.7558067534630859008
-38.691860594882307112 2.5052788667846233039
-39.822674535394078532 2.2547509801061611512
-40.953488475905842847 2.0042230934276989984
-42.084302416417614268 1.7536952067492364016
-43.215116356929385688 1.5031673200707738047
-44.345930297441157109 1.2526394333923120961
-45.476744237952928529 1.0021115467138494992
-46.607558178464692844 0.75158366003538734645
-47.738372118976457159 0.50105577335692430552
-48.86918605948822858 0.25052788667846215276
