-50 17
-49.459772699689409592 18.69064443289779831
-48.919545399378826289 20.381288865795600174
-48.379318099068235881 22.071933298693398484
-47.839090798757652578 23.762577731591200347
-47.29886349844706217 25.453222164488998658
-46.758636198136471762 27.143866597386796968
-46.218408897825888459 28.834511030284598831
-45.678181597515298051 30.525155463182397142
-45.137954297204714749 32.215799896080199005
-44.597726996894124341 33.906444328977997316
-44.295767955717273878 32.268175587940362448
-43.993808914540423416 30.629906846902720474
-45.197756480940505242 30.721576537276398255
-46.497848590797794088 31.462630599212655369
-47.96235989237728603 31.861632367475877459
-49.481521709104214324 32.107582182385343117
-50.641142285869960915 31.745372308735714029
-51.6284639991522738 31.162579710044351344
-52.444019758290338018 30.099703140051627059
-53.538293766769065485 29.10640125995889349
-54.874293533576569359 28.379540658303469058
-55.974102227362706685 27.464659173118711522
-56.891615657752453217 26.344810045152446065
-57.605041626607061289 25.344399669246641338
-58.133270921775405782 24.509411050952948585
-58.577031946727906586 23.728772621074657678
-59.017113202946646311 22.86276977293281476
-59.231690753355351831 21.558667580729796498
-59.436784124692309206 20.173672628706508902
-58.863231893710171505 18.866066550029120918
-58.715605986880753164 17.619739062002487628
-59.570668425435023607 16.429077262340516796
-60.409612518554844485 15.137517356834978344
-60.968000093846754339 13.814781946809754132
-60.904236524510295681 12.587050636635355616
-60.754535018566379279 11.293258923881719369
-60.496678915368811147 9.9012319780377815448
-60.141807871364683535 8.5336632614102434502
-59.717082770493298938 7.2635397059692241584
-59.217105738190952025 6.0442537592484146813
-58.683653641015773417 4.9472126404814602552
-58.125943833694734053 3.9538576329256027719
-57.453610526835944938 2.9076083691372573981
-56.645108462783269943 1.8132379027787024484
-55.764539357526260233 0.77688911695850748629
-54.780835768116659779 -0.23046067410196080516
-53.674577129354986482 -1.2107629610796433184
-52.481642843092231487 -2.1188697945250964949
-51.23883503836813702 -2.9262184115144052043
-49.989341756175960541 -3.6143109043754542142
-48.575344776303296612 -3.7267993579251310621
-47.185345080719073962 -3.4541099212313861599
-46.362359081466983923 -4.1754968890140364834
-45.814748808946063718 -5.1672072098766292925
-45.090073043031132727 -5.3337948798863941136
-44.225389750167614977 -5.4959402643420851575
-43.135665455137633728 -5.3942117258433164295
-41.853142606435511652 -5.6987234106315449722
-40.533732880824764777 -5.7574370420180471797
-39.197573513434491588 -5.365271428435144152
-37.811673635106025415 -5.5109042415384195124
-36.527423473012376576 -5.2620328535327161035
-35.163110142489081511 -4.8999431594792106637
-33.751710096935298111 -4.4132708572702235017
-32.373811162055545765 -3.8194649065798174092
-31.061722732565904437 -3.1339806108581989008
-29.870459888157888884 -2.3979134937843618047
-28.760422494189469944 -1.6009941807021554894
-27.665471807477331367 -0.69288005438423816429
-26.646016818555899874 0.28236940148799050121
-25.897753186860118291 1.0942034164514993222
-25.98707800446059224 2.2461361009559857038
-26.075382025726717927 3.4097522316048904933
-24.944818445840947874 3.6727771023905746439
-23.846796196201037077 3.9076392572220566279
-23.452303484830316904 4.5918361467147637001
-23.549989015157496652 5.6755587855270164255
-23.5103244377442131 6.8556915789507719694
-22.442758810478615317 7.7346192664019897123
-22.121868233341647425 8.9276377509922983933
-22.478744793165841287 10.414374854311855501
-22.626409983656856184 11.892386272758352916
-22.043211749416339984 13.164414401881890271
-21.063506273069673824 14.93811809544691549
-21.307041365920191822 16.158928480154727936
-22.552106482405850585 16.605441659552351297
-24.05572908411242139 16.85206034403313069
-25.538721694186683919 17.105733143172138
-26.176474075668945574 17.648423097165345297
-25.382067634338106643 18.684701048072383855
-24.831732200913886999 19.884043244097892256
-25.053069967795547512 21.27657381336085507
-24.999605036178014217 22.747017086682323139
-25.188097068958992253 24.208221917067589857
-25.643349988683027618 25.675295334679354653
-25.86115297209598296 27.197251716796515097
-26.712840871673606102 28.261404621416080118
-27.712674191996285344 29.210316023818197806
-28.762327356797307232 30.077962799523888293
-29.882446514039578744 30.881406783072641531
-30.944332080977947186 31.541980368836611603
-31.958354189816176927 32.091199565201691257
-33.374574417591652775 32.10042959671609708
-34.889255461624813393 32.29789178474901945
-34.588282828475200859 33.191433442350941618
-35.773799533977111764 31.945938562170098862
-36.959316239479015564 30.700443681989259659
-38.14483294498092647 29.454948801808416903
-39.33034965048283027 28.209453921627574147
-40.515866355984741176 26.963959041446734943
-41.701383061486644976 25.718464161265892187
-42.886899766988555882 24.472969281085049431
-44.072416472490459682 23.227474400904206675
-45.257933177992370588 21.981979520723363919
-46.443449883494281494 20.736484640542524716
-47.628966588996185294 19.490989760361685512
-48.814483294498089094 18.245494880180842756
