-50 17
-49.283661949752293197 18.645574922545840479
-48.567323899504586393 20.291149845091677406
-47.85098584925687959 21.936724767637517886
-47.134647799009172786 23.582299690183354812
-46.418309748761458877 25.227874612729195292
-45.701971698513752074 26.873449535275035771
-44.98563364826604527 28.519024457820872698
-44.269295598018338467 30.164599380366713177
-43.552957547770631663 31.810174302912550104
-42.83661949752292486 33.455749225458390583
-42.278493871342412547 30.484571127647352995
-43.364561723813025651 30.576144372457445542
-44.520265815788484076 31.307988992989653099
-45.811877739823913203 31.618805467201493542
-47.208097184582683781 31.646514289370713868
-48.436740950264876915 31.509705599001012644
-49.372108690346898641 30.986491254123635031
-50.259546438698130544 30.311027482318362303
-51.031913281537867988 29.18238352244917877
-52.18701009498355603 28.378181356785450618
-53.45051046359883884 27.739102759908611517
-54.366656007972864018 26.77177642673310487
-55.201952392766962419 25.722240427657453665
-55.835608620791603585 24.817668740005327521
-56.321010475359685188 24.044515832914250097
-56.734475752680637584 23.317134358501160563
-57.142217713680615532 22.521570524000566138
-57.343248906024598455 21.35591998309405426
-57.63704059392841117 20.050845523443161511
-57.247539883060461818 18.814696682306710329
-56.786911721157295574 17.627149265601342876
-57.323080611625449876 16.511079796619540616
-58.185785803700802887 15.360729387377649147
-58.91260246128872069 14.119627491582855683
-59.124806474478404539 12.917449989191526427
-59.042011889518889234 11.779691630485046971
-58.875538566327065837 10.531978239565262356
-58.615784143127385164 9.232258999428630375
-58.273438645592136709 7.9621753791002056744
-57.873436553559528761 6.7839687941394029025
-57.406391735495773787 5.6451038144447291955
-56.908703648837679623 4.6112421270091488168
-56.396606953122393691 3.6823866766168436016
-55.795806690579766496 2.7213520201748941929
-55.070190133525251497 1.701399946055488499
-54.266936815812847783 0.71119115958850898096
-53.395722174730522624 -0.23242494947375469394
-52.412722810505471216 -1.1653553333795976243
-51.338351921625907437 -2.0530402855552889463
-50.199751745650011969 -2.8670812118544546365
-49.037277564649137673 -3.5822994997960826424
-47.867760920780156653 -4.197700154545898954
-46.502106569721135543 -4.1145389011962221204
-45.236790090842703194 -3.8943169892235274254
-44.515550423881599329 -4.6540299673788130264
-44.010793137721179846 -5.599349485469808485
-43.33853313103371363 -5.7557181160502963735
-42.554809588019722355 -5.9075192894298673707
-41.592332843303687184 -5.92271197306715802
-40.418640316244818678 -5.95604986042129525
-39.187557884804732566 -6.2004126299552915214
-37.951613082478345973 -6.0072689833195029863
-36.682713215632936965 -5.7762257371405691941
-35.427774325856120186 -5.8521177946185218843
-34.21237798431752708 -5.5828344771536357882
-32.913158597979744968 -5.198269033243254178
-31.598330704756875775 -4.7223068448071323644
-30.320768723487145024 -4.1488816918353208507
-29.108421234065446015 -3.5002218766405306383
-28.00465969673793154 -2.8109719964701831429
-26.969385548857587764 -2.0677918467227911492
-25.960455526477129951 -1.2399770163199619333
-25.053859417458248515 -0.39413359820386695276
-24.375416511859441471 0.48922612620356631385
-24.664417970518332623 1.8316035419559477671
-24.976724652410769778 3.0879071519137957225
-24.350931467266850206 3.576192815663922886
-22.979090356369603398 3.4536925536897995492
-21.971654129189889915 3.5476464697616538757
-21.635520285649903371 4.1329096579037667425
-21.669567296327631567 5.1023906128841574059
-21.18330072300796374 6.9720516282938582719
-20.697034149688299465 8.841712643703559138
-20.210767576368631637 10.711373659113260004
-19.724501003048967362 12.581034674522962646
-19.238234429729299535 14.450695689932663512
-19.391521930594013412 15.665199688739891215
-20.426246306373595729 16.257212423574607385
-21.777626288690960621 16.625595589046547218
-23.089696767017422019 17.054895042609725664
-24.105715260076518547 17.923996858518219
-24.795713067097629789 19.142811726977488007
-25.059053283392181299 20.478943879329086997
-25.019569572028125037 21.871180204433642302
-25.376122857923693488 23.188959717882134726
-25.389174120183263028 24.524747560795983503
-25.027006981978395572 25.900020800591825321
-24.866131059736012787 27.289090342446648663
-25.364879064774648043 28.295348175127738699
-26.199655592783486213 29.045425495595765142
-27.193597788878623334 29.836419288577975095
-28.238662118529827438 30.564616110813481953
-29.217602592307542864 31.162181827165596815
-30.165235420241899078 31.670661729284599772
-31.495385937919557762 31.659757495584436526
-32.894744070686030568 31.850251926259794288
-32.60093405719298687 32.698873323896791021
-33.843724481679203109 31.577525229332735535
-35.086514906165419347 30.456177134768676495
-36.329305330651635586 29.334829040204621009
-37.572095755137844719 28.213480945640565523
-38.814886179624060958 27.092132851076506483
-40.057676604110277196 25.970784756512450997
-41.300467028596493435 24.849436661948395511
-42.543257453082709674 23.728088567384340024
-43.786047877568918807 22.606740472820280985
-45.028838302055135046 21.485392378256225498
-46.271628726541351284 20.364044283692170012
-47.514419151027567523 19.242696189128110973
-48.757209575513783761 18.121348094564055486
