-50 0
-49.726271653891259916 -1.3556865366498556114
-49.452543307782519832 -2.7113730732997112227
-49.178814961673779749 -4.0670596099495668341
-48.905086615565039665 -5.4227461465994224454
-48.631358269456292476 -6.7784326832492780568
-48.357629923347552392 -8.1341192198991336682
-48.083901577238812308 -9.4898057565489892795
-47.810173231130072224 -10.845492293198844891
-47.536444885021332141 -12.201178829848700502
-47.262716538912592057 -13.556865366498556114
-46.988988192803851973 -14.912551903148413501
-46.715259846695111889 -16.268238439798267336
-46.441531500586371806 -17.623924976448122948
-46.167803154477624616 -18.979611513097978559
-45.894074808368884533 -20.33529804974783417
-45.620346462260144449 -21.690984586397689782
-45.346618116151404365 -23.046671123047545393
-45.072889770042664281 -24.402357659697401004
-43.553243058637178819 -24.461693583916236605
-42.125243707602145093 -24.253928211115130864
-41.376767410181656714 -25.261889909458826509
-40.723750317561297152 -25.98709248026194274
-39.91983427672033713 -26.160864485186777983
-38.919004718760838557 -26.329514586174589397
-37.629611699139545067 -26.202155874475700159
-36.2278999001309856 -26.5291612243210011
-34.815084961881701986 -26.302445112609511568
-33.355458273262762248 -26.171643435282746282
-31.953825176510875394 -26.095706438806750782
-30.521627906491868742 -25.736714807043195918
-29.018659666413835652 -25.228370326494424347
-27.54347446091492202 -24.608163019488646484
-26.136524236081321249 -23.872777113798047566
-24.829686184610309851 -23.05364818711985464
-24.150160574106052991 -21.983090500585383609
-24.145930972138049952 -20.391169082933206624
-23.630423769275754609 -18.92878160583452285
-22.943608995524826355 -17.464915241906865617
-22.115817965974461146 -16.511820596838916231
-20.608489741175361587 -16.638302889544277718
-19.019630959567916051 -16.899074196916060941
-18.66117579330887466 -16.326896547190209219
-18.580824610876138792 -15.318764033289532733
-18.693753422940456943 -14.013130860122897658
-17.60591003131037624 -13.061398517318361101
-17.261577817759320652 -11.793233444397046128
-17.995590103569423235 -10.545634278751796487
-19.434585686981915131 -10.054700198055330773
-20.999349573078703202 -9.7077230114614003753
-22.564113459175494825 -9.3607458248674699774
-24.128877345272282895 -9.0137686382735413559
-25.693641231369070965 -8.6667914516796145108
-27.258405117465862588 -8.3198142650856823366
-28.823169003562654211 -7.9728370784917510505
-30.387932889659438729 -7.6258598918978215409
-31.952696775756233905 -7.278882705303891143
-33.178235322925182516 -6.6302691097962771494
-34.403773870094127574 -5.9816555142886631558
-32.994321213373169144 -5.2677761893648646918
-31.53493576189327996 -4.595625155283418195
-30.075550310413387223 -3.9234741212019708101
-28.616164858933494486 -3.2513230871205220929
-27.156779407453608854 -2.5791720530390747079
-25.763359571865635189 -1.8503960343480085893
-25.065735934348879255 -0.60927576649715675661
-25.353287719290243274 0.85824578805581108742
-25.221357673279481304 2.3547674019045015115
-24.766419167204727358 3.9204490712728583546
-24.478061430768782714 5.5228069837042985668
-24.514472393205924305 7.1209845203155914817
-24.938800664338060642 8.7114280460378363813
-25.283757258967391124 10.295119583979865041
-26.209402693593794709 10.855252437804558951
-27.262789760947626405 11.413496344436612873
-28.459485036687226511 10.812786010518896873
-29.656180312426823065 10.212075676601180874
-30.852875588166423171 9.6113653426834630977
-32.049570863906019724 9.0106550087657470982
-33.24626613964561983 8.4099446748480310987
-34.442961415385219937 7.8092343409303133228
-35.639656691124812937 7.2085240070125973233
-36.836351966864413043 6.6078136730948813238
-38.03304724260401315 6.0071033391771644361
-39.229742518343613256 5.4063930052594484366
-40.426437794083213362 4.8056826713417315489
-41.623133069822813468 4.2049723374240146612
-42.819828345562406469 3.6042620035062986616
-44.016523621302006575 3.003551669588581774
-45.213218897041599575 2.4028413356708657744
-46.409914172781199682 1.8021310017531497749
-47.606609448520799788 1.201420667835431999
-48.803304724260399894 0.60071033391771599952
