-50 20
-48.985697862182178142 18.399937820792825249
-47.971395724364363389 16.799875641585650499
-46.95709358654654153 15.199813462378477524
-45.942791448728726778 13.599751283171302774
-44.928489310910904919 11.999689103964128023
-43.914187173093090166 10.399626924756955049
-42.899885035275268308 8.799564745549780298
-41.885582897457453555 7.1995025663426055473
-40.871280759639631697 5.599440387135432573
-39.856978621821809838 3.999378207928256046
-38.842676484003995085 2.3993160287210812953
-37.828374346186180333 0.79925384951391009736
-36.814072208368358474 -0.80080832969326465332
-35.889330053930677877 -2.1608116091288636085
-34.799748199873178578 -3.504004452632420552
-33.564416364483655286 -4.78003556085871395
-32.199355257233399641 -5.9583158214944198505
-31.059877795854067273 -5.8483651649488477275
-29.818260891295423676 -4.4292363398485701254
-28.578808815648525155 -2.9884015294478780689
-27.339356740001630186 -1.5475667190471829038
-26.099904664354721007 -0.10673190864648958442
-24.842156938397216948 1.3173278723641725918
-23.336836382636732878 2.5147427326635822808
-22.039496757331026089 3.5341332867870622891
-21.699287092768702934 2.5799323854893310148
-21.560320993704117143 1.3668775766578369346
-20.793528346464920986 2.3867832791336582865
-19.764893883822345799 2.5369246916650940449
-18.593201634101877318 2.4483355609357060345
-17.117813108345899309 2.3316730886044139126
-15.358595010111036672 1.767661997267373275
-14.030911155882204611 0.43127222188157854355
-12.800681622701414852 -1.02059875721692217
-11.570452089520630423 -2.4724697363154226615
-10.340222556339845994 -3.9243407154139227089
-9.1099930231590633412 -5.3762116945124232004
-8.1191078432771899287 -6.4597211485192289615
-7.4265673681320159005 -5.9364576964394402125
-6.0977647282679416918 -4.788109600328899873
-4.9712411877856474973 -3.6353570211143821922
-4.8095505945899201805 -2.3330043147446182239
-4.7567295784801082448 -0.98076278875590550133
-3.0986856635998787368 -0.81471682414317303511
-2.4129834537228873614 -0.081204032152891514329
-2.389981636869605186 1.1888623633782007261
-2.0987669075827044551 2.6110443254957891313
-1.0014653645740470012 3.8388267268985285519
-1.4499368523498090688 5.454299559455111357
-3.0151366827945680349 6.2090727779560586086
-4.8701769835597517044 6.6342280888917235515
-6.7254059825477980894 7.0591688048354841456
-8.5806349815358480271 7.4841095207792438515
-10.435863980523896188 7.9090502367230044456
-12.291092979511946126 8.3339909526667632633
-14.146321978499988958 8.7589316686105256338
-14.620223511984354658 9.8752343534025506244
-12.73072588934299354 10.128326965542701288
-10.841228266701632421 10.381419577682850175
-8.9517306440602677498 10.634512189823002615
-7.0622330214189066311 10.887604801963149725
-5.1727353987775437361 11.140697414103302165
-3.283237776136180841 11.393790026243451052
-1.3957489746064228875 11.647393734847073077
-0.38963043579311518183 12.125241016798295135
-1.4626927413557251345 13.193734018780164163
-1.3329017134873277772 14.633535788721159676
-0.88638490820030568784 16.178780130694548234
-1.5981976964586828149 17.774129575465352104
-2.3891106365811762835 19.465805869664464467
-3.7138652679442443194 20.747180953305957019
-4.5590115931674377592 22.334268006089573078
-5.5672402512437972888 23.779093058948372885
-6.8369340867832875119 24.962713807874848726
-8.1219776001169314839 25.574375061118661989
-9.4727509522392150387 24.384362658805997626
-10.746332533692921629 22.973274139708991015
-12.019914115146633549 21.562185620611984405
-13.293495696600341915 20.151097101514977794
-14.590928811145682076 18.755683112383323419
-16.054704394856408101 17.478495118384376639
-17.479879239558385962 17.000352687612696911
-18.357977427144366089 17.574010316197490766
-19.291993300183971627 17.682191680015929336
-19.942256401285895606 18.302915738608554364
-20.503559206138174176 16.765091618173624255
-21.087569163125376548 15.567270931747898999
-22.195819336737212524 16.513273340361372732
-23.762392744369368103 17.583323962086950587
-25.199974652033482414 18.839281723247669476
-26.493318635084385448 20.236413835609699419
-27.774328392423313971 21.645256242754502551
-29.055338149762238942 23.05409864989931279
-30.142243265037265587 24.620378087285494928
-31.229148380312295785 26.186657524671680619
-33.106233542281067628 25.567991772204511136
-34.98331870424983947 24.949326019737345206
-36.860403866218604207 24.330660267270175723
-38.73748902818737605 23.711994514803009793
-40.614574190156147893 23.09332876233584031
-42.491659352124919735 22.474663009868670827
-44.368744514093691578 21.855997257401504896
-46.245829676062456315 21.237331504934335413
-48.122914838031228157 20.61866575246716593
