-50 0
-49.295211100564500839 -1.4582668886852028223
-48.590422201129001678 -2.9165337773704056445
-47.885633301693502517 -4.3748006660556084668
-47.180844402258003356 -5.8330675547408112891
-46.47605550282249709 -7.2913344434260141114
-45.771266603386997929 -8.7496013321112169336
-45.066477703951498768 -10.207868220796418868
-44.361688804515999607 -11.666135109481622578
-43.656899905080500446 -13.124401998166824512
-42.952111005645001285 -14.582668886852028223
-42.247322106209502124 -16.04093577553722838
-41.542533206774002963 -17.499202664222433867
-40.837744307338503802 -18.957469552907635801
-40.132955407902997536 -20.415736441592837735
-39.428166508467498375 -21.87400333027803967
-38.723377609031999214 -23.332270218963245156
-38.018588709596500053 -24.79053710764844709
-37.313799810161000892 -26.248803996333649025
-37.197708903387237456 -25.987267142448963853
-35.584258730866679343 -25.678707782890278111
-34.593901672801003144 -26.390032354098575951
-33.945423351428118508 -27.397527901123677196
-33.104057490550488296 -27.583932190840986465
-32.055347875303979777 -27.763818932521644456
-30.688626402933444126 -27.660821715601539239
-29.199226519580477657 -27.968743796597095752
-27.693924917411756326 -27.660242187218290866
-26.13668742841653625 -27.701906276584523425
-25.153597029262044771 -27.555204467980971117
-25.323691867900613772 -26.124398623658514396
-25.66471133254685455 -24.455822233595618798
-26.005730797193081116 -22.787245843532726752
-26.346750261839325447 -21.118669453469834707
-26.687769726485555566 -19.450093063406939109
-27.028789191131796343 -17.781516673344043511
-27.369808655778030015 -16.112940283281155018
-27.71082812042426724 -14.444363893218261197
-28.051847585070504465 -12.775787503155367375
-28.39286704971674169 -11.107211113092473553
-28.413030359863981289 -9.6616337907704110677
-27.329106030512292591 -9.8598088126181533397
-26.04078041186787118 -10.974021625233671529
-24.757521454748211198 -12.104360564891202046
-23.474262497628551216 -13.23469950454872901
-22.191003540508891234 -14.36503844420626308
-20.907744583389234805 -15.495377383863793597
-19.624485626269578376 -16.625716323521317008
-18.390013786673389262 -17.641706761374877033
-17.75883576200684999 -17.213219563674499568
-16.928798090246960584 -16.613913743830547531
-15.352263989082231888 -17.07963058830971903
-13.728920284930564932 -17.613175647556033709
-12.11410403788402057 -18.139067742118342608
-11.74059766744231581 -17.724840953914728914
-11.736826311301362225 -16.622575939446662119
-11.668767949440974618 -15.292061276242447931
-11.192336346417599557 -13.667549825822396414
-10.715904743394224496 -12.043038375402346674
-10.239473140370851212 -10.418526924982295156
-9.7630415373474761509 -8.7940154745622436394
-9.2866099343241010899 -7.1695040241421947869
-9.6295589363431020047 -5.6837599162550969112
-10.799294164174177979 -4.5982378732598618853
-10.855344751603064779 -3.3417375712301198298
-10.18560778956213575 -2.0710305377064832655
-11.139982801447368743 -1.8271280472356041802
-12.828675881125635172 -2.0402953508519399151
-14.52223521705170306 -2.2564916126795906415
-16.217070682638826895 -2.4653470261129921681
-17.938573638781267761 -2.5208021956203987557
-19.672551067342528341 -2.5075316391756783396
-21.350523783007758993 -2.7560189726647332797
-22.852745031729785552 -2.3833070203588531122
-24.252559941751531625 -1.8739608886803540422
-24.682431130874576297 -0.97072949775304262499
-24.812855903839903249 0.56188914085312369195
-25.247633495013769078 2.1067350559843074365
-25.298960905700983659 3.849458743220760315
-25.242271069047408361 5.5743817692285073662
-25.155175052072479502 7.2914053743610152125
-24.615513088898545391 9.3275951567027473033
-24.075851125724611279 11.363784939044478506
-25.516081618739910652 10.732463553542007872
-26.956312111755210026 10.101142168039537239
-28.396542604770509399 9.4698207825370648294
-29.836773097785808773 8.838499397034594196
-31.277003590801108146 8.2071780115321235627
-32.717234083816407519 7.5758566260296529293
-34.157464576831706893 6.9445352405271814078
-35.597695069847006266 6.3132138550247098863
-37.03792556286230564 5.6818924695222392529
-38.478156055877605013 5.0505710840197686196
-39.918386548892904386 4.419249698517297098
-41.35861704190820376 3.7879283130148264647
-42.798847534923503133 3.1566069275123549431
-44.239078027938802506 2.5252855420098843098
-45.67930852095410188 1.8939641565074136764
-47.119539013969401253 1.2626427710049412667
-48.559769506984700627 0.63132138550247063336
