-50 0
-50.079181271654391594 -1.3003449879622184238
-50.158362543308776083 -2.6006899759244368475
-50.237543814963167677 -3.9010349638866550492
-50.316725086617559271 -5.201379951848873695
-50.395906358271943759 -6.5017249398110923408
-50.475087629926335353 -7.8020699277733100985
-50.554268901580726947 -9.1024149157355296325
-50.633450173235111436 -10.40275990369774739
-50.71263144488950303 -11.703104891659966924
-50.791812716543887518 -13.003449879622184682
-50.870993988198279112 -14.303794867584404216
-50.950175259852670706 -15.604139855546620197
-51.029356531507055195 -16.904484843508839731
-51.108537803161446789 -18.204829831471059265
-51.187719074815838383 -19.505174819433278799
-51.266900346470222871 -20.80551980739549478
-51.346081618124614465 -22.105864795357714314
-50.096588146611750858 -22.79395740066804521
-48.682591173507098858 -22.906446054635264176
-47.292591471453242491 -22.633756168067410641
-46.469605473888009328 -23.355142914035987189
-45.921995318250466767 -24.346853674337353368
-45.197319561830894941 -24.513441346670852283
-44.332636329377422157 -24.675586726628324641
-43.242911850318805023 -24.573856569496694391
-41.960389002738040176 -24.878368521334454755
-40.640979253863662279 -24.937083533454419637
-39.304819916380573375 -24.54491629923796836
-37.918919838019903068 -24.690550702170835251
-36.634669009444095877 -24.441679148928287191
-35.270354003328698411 -24.079588881031952496
-33.858954936227945609 -23.592916745460872363
-32.481057474798390672 -22.999111357544776979
-31.168968990284156462 -22.313627022302249259
-29.977706066196439849 -21.577559838376956236
-28.867668653461453943 -20.780640487927740878
-27.772717979632414398 -19.87252634427807152
-26.753263145381719568 -18.897277016499295144
-26.004999519927174845 -18.08544300001758387
-26.094324439042374308 -16.933509779772297321
-26.182628328503923854 -15.769893323772917526
-25.052064115816605749 -15.506868697602101292
-23.954042080848211071 -15.272006382190337348
-23.559549405072456096 -14.587809475841780227
-23.657234787225494443 -13.50408680598292932
-23.617570790773605438 -12.323953903143161526
-22.550005219877132134 -11.4450268616316162
-22.229114632732194679 -10.252008724252142713
-22.585991194250020442 -8.7652714160452855907
-22.733656391316444001 -7.2872593223670332208
-21.952199812225480002 -5.7643974234913528676
-21.170743233134519556 -4.2415355246156725144
-21.412010639645000509 -3.022437655887073138
-22.648592579863805696 -2.5823308187842308747
-24.142127398944285943 -2.3433302464898617679
-25.623699932856315087 -2.100320173616593955
-26.345667358571549954 -1.6027068139833098304
-25.555894926004768308 -0.59758768999220579499
-24.850275320771412879 0.57146548686012788032
-25.027279930749177339 1.9504724268854454206
-25.014070972373314561 3.4249914625772674981
-25.116474647734143844 4.8730109929214266984
-25.592513367005025771 6.2766789418347599394
-25.882266914240901201 7.7439736906193497035
-26.62470793033105565 8.8802828130386881611
-27.619003922020528563 9.8503020105439205167
-28.651187483221924879 10.727551248786783233
-29.766268471397378192 11.550702654331267638
-30.847442301143672694 12.242413336205711261
-31.857086484957388706 12.804738156959746931
-33.146507093336886385 12.753851988403594575
-34.54301116561992302 12.122465447962706975
-35.826495472082122262 11.891425881010807331
-36.912979538153642523 12.644507727893250504
-38.103668735889669961 12.59464067013096944
-39.327086784179009271 12.268550173767362566
-40.359100295460308416 13.107503866209810894
-41.325269034131139279 13.45079404066283324
-42.266702239582194522 12.419600286240706666
-43.242407329261524751 11.214785392520200347
-44.303541010385274035 10.439697759893354245
-45.493185735169994643 10.93808318505182875
-45.964220974341841952 12.632903010366277385
-46.435256213513682155 14.327722835680724245
-46.759323830466982486 13.025202577891567657
-47.083391447420282816 11.722682320102411069
-47.407459064373590252 10.420162062313254481
-47.731526681326890582 9.1176418045240978927
-48.055594298280190912 7.8151215467349395283
-48.379661915233491243 6.5126012889457838284
-48.703729532186791573 5.2100810311566281285
-49.027797149140091904 3.9075607733674697641
-49.351864766093399339 2.6050405155783131761
-49.67593238304669967 1.3025202577891548117
