-50 0
-49.380828559401905409 -1.3577746987322492078
-48.761657118803810818 -2.7155493974644984156
-48.142485678205716226 -4.0733240961967478455
-47.523314237607621635 -5.4310987949289968313
-46.904142797009527044 -6.7888734936612467052
-46.284971356411432453 -8.146648192393495691
-45.665799915813337861 -9.504422891125745565
-45.04662847521524327 -10.862197589857993663
-44.427457034617148679 -12.219972288590243537
-43.808285594019054088 -13.57774698732249341
-43.189114153420959497 -14.935521686054743284
-42.569942712822864905 -16.293296384786991382
-41.950771272224770314 -17.651071083519241256
-41.331599831626675723 -19.00884578225149113
-40.712428391028581132 -20.366620480983737451
-40.09325695043048654 -21.724395179715987325
-39.474085509832391949 -23.082169878448240752
-38.854914069234297358 -24.439944577180487073
-38.235742628636202767 -25.797719275912736947
-37.901840427170114367 -24.933739795747385415
-36.689068305461169928 -25.089201555144999389
-36.133632576248366775 -26.452999796177245173
-35.365927074597919955 -26.665878969796057874
-34.497510246517542498 -26.838840583438333454
-33.392255638774585691 -26.844069396697559426
-32.038070802299607465 -27.01879542379332122
-30.631208761708204946 -27.138526639743709268
-29.205473862032309995 -26.741896636126991638
-27.737564501299964093 -26.870221687207344274
-26.4201131641856648 -26.604837469487030432
-25.335386426975563978 -25.722898352139331735
-25.007647105313765223 -24.217137888041271765
-24.973793781181530704 -22.592036409493555738
-24.914011048982462881 -20.969894568996675588
-24.739452713546455698 -19.367343487803189817
-24.905398500530061767 -17.843316717265086169
-25.632567998860071867 -16.423818790941091095
-26.41973652824074037 -15.015490044690455562
-27.206905057621398214 -13.607161298439812924
-27.994073587002063164 -12.198832552189180944
-28.781242116382728113 -10.790503805938545412
-29.549428271102534893 -9.3803860953062994099
-29.505677119195073743 -8.3158227580915031751
-28.182461083352080777 -8.5669030729106623312
-26.71292347610374307 -9.204668440249406558
-25.243385868855408916 -9.8424338075881490084
-23.773848261607071208 -10.480199174926895012
-22.304310654358733501 -11.117964542265635686
-20.834773047110399347 -11.755729909604379912
-19.365235439862065192 -12.393495276943124139
-17.895697832613731038 -13.031260644281868366
-16.426160225365396883 -13.669026011620612593
-14.957586962988706603 -14.281181756361878143
-13.512295741084644263 -14.275048041249714714
-12.313218977104815721 -13.410366090483574197
-12.013523638161753837 -11.655802359998901352
-11.713828299218690177 -9.9012386295142285064
-11.414132960275626516 -8.1466748990295574373
-11.114437621332564632 -6.3921111685448845918
-11.372160291757140271 -4.9642836284606994823
-12.520183220397816726 -3.9453943828009512274
-13.934901988717417254 -3.1796318858415331121
-15.476810485077184154 -2.6510737340029462139
-17.050703602797689484 -2.4164501788325765119
-18.647241597896105247 -2.4774978306994981381
-20.247751948735068339 -2.5463479185151953743
-21.869620560513318708 -2.5045417987135327742
-23.480814622076696452 -2.5885285323994899898
-24.813513579442247448 -2.7073995406444093526
-24.848217334582752613 -1.6610263844042945092
-24.521803539446910492 -0.12156870642982456343
-24.780480014906366648 1.3417104758373215034
-24.6769740549061396 2.8837507775838369106
-24.631183576033816252 4.4392717901126221847
-25.101780984608282665 5.9624799469641764915
-25.259774629309390548 7.5474637066449421496
-24.488998324090232472 9.5110635710738264947
-23.71822201887107795 11.474663435502712616
-25.101473491562074969 10.870733781002570595
-26.484724964253068435 10.266804126502426797
-27.867976436944065455 9.6628744720022847758
-29.251227909635062474 9.0589448175021409781
-30.634479382326055941 8.4550151630019989568
-32.017730855017049407 7.8510855085018560473
-33.400982327708049979 7.247155854001714026
-34.784233800399043446 6.6432261995015702283
-36.167485273090036912 6.0392965450014273188
-37.550736745781037484 5.4353668905012852974
-38.933988218472030951 4.8314372360011423879
-40.317239691163024418 4.2275075815009994784
-41.70049116385402499 3.6235779270008565689
-43.083742636545018456 3.0196482725007154357
-44.466994109236011923 2.415718618000571638
-45.850245581927012495 1.8117889635004278404
-47.233497054618013067 1.207859309000285819
-48.616748527308999428 0.60392965450014202133
