-50 0
-50.829585119021395201 -1.0472202092831630615
-51.659170238042790402 -2.0944404185663261231
-52.488755357064185603 -3.1416606278494891846
-53.318340476085587909 -4.1888808371326522462
-54.14792559510698311 -5.2361010464158148636
-54.977510714128378311 -6.2833212556989783693
-55.807095833149773512 -7.3305414649821418749
-56.636680952171168713 -8.3777616742653044923
-57.466266071192563913 -9.4249818835484671098
-58.295851190213959114 -10.472202092831629727
-59.125436309235354315 -11.519422302114794121
-59.955021428256756622 -12.566642511397956739
-60.784606547278151822 -13.613862720681119356
-61.614191666299547023 -14.66108292996428375
-62.443776785320942224 -15.708303139247446367
-61.317383106523436709 -16.677109756394095541
-60.11044774346257924 -17.56762591985994959
-58.865646468688595405 -18.350467975561677747
-57.614109946601175238 -19.016685200596242566
-56.157184628352133871 -18.940800877969380167
-54.836027635275904402 -18.765338961406381912
-54.141885238744698938 -19.724227638975843746
-53.546227112567976292 -20.48051032654199588
-52.808602721017578574 -20.644094694197022477
-51.906458471634429941 -20.804940433546125433
-50.762532826148955678 -20.645963187664257532
-49.462820801585174024 -21.030730964177898556
-48.143187688519823553 -21.027763243685861028
-46.800444959552798707 -20.603375135544222729
-45.428982121942894423 -20.745782973972794139
-44.139044029022450388 -20.477934818047707211
-42.756269592803278101 -20.089891624971436102
-41.348184831619825275 -19.580772748393943772
-39.979567162810056402 -18.966468416451824908
-38.688605995423841932 -18.267708372631545899
-37.520975432738211452 -17.523493591014883464
-36.41498205801630661 -16.70610683365083915
-35.328216419617440636 -15.778454465154387876
-34.342765053098915473 -14.80969400756821841
-33.660020385560493139 -14.052738664329250895
-33.94643843433404129 -12.750149435080270877
-33.815558435120571801 -11.748483170932619402
-32.519685033321657386 -11.607601230252489799
-31.644077105841049047 -11.239522613271613949
-31.244744891391619035 -10.53370356131504515
-31.513208306959960225 -9.3374920435269643804
-31.211917160934614657 -8.2362742101575268094
-30.150369178495626699 -7.346085057975229482
-30.057795294510139428 -6.0612521623350454902
-30.414063936255292475 -4.5623283816831703419
-30.455000054345024552 -3.1102401641871653126
-29.727303538419644013 -1.8815160296230228898
-28.938731323698302589 -0.33921310331775661462
-29.120248616693768184 1.0266099268094335262
-30.12352491875988747 2.0174023340956721562
-30.720253077431838307 3.0253033666998709883
-30.087884627085482947 4.2606176250862626276
-29.930894208760939534 5.451711271870812503
-30.478057543112004879 6.7173691335823502158
-31.101374001714514606 8.0668090647559544948
-31.888995595421967266 9.2684310831191449864
-33.022054888185252253 10.212538814873283854
-33.590647625902256834 11.524630408888610233
-34.315420789915592081 12.635007133932898427
-35.670326572970239454 13.09608116601619443
-37.132650268156531581 12.979917447758392512
-38.592579745275052971 12.716182261646254759
-39.935253563846075053 13.086630017296609907
-41.223424571186846777 13.029780430358092858
-42.529531828941387062 12.321438922292051288
-43.898250237036442911 11.791587353964001039
-45.077219797776407972 12.104103731020886769
-46.051563710499209492 12.724800187892059355
-47.195925183532985159 12.30419311567111329
-48.139809660777515887 12.894190213232290532
-48.945048366399518613 13.467953415589706267
-49.722311603486552656 12.475402207056061954
-50.505291508772067743 11.151279030572226247
-51.383417304181840279 10.444309081442549214
-52.468523694661179491 11.149949977078234653
-53.771447766756523379 11.906313946102564216
-55.071880490798271524 12.646200545118519543
-56.132042852649568943 13.707665524330677087
-56.918388044406668769 15.299753022325209173
-57.704733236163761489 16.891840520319739483
-57.154395147866353 15.685280483154043552
-56.604057059568937404 14.47872044598834762
-56.053718971271528915 13.272160408822653466
-55.50338088297411332 12.065600371656955758
-54.95304279467670483 10.859040334491261603
-54.402704706379289235 9.6524802973255656724
-53.852366618081880745 8.4459202601598697413
-53.302028529784472255 7.2393602229941738102
-52.75169044148705666 6.0328001858284796555
-52.20135235318964817 4.8262401486627837244
-51.651014264892232575 3.6196801114970860169
-51.100676176594824085 2.4131200743313918622
-50.55033808829740849 1.2065600371656959311
