-50 20
-49.058553443079354395 18.395579975213806279
-48.117106886158708789 16.791159950427612557
-47.175660329238056079 15.186739925641418836
-46.234213772317410474 13.582319900855225114
-45.292767215396764868 11.977899876069031393
-44.351320658476119263 10.373479851282837672
-43.409874101555473658 8.7690598264966439501
-42.468427544634828052 7.1646398017104502287
-41.526980987714182447 5.5602197769242565073
-40.585534430793529737 3.9557997521380627859
-39.644087873872884131 2.3513797273518690645
-38.702641316952238526 0.74695970256567534307
-37.996384819959814649 -0.52222754039032359685
-37.108049861778013678 -1.8652510096173848808
-36.036036589184419654 -3.2241401678445846812
-34.831353249483171908 -4.5039528253873406527
-33.431783471290430043 -5.7436926263510450497
-31.910861217256545785 -6.8550560640727837836
-30.838394613362932972 -7.3487825542568385728
-29.763072290481989768 -5.8822968987071666547
-28.707525030234251062 -4.2990815358764411513
-27.651977769986512357 -2.7158661730457174244
-26.596430509738773651 -1.1326508102149934754
-25.540883249491038498 0.45056455261573091775
-24.475838968740497137 2.0266440617560776971
-23.326471076714689445 3.4005198683842450258
-22.783988441020472493 2.9489237575290387916
-22.713877368789599842 1.4269492321000207813
-22.056188697703902335 2.1495514849261501134
-21.055079698011560652 2.5473598474510055212
-19.899680375403100641 2.5277970082585938805
-18.535198107462509398 2.3261621313486706697
-16.756607591386515566 2.0796420693335249119
-14.971241629935096995 1.319763243784361828
-13.457109351960076182 0.1755121530950441433
-12.034390317573036455 -1.1072561658288135877
-10.61187912570415115 -2.3903398523192134206
-9.1893679338352622921 -3.6734235388096139197
-7.7672316377135910415 -4.9486642462039354129
-7.0733079525890705241 -4.6344463804353246417
-6.0290585299320156309 -3.5598029973168632267
-5.8673679271266996338 -2.2574501948479812619
-5.8145468571138980707 -0.90520866925083942611
-4.1569742270983125465 -0.73958611751940639412
-3.5991301935673440937 -0.22945007789267179987
-4.4137533888593276643 0.4328092873317572753
-6.0240698238481913407 1.4586846209838937316
-7.6343862588370559052 2.484559954636030632
-9.2447026938259195816 3.5104352882881664222
-10.855019128814786811 4.5363106219403031005
-12.465335563803648711 5.5621859555924393348
-14.05805790765411345 6.5802585912047319994
-14.414166988634262268 7.0499130217309842195
-12.759522796654531263 6.627830533418134884
-10.921900056835461612 6.1245999854909261018
-9.0842773170163884089 5.6213694375637190959
-7.2466545771973143175 5.1181388896365112018
-5.4090318373782411143 4.6149083417093041959
-3.5714090975591687993 4.1116777937820963018
-2.1324400851076075192 4.0073522589569856578
-2.2711618731678901995 5.5067129999568278365
-1.838058712267380157 7.2466738404273405294
-1.4049555513668701145 8.9866346808978541105
-0.97185239046636040516 10.726595521368366803
-1.5046244868191909205 12.319394731669218501
-2.6733563503430191055 13.539218821202871013
-2.1849615368944070859 15.046511166594942921
-2.0544823417400515098 16.570771370214131935
-2.8334829991722001452 18.203914981947267648
-3.6708586088456685026 19.851583911302082441
-5.037985016994400489 21.097432666096629816
-5.7155676326160387291 22.803210039861795622
-6.8624687958584846825 24.092032297337862445
-7.5438945793375236093 24.731427793271748783
-8.9235134031832181734 23.485713728190333427
-10.317547988178374041 22.180293772662167839
-11.711582573173533461 20.874873817134005805
-13.105617158168691105 19.569453861605847322
-14.494486360183394424 18.301363460140994022
-15.755474541087906459 18.042814376028189827
-17.149061366921269922 17.476655883551291737
-18.562450161634661328 17.000352616110468773
-19.42988250368109604 17.574010294583104042
-20.355341467274548961 17.682191682645093778
-20.998797508865518324 18.302915745804124725
-21.553374380343299777 16.765091633670561322
-22.129044951602672597 15.567270902630255591
-23.219801323400972137 16.520255167237095861
-24.558935111662545836 17.780832227033283033
-25.631166260646182309 19.345995061449350771
-26.684036572904798135 20.933247757827452062
-27.736906885163410408 22.520500454205567564
-28.789777197422029786 24.107753150583668855
-29.681257850309009427 25.717781767491853628
-30.572738503195985516 27.327810384400038402
-32.338853184723625134 26.661645804000034587
-34.104967866251257647 25.995481223600030773
-35.871082547778897265 25.329316643200026959
-37.637197229306536883 24.663152062800023145
-39.403311910834176501 23.996987482400022884
-41.169426592361809014 23.330822902000015517
-42.935541273889448632 22.664658321600015256
-44.701655955417088251 21.998493741200011442
-46.467770636944727869 21.332329160800007628
-48.233885318472360382 20.666164580400003814
