-50 0
-49.562079653898983622 -1.2460017365292468394
-49.124159307797960139 -2.4920034730584936788
-48.686238961696943761 -3.7380052095877402962
-48.248318615595920278 -4.9840069461169873577
-47.8103982694949039 -6.230008682646233531
-47.372477923393880417 -7.4760104191754805925
-46.934557577292864039 -8.7220121557047285421
-46.496637231191847661 -9.9680138922339747154
-46.058716885090824178 -11.214015628763220889
-45.6207965389898078 -12.460017365292467062
-45.182876192888784317 -13.706019101821715012
-44.744955846787767939 -14.952020838350961185
-44.307035500686744456 -16.198022574880205582
-43.869115154585728078 -17.444024311409457084
-43.4311948084847117 -18.690026047938701481
-42.993274462383688217 -19.936027784467949431
-42.555354116282671839 -21.182029520997193828
-42.117433770181648356 -22.428031257526441777
-41.679513424080631978 -23.674032994055689727
-41.2415930779796156 -24.920034730584934124
-40.803672731878592117 -26.166036467114182074
-40.764336613623108008 -26.081471641004402073
-39.290608073994647498 -25.833884419231967655
-38.106033337116350879 -25.892318008571692189
-37.546756122836185909 -27.099807335670750064
-36.87663357164654343 -27.517188598891305418
-36.107172702572185585 -27.679347676086408114
-35.156291256010128166 -27.836653413491198705
-33.944318707847450867 -27.685816999043701969
-32.630491209563352584 -28.030195642352509822
-31.308669986804254393 -27.900925791872690951
-29.952841221501092406 -27.606609272037577085
-28.609046474716038233 -27.675414070776596986
-27.302142185810417629 -27.379596678901240381
-26.11894533625288517 -26.63718483496318612
-25.323139900405610803 -25.336718894158213544
-24.89669362351797588 -23.892426007428433365
-24.759800170326531799 -22.361375892291732725
-24.517887574752101898 -20.862206706189226679
-23.96892410423305364 -19.478525307297875457
-22.896471767130311292 -18.52341200064494231
-21.577840918033480477 -18.131169421916581541
-20.991876752804696338 -17.149278297766279877
-20.270228121778014696 -16.569163066604808421
-18.885691801104666609 -16.920425745572273968
-17.447362789713295683 -17.346848556463161373
-16.023129212704745328 -17.75744530891893902
-15.176405718694912395 -17.519625838633437809
-15.230355396214060093 -16.214358276715103102
-14.599656698024466195 -15.113589608950480425
-13.587179111617848193 -14.195054770182618853
-13.628072078753371343 -12.855794769156895896
-13.969723042295296267 -11.353363644847613401
-13.923053191767996495 -9.9247669068547530458
-13.191122163789028576 -8.6278540385248181366
-12.459191135810062434 -7.3309411701948841156
-12.640708015069343162 -5.9651180012322413404
-13.64901696376949225 -4.9732625460771417991
-14.570330780956856742 -3.8967831512143655814
-15.097094517080103415 -2.7076885628173164022
-16.315319855109333247 -2.4209071866572151599
-17.824038512912036225 -2.4856379968114521439
-19.333790522975750292 -2.5471334601964277233
-20.840649238739668903 -2.5333557682470000394
-22.342493736213004496 -2.481389521457680658
-23.833553195613536246 -2.6618605293327650685
-24.99813385287644607 -2.6775856938996467349
-24.934466288552478375 -1.5894073070740002418
-24.541047582015366402 -0.081821630710335574443
-24.610798654194905311 1.3840727726750268189
-24.840436167482327079 2.8296004771607430328
-24.63946947915899699 4.336147402486923319
-24.565476193358541934 5.8275317604533638516
-24.961928248571599198 7.2577148088554537253
-24.305613746997934754 8.6125816350007973199
-23.649299245424266758 9.9674484611461409145
-24.904094519451682288 9.4928080582344200877
-26.158889793479097818 9.018167655322699261
-27.413685067506513349 8.5435272524109784342
-28.668480341533928879 8.0688868494992576075
-29.923275615561344409 7.5942464465875358925
-31.17807088958875994 7.1196060436758150658
-32.43286616361617547 6.644965640764094239
-33.687661437643598106 6.1703252378523725241
-34.942456711671013636 5.6956848349406516974
-36.197251985698429166 5.2210444320289308706
-37.452047259725844697 4.7464040291172100439
-38.706842533753260227 4.2717636262054892171
-39.961637807780675757 3.7971232232937675022
-41.216433081808091288 3.3224828203820475636
-42.471228355835506818 2.8478424174703267369
-43.726023629862922348 2.3732020145586050219
-44.980818903890337879 1.898561611646883307
-46.235614177917753409 1.4239212087351624803
-47.490409451945168939 0.9492808058234416535
-48.74520472597258447 0.47464040291172082675
