-50 0
-48.604985742520639747 -1.096679065764737615
-47.209971485041279493 -2.1933581315294752301
-45.814957227561912134 -3.290037197294212401
-44.419942970082551881 -4.3867162630589504602
-43.024928712603191627 -5.483395328823687187
-41.629914455123824268 -6.5800743945884248021
-40.234900197644464015 -7.6767534603531633053
-38.839885940165103762 -8.7734325261179009203
-37.444871682685743508 -9.870111591882636759
-36.049857425206376149 -10.966790657647374374
-34.654843167727015896 -12.063469723412113765
-33.259828910247655642 -13.160148789176849604
-31.864814652768291836 -14.256827854941587219
-30.469800395288931583 -15.353506920706326611
-29.074786137809567776 -16.450185986471062449
-27.679771880330207523 -17.546865052235801841
-26.284757622850843717 -18.643544118000537679
-24.889743365371479911 -19.740223183765273518
-23.494729107892119657 -20.836902249530012909
-22.09875216144406096 -19.384471370057944739
-20.702775214996002262 -17.932040490585880121
-19.18346012274437129 -17.845975724981663291
-17.654170425298275404 -17.911635824690122831
-16.159027664319904005 -18.121700067015865443
-15.036734517516590515 -18.771646494217996803
-14.667302210007635566 -20.133855287561875258
-14.481270800090838335 -21.624668575454766284
-14.390176170795905719 -23.12210006268325202
-14.31615515224522639 -24.620721779436490095
-14.188997130122873003 -25.89207758186174857
-13.734554441006668668 -25.992768248194245473
-12.95169691401252976 -26.140481307726357585
-11.880621052576547214 -26.070090652455633062
-10.60404014448343446 -26.313601028072632459
-9.2849052375043399365 -26.414233815381269466
-7.9509410323982478985 -26.042572324686194207
-6.5662260380570938167 -26.15104099795495074
-5.277504818112896956 -25.936708491760452233
-3.9200195762024447887 -25.583218253103623852
-2.509424800409950862 -25.101077697716227988
-1.1274081613477449082 -24.517325077097662955
0.19110699871619374335 -23.836715630719318426
1.3906771312518202421 -23.103264143664532071
2.5028211242855693541 -22.312547549301456229
3.5998551659239765854 -21.411394239454700994
4.6285163978436365539 -20.436397393555207458
5.3996280711873438918 -19.606007407049183655
5.3802061602318360656 -18.504619586235151019
5.2301991384671966401 -17.295412185471509048
6.2930736528454467305 -16.982373568943540221
7.4637032988800662281 -16.791009234049575127
7.857297970656553332 -16.11258346120519036
7.8222353571772256231 -15.069637060018894914
7.779884961706545532 -13.86476563889912228
8.8285067538582726598 -12.982334015771794355
9.2292627364217008079 -11.821440853889503941
8.7056823650857513286 -10.434512571269033643
7.8560498187989864505 -8.8566026243395015172
7.0064172725122215724 -7.2786926774099693915
6.1567847262254566942 -5.7007827304804372659
5.6280778740417467532 -4.3751783125098349103
5.0887505201505884855 -3.368361997686872833
5.983999521316791359 -2.5237509917542397808
7.2638770054390038311 -1.714040752962007863
8.5432343598512634486 -0.90424481652568688972
9.3238436735482039808 -0.050259933328944406128
8.8989606773166478604 1.0922235758497464975
8.2182016033159648316 2.4115075525545077717
7.5322737160053003791 3.6881662991599180046
6.3889515770366926972 4.6287064113983973357
5.7026733513408975895 5.8664749498515380566
5.0778267719054372975 7.1294594293826669684
4.0922801508313852992 8.1272837676481977098
3.0771254990212657532 9.0224608430958195271
1.9778105856307721666 9.8654606660422103914
0.87511698621597133751 10.598117320266116081
-0.14242581427663481008 11.186087218287642742
-1.3317789905343779822 11.480806154919173778
-2.84208584454874158 11.517667840067606022
-4.1066277943236810799 12.165427877434220605
-5.1168921730184919738 13.06553584290804082
-6.3049040547939902979 13.303401934303295207
-7.6132590120677878787 13.195054817886592957
-8.7122065588263311042 13.561363210064634188
-9.6905403039645285901 13.582615744905154997
-10.656441739320252182 13.556621503473383683
-11.640222478489461011 12.642358228785628427
-12.614495026877129646 11.446957007042673382
-13.635735614918420566 10.3041051467880731
-14.519945621945828051 9.160256367307260561
-14.745272540457071031 7.7439279382628596338
-14.771479541803449465 6.2416740399645425086
-15.026117995021476048 4.7796028598261832698
-15.311048435943808599 3.3622850838313751431
-15.018340949132664264 1.9129274402458191773
-14.720905229358356436 0.43289786981682548683
-14.925808728077287313 -1.0316671162313957311
-15.396847820997191292 -2.0830456486355646284
-16.527787144927764018 -1.9936410341740449237
-17.788011361438442748 -1.7456419419932731607
-18.41167483108602454 -2.3674721839678274371
-19.606140937443345962 -2.6223177334013736406
-21.116096825793849945 -2.6017750715754477397
-22.624810980310261499 -2.6215875847071443694
-24.132702149511985112 -2.6618376669711927285
-25.639485519790117252 -2.7050258590695626104
-27.378906357652262216 -2.3015473245228115218
-29.118327195514410732 -1.898068789976059989
-31.016661086831280869 -1.7255170817964180507
-32.914994978148151006 -1.5529653736167763345
-34.813328869465024695 -1.3804136654371346182
-36.711662760781898385 -1.2078619572574926799
-38.609996652098772074 -1.0353102490778507416
-40.508330543415638658 -0.86275854089820902537
-42.406664434732512348 -0.69020683271856730912
-44.304998326049386037 -0.51765512453892537081
-46.203332217366252621 -0.3451034163592838766
-48.101666108683133416 -0.17255170817964171626
