-50 0
-50.674015775069527479 -1.3171406403824679199
-51.348031550139047852 -2.6342812807649358398
-52.02204732520857533 -3.9514219211474039817
-52.696063100278095703 -5.2685625615298716795
-53.370078875347623182 -6.5857032019123398214
-54.044094650417143555 -7.9028438422948079634
-54.718110425486671033 -9.2199844826772761053
-55.392126200556198512 -10.537125123059743359
-56.066141975625718885 -11.854265763442212389
-56.740157750695246364 -13.171406403824679643
-57.414173525764766737 -14.488547044207148673
-58.088189300834294215 -15.805687684589615927
-58.762205075903821694 -17.12282832497208318
-59.436220850973342067 -18.439968965354552211
-58.340611374254670807 -19.509846175629149911
-57.119554537970671504 -20.528871855235266253
-55.815289800147937171 -21.45161456498966146
-54.486903370031832594 -22.242687902673139888
-53.072234285221632888 -22.711344271106689519
-51.52472206583773584 -22.408451876034884975
-50.450657441597748232 -22.816415898618398472
-49.889932102043005102 -24.050303195685390989
-49.117994845676406612 -24.231873426911683111
-48.210180573164151951 -24.404660368836708528
-47.046967723830846353 -24.307850385065634669
-45.674062796365646477 -24.662211005449339751
-44.265184569703080797 -24.665316958553361815
-42.831895059510856072 -24.242821626232018417
-41.378327788151345601 -24.359137343558504796
-39.992555674317650016 -24.058313758137874316
-38.508965136826645903 -23.600598993739492215
-37.010318487845147217 -23.043283925044132587
-35.571007719795098012 -22.353675525627163978
-34.245929021548754179 -21.586144920771687339
-33.044275072747709032 -20.76457427649687304
-31.870359441136056233 -19.827517266770971816
-30.758255542735987831 -18.793144243981274144
-29.912298460320634774 -17.889926498995926352
-29.925345336821358444 -16.715627750831163922
-30.572788269219707047 -15.288174020458106028
-31.709115708108310372 -14.208480390728277953
-32.974923756310786871 -13.22089070196724947
-34.240731804513259817 -12.233301013206220986
-35.506539852715718553 -11.245711324445192503
-36.772347900918198604 -10.258121635684164019
-38.038155949120664445 -9.2705319469231319829
-39.303963997323123181 -8.2829422581621034993
-40.475427539043124625 -7.2646731626698475282
-40.610282440204770182 -5.932996616011831037
-39.514646570789928148 -5.14474246118738332
-37.934675953388413916 -5.0654689356248159271
-36.333090612713988321 -5.0170024314998693526
-34.731505272039576937 -4.9685359273749227782
-33.129919931365151342 -4.9200694232499770919
-31.5283345906907293 -4.8716029191250305175
-29.926749250016303705 -4.823136415000083943
-28.289156033071222396 -4.524060766919234311
-26.651562816126141087 -4.2249851188383837908
-25.013969599181059777 -3.9259094707575337146
-25.271691590833981422 -2.4980819769678683784
-26.377011795151503293 -1.4647257079687743264
-26.718075830520092495 -0.33522724153502403421
-25.963406975870793048 1.0044380173332370099
-26.169037904526419425 2.2658867912790316979
-26.861219437999583448 3.64755585207699351
-27.499974227940274574 5.0844209204575125938
-28.635193396712207203 6.1511301212661058102
-29.515845734742494955 7.3724657083748308395
-30.118756826388366932 8.768426419654044679
-31.163947731570647903 9.8364627421699371013
-32.24789478614940208 10.792352425340583366
-33.424539546593791783 11.686128624880709026
-34.568140295534107054 12.43295232305438347
-35.465338304483296383 12.944907194415687712
-36.827440305009979227 12.369836130237208849
-38.340589701503404285 11.820820789077728818
-39.777202374113592498 11.868200009198503153
-40.931531177177575387 12.693698381344693971
-42.202678350977613775 12.49286491351095485
-43.437469929358222487 12.406416912179963674
-44.456872079538591436 13.461985681557269601
-45.410589990614170119 13.393547489024580699
-46.337942240372271385 12.134405855697076859
-47.348669571262547606 10.862719392060709467
-48.503481756752677256 10.467513119795972543
-49.805067543211194447 11.275053506723269336
-50.290518228131261935 12.862008277282637181
-50.775968913051329423 14.448963047842003249
-50.69837202174619506 13.004066743057803635
-50.620775130441060696 11.559170438273602244
-50.543178239135933438 10.114274133489402629
-50.465581347830799075 8.6693778287052012388
-50.387984456525664712 7.2244815239210016244
-50.310387565220530348 5.7795852191368002337
-50.232790673915395985 4.3346889143526006194
-50.155193782610268727 2.889792609568401005
-50.077596891305134363 1.4448963047842013907
