-50 17
-49.611233799264788047 15.780810479796375745
-49.222467598529576094 14.561620959592749713
-48.833701397794364141 13.342431439389123682
-48.444935197059145082 12.123241919185499427
-48.056168996323933129 10.904052398981875172
-47.667402795588721176 9.6848628787782473637
-47.278636594853509223 8.4656733585746231086
-46.88987039411829727 7.2464838383709988534
-46.501104193383085317 6.0272943181673728219
-46.112337992647866258 4.8081047979637485668
-45.723571791912654305 3.5889152777601225353
-45.334805591177442352 2.3697257575564965038
-44.946039390442230399 1.1505362373528722486
-44.557273189707018446 -0.068653282850753782895
-44.168506988971806493 -1.287842803054378038
-43.77974078823659454 -2.5070323232580022932
-43.390974587501375481 -3.726221843461630101
-43.002208386766163528 -4.9454113636652543562
-42.613442186030951575 -6.1646008838688786113
-42.199619643927100299 -4.9861941665121909395
-41.376633646011107714 -5.7075807983528514811
-40.82902362611153535 -6.6992925736800472691
-40.104347456146214768 -6.8658803373099104306
-39.239662789195620007 -7.0280259398881810284
-38.149937127583008589 -6.9262966579832854208
-36.867415541188535144 -7.2308083472999227226
-35.548006346823306956 -7.2895224358987320556
-34.211845131595083558 -6.8973563771115617982
-32.825944438200124864 -7.042989052992432164
-31.541693902696035678 -6.794117322239518586
-30.177379859672363693 -6.4320270968307156068
-28.765982172733778555 -5.9453552998202567892
-27.388085244355981018 -5.3515500801062998448
-26.070917762526914174 -4.663167099875249022
-24.832686240831002067 -3.8951459489641990785
-24.159704373760817475 -2.8232073509972499537
-24.176605981184835059 -1.2929003840617601107
-24.095835926177798569 0.24586891802587737543
-23.862711291386599299 1.7763910310854176267
-23.544021280670232699 3.1367243538789395529
-22.515618821979263231 3.4034753122067087361
-21.063558981464261421 3.0292882602204236342
-19.601158474915113317 2.6394577359110078518
-18.714518574697063258 2.6225054272656826981
-18.381385552775931558 3.21613239139406204
-18.651998413210492345 4.4083574352084422543
-18.350706719057328087 5.5095755232893228737
-17.289157883972201546 6.3997648461849925283
-17.196584497348286646 7.6845972015560226609
-17.552853452549843638 9.1835204420262481761
-17.593788780382617176 10.635608738882991631
-16.835654800586311808 12.021122503415757166
-16.077520820790009992 13.406636267948524477
-16.259037285482779822 14.772459544980794277
-17.272952307930736993 15.760313508250522574
-18.555837963453004846 16.578670833678870622
-19.948898791471783909 17.240020179662032263
-21.403535228248149025 17.599637270727040317
-22.910980355315075485 17.613410754797264701
-24.337061465324225651 17.673377565381326093
-24.950333917670985073 18.527010858809436655
-25.319932231780438059 19.883460773545159839
-25.294804598361171344 21.260929615843192408
-24.850078310489891464 22.710450320024964554
-24.544677942318017472 24.195155350874181011
-24.432535755038223613 25.685331523153525524
-24.760270408068670633 27.155361696798316018
-25.087295979563659643 28.638933250654165619
-25.527379387229405694 29.752705833267917512
-26.377304667245596193 30.245864285758603529
-27.482885451121749298 30.628775103498874444
-28.995602681029197356 30.608949658185331089
-30.316112032508719665 31.156362760586301164
-30.11118554966989791 31.823137504506068041
-31.105626272186402304 31.081980629280764106
-32.100066994702906698 30.340823754055460171
-33.094507717219414644 29.599666878830156236
-34.088948439735915485 28.858510003604855854
-35.083389162252423432 28.117353128379551919
-36.077829884768931379 27.376196253154247984
-37.07227060728543222 26.635039377928944049
-38.066711329801940167 25.893882502703640114
-39.061152052318448114 25.152725627478339732
-40.055592774834948955 24.411568752253032244
-41.050033497351449796 23.670411877027731862
-42.044474219867957743 22.929255001802424374
-43.038914942384465689 22.188098126577123992
-44.033355664900966531 21.446941251351820057
-45.027796387417474477 20.705784376126516122
-46.022237109933982424 19.96462750090121574
-47.016677832450483265 19.223470625675908252
-48.011118554966991212 18.48231375045060787
-49.005559277483499159 17.741156875225303935
