-50 0
-49.265803947443977506 -1.6107390468210371903
-48.531607894887955013 -3.2214780936420743807
-47.797411842331932519 -4.8322171404631113489
-47.063215789775910025 -6.4429561872841487613
-46.329019737219894637 -8.0536952341051843973
-45.594823684663872143 -9.6644342809262226979
-44.860627632107849649 -11.275173327747260998
-44.126431579551827156 -12.885912374568297523
-43.392235526995804662 -14.496651421389334047
-42.767014846644187287 -15.916810694686835959
-42.116697565065337017 -17.141374607351401949
-41.343185432960851244 -18.377040886290277655
-40.375700453142314927 -19.686100519941611253
-39.298836449995519615 -20.918610676112116664
-38.056854182083263538 -22.119462035412418288
-36.663081497587114654 -23.247737301461302906
-35.181022944656284324 -24.24227700648342676
-33.682861543563305418 -25.067784237839461525
-31.953058188845716359 -25.015104460534182351
-30.513845915843635481 -25.066139649511772092
-29.85255580477814874 -26.502573534885431883
-28.979119263997461076 -26.710336540755321266
-27.945871168372772075 -26.903484368373124624
-26.86482687192084029 -26.122240112174466731
-26.332136688883842623 -24.43596334302914741
-25.908005046588893805 -22.681428578292827325
-25.483873404293944986 -20.926893813556510793
-25.052394484884327852 -19.175977744807934045
-24.304288837028444448 -17.649370289067544348
-23.063800094890666514 -17.558770382753788653
-21.622131053000739342 -17.672837347067044789
-19.872420330885667283 -17.715174423590280384
-18.072335470731118789 -18.193223547123608341
-16.314430869599746643 -18.580037789814998206
-14.57681987069934948 -18.603460024475015899
-12.939634928497078192 -19.278413287044067204
-11.323846606554711869 -20.116970013037967391
-10.02140920847973149 -20.642199689491828707
-9.5403154639187164321 -20.095825613752683836
-9.9509772508295473159 -18.487605693395479989
-9.1809565138400266449 -17.738510228856089412
-7.7024166619173612958 -17.549264996954324403
-7.2264911362600479094 -16.723272318467728326
-7.4631425268067834722 -15.329585138974103131
-6.9455741783001858636 -13.524975450392380694
-6.428005829793588255 -11.720365761810658256
-5.9104374812869906464 -9.9157560732289358185
-5.3928691327803930378 -8.111146384647213381
-4.8753007842737954292 -6.3065366960654909434
-5.3104669284953809338 -4.7660442109790235321
-6.5025158061955936617 -3.6184472188402900805
-6.2714572883768076039 -2.2345143367733770745
-5.8346061977614276373 -0.77147117813842314149
-6.6199607406062357384 0.47813559351288031918
-8.1852769717070668065 0.39851974623055502756
-9.8935217864497744245 -0.17333387715456957667
-11.602141004816949987 -0.74647692496956397079
-13.310760223184127327 -1.3196199727845581151
-15.019390422138855001 -1.89273640975016888
-16.742591860771511847 -2.4305402495837551413
-18.459487604785167036 -2.7344948321475150976
-19.860243740040125715 -2.1590125314571313453
-21.19276021851788272 -2.0803848670245068675
-22.150618677837346837 -2.210472745867831712
-23.298088848583031307 -2.9994118721042810627
-23.816562646011774973 -2.4352594581463162804
-24.410479236088434618 -2.4204934113563592035
-24.785966429775317721 -0.88055400224078550497
-25.076151161314502502 0.91153599562325249295
-25.355766462615633827 2.7034112663172473745
-25.635381763916768705 4.4952865370112435883
-25.914997065217896477 6.287161807705238914
-26.194612366519031355 8.0790370783992315751
-26.474227667820166232 9.8709123490932260125
-26.851977409500516814 11.305301596457326241
-27.808276549163007729 10.709568126170104563
-29.202690151560179999 10.345077100934851444
-30.867363084296659537 10.837800587042627498
-32.255502890273021421 10.429922773523259139
-32.002690230808099159 9.017753064483635228
-31.281392853547270505 7.3660704603095945586
-30.560095476286441851 5.7143878561355574419
-29.838798099025623856 4.0627052519615149961
-29.117500721764788096 2.4110226477874774353
-28.396203344503959443 0.7593400436134376541
-27.674905967243130789 -0.89234256056060212714
-26.953608589982323451 -2.5440251647346405761
-26.232311212721484139 -4.1957077689086803574
-25.773808952334800182 -5.6750185448004906164
-26.739055737009405078 -5.5712414046037457283
-28.205475927949358095 -4.5363181829191585592
-29.671578109407601431 -3.4868219440630201511
-31.137680290865844768 -2.4373257052068804107
-32.603782472324084551 -1.3878294663507411144
-34.069884653782310124 -0.33833322749460181811
-35.535986835240549908 0.71116301136153747819
-37.002089016698796797 1.7606592502176765525
-38.468191198157050792 2.8101554890738165149
-40.954647215496237322 4.6213451076252205496
-42.763717772396987016 3.6970760861001763509
-44.572788329297743815 2.7728070645751321521
-46.381858886198493508 1.8485380430500883975
-48.190929443099250307 0.92426902152504419874
