-50 0
-50.514762235280841196 -1.1857350680967877476
-51.029524470561682392 -2.3714701361935754953
-51.544286705842523588 -3.557205204290363465
-52.059048941123364784 -4.7429402723871509906
-52.57381117640420598 -5.9286753404839389603
-53.088573411685047176 -7.11441040858072693
-53.603335646965888373 -8.3001454766775140115
-54.118097882246729569 -9.4858805447743019812
-54.632860117527570765 -10.671615612871089951
-55.147622352808411961 -11.857350680967877921
-55.662384588089253157 -13.043085749064664114
-56.177146823370094353 -14.22882081716145386
-56.691909058650935549 -15.41455588525824183
-57.206671293931776745 -16.600290953355028023
-57.721433529212617941 -17.786026021451817769
-58.236195764493459137 -18.971761089548603962
-58.750957999774300333 -20.157496157645390156
-59.265720235055141529 -21.343231225742179902
-59.780482470335982725 -22.528966293838969648
-60.295244705616823921 -23.714701361935755841
-59.761544411784491615 -24.790012749069955333
-59.193757031313609218 -25.7832345113752055
-58.501962343280368373 -26.840256344374395781
-57.682746066972292454 -27.928761966604803035
-56.965858508024574292 -28.768173437200069031
-56.015655333294446905 -28.79803515461611596
-54.583242896562218505 -28.278894632420314537
-53.124705700966487143 -27.900163061163663514
-51.604458711144843619 -27.863286398753782436
-50.069684353064310756 -27.953125443236295666
-48.563891343012443258 -27.737936443450546875
-47.174649758913616893 -27.099284474854535176
-46.022364283324662892 -26.369714214705901156
-45.521580219649386834 -26.938665775986645912
-45.450905060579280814 -28.421824939318465653
-45.380194001503575407 -29.935013515914064897
-45.120057541221143538 -31.42326343999740601
-44.684222158080302734 -32.888381860301258541
-44.144303478855050571 -34.278867464766285877
-43.086678567119697902 -35.249860676344034971
-41.770940020513052104 -35.361772198070163142
-40.436976986116562216 -34.990109764518528834
-39.052260763921893272 -35.098578352427054483
-37.763538095102468617 -34.884246618373715876
-36.406053662906273871 -34.530756537523018324
-34.995459678606380294 -34.048615026826766439
-33.613442641001981315 -33.464863493539361627
-32.294927101025152183 -32.784253840964268534
-31.095356885198206953 -32.050802270485007739
-29.983212922877719109 -31.260085660819999731
-28.886178932243694817 -30.358932354783014773
-27.857518118441273458 -29.383935894533475874
-27.086406761309298474 -28.553546283579688492
-27.105828341613406707 -27.452158996259175439
-27.255712227407620674 -26.235465308081295177
-26.192240008286514552 -25.8859392590457702
-24.98655196164053649 -25.679341041955403568
-24.630340232129725564 -25.063014979655154235
-25.299927915459218042 -23.906360419448521526
-25.949748933674317897 -22.668001777043254918
-25.495894297198766765 -21.534459390925885458
-25.28261990291785466 -20.345115935864392043
-25.734369697116793674 -19.084479903191457595
-25.087646479237445618 -18.083617688280870794
-24.129235307701296875 -16.943703535884679923
-23.170824136165151685 -15.803789383488490827
-22.212412964629002943 -14.663875231092301732
-22.393930258294954427 -13.298051642079572687
-23.397206561071079989 -12.307259723696780895
-23.993934720271560934 -11.299359154003445482
-23.361566276137047282 -10.064044768140044894
-23.20457596340320805 -8.8729509620735171893
-23.751740516188572627 -7.6072934110745737968
-23.69714199358878659 -7.5842366168567076912
-24.892726448425658958 -7.2394985888177663114
-26.088310903262531326 -6.8947605607788249316
-27.283895358099407247 -6.5500225327398835518
-28.479479812936279615 -6.2052845047009430601
-29.675064267773151983 -5.8605464766620016803
-30.870648722610027903 -5.5158084486230603005
-32.066233177446903824 -5.1710704205841189207
-33.261817632283772639 -4.8263323925451775409
-34.457402087120648559 -4.4815943645062361611
-35.652986541957517375 -4.1368563364672947813
-36.848570996794393295 -3.7921183084283538456
-38.044155451631269216 -3.4473802803894120217
-39.239739906468138031 -3.1026422523504715301
-40.435324361305013952 -2.7579042243115301503
-41.630908816141882767 -2.4131661962725887705
-42.826493270978758687 -2.0684281682336473907
-44.022077725815634608 -1.723690140194706899
-45.217662180652510528 -1.3789521121557655192
-46.413246635489379344 -1.0342140841168232512
-47.608831090326248159 -0.68947605607788187143
-48.804415545163124079 -0.3447380280389413798
