-50 20
-49.063100684775236004 18.478963054998651216
-48.126201369550464904 16.957926109997302433
-47.189302054325700908 15.436889164995951873
-46.252402739100929807 13.91585221999460309
-45.315503423876165812 12.39481527499325253
-44.378604108651394711 10.873778329991903746
-43.441704793426630715 9.3527413849905549625
-42.504805478201859614 7.831704439989206179
-41.567906162977095619 6.3106674949878556191
-40.631006847752331623 4.7896305499865068356
-39.694107532527560522 3.2685936049851562757
-38.757208217302789421 1.7475566599838074922
-37.820308902078025426 0.22651971498246048498
-37.065117226563259578 -1.0467362560279891426
-36.094259573983897837 -2.422670714521309776
-34.982014560057457686 -3.7437828746956540726
-33.703742350499467761 -5.0152924917481982447
-32.389896791533075771 -6.1104839095256338055
-31.216042320179475666 -5.5285254764802926886
-29.96848075505792508 -4.0816500999555485052
-28.721069180834195578 -2.6332198656631184974
-27.473657606610451865 -1.1847896313706882676
-26.226246032386722362 0.26364060292174212874
-24.922613491809432418 1.6595397713198452028
-23.373325477889675739 2.8241994233190985675
-22.287460390067462157 3.5309711671713031045
-22.13759834634014112 2.0971432507306446702
-21.840528420524783826 1.4974069959852303047
-20.969622591371280151 2.5533125876344122673
-19.893090976464968378 2.562561598239704086
-18.672531317466308565 2.3433601338323617469
-17.05506966632675514 2.2988079631135742709
-15.379807338026310504 1.4553788423243430028
-14.106064195929912231 0.03997007653159490026
-12.868647702133751309 -1.4189161723935375115
-11.631231208337586835 -2.877802421318669257
-10.393814714541424138 -4.3366886702438014467
-9.1563982207452614404 -5.7955749191689340805
-8.4354377791598391667 -6.349838952481224652
-7.4486823986226138317 -5.5785597535600164321
-6.1209810162643663034 -4.3669640152194482141
-5.1452364984418004212 -3.320326689361408512
-5.3784523060148456963 -1.7576737146159742142
-4.7676126578359570019 -0.81773862540525199538
-3.1795360624933906024 -0.63113328306541305324
-2.6762575252443738805 0.24253595670636585169
-2.9349664632303067435 1.731907970249457307
-2.1088824657041471689 2.9756461468412767069
-1.9642443705883660954 3.8271786346428164904
-3.6376793205405180132 4.492109257285879842
-5.4221979977556538088 5.1458165515020661829
-7.2067166749707913809 5.7995238457182525238
-8.9912353521859280647 6.4532311399344379765
-10.775754029401062084 7.1069384341506234293
-12.560272706616199656 7.7606457283668097702
-14.226477035231837931 8.3895636212297741707
-13.948561499360287996 8.6111465782204970054
-12.089536032204556193 8.5014529898545383446
-10.185335995583553625 8.3822943573355299662
-8.2811359589625546107 8.2631357248165251406
-6.3769359223415573723 8.1439770922975220913
-4.4727358857205610221 8.0248184597785172656
-2.6107393940000127586 8.009925656680021433
-1.1349749044014172394 8.949237059531000682
-0.33985531147613501357 10.681304170756167338
-0.87262740343839750867 12.274102881852993363
-2.0413588884539146662 13.493927041491488694
-1.5529616975906079812 15.001219821975974256
-1.422484112738093387 16.525479957047508606
-2.2014855501285697237 18.158624898149252402
-3.0388615195123880319 19.806293604659199303
-4.4059879145248581622 21.052141330537676112
-5.0835705322932014383 22.757919300930712581
-6.2571357493768964275 24.072910678827557973
-7.5332494657038502339 25.219931275874486687
-8.8599033846365227163 25.427905386066981919
-10.171062877994891949 24.109989384487011677
-11.447965003080282642 22.693150775083960724
-12.724867128165671559 21.276312165680902666
-14.001769253251062253 19.859473556277851714
-15.324037508841271915 18.474407403432433483
-16.82465091989137207 17.24533387901320225
-18.120161247973257446 17.160295967336406164
-18.996578504058607706 17.507955161465648786
-19.87192804848001515 17.928097627896327992
-20.491672409799775778 18.098711489303941136
-21.031987327327588133 16.384630280392133983
-21.684947388491774944 15.638918723513588915
-22.924144879480454762 16.749202597371198209
-24.493631338061302216 17.827954540078636114
-25.888243249137843804 19.13132164610128072
-27.176690711088852481 20.5422504570349993
-28.461193474469006048 21.95714570871022886
-29.745696237849159616 23.372040960385447761
-31.707773154659076198 26.180150676771940965
-33.536995839193167512 25.562135609094745803
-35.366218523727262379 24.944120541417554193
-37.195441208261357247 24.326105473740359031
-39.024663892795445008 23.708090406063163869
-40.853886577329539875 23.090075338385972259
-42.683109261863634742 22.472060270708777097
-44.512331946397722504 21.854045203031581934
-46.341554630931817371 21.236030135354390325
-48.170777315465912238 20.61801506767719161
