-50 0
-50.610747664469656115 1.4999799810114424758
-51.22149532893931223 2.9999599620228849517
-51.832242993408968346 4.4999399430343274275
-51.229983724799502909 2.7966676549532150098
-50.627724456190037472 1.0933953668721028141
-50.370002198817225292 -0.4929303371784479193
-50.11227994144446285 -2.0792560412289984306
-49.995521177512031841 -3.3355657508545242251
-50.632413662437443236 -2.8274685188576866857
-51.596542828563670469 -1.5532627283741837765
-52.563189199929894357 -0.27316379513309202443
-53.529835571296118246 1.0069351381080000607
-54.49648194266234924 2.2870340713490917572
-55.211591942436804459 2.9374806738482419632
-55.992687731552337027 2.4594583968621179793
-56.852254483361974735 1.241433083277755145
-58.120949638372358947 0.27538605871935689651
-59.553875191212362949 -0.46873488055246170791
-60.575508785978712467 -1.6078775057339029786
-61.472658471474403541 -2.7776282413789132875
-62.110828067659383578 -3.73350774678891284
-62.611078777665163386 -4.5767985407128755071
-63.073636299640881475 -5.4521125875815048545
-63.355873163249064817 -6.7056919145564517493
-63.645228927726762436 -8.1944267632665201972
-63.125477836301698176 -9.5989844718492598474
-62.899915148146696708 -10.933456313562208706
-63.79309788638519052 -12.206458013810758345
-64.678675762017221018 -13.590032749486002928
-65.154929503582863504 -14.989694508131753636
-65.070749593149415091 -16.295086894009809697
-64.880553239864298121 -17.716948130792935956
-64.569671707569924024 -19.199327908369120621
-64.157740048116920661 -20.622979738151354212
-63.669534073110945371 -21.944249313042973881
-63.10715945548136574 -23.192193908178026618
-62.531166044108061897 -24.276472646472086581
-61.863332438882906672 -25.363510701242105938
-61.03492422741337009 -26.527491863272338435
-60.108561362002710382 -27.648471462189533554
-59.10163517544954459 -28.700690287203997286
-58.057016586830592075 -29.167230623614429419
-56.58472578917050555 -28.559456075815617737
-55.093638561853708779 -28.029545022226756146
-53.530059275817286846 -27.961885981023339554
-51.975738124091435566 -27.695643760847119097
-50.527016475323819122 -27.028906503075162959
-49.297874419256281442 -26.34514633530372052
-48.696750858689753727 -27.172660621785119872
-48.353204330391676535 -28.563829314679050952
-47.590889258687006702 -28.285485781212720724
-46.546809732740740628 -27.345706638452028869
-45.437884100931555054 -27.936013509624689988
-44.701966850445280954 -29.341656975945873853
-44.150124704505415707 -30.862183657540633419
-43.597723643395845272 -32.381692280272055484
-42.788406413063199807 -33.655939137290431518
-41.4476185646127675 -34.007522657341525019
-40.050819738274441306 -33.691110384234249864
-38.562009031101830203 -33.209227988327995718
-37.066353666288634372 -32.642973005651327867
-35.636950902668374397 -31.940589325229879591
-34.329999947566278706 -31.166839102754344992
-33.136546827086405642 -30.334669470438086591
-31.965500148735177532 -29.381804005076816111
-30.870977890762635099 -28.344656968576884992
-30.072332678133932404 -27.478994555341849093
-30.222029694672869482 -26.206433209586482036
-30.150516018878107616 -25.087677741606533743
-28.786516313717690707 -24.923907495256106159
-27.922015213775960518 -24.489165181864382959
-27.491113812040026687 -23.717372352989858797
-27.876643000120360227 -22.361175379503801963
-27.195770593208244748 -21.294601675478570968
-26.305073663238413673 -20.242329045846396696
-26.042149771106871015 -18.583175127177565145
-25.779225878975324804 -16.924021208508730041
-25.516301986843778593 -15.26486728983989849
-25.253378094712235935 -13.605713371171065162
-25.511100380535246757 -12.177885411248265513
-26.616421478469540318 -11.144529683422078392
-26.957484802650661493 -10.015031595279069165
-26.202813274748447014 -8.6753662838384091316
-26.006225140588206557 -8.6164726455870859212
-27.417623661730075924 -8.1096213134937276124
-28.82902218287194529 -7.6027699814003701917
-30.240420704013818209 -7.0959186493070118829
-31.651819225155687576 -6.5890673172136544622
-33.06321774629755339 -6.0822159851202961534
-34.474616267439429862 -5.5753646530269378445
-35.886014788581299229 -5.0685133209335795357
-37.297413309723168595 -4.561661988840222115
-38.708811830865037962 -4.0548106567468646944
-40.120210352006907328 -3.5479593246535054973
-41.531608873148776695 -3.0411079925601480767
-42.943007394290646062 -2.534256660466790656
-44.354405915432522534 -2.027405328373431459
-45.7658044365743919 -1.5205539962800740383
-47.177202957716261267 -1.0137026641867166177
-48.588601478858130633 -0.50685133209335830884
