-50 0
-50.292900080123203566 -1.2283094773837883729
-50.585800160246407131 -2.4566189547675767457
-50.878700240369610697 -3.6849284321513651186
-51.171600320492814262 -4.9132379095351534914
-51.464500400616017828 -6.1415473869189414202
-51.757400480739221393 -7.3698568643027302372
-52.050300560862424959 -8.5981663416865181659
-52.343200640985628525 -9.8264758190703069829
-52.63610072110883209 -11.0547852964540958
-52.929000801232035656 -12.28309477383788284
-53.221900881355239221 -13.511404251221671657
-53.514800961478449892 -14.739713728605460474
-53.807701041601653458 -15.968023205989249291
-54.100601121724857023 -17.196332683373036332
-54.393501201848060589 -18.424642160756825149
-54.686401281971264154 -19.652951638140613966
-54.97930136209446772 -20.881261115524402783
-55.272201442217671286 -22.1095705929081916
-55.565101522340874851 -23.337880070291976864
-55.858001602464078417 -24.566189547675765681
-56.150901682587281982 -25.794499025059554498
-55.309979587483567798 -26.909464951697511736
-54.508606391776119438 -27.838438245522752368
-53.248198202924385214 -27.968595232520030436
-51.734044506250207007 -27.852921131778263231
-50.217261865013753663 -27.85501470374889621
-48.70916604448350995 -27.946450199627882682
-47.229801178777272241 -27.863895882272220916
-45.850368868077090667 -27.659653050041978162
-44.848174708057541693 -28.432694393476825923
-44.464305078965210782 -29.807848164614725306
-44.413228948627050841 -31.307060961375928088
-44.373765494001979448 -32.810483929741266707
-44.219341456589923212 -33.815691139485082317
-43.742007113165023213 -33.918433675879128941
-42.896517301096736219 -34.070821178246667671
-41.770495705549606669 -33.924770865542491549
-40.476358930991160889 -34.303922518427135913
-39.156792961497345118 -34.306830462788454383
-37.816210235172128762 -33.888141060811747707
-36.439208461299379849 -34.036579531951090871
-35.152076834146214424 -33.775279289727194509
-33.77508387832905612 -33.395899204853435549
-32.365558749964115748 -32.894169728706330602
-30.993742427349175728 -32.286646514328580793
-29.695449908710024545 -31.592089931168786165
-28.520199739995799604 -30.850673843503841454
-27.413194942101441143 -30.040398807074524257
-26.324687077082163711 -29.120216921939434229
-25.336190741269479787 -28.157995405674853373
-24.725005259992926199 -27.490988335115790875
-25.356271186381594163 -26.223813187452517326
-26.069416535932241175 -24.90690876333287207
-26.126396223676007224 -23.914586238779353522
-24.923109233966165732 -23.549729472375748429
-24.468480387706357249 -22.899627852615271451
-25.247156948344944283 -21.746129898473956388
-25.923335679504170059 -20.569188272360268144
-25.444925460126068373 -19.520542190798398252
-25.314629230743545207 -18.34897293431232157
-25.314377614075382894 -17.307906152643418807
-24.061723328481715356 -16.837773843655629236
-23.012118166614925485 -16.032165274690115098
-21.962513004748139167 -15.226556705724597407
-20.912907842881349296 -14.420948136759083269
-19.863302681014559425 -13.615339567793567355
-20.044819145867172949 -12.249516818881016178
-21.048096075489016954 -11.258724291246332783
-21.644824658013003926 -10.250823018094967765
-21.01245548280646247 -9.0155084890356409488
-20.855462710321557296 -7.8244140457729463023
-21.40262895806153054 -6.5587571122165710946
-22.025944989159313536 -5.2093170778561290746
-22.813565767874102619 -4.0076950449413137889
-23.956349306001207822 -3.0618720239569716668
-23.477011195854469605 -2.7207857026447825888
-24.740010662718542989 -2.5912244787093166032
-26.003010129582616372 -2.4616632547738510617
-27.266009596446689756 -2.3321020308383850761
-28.529009063310759586 -2.2025408069029190905
-29.79200853017483297 -2.072979582967453549
-31.055007997038906353 -1.9434183590319875634
-32.318007463902979737 -1.8138571350965215778
-33.58100693076705312 -1.6842959111610558143
-34.844006397631126504 -1.5547346872255900507
-36.107005864495199887 -1.4251734632901242872
-37.370005331359273271 -1.2956122393546583016
-38.633004798223346654 -1.166051015419192538
-39.896004265087412932 -1.0364897914837267745
-41.159003731951486316 -0.90692856754826078891
-42.422003198815559699 -0.77736734361279502536
-43.685002665679633083 -0.64780611967732903977
-44.948002132543706466 -0.51824489574186349827
-46.21100159940777985 -0.38868367180639751268
-47.474001066271853233 -0.25912244787093152709
-48.737000533135926617 -0.12956122393546598559
