-50 17
-49.924010511721263583 15.746383198074763499
-49.848021023442520061 14.492766396149525221
-49.772031535163783644 13.239149594224286943
-49.696042046885047228 11.985532792299050442
-49.620052558606303705 10.731915990373813941
-49.544063070327567289 9.4782991884485756628
-49.468073582048830872 8.2246823865233391615
-49.39208409377008735 6.9710655845981008838
-49.316094605491350933 5.7174487826728626061
-49.240105117212607411 4.4638319807476278811
-49.164115628933870994 3.2102151788223896034
-49.088126140655134577 1.9565983768971513257
-49.012136652376391055 0.70298157497191482435
-48.936147164097654638 -0.550635226953321677
-48.860157675818918221 -1.8042520288785581783
-48.784168187540174699 -3.0578688308037982324
-48.708178699261438283 -4.3114856327290347338
-48.324085938859830947 -3.272693422185632528
-47.314698199965121717 -3.6504795662627964603
-46.810923487931006548 -4.9075796837062100053
-46.088601426101583058 -5.0813681264915047109
-45.274552147325877627 -5.2436583003103898193
-44.259834183606031388 -5.3002082291699155192
-43.002666866752406349 -5.3307089940131815453
-41.684321098618163148 -5.5525263258372561381
-40.35656900334285524 -5.2675866270301030525
-38.983979021485630767 -5.2029165831452699464
-37.672282323012936445 -5.1279890807348209592
-36.336420381327179996 -4.7998744444885304006
-34.933668644307267925 -4.3233585355586079402
-33.536692085045572753 -3.7784551010166147478
-32.200949762377511831 -3.1138233192599003019
-30.97576948645358641 -2.3883496432911250906
-29.854456063821416478 -1.6141290336042004583
-28.753087985500879853 -0.73508951334933136934
-27.702048182245029295 0.23346333065854096844
-26.862405148996202797 1.1168680834326991658
-26.663701310936531286 2.0718571400510747971
-26.95921737505432958 3.3885772189912426455
-26.130262007995249007 3.8744533829199356845
-24.753281838103447399 3.9421116995140419448
-24.359803519257607007 4.6080403840035497609
-24.196319694288266788 5.5209477185139013145
-24.456768479215195811 6.791604291386912351
-23.527552675135684268 7.7056712018285171695
-22.887197207834017121 8.7711401622087752372
-23.187501582736885553 10.222933881718057947
-23.43709106989524571 11.719788925498978216
-23.072843385970582375 13.057049301820919496
-21.863161634192838534 15.147712674895702278
-22.104730915604822172 16.383914968388392452
-23.342442139409008917 16.888009540386423879
-24.837319847961378372 17.203101359682719362
-26.163202864424842886 17.570582425086509915
-26.109947379715315208 18.36560370173115686
-25.155629858811948907 19.464534961760275422
-24.862521828461968454 20.749830354583291836
-25.076543937126714923 22.225092329284574788
-25.013064060696951429 23.691398582205163592
-25.566319897916294224 24.964670438937428543
-26.302325493498820208 26.244716267123365583
-26.749995278353065231 27.650889006631388156
-27.710421341693702857 28.669382047573456873
-28.714888677469495804 29.596811384284041679
-29.78406103326333465 30.456217203568009211
-30.902734555141826434 31.235851319331377596
-31.945201646919336724 31.866561801605762128
-32.968084870999760483 32.404795490146661052
-34.452337547672229334 32.032589549843123677
-35.890369748955812668 31.758509131800270353
-37.086981595960097025 32.381097096436661786
-38.262027966801234413 32.754031182333008587
-39.555637040552944939 32.256688903171934157
-40.683843515115604816 32.752964750075108213
-41.691364411764006093 33.53153552335322729
-42.646234664589833585 32.868346691747582611
-43.598578832076860579 31.685097160588139076
-44.609754496688495351 30.609388475089513548
-45.736178251239742565 30.52757119883813175
-46.147659042313946998 32.196759191539072731
-46.55913983338815143 33.865947184240006607
-46.823821384665983203 32.568566631606159945
-47.088502935943822081 31.271186078972313283
-47.353184487221653853 29.97380552633846662
-47.617866038499492731 28.676424973704619958
-47.882547589777324504 27.379044421070773296
-48.147229141055156276 26.081663868436926634
-48.411910692332995154 24.784283315803079972
-48.676592243610826927 23.48690276316923331
-48.941273794888658699 22.189522210535386648
-49.205955346166497577 20.892141657901539986
-49.47063689744432935 19.594761105267693324
-49.735318448722168228 18.297380552633846662
