-50 0
-50.970306295667107577 -0.63351207156580913171
-51.940612591334215153 -1.2670241431316182634
-52.910918887001329836 -1.9005362146974271731
-53.881225182668437412 -2.5340482862632365268
-54.851531478335544989 -3.1675603578290454365
-55.821837774002652566 -3.8010724293948543462
-56.792144069669760142 -4.434584500960664144
-57.762450365336867719 -5.0680965725264730537
-58.732756661003975296 -5.7016086440922819634
-59.703062956671089978 -6.335120715658090873
-60.673369252338197555 -6.9686327872239006709
-61.643675548005305131 -7.6021448587897086924
-62.613981843672412708 -8.235656930355517602
-63.584288139339520285 -8.8691690019213282881
-64.554594435006634967 -9.5026810734871354214
-65.524900730673735438 -10.136193145052946107
-66.495207026340850121 -10.769705216618755017
-67.465513322007950592 -11.403217288184563927
-68.435819617675065274 -12.036729359750372836
-68.272020841760081566 -13.351443862951075658
-68.000546831464390607 -14.743854990902825364
-67.634272869837616327 -16.103059525370866822
-67.201012183471789285 -17.361016690279882368
-66.691855949225441691 -18.572635126571650943
-66.158155918832790121 -19.647946320599864123
-65.590368701935091167 -20.641168105328780769
-64.89857397581783971 -21.698190290645875677
-64.076684599459611036 -22.790006235447812344
-63.18673152791095049 -23.818210089725493361
-62.185438812535046793 -24.824424661317365803
-61.065592168981098098 -25.797255543353124096
-59.863207907885026771 -26.693724743284658274
-58.618796098593364263 -27.484850133113486237
-57.379917225635679756 -28.152391152669263619
-56.063489682009851833 -27.874763622542182873
-54.869866010709657189 -26.940779275353310851
-53.805728937258599842 -26.345280664970406548
-53.191249487290285458 -27.235219369585312421
-52.708081259745448222 -28.534524744962858733
-51.903674633386579274 -28.527444775339997562
-50.835741266835725582 -27.530172919023740974
-49.647599962361091741 -27.337650047590418723
-48.342423864900545993 -27.655747866976987837
-47.072183363662361444 -27.292540226650032764
-46.055781513720852161 -27.912214685356214972
-45.166962636917702412 -29.13028941812852679
-44.275709457905897182 -29.767625218816359478
-43.081917029258107732 -29.469764388102007047
-41.67978146577680576 -28.993423118531993055
-40.282804747328540884 -28.448519000648730071
-38.947061814268025159 -27.783886871196386892
-37.721881376539784014 -27.058413017192616934
-36.600568112439368917 -26.284192431119453914
-35.499200284666187599 -25.405153036211444828
-34.448161036824927805 -24.43660067259376234
-33.608518343383494198 -23.553196303883833451
-33.4098151705252846 -22.598205849085356789
-33.705330606974349905 -21.28148539306750564
-32.876375458118751283 -20.795609360488438
-31.499394671910618371 -20.727952289679343778
-31.105916532834971377 -20.062023924870395319
-30.942433392156665661 -19.149116049505472859
-31.202881469139011728 -17.878459532383423891
-30.273665497710727124 -16.964392210467298838
-29.633310029984553324 -15.898923139689879136
-29.933614406519687634 -14.447129829318555494
-30.183203898183126768 -12.950274550374075488
-29.818956215133614052 -11.613014087708441124
-29.213990356671793336 -10.56741277157950698
-28.60902449820997262 -9.5218114554505728364
-28.790540964219857756 -8.1559882867768767056
-28.627113491023845171 -8.1388666301345402587
-29.695757816472653445 -7.7319232986278132458
-30.76440214192146172 -7.3249799671210862329
-31.833046467370269994 -6.9180366356143592199
-32.901690792819074716 -6.511093304107632207
-33.97033511826788299 -6.104149972600905194
-35.038979443716691264 -5.6972066410941781811
-36.107623769165499539 -5.2902633095874511682
-37.176268094614307813 -4.8833199780807241552
-38.244912420063116087 -4.4763766465739971423
-39.313556745511924362 -4.0694333150672701294
-40.382201070960732636 -3.6624899835605431164
-41.450845396409540911 -3.2555466520538161035
-42.519489721858349185 -2.8486033205470890906
-43.588134047307150354 -2.4416599890403620776
-44.656778372755965734 -2.0347166575336350647
-45.725422698204766903 -1.6277733260269080517
-46.794067023653575177 -1.2208299945201810388
-47.862711349102383451 -0.81388666301345402587
-48.931355674551191726 -0.40694333150672612476
