-50 0
-48.957910130829951356 -1.6872202824217930051
-47.915820261659902712 -3.3744405648435860101
-46.873730392489846963 -5.0616608472653785711
-45.831640523319798319 -6.7488811296871720202
-44.789550654149749676 -8.4361014121089645812
-43.747460784979701032 -10.123321694530757142
-42.705370915809652388 -11.810541976952549703
-41.663281046639596639 -13.49776225937434404
-40.621191177469547995 -15.184982541796136601
-39.579101308299499351 -16.872202824217929162
-37.770696599452406872 -16.064039382249653443
-35.962291890605307287 -15.255875940281379499
-34.21332951289339519 -14.489702005282756758
-32.464367135181483093 -13.723528070284134017
-30.715404757469560337 -12.957354135285507724
-28.966442379757655345 -12.191180200286879654
-27.217480002045757459 -11.425006265288258689
-25.468517624333838256 -10.658832330289635948
-23.719886837771831267 -9.8941403878737528288
-22.390477661579339497 -9.7393129800329614199
-22.839779477625025805 -11.143507934137000248
-23.784690675569819973 -12.801804644770465202
-24.729601873514603483 -14.460101355403923051
-25.674513071459386993 -16.118398066037382677
-26.619424269404184713 -17.776694776670847631
-27.564335467348971775 -19.434991487304309032
-28.509246665293762391 -21.093288197937766881
-29.454157863238553006 -22.751584908571228283
-30.399069061183347173 -24.409881619204689684
-31.191158437950960547 -25.992736965635799606
-30.276154977863011908 -26.594463154539607075
-28.953087475325052225 -25.940343348534401713
-28.046831694954203584 -24.279666407435460229
-27.158890502524656085 -22.585202827035022466
-26.270949310095101481 -20.890739246634588255
-25.383008117665561088 -19.196275666234150492
-24.495066925236006483 -17.501812085833716282
-23.768462491938915804 -16.508922384215836132
-23.590350514555154859 -17.903181154869916014
-23.202101570447702272 -18.526035135988127678
-22.246932070607400078 -17.443328993178973008
-21.051249242576361098 -17.465553990764721703
-19.737117400541638546 -17.597480304822123998
-18.21993623516441474 -17.636381606641961639
-16.390552598068435231 -17.999029969465539125
-14.924500182326665865 -19.166121926522642127
-13.64396018907789454 -20.589087366766165133
-12.364349088911227526 -22.013329953664040772
-11.084737988744562287 -23.43757254056192707
-9.8051237410387237503 -24.86139454431087259
-9.257157139471008378 -24.665166388967719513
-8.0129560756769553365 -23.643151381829568436
-6.7670574487284405052 -22.431676547784128672
-6.1211810852538581784 -21.375042186242140474
-6.4578671308949280316 -19.733587735336261204
-5.1904921909920487266 -19.278750105496627043
-4.0627136416784885853 -18.821678077886968339
-3.6609047619409769148 -17.821807771388762376
-3.9056734981644152249 -16.238544040391492018
-2.7049354172348420988 -15.072965233361134807
-2.3803816910887052316 -13.258837737363821319
-2.0558279649425683644 -11.44471024136650783
-1.7312742387964314972 -9.6305827453691925655
-1.40672051265029463 -7.8164552493718790771
-1.9394926296898069573 -6.2236562770842951409
-3.1082241104515579977 -5.0038325479759375725
-2.6198269746921356571 -3.4965394520626360553
-2.4893500940798816146 -1.9722796934540856029
-3.2683508499449342999 -0.33913537594787546148
-4.1057267765251150848 1.3085337202855586991
-5.4728532999898664713 2.554382292073253069
-6.1860572353583096472 4.1045996737433911861
-7.288495069626958589 4.0692084401569426078
-8.8138295965120931896 2.9368116326145941031
-10.345183713232492195 1.7888051849143637995
-11.876537829952891201 0.64079873721413338483
-13.407891946673291983 -0.50720771048609669673
-14.974413603768942593 -1.602673356898016932
-16.556871604330876124 -2.1099433760739514376
-17.76377611529811773 -2.1370987605534681464
-19.149974464523037199 -3.0140878806346473873
-19.960476480051941195 -2.4528747813773672526
-20.759300767003509236 -2.4724238652782672965
-21.335104955563071627 -1.6535592249764883288
-21.791671152762877028 -3.0315695706888745597
-22.222703642938380852 -4.3963684391202431101
-23.192930108678392997 -3.4572070609467728808
-24.446814200092887859 -2.0558492029529746858
-25.479956106686330486 -0.46253720006463933112
-26.502278092441699187 1.1401615049262039392
-27.524600078197067887 2.7428602099170467099
-28.546922063952436588 4.3455589149078903688
-29.569244049707801736 5.9482576198987331395
-31.127691029044790128 8.7177276706166786369
-32.843355480949810499 7.9252069732878895891
-34.55901993285483087 7.1326862759591005414
-36.274684384759851241 6.3401655786303123818
-37.990348836664864507 5.5476448813015224459
-39.706013288569884878 4.7551241839727333982
-41.421677740474905249 3.9626034866439452387
-43.137342192379925621 3.1700827893151561909
-44.853006644284945992 2.3775620919863671432
-46.568671096189959258 1.5850413946575772073
-48.284335548094979629 0.79252069732878815955
