70 0
70.740204753869932119 1.1972733238294801517
71.480409507739864239 2.3945466476589603033
72.220614261609796358 3.5918199714884408991
72.960819015479742689 4.7890932953179206066
73.701023769349674808 5.9863666191474012024
74.441228523219606927 7.1836399429768817981
75.181433277089539047 8.3809132668063615057
75.921638030959471166 9.5781865906358412133
76.661842784829403286 10.775459914465320921
77.402047538699335405 11.972733238294802405
78.142252292569281735 13.170006562124282112
78.882457046439213855 14.367279885953763596
79.622661800309145974 15.564553209783243304
80.362866554179078094 16.761826533612723011
78.544352262380925822 15.963490958181782986
76.72583797058275934 15.165155382750841184
75.309286575592267354 15.999450199260168759
74.013034590983963312 17.006262174467355663
73.893652428545408384 18.42374351603594107
74.40168667488339338 20.060304425276381579
75.033244454437323157 21.656505616670422398
75.666176786420592748 23.239349900793634163
75.054950146746350015 23.916654631245229723
73.865101737396770432 24.859243071342696396
72.366810662910339147 25.647952486021626584
70.754675961681144258 25.525003382977345723
69.150375667824775405 25.295444952402949212
67.800533654588150512 26.145837382848934993
66.943171813905863132 27.615758119835525974
65.924437636425011533 28.343434138247822318
64.491622217647631032 28.307016912023950539
63.183890229034091135 28.690156869310957433
62.058024403626525611 28.722332237748705808
60.961199728190102576 28.692682917943393761
59.850846927922134455 27.543717287380346193
58.718513562390768357 26.32406272286142368
57.326080740249238943 26.327383370050768008
55.729155429547120093 26.727806616075582724
54.036616524185923538 26.608111739929370287
52.584825629567241378 26.340883930318561568
51.46005847826280899 25.688662494479149956
50.905723568484717134 24.420248418298321269
51.46148872778800154 22.888165577057172584
52.259138714518144297 21.38249202495540402
53.056788701248272844 19.876818472853639008
53.852778220560757916 18.371440727164642936
54.124729978339289005 16.948829789317187533
53.325430991429406902 15.641617389702874519
51.995095655623565278 15.252171932186778136
50.733203607486174747 15.061339813384950759
50.381638632356555263 14.040050258008616169
48.994523597234582724 13.993612169533276912
47.296766649203135557 14.238248850389631173
45.599009701171709708 14.482885531245985433
44.035092022530292866 14.638511669827041217
43.892397634579488397 13.848945441659536115
44.376228799597548402 12.428672514930967807
43.581265544756377039 11.07417178613372144
42.613212431339881903 9.6218524639729992032
42.05860180468141607 8.1307453292501765674
42.137428869621686545 6.8527173021894531857
42.241791235789662551 5.9581360828571297006
43.738198387561226355 5.3487242929359268828
45.390335126409397049 5.0858115381499109375
47.089425141953462628 5.1781573660023889616
48.791387716138551411 5.2922375899006022237
50.493350290323633089 5.4063178137988163741
52.19861429199419689 5.5169001097603551642
53.906685094541259673 5.6085791457962486106
54.863828411430446863 5.2043728157942261703
55.337498698865672964 4.4909349375363252221
56.28198184908307411 3.8285675160620540325
57.009677985424460189 2.5004616328785580492
57.119251646266491207 0.81130997716030972544
56.74753839462579208 -0.86568457035114110276
56.226685244779581296 -2.4853580278191667041
55.700512642293631416 -4.1029538260411717587
55.17434003980767443 -5.7205496242631763693
54.313805774845604901 -7.5282112228765880602
53.453271509883535373 -9.3358728214899997511
54.726096778354033745 -8.6177287582984618552
55.998922046824532117 -7.8995846951069230713
57.271747315295030489 -7.1814406319153842873
58.544572583765521756 -6.4632965687238463914
59.817397852236020128 -5.7451525055323076074
61.0902231207065185 -5.0270084423407688234
62.363048389177016873 -4.3088643791492309276
63.635873657647515245 -3.5907203159576921436
64.908698926118006511 -2.8725762527661533596
66.181524194588504884 -2.1544321895746154638
67.454349463059003256 -1.4362881263830766798
68.727174731529501628 -0.71814406319153789582
