-50 0
-50.469490400904966521 -1.4288113319784869759
-50.938980801809925936 -2.8576226639569739518
-51.408471202714892456 -4.2864339959354609277
-51.877961603619858977 -5.7152453279139479037
-52.347452004524825497 -7.1440566598924348796
-52.816942405429784912 -8.5728679918709218555
-53.286432806334751433 -10.001679323849410608
-53.755923207239717954 -11.430490655827895807
-54.225413608144677369 -12.859301987806381007
-54.694904009049643889 -14.288113319784869759
-55.16439440995461041 -15.716924651763358511
-55.63388481085957693 -17.145735983741843711
-56.103375211764536346 -18.574547315720330687
-56.572865612669502866 -20.003358647698817663
-55.300515223381239593 -20.971904021341373436
-53.974778541816512245 -21.824000683576407766
-52.641162294074014483 -22.542143083191596986
-51.092984481389564166 -22.47350324839552016
-49.724395831570276982 -22.35849593716836381
-49.053361151262699025 -23.509208645242523517
-48.363859221429073898 -24.066379995639696432
-47.541501283014518719 -24.239553121408057734
-46.513448846232172684 -24.40598556807062991
-45.192574027909181211 -24.316484934957973252
-43.788221217932495222 -24.586458632892650655
-42.371760587022635036 -24.288940420625888095
-40.903513976423944598 -24.279282743736725791
-39.516849460160543117 -24.115369052494695978
-38.069727533453608714 -23.738326108523537528
-36.56484997266005621 -23.219365900540957171
-35.098330020110296346 -22.578640756012600121
-33.714203542196514718 -21.838263120002469719
-32.467910303283112228 -21.044012358874713442
-31.288805675556037755 -20.164037725437516713
-30.137658776681035988 -19.162356735055919188
-29.138836317416618726 -18.154875171962999048
-28.617155532186295375 -17.29777369824684996
-29.014883817407000066 -15.831633596513718487
-28.32087018618981844 -15.172827461709456287
-26.8271050028387954 -15.113690480844418573
-26.406365284332430576 -14.40154669774352314
-26.321948203772691954 -13.376043089158100585
-27.209004755715870516 -12.117619340335057387
-28.579247347678581548 -11.355014198349490329
-30.039865418068444569 -10.68514733953993634
-31.500483488458314696 -10.015280480730384127
-32.961101558848177717 -9.345413621920828362
-34.421719629238033633 -8.6755467631112761495
-35.889381608091454723 -7.7639141141276031277
-37.357043586944868707 -6.8522814651439301059
-38.824705565798289797 -5.9406488161602570841
-40.292367544651703781 -5.0290161671765840623
-41.760029523505124871 -4.1173835181929110405
-40.26500116164091736 -3.5792933858680751058
-38.746876156196840668 -3.0713406672922793916
-37.228751150752771082 -2.5633879487164841215
-35.71062614530869439 -2.0554352301406884074
-34.192501139864631909 -1.5474825115648929152
-32.674376134420555218 -1.0395297929890974231
-31.156251128976482079 -0.53157707441330159792
-29.638126123532412493 -0.023624355837505925382
-28.120001118088339354 0.4843283627382897194
-26.601876112644262662 0.99228108131408532255
-25.226563794963688281 1.5503890664731703186
-25.182390187241203705 2.5799576966568684711
-25.891799527648274193 4.004835135237231114
-26.574219284532873075 5.4071597349237547903
-27.76784126020652721 6.4296016765399830462
-28.50501335641845202 7.7467876314144978878
-29.214660265385720805 9.0635145687174869522
-30.271124630358947627 10.113598828332619917
-31.367851211088840557 11.054343933494504171
-32.556005345930920214 11.931483273220038654
-33.659719880457011243 12.633177989668908481
-34.535410198673176296 13.044216349951339495
-35.966705833254401625 12.292349447586643052
-37.475485260419269196 11.778916392557531978
-38.883102201277097265 11.975163211683195641
-40.070039680775508373 12.755090872429629911
-41.371620759533328737 12.378507902751392677
-42.571221544093596378 12.534703655286916657
-43.603461326604850967 13.472379437255579404
-44.595202824678622733 12.943933147154879748
-45.58855000978226002 11.6424226678124203
-46.651417765105776425 10.525753255225813731
-47.861238214413063474 10.7191070651982443
-48.392373961218801526 12.736875216969641755
-48.923509708024539577 14.754643368741039211
-49.03115873722208562 13.279179031866934935
-49.138807766419631662 11.803714694992830658
-49.246456795617177704 10.328250358118728158
-49.354105824814723746 8.8527860212446238819
-49.461754854012269789 7.3773216843705196055
-49.569403883209815831 5.9018573474964171055
-49.677052912407361873 4.4263930106223128291
-49.784701941604907915 2.9509286737482085528
-49.892350970802453958 1.4754643368741042764
